636 520
712 61
1031 520
1144 205
657 166
619 314
846 369
520 395
101 574
1099 228
1023 157
85 352
833 38
1035 311
748 81
816 455
599 484
788 60
78 223
250 631
995 460
275 535
175 710
769 465
134 295
1228 273
595 234
483 345
578 462
665 127
195 254
644 665
1004 49
492 46
118 396
844 3
446 446
963 348
769 680
535 174
1131 148
967 29
621 655
1151 417
238 594
932 641
1040 174
957 674
959 116
893 183
880 542
879 27
293 388
909 552
866 498
53 441
318 343
798 588
651 9
735 663
801 115
543 139
774 200
448 277
1038 13
227 565
1012 20
958 352
126 486
1228 176
