793 392
557 132
169 91
768 597
1117 395
735 576
883 115
810 470
346 273
843 648
966 128
298 506
740 197
816 515
808 182
992 228
1118 229
104 448
965 63
1054 30
252 73
591 524
1085 251
55 481
473 82
890 351
548 92
682 62
515 221
468 467
701 308
943 108
626 435
749 445
693 231
1178 246
815 277
1134 279
607 111
145 166
561 352
858 205
936 502
1064 220
723 496
345 346
821 272
846 564
563 203
551 498
631 683
464 355
210 540
867 189
425 630
749 10
399 153
556 197
1200 124
139 189
236 159
1019 704
1118 229
56 469
909 639
1038 608
540 137
1268 413
707 175
684 449
561 2
1050 7
570 226
997 257
301 433
516 703
