862 636
57 289
1076 130
396 367
1136 73
1034 342
636 273
192 45
643 231
171 420
466 166
469 300
230 499
686 672
476 655
589 136
650 247
580 24
525 441
717 44
485 704
1165 197
657 308
558 124
668 633
187 148
1088 353
294 210
551 598
391 419
224 40
93 313
385 224
624 533
729 602
747 273
577 53
731 4
975 651
164 548
1092 108
571 118
902 528
1009 136
820 557
347 106
567 154
381 43
634 379
1054 44
623 620
300 14
1029 276
573 209
148 302
140 338
457 385
1145 101
1178 187
1157 150
1074 140
110 458
863 307
1056 283
892 580
911 565
529 617
683 671
1057 96
228 464
335 608
889 158
211 297
519 247
779 546
301 153
773 137
1204 560
23 313
217 113
390 78
