893 463
292 710
754 108
173 163
1022 154
103 101
199 307
373 274
1043 33
792 116
17 513
676 26
689 590
302 35
437 484
666 238
860 641
166 486
928 78
258 702
962 69
610 499
319 70
683 446
111 146
836 187
564 645
748 24
145 527
813 695
782 579
727 95
282 689
249 13
1024 225
820 95
350 715
431 68
885 595
1083 218
219 556
184 338
344 44
600 624
1012 208
792 334
188 556
173 322
1207 82
89 389
97 158
908 701
91 416
472 510
879 341
851 164
207 97
515 360
202 562
386 111
1096 95
742 67
638 591
843 570
1130 701
519 505
429 373
1133 445
813 534
677 94
1173 186
1015 392
213 265
822 25
522 499
169 352
660 527
588 669
67 168
326 449
1022 370
963 218
978 627
99 187
21 155
1036 199
230 651
897 344
989 434
1276 413
623 233
535 82
884 354
919 173
801 373
312 604
194 648
738 208
673 609
493 138
1045 79
408 0
1240 345
782 134
390 479
561 698
383 8
271 510
183 251
298 518
276 112
406 713
350 493
1278 413
793 691
928 274
386 718
132 407
