552 428
957 185
964 229
177 515
802 175
1145 95
878 263
1078 98
907 640
702 664
1018 22
196 487
1122 30
794 449
1167 552
548 555
597 636
490 313
478 105
1046 81
821 5
313 7
977 188
682 300
988 194
1268 486
632 313
680 203
136 374
64 321
689 625
376 199
820 691
198 540
526 480
512 14
591 602
649 617
997 231
675 92
1120 73
477 11
391 67
534 224
526 76
718 680
365 591
747 124
126 353
588 33
1178 163
844 415
618 81
568 35
359 663
739 250
893 221
1253 327
496 328
691 709
186 505
959 423
601 238
718 449
615 702
242 131
1179 459
1091 123
552 24
952 142
182 328
1178 535
184 453
1097 569
140 490
305 477
866 63
792 486
402 551
900 10
858 497
902 619
974 207
568 11
544 672
50 189
881 282
330 203
1002 718
735 249
139 685
1212 151
342 531
651 165
68 279
615 681
157 636
582 659
155 47
868 491
388 64
1220 349
845 615
