1033 48
907 485
754 479
1015 94
111 357
851 503
813 322
351 682
753 330
575 514
897 440
844 156
754 90
1048 99
131 647
1073 268
377 77
327 148
794 667
560 153
474 313
210 168
66 131
804 22
1012 596
741 359
1204 196
1243 602
342 132
98 251
641 88
1144 110
124 573
1261 524
204 450
1032 424
153 503
144 635
389 73
1246 111
1118 506
1273 448
697 132
582 93
608 84
725 419
1177 478
1064 5
260 393
613 401
991 237
542 57
1060 631
21 403
151 254
485 704
620 35
872 13
927 46
575 334
1268 152
899 76
710 640
265 461
870 109
1028 389
203 273
367 376
475 685
1031 194
320 660
1158 504
800 585
596 314
967 46
116 439
911 354
1198 427
590 440
202 631
387 701
595 311
124 629
603 287
764 108
611 152
681 3
395 179
698 131
755 394
858 396
1166 12
699 349
774 490
1201 484
1263 295
25 487
945 196
767 67
775 651
603 64
103 371
278 393
262 363
366 79
193 477
441 530
507 183
690 49
224 672
415 98
1278 135
203 369
957 235
822 245
524 672
742 321
631 42
1148 51
230 607
916 403
1092 325
1114 651
245 710
1119 119
537 31
942 573
1198 390
858 451
343 42
905 660
635 659
208 406
770 181
1143 141
120 338
1095 475
1113 22
825 209
