1021 83
1126 95
1185 241
585 459
661 164
226 114
625 142
569 269
167 572
754 217
455 163
848 165
159 106
532 297
613 219
977 641
544 264
1027 103
1141 119
269 220
75 43
747 262
736 468
413 125
937 692
878 293
961 262
205 72
766 107
819 693
675 304
250 264
802 434
620 207
836 461
712 258
551 716
805 386
786 681
366 45
991 153
876 659
1033 339
162 7
967 317
145 615
782 237
887 344
1051 552
1148 162
958 511
258 678
562 315
263 98
35 280
1161 203
920 43
559 107
1029 525
343 613
1028 147
330 641
354 373
1006 15
1101 229
514 148
893 152
86 186
1078 190
602 23
1170 213
596 277
1151 411
154 532
737 330
192 562
660 284
164 298
1056 469
221 188
805 386
639 494
720 90
425 261
430 425
869 57
1200 432
1174 348
358 234
747 564
58 208
1171 94
1167 85
674 183
155 387
964 265
302 73
1049 2
779 121
1033 330
689 211
981 141
785 466
198 113
810 121
850 319
651 690
1158 332
776 504
280 471
93 660
1041 322
312 132
1006 233
942 264
879 118
1022 673
738 200
865 109
632 263
147 249
500 499
884 503
847 644
1054 289
465 309
275 357
454 652
1146 297
628 474
1042 207
288 595
264 568
995 101
847 68
613 242
462 305
543 154
900 150
864 210
1154 71
538 22
688 646
1020 84
1251 215
735 160
592 641
325 40
1053 445
737 562
752 672
546 667
721 200
1041 439
200 297
934 585
