1215 61
890 165
168 665
254 131
184 234
148 91
1084 234
521 99
886 217
422 670
466 151
732 10
684 194
797 289
806 135
865 54
990 77
1241 160
294 149
452 100
545 394
731 702
168 1
87 325
1020 443
1089 10
727 624
85 526
425 483
517 321
396 449
486 204
466 227
324 162
977 121
523 603
809 26
440 166
83 625
463 670
1155 116
972 409
872 228
381 650
724 117
606 97
508 635
220 583
340 510
842 600
967 546
72 209
1029 143
964 576
1196 341
897 402
479 585
1031 420
646 239
564 647
234 670
522 699
278 330
1191 177
883 16
814 17
295 616
925 1
127 287
972 272
279 216
770 157
1275 522
330 173
132 217
