550 395
433 68
973 23
486 463
868 673
562 77
851 520
443 677
986 55
439 439
770 157
762 59
232 124
171 73
737 568
735 607
847 204
1122 274
799 551
417 623
1152 290
410 570
376 555
328 640
167 16
219 559
1164 169
755 237
984 269
866 593
1001 710
1064 264
79 145
753 162
1151 311
207 135
1045 381
1011 39
1050 639
356 641
200 431
516 406
440 190
566 264
936 484
926 132
563 187
811 643
308 701
142 442
1276 695
299 191
324 489
129 649
389 696
1059 379
986 715
411 10
112 160
875 486
345 33
1112 392
1105 574
191 96
701 693
1113 260
749 15
1140 255
895 117
1227 140
225 178
76 328
823 591
1002 68
753 161
719 252
927 40
684 523
632 327
694 25
