556 458
110 296
1163 21
246 363
661 603
98 424
77 505
1064 16
1073 459
808 604
395 586
56 334
892 666
748 446
798 68
1134 446
273 526
1075 93
9 505
624 344
366 474
508 168
512 653
935 264
340 687
545 317
898 143
86 605
860 610
557 473
827 524
1173 137
958 671
292 543
724 454
783 366
670 80
571 318
996 94
689 6
684 160
1052 148
91 184
324 251
489 525
236 562
1018 250
419 511
830 416
110 505
362 352
1118 11
271 686
138 709
440 169
290 363
1200 399
746 298
974 6
399 618
1246 4
1278 294
110 495
501 199
684 705
850 261
798 470
1066 205
649 678
518 31
