1272 339
1268 22
621 494
685 661
722 616
837 480
1068 96
1172 566
541 311
190 247
763 262
422 314
893 346
405 385
183 495
712 642
206 425
859 261
910 157
605 459
804 157
641 87
950 147
1102 343
491 96
363 573
638 487
546 653
323 477
571 455
1100 37
192 502
106 491
226 457
213 166
755 149
426 519
942 173
1069 133
335 392
914 58
769 333
575 449
532 455
811 467
285 418
145 314
934 310
554 146
196 90
602 455
168 226
1270 443
1027 664
407 689
718 563
707 11
811 74
627 244
1053 290
291 101
889 161
770 115
139 633
594 541
37 542
208 423
116 36
201 664
1194 342
520 633
278 715
35 567
868 103
655 493
675 161
554 463
232 480
1160 261
345 68
451 91
147 527
1192 308
1 511
219 632
67 297
138 172
809 236
16 651
156 617
210 540
418 295
408 530
897 468
647 476
235 288
757 344
986 279
141 429
945 418
