863 114
624 239
94 625
1059 270
140 536
538 191
570 247
111 376
995 199
1222 234
925 642
417 114
506 426
714 299
80 77
784 65
928 684
382 481
1023 687
1054 83
1080 337
1034 552
163 102
77 511
140 231
974 61
724 238
693 211
107 599
29 610
112 94
519 354
475 81
507 116
842 243
715 698
161 169
566 447
65 484
131 94
257 13
756 91
653 158
798 227
129 315
606 68
446 440
753 235
252 409
1147 396
951 209
511 4
2 31
406 621
911 67
823 468
46 36
54 619
324 176
280 711
393 259
608 145
232 221
382 136
1168 306
726 167
814 279
156 615
394 101
174 299
150 65
886 448
203 292
377 628
168 145
626 328
601 589
757 360
156 334
547 7
982 216
825 538
885 64
