653 160
361 699
849 117
449 333
925 134
909 283
1000 51
616 286
93 645
753 571
416 160
1195 46
1141 570
141 348
476 704
832 603
881 574
1271 54
1082 328
149 593
788 448
58 607
467 534
676 366
659 248
1127 640
687 669
436 713
172 443
698 273
318 625
45 280
126 574
518 240
1118 9
383 579
919 437
948 20
418 138
672 718
300 668
854 638
129 44
711 457
602 352
509 121
1275 461
653 4
779 201
838 76
163 278
1183 343
1033 80
179 38
215 290
257 667
399 289
110 551
290 505
162 323
1205 673
603 251
565 275
908 627
208 513
547 548
698 105
197 499
289 456
396 174
