534 155
1014 123
1264 442
1118 229
891 623
885 405
1135 77
785 139
206 23
1118 229
439 500
413 103
136 115
806 594
976 9
1270 443
940 397
304 18
975 150
1000 159
272 99
858 346
407 104
510 713
1035 234
494 37
732 453
1135 415
239 607
326 169
451 24
100 83
1093 29
1118 229
922 628
997 206
1215 569
558 287
191 684
80 43
1144 464
1016 399
952 563
1005 712
149 226
922 52
1118 229
979 432
1052 155
272 639
346 421
982 377
562 564
1118 229
1178 249
196 564
765 197
1118 229
1101 266
214 145
428 89
564 453
179 679
827 149
233 399
1108 611
713 4
