601 647
216 381
102 451
698 36
335 72
1010 15
828 458
111 543
17 525
747 147
321 483
1217 312
1109 486
219 567
557 458
839 707
726 75
766 212
506 93
571 172
682 38
462 440
45 72
576 137
1073 652
267 179
876 176
842 173
696 67
951 669
30 585
150 487
777 475
648 105
824 23
260 277
764 10
672 527
1196 167
439 136
540 470
551 11
792 225
837 609
192 163
207 109
96 257
770 11
671 276
979 644
1042 577
458 551
876 110
1001 578
1111 75
886 499
1239 333
890 175
298 549
781 297
712 678
712 253
32 228
1160 154
981 85
203 311
1092 203
1157 66
318 658
911 701
885 528
1078 233
322 284
319 505
406 137
442 325
890 442
392 138
113 377
931 631
723 138
695 675
684 68
173 538
690 658
535 464
1039 77
503 335
443 381
1200 12
42 319
