465 46
431 460
125 4
1045 272
898 143
1201 383
496 687
1147 69
244 9
526 691
464 198
661 106
929 133
574 112
1058 171
917 356
531 556
888 444
340 3
992 133
1277 382
982 472
242 412
566 49
459 113
671 100
661 603
1034 214
1070 385
473 673
424 3
788 85
946 166
349 58
604 686
677 196
743 506
573 665
429 490
19 192
760 713
1077 109
171 716
1056 18
1016 18
323 522
444 10
469 390
378 533
490 232
343 515
453 627
48 305
874 432
889 311
985 470
305 331
194 454
591 490
406 628
96 270
1089 44
524 168
751 269
1028 290
738 190
946 25
14 329
384 517
1087 240
756 166
505 477
582 412
1061 102
136 374
1166 358
