265 450
1068 243
378 25
850 185
830 107
525 140
208 480
1122 277
202 27
539 595
740 155
316 635
404 3
1200 498
840 628
162 103
1191 52
862 7
971 382
803 42
431 539
144 703
568 501
261 563
103 664
894 524
845 324
505 13
986 551
225 457
783 670
1135 291
541 676
774 24
515 116
640 678
283 31
562 621
193 482
728 435
908 57
32 139
878 497
295 232
476 676
947 669
182 299
654 396
598 55
97 392
1250 218
855 295
1100 151
1057 59
261 585
1103 94
1226 307
1097 120
751 410
649 542
944 139
998 154
1105 23
880 481
759 647
331 676
