863 382
884 96
769 443
1169 120
1212 275
705 278
36 118
215 491
91 184
418 696
216 550
465 241
588 37
633 31
682 300
567 347
50 634
930 593
431 221
271 686
313 409
1185 279
742 709
935 141
500 63
629 181
442 94
469 620
1167 103
177 462
93 527
1009 693
37 484
432 37
271 97
750 676
1208 431
455 267
664 461
201 116
119 360
285 652
824 115
478 289
644 35
639 712
1176 202
971 11
375 116
973 67
624 255
398 173
813 529
884 581
223 324
582 57
276 197
1028 273
978 12
856 573
640 174
823 6
85 641
747 1
523 664
200 389
971 346
272 672
470 224
597 547
588 26
1157 170
382 212
206 488
886 462
770 35
1019 61
1043 298
874 458
238 145
359 45
933 326
672 445
720 120
796 533
