1054 311
273 116
907 39
741 139
738 222
1013 150
1041 210
379 499
978 469
215 165
1010 315
854 62
354 41
977 690
935 151
450 611
263 278
679 225
840 205
1007 687
705 112
1045 561
479 173
340 600
1205 295
886 54
679 264
1022 91
815 147
702 135
986 61
929 564
1249 681
184 231
940 89
819 188
336 296
242 26
648 372
702 87
615 158
871 71
985 47
986 64
1021 175
470 714
932 101
991 255
1002 510
1023 157
224 275
295 349
1055 91
579 153
231 631
359 482
723 11
487 611
1111 147
700 603
844 671
1061 79
501 467
350 346
568 10
268 59
979 223
701 470
451 526
347 534
215 297
233 130
831 469
1056 214
885 647
178 60
609 169
517 346
515 96
1003 204
1041 677
