1266 453
970 33
194 558
283 115
115 206
964 43
1272 0
742 435
359 601
149 257
74 515
1261 102
966 351
666 69
726 71
878 21
985 172
316 85
620 386
629 61
848 65
1110 165
545 302
122 507
293 127
480 13
190 271
794 99
1063 400
832 172
358 601
524 471
764 250
630 277
1089 375
1034 4
554 286
199 22
520 482
386 679
662 151
691 713
543 363
697 71
1040 27
980 19
235 481
566 345
825 492
292 24
272 9
340 222
730 132
1194 334
793 13
1049 177
854 39
999 680
1149 30
831 251
879 623
949 196
369 550
1085 248
215 173
998 353
166 439
823 457
1205 436
702 462
956 697
925 63
36 477
189 307
850 70
743 100
874 649
556 249
603 143
1002 111
906 45
208 202
958 195
924 0
571 628
949 146
427 146
1014 154
1157 530
214 48
1244 538
880 91
1013 644
466 476
142 473
569 202
667 104
371 529
1079 115
1273 371
870 325
520 650
448 696
302 542
230 597
137 46
311 605
611 149
569 90
495 683
609 632
1009 153
27 263
83 30
638 405
1243 445
1272 281
291 718
1056 37
697 53
