196 561
923 165
607 459
378 469
167 351
821 475
1146 430
919 491
612 213
883 267
193 258
675 513
733 266
680 51
107 347
35 157
864 699
217 21
264 79
114 540
863 243
570 546
1032 336
1013 117
451 331
221 561
766 271
516 38
1124 256
989 143
242 497
1093 509
754 112
136 387
640 86
781 448
326 701
785 694
1025 43
837 462
717 591
104 224
1003 406
650 49
447 194
901 54
1053 230
224 238
689 127
950 605
401 408
580 618
1112 35
1238 236
328 271
593 188
301 527
1148 646
1124 184
1002 608
502 685
435 664
881 129
177 566
1227 250
669 696
723 533
300 225
422 549
1057 480
696 37
759 670
1116 236
1096 371
285 504
517 166
1279 460
610 127
1271 278
719 85
1212 313
184 249
430 626
1081 65
1226 59
456 152
938 672
874 441
1079 156
492 447
505 426
748 152
1042 489
170 564
729 613
773 549
154 406
265 259
870 145
881 311
817 86
176 497
221 188
165 659
714 466
755 490
212 713
1012 93
1115 96
766 85
1278 269
748 60
332 359
112 369
1231 419
939 164
497 612
420 551
1270 332
567 683
204 13
323 651
839 284
701 28
891 331
553 95
34 541
871 501
861 562
1077 481
1096 43
