794 38
719 173
1190 205
1016 265
1019 48
709 503
652 677
893 340
287 528
223 693
1122 179
558 129
858 492
503 117
555 369
139 518
1115 3
694 424
934 276
1080 116
640 236
1065 530
505 224
529 617
385 336
361 293
604 454
566 326
964 191
521 350
979 109
757 259
896 546
863 506
759 718
466 223
1163 8
100 92
908 499
993 295
1126 369
523 397
745 144
666 120
574 598
1165 62
1157 639
286 309
141 417
1042 80
535 189
823 624
810 169
258 231
329 415
724 592
316 310
619 476
974 556
1032 31
814 356
384 277
1063 154
1050 87
671 602
449 5
1021 57
528 552
911 712
616 73
734 109
283 378
260 83
1074 371
79 454
786 452
