736 257
727 645
514 34
427 451
252 156
1154 227
852 83
981 571
555 110
526 696
987 11
595 652
235 87
1261 301
894 40
772 640
290 306
712 206
28 589
1278 208
1161 209
698 449
1268 324
996 13
1205 64
1140 260
418 78
669 456
163 586
720 713
427 155
449 687
236 706
236 29
3 31
1136 206
784 194
905 416
628 229
709 294
558 265
900 669
1169 440
832 425
393 607
956 197
971 699
1150 160
772 570
641 693
941 23
618 663
764 162
517 113
737 429
604 292
901 311
521 35
1051 284
242 549
1231 186
795 429
375 31
797 475
1031 275
786 118
121 397
272 422
368 232
933 674
113 185
130 78
696 264
194 404
428 195
232 543
337 150
985 253
486 266
63 216
