1162 201
567 694
251 653
1111 696
314 141
1218 410
957 196
811 44
1036 38
767 180
478 13
645 640
185 192
310 478
986 642
160 311
717 57
998 270
737 128
985 600
868 526
1046 206
693 651
230 707
549 267
697 579
42 325
1032 331
1018 77
490 4
626 327
269 521
1050 101
639 507
770 99
785 441
375 56
1079 151
820 254
1050 1
1118 616
906 167
143 259
732 640
642 684
603 637
16 621
481 271
507 235
360 130
232 706
902 151
446 339
666 42
661 510
1035 17
469 350
20 256
321 500
679 551
772 276
663 247
915 83
1056 15
1165 191
121 166
563 11
983 467
296 78
1247 530
499 711
729 26
833 660
1056 86
871 23
763 537
810 335
535 41
870 171
1231 143
145 464
1035 320
331 161
109 345
542 287
465 647
328 500
852 181
25 623
929 676
927 36
304 534
654 701
590 76
119 681
807 11
515 379
490 615
1092 341
594 94
1014 190
452 115
869 232
982 5
736 241
161 136
216 137
418 112
155 525
316 49
790 346
291 383
733 509
718 406
1100 225
1157 124
255 177
911 258
515 83
1092 561
212 683
316 275
1045 437
101 632
489 211
108 105
6 362
591 527
567 173
1252 177
