257 605
910 461
731 2
497 521
824 557
758 393
390 651
777 265
871 194
412 152
119 176
497 207
1013 101
831 174
1123 203
487 192
144 7
268 59
413 513
1002 111
536 8
534 5
135 642
783 250
335 144
1183 175
633 36
575 193
466 151
967 29
632 100
61 243
884 27
899 28
482 275
347 327
831 255
435 2
471 36
403 357
462 77
862 219
895 139
743 189
1198 555
986 657
430 184
982 31
318 428
466 151
328 530
593 660
520 668
628 639
284 479
255 309
1137 469
429 695
310 497
573 339
55 31
820 492
505 568
1017 657
530 441
856 309
111 239
559 483
109 180
1062 35
813 431
146 138
598 354
650 37
881 481
522 411
479 13
184 405
66 476
985 278
772 634
438 170
805 375
395 173
622 548
