1191 111
1030 384
358 50
1082 262
547 698
994 368
607 91
1173 55
776 65
840 632
353 217
1022 509
1117 179
251 69
539 382
861 687
842 636
489 195
743 273
958 56
560 585
88 250
536 420
748 249
1136 33
118 24
619 43
1035 247
514 158
411 172
544 713
504 137
1263 122
15 409
962 98
606 517
1267 174
815 196
793 238
207 55
810 553
288 49
1031 487
148 532
497 29
78 565
921 46
167 638
648 320
82 647
1082 512
59 253
1118 229
829 124
530 455
787 38
438 606
255 616
135 517
861 36
472 350
1049 376
994 97
1177 141
536 159
964 80
1170 336
1055 259
734 714
618 13
520 693
1010 198
1170 410
497 159
402 43
769 506
1010 46
349 711
484 134
992 666
559 244
814 556
975 81
585 695
981 197
256 453
1057 144
919 633
106 88
437 629
1001 576
962 87
1017 44
403 303
65 448
384 57
662 83
805 435
743 97
87 419
459 151
471 604
731 121
1046 12
675 211
551 17
566 315
858 81
599 482
