239 683
321 21
406 445
1089 76
952 688
556 97
444 472
334 18
651 475
711 43
646 381
997 677
1257 417
158 398
610 127
678 183
326 689
1173 208
872 612
1198 77
160 472
1197 283
737 197
998 346
484 546
382 140
954 128
414 379
206 275
167 71
710 240
1189 515
88 80
593 483
833 660
158 642
232 28
1172 17
421 375
700 459
905 719
1139 473
284 351
723 538
424 335
459 601
720 468
773 168
807 90
197 614
202 147
491 45
1155 185
94 84
366 529
894 228
758 169
901 603
728 532
752 88
335 283
454 502
963 394
425 702
719 55
136 531
577 557
511 485
1172 201
465 536
932 99
858 190
468 8
272 695
713 373
1265 421
370 219
131 125
443 10
426 182
456 224
85 420
276 345
