484 356
1088 193
550 471
1080 324
224 31
886 213
728 569
372 42
822 460
998 159
252 345
735 561
566 10
322 428
399 5
482 600
178 265
1028 209
619 30
457 518
1035 164
604 68
129 214
250 443
236 706
787 181
1052 497
42 279
162 196
629 213
668 73
637 704
1106 89
823 669
656 244
474 411
987 41
572 121
98 490
75 582
1052 265
758 585
265 477
274 462
1105 714
354 373
356 212
1271 102
183 265
613 461
900 204
1159 37
912 253
1034 107
1184 490
1276 485
758 522
1249 407
353 74
1278 447
375 468
245 634
509 477
680 185
1034 246
181 297
1210 315
1035 205
466 634
622 312
499 607
152 449
281 312
167 128
511 331
686 161
545 684
584 453
874 697
213 246
603 65
1229 351
1212 520
1093 232
701 48
177 281
616 322
1026 242
862 251
1022 575
156 398
813 461
470 249
397 245
1151 541
412 187
394 101
550 426
441 448
