945 613
882 517
244 137
116 139
764 170
476 247
290 50
230 622
807 529
821 535
983 470
1233 599
62 582
8 309
115 188
795 239
274 275
346 599
439 484
774 695
510 597
563 711
893 367
72 257
853 384
1273 479
313 496
254 46
334 145
493 481
1051 77
598 30
1044 88
321 336
807 225
388 17
1050 204
843 428
250 707
406 108
297 523
990 567
1102 217
470 471
350 254
523 111
636 101
1187 84
168 226
721 646
528 712
604 111
1034 275
319 390
892 225
964 449
441 123
603 332
683 699
910 288
922 32
413 695
592 307
262 531
935 649
873 668
1267 5
69 324
736 703
881 28
224 30
761 244
187 104
1030 267
440 472
222 693
828 339
862 302
467 281
302 671
961 481
482 286
710 313
1279 137
