537 132
450 214
189 632
523 645
707 224
639 71
538 341
948 15
587 206
671 578
154 487
250 161
336 489
863 237
745 225
700 34
314 53
120 481
1003 482
390 687
1087 253
1063 547
1262 392
397 81
776 311
700 126
921 271
400 10
1030 39
643 678
72 415
685 708
798 103
686 8
392 90
327 338
942 115
1155 49
667 121
592 87
903 561
499 359
679 551
291 657
926 463
1109 233
826 394
358 424
804 178
805 93
1266 437
303 9
604 518
526 389
732 317
185 429
526 403
162 169
894 87
1046 419
33 329
335 256
237 131
766 396
211 519
800 233
970 167
1181 530
220 108
1159 308
889 61
1133 249
976 17
3 366
