1174 628
153 655
304 355
152 497
685 272
113 158
909 418
1206 136
647 244
886 366
1251 473
545 7
818 214
338 125
293 532
275 290
448 62
506 242
306 358
597 22
461 242
787 707
1162 501
1118 229
115 266
149 228
637 304
1012 384
1149 403
800 63
10 541
955 271
106 61
895 176
883 99
1211 262
634 20
426 629
1128 65
343 636
232 632
1086 51
277 379
745 588
1017 590
559 47
1026 402
257 51
841 216
1043 220
1028 106
996 33
1082 171
1092 6
558 421
211 311
428 512
723 674
83 223
452 81
796 647
940 529
1204 68
357 418
695 712
928 533
302 471
549 121
606 228
274 537
103 71
872 612
345 161
1118 229
258 715
716 9
885 365
444 119
846 74
777 255
864 398
307 93
307 456
875 641
293 380
1094 631
1168 445
1265 208
72 203
877 203
749 688
674 90
631 645
125 212
1164 147
847 56
792 19
632 665
695 573
141 460
657 682
696 677
722 422
1003 116
813 96
559 437
338 520
977 9
80 109
1 289
677 216
54 621
