403 493
695 77
741 150
52 243
861 264
988 102
15 17
151 123
616 369
537 73
158 624
809 631
906 439
288 627
611 293
907 439
252 90
992 265
435 495
793 703
1069 347
839 140
199 580
159 378
974 134
245 74
690 67
204 320
873 65
713 541
635 24
905 696
794 168
557 285
694 453
178 368
126 292
651 95
567 39
980 161
1275 400
138 222
104 68
894 207
330 41
565 448
929 153
886 353
795 39
324 712
155 642
707 296
1128 260
266 652
740 494
926 576
106 512
212 44
1000 63
776 207
807 327
526 288
650 572
355 164
446 480
882 709
593 635
138 415
1159 307
889 308
1144 655
692 445
789 49
351 607
437 119
860 205
1276 44
488 106
789 659
667 349
553 484
951 659
1279 477
706 313
7 429
1065 414
154 646
693 298
849 72
144 434
853 299
523 53
477 441
890 3
