421 495
1122 157
989 424
109 88
109 213
216 567
1049 431
1012 674
1219 279
923 46
757 195
183 653
546 549
287 627
760 76
1169 38
229 674
574 75
1172 658
601 226
644 685
437 25
615 5
451 96
1275 320
407 420
675 643
740 229
1205 196
1274 341
145 575
974 112
725 144
1026 523
659 57
98 361
820 161
1192 189
1202 408
819 592
335 172
67 118
318 69
902 288
767 653
878 25
139 453
180 210
906 217
968 583
311 144
852 710
110 382
894 443
803 402
909 334
499 133
919 170
710 30
893 713
282 495
978 184
629 81
227 99
919 255
606 668
