762 276
777 449
318 274
755 571
688 262
1022 87
1093 181
296 436
1030 73
962 261
435 490
365 197
219 640
1007 137
830 555
445 430
832 425
1058 210
790 433
832 647
620 372
321 21
424 694
840 53
444 680
252 623
1198 285
331 416
1100 72
1036 242
463 409
696 671
502 327
731 297
780 475
339 327
879 514
180 676
523 210
734 311
606 310
127 511
195 44
168 69
117 207
480 237
606 81
462 495
356 69
803 147
1061 458
1058 525
697 95
654 135
138 196
130 406
633 184
521 685
493 587
105 343
170 530
703 709
382 78
1223 408
596 102
