1269 586
415 177
647 60
1174 361
579 1
1161 120
509 334
1046 427
1021 48
33 77
900 44
660 11
914 113
1020 123
167 61
884 177
430 181
169 12
1003 692
1092 713
827 537
719 496
1016 257
506 676
350 463
1032 346
983 70
294 356
789 144
56 308
1025 296
174 278
703 73
211 56
687 278
845 88
762 73
921 365
338 167
434 653
1041 671
402 62
1155 206
8 704
899 271
470 668
168 156
744 359
830 52
152 327
840 23
811 319
1018 29
1111 304
651 204
547 274
806 517
373 696
61 326
38 486
628 702
568 287
589 59
430 18
954 148
858 128
259 45
547 97
824 163
938 609
777 327
258 206
886 319
