727 516
9 485
202 81
1061 145
1033 557
1024 549
132 101
825 212
710 398
636 18
762 701
802 196
595 42
967 630
869 135
93 694
872 24
985 12
1108 115
530 91
1060 15
1022 274
461 592
530 70
791 532
84 385
209 57
287 70
511 564
466 460
732 30
467 70
595 21
835 370
471 453
190 143
1022 588
279 36
60 533
45 317
175 218
529 397
88 657
206 495
509 52
560 210
276 692
623 634
904 314
836 382
284 570
394 599
1150 84
1077 317
899 537
1171 134
5 547
1092 84
1241 85
1120 19
661 5
458 522
1021 74
602 111
1230 188
193 130
779 229
195 614
316 565
1003 392
291 696
742 408
3 531
349 59
646 179
746 188
1210 327
1043 619
1071 597
602 154
799 58
953 337
244 325
909 363
1176 169
348 14
340 139
996 65
1229 351
902 112
82 371
415 428
389 136
315 388
537 676
402 118
34 200
225 189
305 63
984 166
694 209
18 11
386 715
345 519
765 419
96 684
194 148
