213 459
1166 335
430 490
202 455
755 282
64 219
320 423
175 534
859 128
1233 153
278 639
548 33
713 123
1154 420
641 224
137 143
409 518
314 460
164 502
233 490
540 311
841 405
131 501
673 593
760 366
1025 100
1258 227
340 529
890 418
664 60
706 159
696 67
724 517
1042 251
452 100
420 25
1072 369
226 424
1106 35
208 637
771 25
900 693
1244 169
434 197
314 3
965 71
710 460
1062 231
809 62
916 297
1213 439
963 156
627 573
240 187
180 177
1063 256
1009 523
834 503
859 226
1158 198
477 200
831 608
359 647
582 462
1097 153
805 545
911 712
430 416
332 531
899 537
595 514
825 140
457 509
520 106
1196 67
879 133
1096 617
716 190
