584 99
1087 358
938 13
421 59
215 671
376 91
351 111
965 648
491 665
514 37
1024 195
149 464
668 653
467 174
606 301
520 603
758 4
454 443
720 25
1130 228
412 130
817 119
1134 87
380 287
242 45
959 232
618 218
446 80
509 29
689 233
606 623
343 274
1045 531
1162 192
946 40
314 699
690 118
599 260
624 519
535 314
990 305
291 75
519 679
739 472
221 1
764 616
1029 265
235 711
321 269
230 448
202 205
614 200
1148 283
317 223
646 71
859 278
1055 57
728 115
718 79
861 101
158 52
474 515
527 394
1152 364
416 525
774 55
308 146
1009 319
935 159
390 414
352 486
357 516
751 687
671 149
747 485
15 389
721 584
274 674
407 198
231 250
158 585
550 31
689 177
843 128
848 199
922 403
861 441
1101 131
1172 50
1003 160
221 565
223 691
262 405
374 235
125 65
259 71
790 89
355 234
717 75
960 650
660 422
658 91
231 81
777 67
61 356
1088 99
99 78
1234 152
1043 370
778 196
996 676
620 119
974 417
1126 326
1278 587
1169 55
954 195
427 606
1177 335
436 98
685 545
549 592
508 304
757 295
909 39
226 381
676 473
296 49
795 599
1067 109
788 623
112 306
650 540
707 245
1193 597
1067 273
800 222
197 170
1130 145
846 505
980 21
442 404
1000 121
401 112
569 423
805 453
720 598
1093 481
618 311
936 518
84 306
69 304
217 450
1264 164
176 664
1271 444
375 122
173 543
542 227
1057 487
1162 472
920 133
1145 23
847 495
779 93
1192 641
1055 406
120 681
1079 12
764 24
98 543
1109 431
1278 509
841 301
724 172
678 47
139 634
370 41
200 653
276 443
799 31
899 158
