521 254
1006 581
488 480
689 57
345 223
907 585
1078 162
552 484
481 605
188 7
917 341
107 239
862 454
1090 483
612 93
882 715
1043 611
416 48
362 73
307 388
1160 140
1200 273
909 699
434 257
851 179
128 379
796 69
702 66
291 415
939 347
1077 163
927 199
966 185
1181 633
1058 375
164 162
1177 674
1182 77
528 22
958 112
247 65
688 475
929 54
500 59
145 655
668 419
352 133
665 228
116 633
231 140
24 237
647 23
274 235
764 669
61 196
215 583
530 147
108 86
1135 225
352 274
1233 666
805 292
848 476
362 55
825 623
556 88
375 217
807 665
1200 160
551 622
698 254
263 444
545 252
395 175
171 250
1124 135
181 209
890 189
164 490
251 250
1072 1
759 350
815 695
415 482
593 91
149 148
956 563
688 653
569 695
945 16
682 542
151 75
846 93
214 239
760 442
686 676
215 149
57 255
549 297
573 523
