807 301
1114 49
393 608
1175 217
904 248
356 223
1090 86
894 208
710 459
981 617
871 6
144 688
1276 716
345 651
1145 49
52 274
32 692
991 703
998 313
472 490
977 131
314 460
441 672
634 610
585 149
596 25
1040 656
571 6
209 26
785 411
535 605
904 106
856 178
490 316
331 415
532 15
369 549
816 116
1019 471
902 458
959 283
980 161
1168 218
176 235
90 51
334 688
587 460
1022 105
688 105
144 186
407 553
912 500
117 117
95 525
1092 161
1068 141
866 278
597 26
32 226
11 404
1044 326
832 135
381 172
820 718
784 412
864 125
517 95
279 307
717 301
1176 336
1257 512
124 555
282 586
120 457
1103 519
836 193
699 533
47 706
113 99
639 699
1134 204
