860 502
550 111
874 610
85 396
347 314
31 451
194 35
825 695
52 265
524 540
1247 168
802 332
606 197
814 477
1058 437
559 135
126 439
1129 64
258 676
720 307
660 162
740 597
712 468
673 193
549 5
946 456
189 231
650 11
597 653
170 114
168 545
289 476
430 72
709 640
497 131
389 0
555 331
1232 224
461 42
296 254
549 645
696 101
398 708
1055 170
1025 680
534 320
794 647
54 530
700 351
1044 33
655 462
214 188
420 196
694 156
820 65
1263 346
844 250
332 621
957 395
824 115
225 104
450 487
215 234
489 74
1117 108
630 164
1199 698
165 389
948 49
985 710
367 523
841 135
376 691
319 436
624 131
950 696
366 447
787 195
450 626
893 127
188 584
708 675
820 131
1020 581
64 289
938 279
957 323
19 1
939 620
1016 167
860 592
514 175
574 352
691 188
61 447
876 57
415 522
285 31
281 718
761 231
551 374
212 12
