287 31
797 395
562 126
914 2
117 615
1065 356
210 437
245 534
963 183
843 667
360 113
1064 291
477 39
949 9
366 650
1013 422
1022 274
465 351
1117 263
581 481
450 712
1125 315
355 19
563 256
657 33
66 398
1054 405
754 138
241 467
943 159
555 41
608 719
686 7
284 103
862 719
915 94
96 312
845 643
998 477
448 258
527 548
284 50
686 581
156 95
908 181
239 94
915 711
474 497
608 165
244 205
539 189
292 465
1077 417
320 59
41 313
445 108
1089 134
975 283
1029 151
1135 630
1045 458
638 242
674 217
732 21
827 420
334 101
185 470
1242 439
267 12
48 646
1201 190
419 141
837 27
540 500
653 616
106 595
310 524
626 310
1014 187
232 14
1200 421
340 319
301 109
655 266
116 139
153 24
195 600
898 458
398 332
