651 293
339 127
1049 287
1196 338
702 308
856 676
1026 282
370 361
173 442
1065 25
456 528
149 429
324 421
191 450
186 617
972 48
369 658
171 27
404 570
135 547
1050 23
1065 266
919 637
1142 121
929 104
1223 652
211 275
764 324
1059 146
662 273
865 463
772 323
1028 158
1030 613
159 245
1246 202
871 698
1220 62
200 216
341 587
977 265
914 661
1045 559
213 217
854 146
565 257
585 176
1041 209
543 250
838 517
390 218
1272 505
1037 177
199 146
735 663
881 287
824 590
1189 20
850 324
466 17
985 314
175 629
117 198
727 320
1256 243
554 289
1028 548
286 651
588 647
293 477
1262 173
1134 406
518 451
375 590
1230 236
