646 506
840 457
521 196
531 482
1207 229
716 81
476 490
580 477
316 497
49 133
419 270
699 616
1275 272
1238 345
869 435
818 88
655 156
1240 306
1043 595
238 683
1209 641
422 105
1002 621
768 572
524 77
1083 13
762 337
697 65
838 555
1131 423
693 121
978 31
776 565
981 228
254 41
1241 247
220 75
1252 391
327 281
375 234
385 17
198 117
316 717
855 77
1034 71
1029 636
1205 605
957 671
65 356
654 689
908 355
401 265
483 519
606 96
144 674
1143 473
1037 705
342 38
286 691
995 86
96 299
579 391
165 604
245 400
655 223
752 191
1035 129
794 204
902 619
1058 437
228 571
11 306
470 205
904 3
418 45
619 63
1142 708
628 217
698 115
265 276
924 483
1091 299
1138 87
107 257
1074 198
948 221
153 374
1046 197
331 713
2 510
785 495
168 605
595 31
1155 386
215 60
292 528
958 459
119 629
687 223
1026 611
1112 64
125 655
5 243
1093 361
940 639
578 98
919 371
954 112
815 298
616 490
272 297
344 173
1104 9
1033 163
536 435
220 601
148 658
961 378
477 445
473 105
894 499
500 201
