173 411
151 88
615 73
1125 348
932 635
598 354
743 35
924 683
948 467
406 606
1131 667
397 474
44 323
70 218
996 671
258 33
352 373
695 555
980 113
887 335
1210 445
124 605
499 143
147 121
119 607
276 463
832 273
507 629
916 27
628 639
148 16
720 230
552 58
735 305
256 403
824 117
112 399
398 61
1278 297
855 405
520 598
449 241
1050 79
355 69
174 92
635 376
623 135
165 668
671 19
981 157
752 366
526 106
1266 495
518 80
448 267
1229 187
663 513
422 5
624 453
837 477
562 300
1204 30
507 79
284 99
538 704
315 97
868 305
1005 39
998 31
560 110
648 213
92 212
1250 229
989 420
300 474
913 103
118 559
