833 588
820 94
530 307
673 135
274 703
899 177
938 419
540 603
261 138
1064 648
279 63
709 121
623 67
224 554
172 545
323 706
1169 517
518 609
1116 71
852 251
1015 35
509 332
592 284
219 532
356 15
234 559
185 197
675 718
1158 467
772 570
828 571
586 293
989 715
1198 207
217 640
269 613
717 504
510 618
694 42
947 489
1264 413
1108 101
956 553
996 394
638 619
860 21
368 319
843 90
52 97
922 238
352 630
886 107
572 546
1168 643
186 276
528 63
300 85
1263 445
959 700
1144 31
898 11
720 646
1150 55
736 160
1137 231
1252 655
1068 102
1273 309
1192 206
370 1
57 253
83 135
849 478
904 469
794 348
729 373
410 695
543 572
84 26
939 661
159 157
753 217
68 568
229 642
713 473
355 249
942 273
852 153
