309 477
89 508
944 151
419 236
658 589
184 228
1199 330
395 209
1075 478
389 222
1107 544
538 621
408 329
864 316
943 304
5 312
391 245
184 522
396 420
148 417
926 647
509 465
433 73
826 617
573 107
452 179
281 214
237 520
769 358
114 533
901 469
855 205
306 463
257 345
1054 361
430 187
139 24
644 612
370 249
87 280
18 675
702 287
473 251
863 587
773 87
42 243
89 13
867 385
167 598
316 597
472 539
274 282
628 429
844 65
787 95
233 33
1165 333
784 706
79 497
1063 34
142 434
745 18
800 659
948 611
819 16
726 38
808 115
1000 201
593 470
443 111
343 694
740 46
763 681
1101 50
1030 39
637 625
1134 21
1201 123
931 715
