1054 189
786 575
937 305
909 175
513 694
191 397
761 71
972 345
629 560
20 395
136 75
719 354
883 547
5 19
1250 274
1018 623
387 215
549 78
956 293
961 7
255 6
379 153
285 76
992 611
1215 575
732 603
458 318
529 193
490 709
1277 15
1082 95
302 141
870 501
193 361
436 154
652 578
47 628
646 251
328 417
531 99
707 132
455 40
652 132
157 441
459 147
1123 655
137 703
143 181
1059 115
366 131
805 181
710 41
332 408
138 384
631 351
954 207
680 21
1104 360
1186 281
629 624
148 298
296 266
88 597
858 488
1043 11
172 496
1015 671
950 208
660 627
462 17
514 17
669 202
505 481
769 462
111 399
522 217
554 215
29 662
1278 389
220 396
286 60
672 224
914 409
851 689
752 229
687 669
545 309
522 25
700 643
937 78
