196 507
337 185
232 39
732 114
1129 80
496 97
1208 299
1063 88
743 435
720 311
1096 85
740 397
1003 261
313 495
410 178
872 405
109 262
551 649
168 338
500 137
831 308
219 75
839 164
1157 503
83 121
399 629
766 212
1006 132
4 410
626 481
110 472
406 681
72 93
1108 160
584 175
996 257
322 356
980 619
664 179
1040 571
206 95
790 635
463 16
273 415
1033 89
772 450
483 123
981 123
1206 119
641 177
1026 267
527 686
130 295
545 259
125 116
394 608
706 453
700 126
747 91
650 113
767 595
837 564
372 244
752 182
865 279
683 633
1016 73
1114 492
689 157
781 107
743 108
