57 167
188 73
166 126
585 200
115 101
1188 270
200 42
1021 602
169 114
96 134
136 163
119 120
175 50
156 31
196 123
194 94
135 24
87 124
165 18
112 57
127 94
107 22
193 65
147 128
154 138
183 57
124 161
746 39
1223 163
89 123
154 53
177 26
174 14
110 175
135 106
178 58
154 54
398 93
1014 19
148 137
983 65
182 15
135 53
165 34
393 25
1249 237
113 181
164 129
129 27
147 61
151 102
148 63
136 125
143 86
130 162
178 121
1043 94
170 47
152 62
151 66
164 97
109 92
130 138
134 141
182 105
217 144
165 43
164 74
52 574
110 130
847 155
110 72
163 32
195 140
142 89
161 9
309 205
192 67
1140 151
154 45
145 57
160 96
167 119
184 90
235 551
148 59
121 87
123 41
161 44
187 105
148 201
141 90
144 155
172 163
142 140
161 143
765 515
169 37
143 83
142 155
147 46
366 648
111 46
117 51
659 584
1257 509
166 111
143 126
158 120
57 294
191 335
141 170
170 38
171 47
857 679
150 118
1086 211
782 639
161 111
554 475
1153 181
170 117
329 130
199 447
165 91
168 18
191 69
126 383
104 121
665 22
772 73
988 501
175 94
162 94
168 11
182 69
139 127
172 66
134 52
1040 141
884 85
155 59
152 50
140 41
140 78
170 39
153 80
160 150
107 134
921 6
165 110
190 74
184 107
141 113
188 63
165 25
156 160
121 110
138 85
233 36
115 158
341 78
142 94
127 103
151 63
153 55
1234 111
128 111
140 35
184 0
1069 119
338 113
113 141
394 255
156 62
237 392
153 32
150 62
132 150
129 109
1245 586
183 129
89 122
176 116
704 311
110 166
145 71
690 200
342 243
145 103
117 172
113 51
997 580
158 54
138 137
119 153
146 161
78 96
187 81
178 26
175 117
166 102
207 69
93 82
421 511
149 144
1040 541
594 668
181 33
266 660
155 96
187 32
185 75
1097 102
127 77
185 88
198 84
125 158
162 86
965 485
181 37
166 46
183 158
155 63
158 112
559 138
165 39
181 86
141 61
163 153
112 178
137 67
951 231
156 101
162 127
161 45
140 152
104 157
132 161
133 100
176 27
167 45
237 392
147 55
201 44
523 653
163 158
99 81
133 141
1047 131
192 58
175 79
110 149
146 63
179 30
151 118
526 254
112 141
94 131
143 130
123 68
292 226
162 78
174 97
181 93
160 53
484 642
183 37
128 70
388 67
207 64
502 162
155 40
169 33
139 136
297 67
132 140
131 7
301 93
1049 55
129 113
1034 15
138 136
132 5
183 24
171 76
143 75
129 133
175 128
716 247
129 140
161 43
144 111
123 168
161 100
145 130
148 56
192 69
203 53
157 41
126 74
194 41
167 38
523 16
181 55
169 38
155 110
215 104
162 89
163 78
813 104
188 28
145 61
154 46
174 78
154 106
163 90
15 49
129 146
302 634
176 108
176 132
146 40
189 31
183 126
210 138
926 477
167 157
135 131
137 166
131 20
1211 224
174 83
1100 59
179 62
168 159
168 140
148 162
179 55
138 88
181 32
154 76
109 317
184 66
184 171
169 70
9 46
162 45
97 121
175 31
77 226
167 147
153 152
162 87
175 63
276 524
1018 94
163 66
150 137
169 96
159 37
159 90
198 29
206 78
169 0
185 28
165 100
135 38
172 73
150 84
102 150
167 103
203 89
163 65
113 151
567 212
180 20
141 21
186 98
151 122
157 118
174 31
692 131
139 135
158 131
132 123
817 435
182 107
165 101
695 55
193 61
173 50
134 109
1098 168
158 114
49 87
235 77
139 49
483 410
138 102
152 136
108 107
954 207
194 86
159 13
202 145
140 53
148 43
114 103
799 171
805 445
345 479
438 115
1201 211
165 112
148 67
228 671
136 73
