943 390
787 42
33 500
1012 194
295 198
431 700
646 175
950 104
183 152
902 716
766 324
548 492
1078 102
970 208
1190 205
438 345
329 512
675 137
881 550
986 174
1267 444
358 171
532 356
1186 600
224 663
297 58
538 170
932 711
687 661
954 99
96 436
550 253
768 322
974 77
919 419
879 156
1178 127
1187 427
1082 360
272 639
365 406
1092 257
805 555
173 466
364 612
111 113
1128 37
992 539
866 462
250 488
138 237
535 43
1263 696
997 494
429 427
682 119
346 390
931 377
1136 414
3 20
96 565
820 718
644 144
514 502
1032 357
