838 291
869 622
1086 75
223 29
711 139
460 590
331 691
843 30
323 522
623 238
74 380
576 27
389 679
1075 331
1080 235
123 257
10 26
498 63
162 93
818 705
52 273
507 325
128 662
673 168
917 325
928 649
109 522
653 389
1038 140
284 666
533 493
417 54
403 87
623 17
24 8
608 56
1114 41
1116 458
946 303
791 443
197 565
354 663
909 239
449 209
487 137
688 475
687 227
309 582
1135 708
292 157
960 636
623 51
265 254
912 193
1172 236
632 592
1141 65
990 123
106 576
852 603
542 64
301 542
277 125
884 27
987 175
145 71
399 405
654 660
737 128
1188 392
362 164
776 671
987 254
3 535
