201 260
402 474
1275 207
663 320
1128 452
657 487
982 49
89 435
711 667
1100 359
1266 386
245 99
839 87
193 527
1175 159
84 310
995 667
537 273
447 48
1055 447
106 98
148 89
381 84
189 240
254 665
633 217
573 113
259 127
800 430
981 313
80 548
713 524
125 447
82 326
744 113
239 374
999 591
732 454
446 362
521 328
846 9
822 455
1257 401
705 664
556 58
931 466
207 62
330 10
686 61
149 505
769 496
298 258
961 609
1037 667
258 709
517 231
726 246
967 677
1061 565
588 361
525 82
237 82
950 141
1004 702
235 570
602 514
507 684
773 77
