697 239
822 635
526 257
226 2
976 706
379 652
494 333
771 5
707 421
1045 158
423 274
169 37
207 179
926 207
444 596
863 436
445 241
937 77
1178 437
556 217
948 68
327 511
990 709
662 506
987 168
496 87
149 505
807 692
914 567
989 576
526 246
206 440
460 96
661 668
525 65
813 152
111 547
161 139
506 143
22 455
853 674
804 455
328 28
385 68
662 673
694 719
988 585
266 546
522 16
894 463
794 348
771 346
100 120
873 576
945 186
539 468
566 136
1037 303
570 649
771 235
659 108
1018 480
159 377
520 673
921 666
687 615
145 260
697 385
439 238
1048 194
764 473
183 2
103 144
311 363
105 477
366 86
720 146
85 542
511 177
907 211
1205 196
758 55
662 309
