813 338
1104 703
365 689
470 454
677 694
1118 371
270 25
411 673
1045 604
301 552
1207 553
343 413
896 568
765 601
500 67
215 84
1037 361
1199 71
1003 158
832 431
127 276
800 621
1238 327
400 281
31 188
164 197
662 265
385 708
811 154
976 224
970 173
47 718
505 2
879 570
1204 50
195 637
515 101
259 271
719 195
105 349
1263 195
729 275
4 589
733 660
1139 222
247 111
126 335
1091 447
170 140
1043 1
1046 691
635 32
221 548
846 273
1173 544
736 413
1002 595
895 331
817 176
253 587
282 202
883 441
197 491
725 85
456 137
878 116
339 703
190 527
934 125
851 293
1092 78
647 197
669 392
856 475
810 160
562 219
83 28
712 654
1153 367
833 275
327 148
1087 191
284 592
1177 301
783 505
75 465
554 215
1190 213
716 285
113 500
507 116
535 512
637 68
41 655
674 39
769 635
95 579
1213 393
1140 43
1051 199
341 682
388 573
662 292
828 329
238 608
899 358
891 637
654 39
1101 705
512 410
382 41
276 116
61 520
136 564
952 475
448 64
202 352
472 113
326 493
198 533
726 475
1020 85
916 454
1146 134
1194 618
432 477
163 670
1020 325
695 43
483 487
