550 531
882 78
1021 52
1266 13
672 686
681 693
1266 353
918 71
971 699
1268 409
213 116
783 221
1188 633
57 317
634 252
1164 518
371 350
740 330
852 711
845 209
91 651
448 683
1268 551
1015 65
812 598
1013 27
581 214
1276 485
912 274
267 554
982 123
1007 159
1118 229
1213 447
416 274
731 470
212 534
608 600
186 74
974 82
1046 522
617 677
372 364
1060 118
1266 417
508 106
349 19
937 301
1084 594
51 446
802 512
23 420
1091 351
1188 136
615 449
1261 507
446 371
91 657
1258 319
385 29
829 79
1118 229
1195 681
1025 405
297 457
580 105
403 603
403 641
775 683
647 21
1049 19
256 432
294 184
985 34
1118 229
77 224
1217 576
1103 717
442 306
164 670
