296 104
1144 115
881 623
949 137
1274 143
579 254
834 195
917 687
634 696
158 373
389 452
233 504
1125 297
757 577
206 240
590 456
316 569
1235 592
1033 643
1201 330
773 396
664 451
1112 250
195 47
1160 274
382 488
396 515
474 235
990 170
765 173
562 682
505 471
496 104
1189 550
729 6
769 57
1254 482
164 718
388 285
187 628
781 687
613 119
309 477
676 175
895 75
670 217
612 469
567 700
856 57
257 111
1144 333
389 358
665 33
778 8
353 651
384 701
25 167
656 173
76 578
106 394
1214 612
875 218
344 468
995 199
677 683
1109 496
875 558
158 643
602 35
