549 149
1015 637
641 603
145 705
557 11
1086 377
980 281
142 262
587 527
231 7
1048 54
304 521
665 113
850 210
462 405
528 1
1046 331
433 500
1055 19
910 707
236 392
581 97
287 11
908 503
449 344
1246 218
657 396
1150 87
976 535
1227 602
430 156
69 326
518 659
1089 349
122 475
1231 459
977 516
426 6
640 289
1066 226
705 454
1118 229
940 85
599 484
302 121
334 569
200 495
1049 309
1232 322
887 713
311 417
268 174
730 30
20 337
186 203
964 589
1058 375
447 377
974 597
1138 251
803 719
162 686
133 168
504 701
376 559
169 463
566 638
168 69
1114 441
207 532
370 616
821 610
454 651
31 399
1189 209
1073 12
201 65
668 67
568 124
1020 208
1237 116
