197 51
766 399
1159 470
130 8
995 590
1232 161
67 231
295 252
842 410
971 645
906 247
674 102
547 530
408 428
1180 258
1085 663
939 9
263 503
117 323
578 76
955 77
403 13
476 44
982 636
416 105
605 274
776 336
419 197
1020 335
136 243
2 9
1083 132
271 135
1041 210
1049 435
1104 207
1156 66
261 529
1172 120
733 654
622 297
1069 95
446 532
594 247
779 390
1131 262
32 389
317 67
546 462
1147 569
682 438
1234 309
898 359
1114 309
909 329
162 503
1110 54
649 88
347 325
394 523
1025 471
140 643
672 632
420 53
1187 454
315 502
208 306
874 594
328 140
962 204
870 513
890 235
60 156
297 209
370 240
84 583
876 447
846 185
149 554
491 28
1026 394
919 88
241 625
471 23
910 257
128 28
186 11
322 477
665 337
326 178
383 83
974 279
362 692
621 475
131 563
658 235
633 629
997 342
1031 204
813 230
1164 148
899 168
466 361
809 155
588 643
7 32
984 138
472 297
942 85
752 12
778 573
189 3
845 287
160 124
327 8
848 476
1139 405
696 507
533 170
872 199
783 410
