1170 229
827 349
99 136
1031 204
98 385
538 159
399 548
999 143
934 25
148 712
597 159
245 152
1262 441
476 393
738 109
860 314
816 476
151 681
1267 257
353 393
1274 510
105 253
943 191
476 83
597 704
389 46
1187 295
967 587
865 255
765 646
172 406
993 473
390 635
55 344
450 547
549 50
886 111
461 328
1268 385
1116 632
521 613
576 209
933 321
449 266
721 61
1093 199
266 265
959 635
699 214
117 249
730 195
161 441
736 689
1148 425
817 171
973 7
1034 208
524 713
708 531
594 404
63 184
219 459
81 327
526 376
877 77
861 713
396 699
708 714
569 332
388 422
728 91
227 17
1087 593
904 473
632 385
1205 237
704 66
369 252
499 367
760 43
1011 90
473 469
949 172
772 666
792 527
474 259
789 130
797 109
1086 121
1237 619
815 676
1041 67
656 256
693 67
801 135
243 680
673 55
766 173
394 599
650 82
1180 415
420 455
584 697
631 652
938 263
1240 121
833 633
399 481
941 703
373 254
599 489
474 338
982 176
761 107
723 655
403 321
205 120
