930 124
783 166
726 604
197 188
868 339
556 127
862 229
986 554
48 427
650 669
274 477
926 37
500 262
528 632
131 256
253 126
1128 63
906 553
532 223
306 103
530 525
562 282
1062 481
122 37
479 94
332 189
807 40
109 18
678 58
721 125
411 503
273 50
953 489
826 463
235 181
1208 173
478 714
754 624
902 197
609 351
785 25
1000 351
1090 149
464 121
892 48
611 92
1030 141
80 284
152 642
1029 72
508 667
1038 542
838 119
475 241
36 510
1144 217
896 282
1202 82
1112 339
1091 165
782 11
859 1
722 609
607 275
278 410
841 37
332 59
976 101
1001 13
935 329
301 68
1102 81
946 386
895 611
319 11
946 167
924 343
1098 323
55 359
836 561
422 21
597 479
158 241
715 12
1207 403
1022 612
449 81
1195 102
536 245
753 117
277 253
1266 527
775 469
930 655
678 15
337 476
240 547
598 68
527 386
65 208
933 82
426 487
843 457
1028 563
913 483
706 41
712 669
112 575
777 499
887 360
295 58
854 115
146 227
969 40
434 656
1152 131
826 607
932 515
881 240
864 433
966 7
787 255
689 335
317 496
584 665
306 550
315 24
1045 103
1046 203
155 553
623 36
42 485
1032 90
173 515
863 672
394 265
449 88
146 97
186 581
347 238
1199 240
335 195
136 146
512 15
677 655
1124 327
127 109
569 213
114 162
319 612
301 40
223 643
562 0
494 621
