1106 533
361 553
906 217
812 172
438 219
588 170
431 305
226 151
344 616
616 687
113 291
910 187
643 422
689 243
191 63
356 127
838 211
1267 715
1007 130
1088 140
51 118
329 25
593 482
164 393
792 547
463 706
520 309
685 498
1262 0
1014 36
692 40
1088 423
146 280
192 175
1004 88
827 292
24 453
591 523
1180 281
1071 144
287 478
347 451
129 130
939 363
619 342
831 520
210 617
918 237
906 442
112 226
205 177
475 209
943 416
1001 122
543 250
429 189
677 19
657 607
672 588
287 89
230 711
675 664
625 380
864 419
942 462
124 522
699 693
425 240
83 363
894 337
387 328
936 386
1279 64
1161 9
403 158
1276 715
732 602
581 488
737 671
812 264
1053 58
785 39
448 84
928 441
798 612
179 540
1164 551
384 613
985 681
