165 353
1093 537
999 626
213 193
193 147
341 423
818 220
409 290
222 285
486 659
441 93
976 50
367 149
1136 315
733 578
1262 401
684 166
354 601
353 714
457 459
731 311
43 388
378 685
850 248
410 36
269 613
879 107
260 695
127 94
872 651
861 123
1207 527
334 624
240 215
145 382
1000 267
773 189
251 121
157 400
1123 301
1102 187
303 210
472 706
2 221
1000 70
115 113
490 103
184 567
410 143
226 127
996 257
1228 313
1125 477
1024 35
1216 449
1156 624
769 100
77 294
881 422
921 162
121 77
234 19
265 100
602 695
1142 38
548 703
159 376
1072 38
195 204
324 33
169 681
1245 269
449 557
701 179
1055 311
656 127
497 561
636 144
204 136
1022 250
731 304
