433 349
666 200
1004 709
561 110
237 71
1021 195
189 642
767 682
564 462
135 272
861 137
719 527
1239 149
526 110
818 178
770 296
50 219
620 683
481 303
138 547
205 327
498 637
343 31
972 76
897 614
123 550
1161 343
379 233
1003 17
466 61
556 346
1030 563
586 565
1117 334
997 658
874 690
485 519
310 551
351 646
677 458
989 105
1072 126
152 533
134 463
915 635
108 178
1017 619
767 305
227 712
654 26
914 563
1029 659
676 114
992 344
351 375
441 225
869 453
754 283
983 573
750 591
1107 600
569 116
951 231
578 46
297 219
712 39
1262 195
755 159
908 572
221 21
760 69
1191 532
603 128
1128 325
1039 123
683 401
566 716
260 530
1074 471
906 202
771 578
650 154
340 13
831 3
151 195
854 466
660 300
315 530
179 115
119 268
790 381
72 556
291 617
852 339
583 225
881 474
688 471
428 185
1056 263
324 111
608 677
231 701
1036 626
152 519
843 234
1137 46
196 413
949 71
462 39
605 264
195 53
317 17
820 86
142 238
837 706
976 677
787 178
1073 205
718 49
986 116
591 713
1082 74
1136 336
580 103
522 56
930 141
1235 229
1165 522
822 274
338 34
998 338
720 494
847 349
887 140
389 258
460 320
64 321
287 351
1143 106
143 660
451 20
524 109
137 619
49 464
449 114
876 21
722 716
38 560
504 473
