1153 282
433 372
149 398
45 279
508 57
149 63
519 250
13 9
16 506
110 495
1024 127
693 166
681 36
568 633
134 7
587 681
410 483
1118 203
143 82
113 45
860 229
127 35
990 210
409 174
593 459
538 655
1012 658
938 327
106 108
399 648
772 457
510 587
763 467
157 67
904 142
1057 337
925 418
146 112
290 153
531 99
617 213
250 503
182 190
166 73
351 381
192 481
1077 176
974 184
916 109
281 153
1102 71
1119 449
285 35
239 565
916 621
558 92
1106 475
902 236
827 567
159 47
819 469
1180 110
583 386
690 203
128 85
234 651
824 681
791 684
915 489
1046 323
166 53
90 129
639 77
133 129
232 135
1029 555
792 78
372 86
144 24
946 283
294 103
179 542
1192 267
142 79
456 615
239 202
224 717
451 562
750 607
308 657
1204 224
482 238
465 365
537 14
80 140
782 211
927 219
924 678
201 86
597 690
984 697
61 545
853 533
361 17
54 156
760 69
513 275
538 381
764 28
528 55
666 231
90 135
123 105
105 109
877 161
467 89
729 177
1013 91
857 128
133 114
919 695
1260 1
501 384
728 394
238 257
1103 89
