267 29
523 647
808 137
737 44
917 111
461 303
1025 426
548 599
199 531
901 155
1010 166
235 203
909 343
703 506
637 636
1168 157
799 385
681 213
558 257
991 217
143 698
189 31
1055 355
643 258
620 446
235 436
1262 299
157 31
535 456
1046 470
1278 248
948 487
391 177
477 260
483 93
954 264
308 134
662 394
239 139
375 663
865 373
875 703
671 162
41 438
609 66
963 479
733 379
1055 366
186 96
1000 186
815 94
401 138
626 284
1256 454
555 422
302 683
893 216
1056 74
217 570
546 641
49 366
1117 154
656 659
44 367
1109 376
550 221
885 97
1268 413
904 503
392 80
434 355
861 415
730 273
130 64
822 95
1032 715
469 565
1213 195
300 452
794 560
936 361
517 7
439 500
862 297
765 410
624 26
875 100
606 1
776 115
548 564
1200 571
945 39
986 222
