776 29
981 490
835 556
576 207
990 183
1219 623
830 469
494 522
744 113
883 607
584 447
289 246
70 55
964 624
177 378
665 650
1271 557
5 108
791 490
627 14
89 186
1225 57
61 85
1016 354
726 126
668 95
1048 527
1127 145
675 253
994 207
1053 30
548 599
670 209
190 480
924 257
870 90
784 180
889 712
1053 143
1210 123
225 414
495 24
1139 106
504 250
863 647
1067 165
849 377
167 362
348 136
317 356
733 190
710 181
939 359
585 155
477 479
306 47
322 462
1147 16
119 270
221 293
599 50
966 37
182 544
975 718
222 450
1074 548
862 581
570 660
130 544
169 502
194 139
363 22
617 639
645 308
727 214
301 702
1098 23
1090 91
350 649
440 691
1079 81
849 165
