1279 281
819 352
559 485
488 601
1057 128
364 25
570 454
915 459
867 293
182 152
562 651
846 175
1176 613
288 645
777 440
1140 684
1116 150
883 307
310 136
980 193
765 549
844 538
1113 360
668 323
238 550
399 503
1254 576
951 511
328 140
429 82
697 78
291 493
420 49
653 212
973 400
1130 159
632 586
578 49
261 504
159 495
1152 207
672 241
962 188
567 34
789 125
457 144
888 204
1148 624
479 149
847 285
336 388
453 690
376 525
473 686
110 239
764 126
804 231
587 63
188 103
803 163
345 353
753 87
1125 573
207 463
243 144
983 257
922 285
494 522
324 608
852 117
865 613
1243 179
338 538
1046 83
511 269
223 493
537 137
153 531
715 101
80 123
893 24
835 264
259 74
945 276
1047 357
687 657
612 612
411 100
800 581
626 207
672 400
310 58
908 171
699 496
386 686
1232 652
1004 662
720 361
485 529
1210 507
1127 102
1049 138
1018 357
1271 15
245 58
888 101
1159 131
788 656
290 29
22 13
750 191
93 18
1172 287
912 417
1116 163
344 83
67 560
999 52
853 235
