766 27
759 70
433 566
257 656
1134 385
375 67
604 175
693 485
328 275
521 501
808 43
673 448
295 711
220 409
372 462
177 592
1049 124
136 630
1040 300
811 268
843 718
519 393
1019 25
370 86
1159 254
419 80
662 255
1032 45
906 45
536 7
885 283
120 432
851 314
576 613
298 492
298 350
583 258
627 465
963 558
560 97
979 625
531 278
493 687
605 318
1153 511
222 532
165 500
1276 345
420 24
1209 497
361 537
738 127
695 591
450 144
475 107
138 450
1031 450
137 629
761 508
452 116
561 208
759 116
488 716
328 687
124 582
1172 216
617 67
1238 29
