114 464
141 402
336 573
774 520
996 25
364 63
1219 340
1055 18
950 665
630 285
717 313
795 372
811 103
1058 66
920 256
296 60
180 42
769 328
153 695
693 23
695 484
262 23
458 708
1043 48
499 271
1143 348
645 273
857 39
260 115
757 344
1098 148
562 133
396 194
808 573
848 565
765 539
568 335
750 256
183 160
642 551
532 269
1161 247
521 106
246 99
109 107
157 701
225 503
136 712
390 470
426 311
371 247
249 363
717 77
257 182
21 355
15 8
331 245
925 316
226 479
1227 245
134 24
967 67
244 137
755 157
875 227
84 294
1088 286
1021 659
727 443
1040 172
839 48
1006 238
1087 130
1023 213
397 224
695 272
482 303
582 699
1254 218
161 561
917 271
572 92
829 453
906 93
