479 415
395 303
922 157
858 458
843 136
710 539
625 568
346 255
97 644
675 34
696 339
590 669
1043 311
435 292
245 710
76 570
628 174
982 525
719 480
1150 103
164 83
840 180
678 397
142 508
158 283
1020 18
178 297
1154 164
630 523
939 509
21 246
948 589
298 308
1118 229
926 89
666 327
480 251
1221 203
827 472
727 642
819 356
228 512
695 289
493 3
796 37
646 29
1192 485
741 279
1210 231
196 695
319 166
944 443
217 68
577 652
698 174
356 184
387 592
572 438
418 68
358 48
1082 118
606 103
305 637
883 18
181 529
540 707
13 367
227 24
113 96
436 96
1228 227
1090 119
281 23
746 535
1078 368
478 431
706 541
1171 458
731 214
289 212
262 375
201 31
771 4
532 119
209 19
465 362
57 457
1132 579
113 281
520 608
815 348
191 306
849 234
986 217
