609 73
1050 64
769 362
1059 262
1151 80
1276 154
821 136
451 707
400 130
132 46
763 241
974 114
272 638
776 87
603 71
229 697
805 217
640 24
729 151
112 247
914 596
233 361
634 540
1022 93
573 327
298 147
894 486
247 112
208 279
653 273
1085 496
345 112
1006 602
835 85
720 87
298 278
293 107
589 589
1102 121
238 423
889 308
217 628
1107 193
780 581
1125 91
131 668
894 229
959 695
1098 330
148 555
788 716
246 91
725 216
329 695
1277 376
943 374
200 210
688 92
112 710
1023 28
625 457
141 417
41 205
878 191
938 213
489 204
1196 203
123 277
243 60
357 450
227 270
251 685
838 93
