849 556
1220 104
290 686
1045 695
611 127
1174 360
345 5
963 455
1002 553
444 446
576 31
1080 131
1249 479
513 148
726 277
480 572
684 199
574 715
209 33
741 469
646 284
457 355
223 387
316 437
939 99
1025 201
677 293
249 293
267 123
1073 21
1276 485
440 472
1239 438
195 165
985 597
306 463
1163 595
513 652
520 239
727 496
1265 233
201 437
875 633
589 567
1028 700
1181 441
805 600
160 152
878 638
184 54
113 171
829 147
170 406
488 588
535 251
803 78
874 448
698 295
838 487
550 516
340 526
813 580
613 608
969 195
821 194
