1269 414
754 253
916 150
295 291
431 55
163 347
285 22
321 599
233 449
639 669
336 12
574 718
299 435
145 667
822 280
489 583
1204 700
124 438
1014 541
1118 229
302 540
354 373
541 670
330 187
492 105
206 665
65 439
1118 229
727 400
954 65
1266 304
607 328
242 329
677 394
317 104
1118 85
1088 614
392 195
830 601
11 592
154 122
696 461
487 651
867 9
688 475
918 91
7 35
540 160
746 430
1118 229
1201 640
823 563
264 56
222 533
786 288
1154 261
125 541
563 143
733 377
937 506
265 486
422 73
1052 659
323 613
1096 382
450 127
1134 224
343 515
110 33
1161 240
1173 61
654 660
1110 346
126 174
968 365
196 152
865 660
517 368
672 601
