383 467
341 93
1060 216
465 141
378 572
758 294
384 662
213 519
491 419
188 49
831 456
981 148
456 348
904 113
609 133
623 125
684 331
1092 146
604 219
130 266
709 477
606 494
1156 68
847 517
657 698
996 392
758 379
279 78
506 573
914 691
158 95
520 630
621 609
928 60
335 236
794 227
1242 453
205 585
106 467
935 648
561 81
1279 464
773 371
296 532
216 703
692 702
648 63
265 99
1201 259
206 467
76 328
618 483
851 398
209 27
782 248
963 220
389 431
81 479
74 241
649 142
853 587
481 69
611 404
581 67
544 444
213 683
940 595
907 433
257 667
1107 344
