271 568
211 141
679 129
1008 333
857 45
603 161
829 387
276 141
96 156
703 371
788 169
1192 137
5 54
267 259
1066 507
325 34
206 464
167 150
617 495
1041 564
432 154
553 318
655 147
291 482
188 413
1154 651
98 197
797 632
893 191
331 549
14 337
931 620
88 548
900 212
504 619
545 207
639 639
448 119
887 357
358 441
434 48
508 692
418 715
790 336
91 414
753 257
151 632
927 134
1163 77
571 538
545 12
1025 131
1031 268
430 562
1041 17
121 38
575 400
369 637
807 429
695 486
918 227
424 156
1152 111
94 215
267 137
495 585
674 289
710 609
843 131
509 228
5 32
782 411
524 107
719 130
776 72
235 307
675 691
469 467
755 412
