352 489
102 541
387 717
712 539
548 442
471 609
732 445
554 463
132 118
719 252
462 148
1113 139
479 636
721 395
280 309
1118 229
230 546
758 36
958 315
1263 439
807 157
740 687
337 98
519 715
157 259
235 87
366 474
207 355
716 106
274 473
48 570
298 182
260 28
923 668
245 348
966 347
819 87
1108 95
1135 639
1219 215
221 356
1227 443
977 549
1149 375
587 714
943 360
939 507
509 151
64 440
978 674
849 265
613 469
1193 150
66 494
1118 229
907 710
1013 9
966 472
1084 4
988 73
1011 251
309 520
96 681
396 357
