376 219
1247 436
934 300
150 517
636 241
1132 292
622 151
875 219
106 576
1015 710
265 419
360 272
704 251
267 704
471 331
1016 172
886 650
226 53
185 55
2 162
582 328
220 664
426 71
30 17
785 398
856 133
1049 297
673 559
846 181
961 297
894 26
550 62
921 295
205 228
925 602
192 626
178 331
451 117
237 480
395 635
86 445
938 309
401 480
156 275
1153 194
1167 356
815 51
198 440
667 623
654 510
1119 635
829 573
132 486
773 487
107 152
891 658
1044 230
730 311
1079 388
992 716
1043 465
949 485
800 577
1080 195
96 179
569 262
1026 155
219 221
1240 402
510 717
572 292
484 617
1044 54
921 534
409 156
1057 75
361 1
940 715
1029 639
654 162
382 109
173 297
182 507
1037 232
1154 124
964 229
180 195
347 299
763 681
527 51
369 97
1152 30
