417 172
172 162
57 513
232 30
849 269
569 489
642 146
156 419
708 157
988 653
352 489
763 297
831 703
298 188
1078 10
384 144
719 358
954 379
963 266
1164 411
265 214
443 604
212 481
913 170
1101 434
1268 382
771 55
973 592
133 575
296 116
271 451
567 715
1144 299
949 634
1020 187
502 637
365 53
960 12
1254 622
280 54
1231 291
667 113
728 451
621 609
206 37
549 274
260 28
942 176
979 3
183 488
565 236
1030 578
572 393
503 541
600 114
827 504
935 388
497 158
619 287
148 417
387 36
689 663
156 550
231 240
360 628
816 281
489 168
596 58
774 356
319 622
1069 310
135 254
867 59
1012 225
696 107
396 420
937 447
359 37
597 718
899 555
897 121
1220 495
614 710
1197 56
1273 522
435 387
667 427
203 715
615 5
477 339
561 2
82 553
560 621
419 511
926 269
606 255
