400 273
988 262
1081 526
11 601
856 367
473 306
165 179
550 106
174 597
521 321
475 67
214 90
459 64
817 698
411 608
809 374
625 93
380 397
74 450
750 217
813 83
844 414
1221 37
502 311
386 316
1117 178
1245 335
1188 548
590 61
26 290
1242 360
978 19
190 264
794 62
1103 5
276 589
41 162
551 655
227 220
616 42
566 369
878 79
600 144
644 5
80 204
695 323
599 617
1183 258
223 97
1148 113
193 382
1258 292
801 228
598 398
871 220
983 101
1086 51
869 517
354 329
108 546
1244 538
968 7
495 662
816 479
478 191
1111 132
999 466
532 290
1000 57
877 112
636 405
998 38
212 279
312 413
871 55
532 28
699 126
985 684
892 444
58 255
273 702
1127 123
1213 676
290 619
145 680
726 84
719 122
1054 119
498 145
93 554
275 713
582 425
337 477
1239 460
31 589
1269 536
553 244
576 369
646 687
592 271
755 105
1240 415
561 353
945 35
58 649
868 378
660 320
731 121
326 52
329 145
902 171
184 379
764 570
251 91
707 480
1118 299
174 377
369 220
1271 559
422 592
1031 669
970 187
676 182
911 183
1052 384
108 303
135 150
668 185
417 679
440 362
1067 563
190 70
838 35
832 173
884 220
212 19
569 143
650 74
143 537
176 655
943 162
1139 551
716 351
123 430
976 659
675 194
478 649
659 331
