1030 524
1173 261
1211 69
1025 111
717 293
948 441
318 699
86 29
274 634
651 703
280 15
319 713
1158 367
727 470
219 390
144 244
731 603
511 155
650 632
640 635
882 302
998 660
664 633
149 529
922 127
820 95
1074 3
329 600
768 93
190 9
182 657
257 715
1138 121
254 687
192 507
133 503
759 430
153 667
219 465
958 587
516 547
197 660
523 117
890 21
70 529
1144 109
727 443
347 8
766 153
255 12
1001 525
353 441
579 86
1166 581
1111 189
783 481
306 196
727 563
86 59
737 338
836 265
1083 647
711 433
516 88
1040 17
125 156
984 138
1211 317
961 50
766 395
659 70
909 45
168 50
495 280
353 482
452 49
941 211
492 145
792 357
1221 570
850 703
743 355
639 66
792 663
784 695
732 423
745 223
