580 431
677 272
724 106
727 417
173 673
430 531
804 518
883 467
277 271
755 272
299 241
657 698
616 646
1154 359
432 165
856 63
1234 113
1153 38
698 423
337 49
832 93
905 38
433 435
848 377
638 529
954 26
415 445
589 444
628 94
1071 22
718 612
821 258
392 708
1027 259
630 369
1038 696
894 561
883 71
785 86
1053 149
1100 362
386 143
713 611
1002 16
472 365
924 625
162 319
1050 563
1104 673
1155 66
919 31
421 621
103 248
65 98
355 234
986 306
608 594
1243 353
52 625
1024 698
552 429
25 13
720 547
