932 83
1210 156
918 620
657 75
369 552
849 678
623 162
398 621
417 361
311 32
265 114
376 102
1253 479
781 2
649 16
1149 159
1017 119
567 363
854 613
1194 94
487 171
487 287
154 281
899 493
942 152
424 460
668 60
144 552
448 33
1218 215
504 665
393 491
984 242
1028 181
160 185
1002 308
932 3
354 95
755 258
1155 447
724 559
651 399
416 359
633 513
234 202
736 98
809 444
942 507
473 435
321 477
1061 76
899 101
899 327
993 199
683 10
605 455
848 480
529 178
548 427
265 517
724 432
755 202
1104 589
565 714
860 214
196 47
675 246
443 167
