824 189
796 41
1088 404
754 551
697 610
968 285
1214 84
549 457
291 146
1041 345
606 68
928 215
567 104
129 90
286 288
252 103
1025 694
228 268
972 161
1148 110
811 230
1168 51
212 387
294 662
77 309
1214 425
899 368
1176 219
708 107
1052 290
618 215
1084 287
967 155
1019 263
346 131
904 45
316 410
56 506
454 284
1262 476
236 335
619 56
1172 314
303 279
896 502
1099 545
242 704
837 122
1040 645
827 533
115 17
663 474
814 410
630 72
1191 558
545 441
864 563
858 85
193 520
1111 603
194 15
872 574
637 260
1069 630
291 17
842 362
1047 352
877 163
224 635
