211 427
638 210
529 166
628 196
785 457
1034 173
974 10
852 674
309 520
258 139
5 682
627 192
845 477
732 362
315 436
44 585
1173 158
1127 90
881 147
377 402
453 591
1130 303
516 278
249 86
319 717
979 589
360 205
174 81
417 606
661 525
858 487
214 247
786 653
383 551
375 38
1023 283
446 205
636 241
897 47
1212 249
288 228
842 173
1176 162
887 683
700 347
1001 91
301 4
621 233
393 567
889 246
830 69
792 357
316 369
205 228
438 567
286 540
203 375
268 556
303 487
302 270
701 401
1038 133
1060 429
944 637
1207 203
307 485
875 100
971 458
146 446
942 174
760 23
397 597
