472 659
384 360
23 222
1160 277
294 106
63 192
203 178
338 431
476 650
231 134
1192 348
383 455
1152 401
885 485
347 400
968 519
947 633
1156 338
227 101
764 521
945 638
1120 548
916 524
1264 91
719 321
1050 310
741 392
643 577
973 461
293 17
1185 573
860 679
814 476
792 414
267 58
1156 26
278 0
837 665
514 123
808 444
502 147
225 1
837 541
590 181
519 693
1233 341
521 502
290 83
820 476
360 158
138 15
48 240
876 518
469 507
1138 448
419 587
496 235
227 102
396 356
536 626
248 314
1030 431
767 368
1159 289
303 159
1113 309
1187 224
107 526
498 667
712 595
1054 364
64 616
199 154
808 578
806 424
103 482
775 380
255 233
955 524
632 134
234 193
231 14
589 100
393 42
1014 489
281 244
1151 387
1025 492
299 68
359 435
353 121
769 624
699 301
463 496
752 337
669 28
483 486
386 611
573 360
1065 546
760 27
873 704
776 372
1099 693
289 238
273 69
1071 630
363 97
355 403
276 240
729 319
1177 355
1059 532
244 152
267 15
938 365
504 365
521 459
217 157
788 336
918 26
208 100
1161 312
198 106
740 348
170 239
1126 346
312 45
146 138
503 669
79 221
330 268
288 64
1006 381
1059 334
1117 423
1195 209
1162 131
598 378
460 159
725 32
822 450
319 450
458 125
1053 598
1092 354
1123 223
1071 687
1120 687
272 11
804 400
222 23
1079 357
1166 37
970 471
728 573
821 450
354 401
493 614
792 403
916 586
697 349
466 555
481 561
270 62
237 530
1093 345
450 19
1009 538
806 427
620 392
1166 558
301 0
1091 460
751 371
1075 455
1107 408
1250 217
110 192
354 283
280 61
392 183
1165 183
236 20
742 312
659 194
675 109
613 56
378 321
381 149
686 216
891 686
373 169
591 140
1134 374
600 79
213 26
493 671
1141 328
1179 264
918 668
510 675
768 132
253 7
698 61
768 67
1236 322
1200 464
1232 141
921 521
835 394
319 86
1100 414
1162 361
273 24
1128 354
1123 580
900 584
1241 505
529 670
1112 395
933 693
323 31
1137 321
405 119
1163 324
515 690
1088 371
582 185
816 479
433 675
1038 496
775 271
1217 206
659 320
786 185
462 94
344 160
298 72
743 327
696 37
282 60
318 176
233 3
456 571
467 481
1063 549
328 138
554 120
271 5
204 20
492 535
1075 419
1151 426
1157 416
445 500
1238 500
1095 577
720 189
714 120
432 474
427 130
286 56
756 348
394 103
961 459
915 539
483 687
764 331
292 59
1092 411
1219 189
1094 346
1161 427
985 375
219 11
310 2
767 705
293 90
1152 300
907 402
682 372
769 128
453 501
1063 694
229 22
292 63
304 283
1072 578
1070 381
1164 305
570 153
518 700
686 85
282 72
1045 523
652 142
505 718
574 208
1105 434
341 31
1193 252
670 15
485 555
297 146
556 138
1134 362
652 197
1181 388
1224 203
885 495
1136 380
219 17
1138 607
869 529
754 326
722 318
483 663
137 9
247 12
728 164
446 55
694 136
823 458
357 1
1198 570
727 181
673 163
901 532
299 117
1096 444
1088 365
490 579
1022 383
1159 301
1214 525
329 53
1156 664
704 198
1160 23
729 346
1180 44
299 144
784 142
1082 621
1195 184
1179 558
1194 691
173 51
752 63
1092 652
312 31
783 188
1136 352
1188 532
1158 553
245 12
326 71
1125 324
1130 504
479 558
257 14
925 555
1128 350
970 414
716 362
758 364
789 183
1246 337
192 1
1160 260
1207 515
284 4
1226 254
753 336
1217 265
996 387
1129 323
1132 146
612 173
889 434
518 705
730 171
1091 417
265 10
923 549
1126 687
269 29
1152 606
1218 585
915 625
790 395
762 328
562 179
650 95
438 406
296 231
446 131
221 10
1201 208
1171 630
648 91
443 405
418 411
482 593
1157 515
475 656
728 328
772 173
276 50
525 260
1196 371
482 488
1106 627
1171 391
407 43
496 606
1079 475
1063 515
394 509
458 564
1199 185
477 278
974 483
948 608
551 187
1186 584
1224 344
1193 381
367 122
1118 397
1170 374
1089 703
1236 180
1145 385
927 629
1121 376
640 669
1202 388
287 125
806 421
591 397
1235 639
583 102
1090 713
1136 368
498 678
1102 392
936 35
1086 413
533 181
1232 376
131 651
1133 690
507 107
1075 608
1134 633
386 78
568 97
342 14
413 157
1161 586
1239 194
579 49
801 404
1113 694
1151 19
321 69
361 124
421 415
1238 268
308 22
518 707
1000 707
792 424
886 584
1224 331
271 30
1225 213
1257 506
1072 591
1141 355
346 291
1182 592
1100 665
336 21
1171 241
747 374
358 465
1148 330
823 529
737 293
1049 662
282 24
703 123
1006 391
760 403
283 83
182 42
1220 275
341 70
718 414
1200 164
450 520
1077 691
749 107
156 608
1103 427
127 147
332 170
807 599
1217 401
40 574
450 26
523 536
1248 513
1227 618
819 566
852 605
870 695
757 116
457 520
1162 274
1230 274
1091 504
822 478
634 23
1106 682
1180 273
435 483
1269 107
911 719
318 2
569 172
897 476
819 504
253 395
723 156
900 687
838 367
1142 503
766 67
450 151
984 546
293 101
372 35
1180 277
1274 259
758 330
450 502
1010 463
1110 653
493 351
249 2
281 65
393 25
750 685
1091 353
669 81
494 519
1214 254
1008 432
418 416
534 400
418 384
1128 662
891 637
1013 597
1189 222
986 125
598 92
1124 396
1123 402
129 160
679 143
1211 318
1146 331
1194 236
1257 217
1084 649
87 202
524 624
867 638
1139 387
1217 520
430 675
1187 249
907 74
1228 179
793 717
938 674
279 1
704 342
771 404
1205 476
221 226
948 517
219 136
379 390
1137 666
1271 213
265 9
353 7
1151 371
723 306
720 311
1067 420
1208 179
78 282
474 528
1278 217
1128 308
1193 519
1160 365
247 123
264 51
1202 495
568 114
619 60
1087 375
841 559
1120 374
105 203
747 47
880 577
809 452
1090 704
362 648
1087 106
1151 441
325 550
951 529
906 572
1138 391
184 4
491 208
330 222
254 11
393 32
554 375
355 665
927 380
1121 323
1096 699
822 699
928 538
224 155
908 677
201 2
1235 587
832 497
316 422
1196 231
603 120
109 181
1177 652
1076 340
782 358
143 140
220 194
646 356
521 258
347 101
298 612
1142 283
555 247
535 702
749 70
386 32
1003 396
1122 396
711 635
732 155
563 115
1162 574
764 147
1185 160
205 99
1116 681
728 283
721 394
1082 278
1103 569
543 341
558 351
376 439
304 271
682 411
391 86
796 406
148 30
61 188
121 156
1164 379
290 129
304 92
816 495
285 44
773 385
142 130
202 134
315 167
1162 458
809 306
1147 696
194 98
623 120
248 218
828 559
1067 600
812 327
1160 414
140 145
849 575
803 450
139 110
826 465
769 405
148 204
1121 654
272 58
1192 504
666 315
690 290
158 192
434 372
589 135
29 228
551 85
730 320
809 386
593 99
177 154
11 313
535 667
1042 317
320 143
700 301
141 132
44 53
729 415
190 95
406 39
799 444
629 394
1092 632
133 148
910 698
350 133
1220 133
844 35
374 445
780 354
943 458
304 379
258 35
827 502
1106 424
837 306
853 412
399 623
435 468
436 85
683 307
1127 616
287 46
1116 348
136 403
658 83
467 580
854 680
267 8
718 8
912 519
837 509
51 651
106 148
506 574
920 574
370 631
722 303
110 194
936 689
758 181
295 48
250 3
747 328
634 339
1200 270
982 514
567 363
253 25
304 28
382 291
1223 491
906 698
1233 271
817 511
300 17
747 318
1147 344
371 463
997 639
586 132
411 513
1268 239
820 515
688 348
791 348
631 381
474 157
730 316
148 182
58 202
667 73
288 24
963 80
806 544
777 382
578 182
772 377
1083 419
1186 412
409 410
387 124
326 325
819 511
565 331
201 110
757 406
619 366
310 83
325 201
734 306
188 108
281 602
363 418
1208 91
753 331
447 258
335 359
364 395
1154 292
710 671
1049 709
773 717
796 434
131 135
969 463
1106 666
1107 363
374 336
660 336
786 308
763 379
745 125
706 331
311 50
797 399
1155 173
831 498
1193 37
816 444
1127 329
861 619
580 517
750 396
458 459
1007 689
847 645
659 330
240 131
1277 312
698 302
799 432
733 384
714 407
700 358
922 455
1269 99
694 328
851 315
248 154
745 387
966 419
335 119
787 393
782 314
114 327
801 400
710 376
790 414
244 173
289 131
411 434
709 312
801 428
219 18
342 693
556 313
1007 524
411 416
737 392
1065 568
563 75
751 324
293 22
1110 705
67 273
765 362
749 418
701 303
853 680
816 429
828 479
355 428
763 336
974 601
612 343
466 474
82 274
124 181
221 149
219 109
1088 416
709 121
1068 376
428 668
653 94
689 309
291 371
10 141
1116 230
957 520
757 373
1245 261
866 14
644 136
844 534
426 119
1125 500
1092 73
532 573
877 525
588 216
677 349
390 484
1097 429
1174 334
733 82
399 499
868 653
1113 321
269 49
242 88
265 161
293 30
627 386
1061 681
407 602
80 213
299 189
755 364
767 484
768 329
1026 440
248 153
159 141
410 626
147 136
1197 5
918 514
798 411
266 163
181 242
461 544
759 347
1107 388
569 438
527 175
742 348
343 369
713 335
1180 303
348 375
768 380
1130 371
117 146
1181 309
666 397
630 360
324 109
684 56
343 371
629 186
751 318
770 345
373 193
729 304
569 375
697 344
862 388
706 284
761 357
676 143
833 662
1173 424
827 492
668 322
271 39
450 495
347 156
1185 177
1204 541
624 181
157 109
256 190
760 385
712 384
750 364
172 219
687 300
1126 302
790 389
693 278
719 605
678 137
1151 293
227 142
698 318
490 677
324 351
1179 41
171 101
748 351
694 428
803 302
193 299
276 49
246 178
328 170
799 393
239 195
1179 305
283 77
71 163
461 548
1187 255
745 397
120 160
779 441
1151 673
595 404
789 432
435 600
87 596
374 611
664 200
269 35
450 146
758 374
1142 375
560 310
1122 367
1188 62
773 119
265 31
807 421
674 306
337 642
660 302
719 313
5 183
1124 197
1187 159
1176 14
76 202
1017 403
239 229
134 138
873 334
689 290
1109 329
990 381
1021 406
251 197
340 224
248 158
297 543
260 44
743 386
318 174
41 274
856 636
789 406
885 710
1218 378
252 50
836 535
798 514
1168 185
301 145
294 406
149 151
85 639
722 335
777 410
620 382
690 323
573 137
23 375
722 317
761 347
845 548
110 200
644 319
190 280
614 370
670 338
1022 445
497 703
761 367
400 393
935 71
912 456
772 355
818 499
1208 600
280 62
249 151
938 455
233 156
479 156
346 372
379 588
844 465
14 389
558 292
580 413
806 384
422 144
689 376
780 361
204 12
197 354
276 459
739 386
181 132
324 31
166 113
578 345
693 298
217 234
1170 12
693 314
457 523
710 323
1102 340
844 541
642 337
178 110
258 156
229 183
1044 376
707 390
113 168
677 411
833 523
767 396
174 141
1181 35
500 661
731 332
809 394
788 577
538 356
890 447
320 135
769 337
1002 134
170 130
193 561
773 309
798 418
751 403
179 225
1199 61
902 673
836 548
304 472
148 385
761 419
609 436
12 375
778 366
661 365
1201 270
16 274
913 191
202 162
77 166
1122 231
141 223
1155 14
84 93
78 592
844 625
861 661
1114 664
751 337
792 363
684 287
1081 268
705 413
368 406
799 389
853 465
1265 176
206 202
254 202
1155 21
663 298
315 351
794 355
386 366
322 369
797 372
212 253
831 572
656 322
256 276
21 400
800 471
850 619
754 394
794 326
216 303
355 425
98 279
714 299
756 378
793 385
364 447
1273 230
184 185
627 349
776 693
1103 219
986 89
832 631
774 375
369 139
695 365
95 194
1218 9
238 145
244 131
709 424
212 270
831 510
86 205
733 357
710 632
338 374
642 106
688 386
108 157
791 417
266 187
789 366
1197 0
720 289
789 440
572 371
761 676
87 530
714 368
76 281
206 102
1095 244
230 164
261 147
144 133
238 544
82 607
807 511
58 42
339 359
160 454
818 493
842 531
687 644
675 664
358 425
823 475
710 335
734 338
57 260
834 559
610 338
325 329
869 101
725 320
1172 30
753 345
1176 42
679 322
620 426
617 418
912 85
124 162
811 471
566 341
818 523
1054 1
864 41
807 429
821 458
63 351
698 314
666 712
251 602
249 234
777 483
782 481
733 292
263 282
847 53
248 194
166 256
698 365
727 380
411 651
428 689
318 435
793 367
850 114
678 352
38 203
110 295
72 105
618 313
645 438
625 654
94 153
250 185
619 261
274 4
1050 277
919 20
135 150
229 219
228 92
679 367
238 139
442 645
10 424
1045 497
651 314
1147 262
747 400
297 282
1122 230
771 315
691 348
826 522
932 80
749 313
746 343
607 453
811 534
104 551
200 198
710 345
145 440
726 380
208 114
1096 0
576 313
235 145
366 649
288 237
564 146
318 414
804 547
108 127
134 313
233 160
721 323
171 367
851 566
243 185
978 90
845 528
67 262
223 108
710 356
251 233
564 334
1220 59
947 68
955 102
898 13
739 326
1042 326
625 409
94 164
230 111
702 322
1125 222
34 213
1057 313
666 338
1192 19
1203 74
1136 222
191 203
215 261
774 360
781 395
368 620
49 231
922 124
939 124
1073 283
415 577
191 128
193 147
115 139
302 157
391 157
820 479
1193 70
247 139
765 365
742 382
804 484
44 425
837 529
1199 31
179 96
698 370
608 362
85 71
609 377
727 296
230 169
763 448
457 530
699 394
860 717
381 483
784 517
106 256
54 299
1102 547
242 103
688 314
287 284
127 184
762 421
745 379
728 301
844 305
817 653
761 428
730 343
718 323
749 330
768 361
1197 3
141 396
768 390
265 167
800 450
836 501
148 147
1155 255
576 370
719 306
1227 58
759 374
783 399
176 144
584 413
1039 324
800 394
123 459
1021 355
779 352
654 302
669 296
321 161
84 177
806 451
1272 245
882 78
16 428
473 613
744 398
572 406
771 407
427 687
801 343
151 105
970 108
740 331
262 206
663 345
530 717
779 405
111 152
392 227
678 293
689 310
309 50
371 443
745 330
898 19
855 638
846 588
796 385
764 391
247 489
319 364
472 131
622 403
746 327
276 182
596 319
813 425
967 449
460 78
1111 354
761 482
42 58
558 319
1277 333
791 387
788 357
157 136
227 109
1204 372
194 133
660 320
285 11
756 428
869 691
666 371
802 352
17 255
743 146
78 526
68 285
735 402
753 406
760 522
1039 490
17 347
1050 297
788 398
449 482
777 356
773 437
358 388
848 552
799 385
780 493
608 394
209 198
1196 478
1146 625
1226 476
9 313
813 441
740 317
497 693
75 126
1204 296
743 311
1130 378
15 246
651 323
252 194
976 13
14 247
262 141
330 364
1207 185
48 505
751 364
370 439
874 697
594 418
162 12
1214 221
247 206
323 63
800 424
730 340
863 613
302 96
252 15
352 423
421 152
730 382
545 215
281 44
793 417
726 351
712 318
593 354
428 173
652 299
398 575
717 320
564 123
680 317
643 303
876 482
870 396
908 40
508 717
1120 579
362 212
220 198
298 145
689 708
653 503
1180 361
342 391
809 633
254 148
298 146
1173 481
800 427
410 426
87 72
805 419
1190 239
658 347
1047 578
1142 341
629 460
360 408
386 536
314 104
1116 328
1118 328
818 479
727 677
1104 439
240 14
353 605
494 690
236 124
112 378
795 477
1086 698
752 395
1164 609
822 577
344 382
991 718
669 432
142 140
743 332
863 41
278 69
740 363
792 382
263 176
808 432
727 130
187 207
599 181
834 517
279 66
137 136
503 174
242 323
448 471
1222 190
511 714
679 629
223 162
754 343
727 409
316 290
618 156
468 101
1173 352
996 65
393 378
1078 550
670 339
455 468
246 113
511 716
679 302
371 99
73 233
668 335
723 321
725 321
779 400
480 626
346 403
199 24
306 138
262 374
492 660
122 375
149 132
1107 332
1214 285
259 154
676 300
254 161
748 336
313 322
1129 312
797 348
691 377
457 544
648 121
87 216
808 411
39 496
1138 349
1141 197
1192 418
196 204
929 451
1216 276
1163 381
218 131
335 18
1187 641
264 169
792 434
775 626
823 521
279 55
922 678
844 518
777 360
304 432
1065 432
773 709
853 608
742 298
601 348
1206 656
536 135
74 188
249 246
819 332
804 410
68 148
1115 337
358 658
725 265
681 332
405 35
480 642
1071 429
1263 255
1071 712
184 151
372 435
1111 319
712 394
1153 354
629 121
259 186
115 219
1031 227
786 375
763 371
611 336
701 126
1079 440
701 135
285 87
88 496
1154 341
996 530
1180 214
753 369
764 691
421 672
179 98
565 166
845 516
740 407
353 554
1183 363
119 117
758 350
661 323
787 353
1172 220
735 416
761 339
1227 275
248 715
307 334
570 432
158 153
1261 79
602 408
758 415
216 135
453 505
1035 359
787 347
1231 349
238 105
747 383
202 508
263 169
708 339
670 314
774 369
1157 50
151 146
637 607
212 103
778 404
1220 416
799 399
797 482
412 664
596 92
1049 304
758 366
1220 70
337 198
308 302
737 370
339 101
775 556
235 394
678 359
835 523
325 468
473 607
743 382
679 314
1161 28
651 303
372 591
342 397
579 201
1198 153
78 594
766 378
871 716
264 306
271 7
1213 151
831 598
316 304
799 448
957 538
644 493
761 329
253 713
649 462
33 67
369 463
1154 419
793 412
796 455
406 663
148 172
755 329
344 391
1085 177
796 449
612 375
64 282
372 654
228 175
758 387
687 401
951 552
719 318
898 36
1045 342
1270 237
721 96
1225 368
781 390
274 52
351 624
826 485
788 524
255 166
106 160
1135 396
235 107
319 331
203 223
996 489
261 428
345 387
896 343
734 393
83 171
1029 442
397 494
318 103
193 313
160 131
423 589
726 373
675 196
794 523
155 164
685 210
431 476
680 304
609 455
275 7
38 111
262 167
419 557
1075 503
633 113
764 389
657 308
1007 379
997 459
249 198
181 135
708 338
276 644
800 498
704 716
753 390
724 383
789 395
815 415
652 312
729 354
199 127
223 298
259 281
1174 273
45 225
25 251
435 623
1059 683
493 216
768 716
32 222
845 561
309 319
862 641
784 377
301 33
240 150
151 172
197 185
483 632
327 100
747 365
371 462
1072 489
756 415
1272 193
630 294
371 435
719 355
310 293
626 127
816 512
952 421
463 178
738 336
352 33
366 136
716 329
238 164
978 113
564 715
286 692
242 169
845 607
785 372
709 290
360 420
230 162
408 324
786 324
314 25
518 397
93 177
247 149
725 329
711 359
911 512
777 488
272 550
479 28
149 147
603 148
797 400
382 60
226 115
78 164
1189 194
805 442
1111 188
59 259
266 286
312 95
914 25
1279 92
489 675
797 346
720 326
802 460
369 462
802 387
273 215
764 406
18 85
1048 333
1220 323
804 437
680 321
906 22
781 405
228 2
664 311
723 116
445 502
1165 319
333 79
224 15
187 137
327 358
902 677
1133 668
1197 186
1060 681
252 159
1171 492
1250 506
1082 579
406 404
295 32
173 176
527 369
450 40
984 286
197 3
429 115
1091 418
337 1
1172 256
261 22
1141 310
503 704
1242 264
728 129
374 468
367 316
361 153
652 449
293 25
182 227
1171 286
859 602
740 309
646 55
1228 659
894 644
1163 258
1158 212
990 226
335 16
544 214
690 189
895 648
494 676
722 340
1142 311
489 582
427 457
393 353
1137 401
830 498
997 631
489 183
505 143
815 474
436 521
283 80
1091 370
446 498
1204 656
1129 718
787 351
329 485
1177 379
956 715
376 326
738 69
758 716
250 36
335 248
515 569
944 660
1135 424
1100 437
1103 634
594 365
724 318
923 701
751 359
847 274
209 3
540 448
523 317
940 567
275 53
891 618
704 371
1239 630
184 119
252 2
768 521
1251 252
1105 363
1051 687
448 191
647 201
240 134
751 135
1171 13
796 394
659 142
825 475
446 45
1240 354
1144 613
603 179
1175 290
1222 368
211 20
766 301
267 52
1022 438
306 14
277 50
725 11
211 16
776 336
724 320
846 598
479 669
1212 372
495 677
668 153
785 502
1217 142
720 375
367 443
1246 590
1134 381
849 422
601 415
209 112
1115 669
621 149
1138 199
909 81
1153 375
1205 146
1225 196
278 54
554 145
1199 46
178 106
393 474
281 67
853 620
738 352
1014 441
402 388
671 368
815 417
1083 456
548 126
1199 641
926 38
785 385
228 154
953 666
447 690
467 284
1137 196
209 228
845 541
819 471
1002 390
793 372
665 332
979 615
1141 615
902 609
839 552
238 140
612 480
350 388
784 304
655 329
688 327
477 487
233 182
281 252
757 584
649 327
683 357
1184 21
752 195
748 356
1188 11
1183 1
760 105
232 626
1166 351
799 383
738 314
698 293
250 19
789 213
365 595
832 543
370 488
777 366
194 79
245 124
169 207
799 351
750 340
711 328
789 397
1228 139
968 37
586 382
1191 388
300 47
425 68
1215 79
707 378
894 544
1047 16
59 188
338 125
249 261
813 455
311 75
744 682
1275 244
770 691
728 82
209 17
226 106
200 397
376 175
506 699
675 377
1081 424
630 309
673 690
1052 356
331 350
261 57
328 174
728 317
1104 243
291 44
1131 635
1212 129
655 121
443 166
286 33
1216 312
1196 362
628 331
234 167
276 12
736 134
826 452
372 427
824 511
749 358
407 29
1091 410
431 593
681 366
847 535
1206 32
1180 670
600 349
157 24
1107 416
272 7
761 484
203 14
741 314
1067 429
1165 429
204 100
255 247
796 404
552 189
646 45
191 161
1209 64
1190 471
1197 164
1190 22
836 509
1194 272
722 315
757 392
758 376
618 185
284 215
196 196
1228 161
1131 375
1033 438
109 359
255 171
731 361
790 428
734 372
753 719
788 473
774 476
107 178
948 643
373 296
1205 140
256 20
1076 247
1083 571
1230 186
227 128
978 552
687 301
1058 579
1145 350
269 18
1184 363
654 422
783 438
839 262
900 75
281 29
1136 161
296 7
1169 567
815 450
1046 376
207 367
405 388
1108 360
97 306
1136 659
814 447
321 99
794 392
828 109
786 379
751 427
323 123
684 336
806 426
1105 558
1053 685
423 438
608 401
774 381
832 559
421 583
921 62
832 592
138 110
772 502
516 185
802 359
701 146
1173 672
1095 356
1220 163
641 180
1090 272
640 138
1087 611
212 6
590 173
636 116
769 357
794 384
318 300
1084 456
280 51
204 214
949 1
1013 435
370 94
1093 378
768 179
1229 196
1188 373
1171 688
978 586
425 719
984 297
1164 471
265 15
738 325
525 81
1170 228
322 77
909 398
1198 536
997 108
451 173
852 587
734 171
646 349
940 532
962 524
1215 186
492 687
907 687
1096 607
1106 543
724 356
476 501
245 29
407 74
817 557
755 22
941 618
526 463
1131 486
856 384
1128 346
750 114
391 250
522 125
1162 412
275 63
1097 416
300 493
895 481
1230 575
616 140
724 311
241 37
1147 253
739 348
265 19
1201 401
1019 436
479 167
520 105
272 37
1246 462
689 534
268 72
1035 446
1121 514
713 153
1219 188
1198 467
1136 365
1152 418
1225 657
758 607
1221 658
285 25
781 162
686 276
1124 412
1087 364
1132 362
46 219
747 336
1168 426
640 162
299 3
548 66
1231 245
316 194
727 353
1176 286
207 16
889 655
336 555
744 373
504 113
1177 209
972 455
308 50
1039 408
1102 441
1137 441
1233 317
295 139
617 309
1047 613
838 497
298 15
703 305
344 168
649 72
608 216
1159 578
1168 370
305 16
320 1
1077 526
1146 343
495 456
1022 479
615 200
1131 548
894 653
776 374
1000 472
267 5
727 37
477 634
1208 332
1053 590
941 481
1038 555
1034 667
1058 558
1098 714
412 133
302 89
1186 236
542 134
738 122
980 397
1181 625
1190 298
1067 691
199 148
1090 608
982 575
975 477
310 122
579 197
502 203
1121 658
628 104
1106 636
762 95
498 120
1153 389
1097 390
1094 386
574 350
314 71
1215 193
1199 392
1069 382
1148 389
673 169
396 206
285 34
1107 364
878 549
392 11
453 531
1016 450
1135 366
373 324
493 581
707 237
607 227
326 162
925 543
1234 215
1082 718
1226 139
1069 631
1242 259
941 593
256 384
359 282
1222 311
413 546
531 641
962 452
697 30
1071 336
1218 619
994 461
269 213
375 290
1153 364
1144 417
1183 198
417 40
497 589
287 82
773 359
1101 453
490 613
299 36
417 409
583 161
386 116
313 83
268 101
433 483
456 483
297 67
1125 339
981 390
790 360
1106 719
468 582
651 76
357 270
947 668
630 113
211 641
338 233
752 360
542 716
1143 452
300 52
355 328
776 225
359 296
896 513
974 638
1173 213
1018 456
612 49
1167 401
1099 326
894 590
384 24
995 449
372 99
626 99
282 5
958 556
260 1
1172 399
782 459
611 176
495 490
355 252
459 461
371 128
521 591
1041 476
761 383
1098 353
702 491
961 436
180 18
357 278
753 360
1128 315
573 395
909 593
1216 58
1180 438
1138 398
1118 435
471 612
802 512
950 716
607 143
1217 463
338 28
355 154
478 154
1095 639
411 430
1130 612
731 108
1133 531
379 289
777 403
391 350
779 394
1233 208
1105 685
951 501
921 389
632 159
1188 653
345 1
1099 332
650 203
977 556
1086 476
635 402
499 640
855 419
783 323
1089 405
683 42
416 153
653 148
276 13
255 8
778 411
420 431
1171 233
1174 294
919 599
233 5
1009 410
381 40
878 473
720 141
1015 448
316 56
1023 396
1172 368
932 532
1220 185
1153 235
1043 493
739 364
732 316
190 3
784 179
1130 668
1090 377
635 102
377 314
332 378
1148 331
1179 442
195 0
402 25
282 81
806 402
714 123
528 156
993 484
278 29
901 660
478 539
540 702
974 397
1012 397
1183 650
885 627
1187 553
424 12
415 115
742 198
316 105
654 170
256 10
1133 456
363 305
1148 666
191 298
1193 496
348 275
868 711
762 384
539 599
765 105
1146 685
1034 473
1114 438
1099 459
1129 326
1138 295
1220 507
1025 494
649 66
351 281
673 65
1137 555
659 332
269 58
515 628
607 179
519 637
405 377
260 176
308 293
394 141
722 78
387 170
798 381
785 336
471 224
1122 601
168 450
634 41
203 101
361 101
293 14
331 17
455 429
567 109
1116 659
732 284
961 571
1093 326
1000 434
993 417
248 23
1193 541
930 581
1062 680
1191 345
528 672
1185 472
1129 713
1064 553
717 360
665 34
759 177
497 677
476 640
319 121
1231 176
443 172
892 591
645 53
1167 210
471 562
910 702
368 326
272 75
242 0
245 17
903 398
316 119
470 622
1081 345
357 107
737 142
277 80
717 33
1133 695
1154 293
1162 629
419 456
817 111
851 603
474 439
449 424
924 678
671 53
1088 636
359 405
728 178
881 531
432 76
235 0
1190 545
1185 284
287 136
1185 307
1111 644
1154 285
361 317
753 147
1147 442
338 389
493 676
1101 699
491 15
397 152
313 159
156 133
1092 381
737 353
620 179
1186 201
1089 479
499 622
1168 489
1147 460
296 96
378 322
663 311
738 311
994 623
1091 619
1258 536
718 301
766 347
674 169
731 318
599 419
1195 187
1219 472
222 82
411 387
624 100
501 697
1074 615
1001 556
536 717
1119 587
230 148
810 510
776 443
1067 709
1185 528
1213 159
596 126
298 96
402 375
471 632
1070 659
1206 108
1170 260
1240 567
796 411
221 4
923 308
272 32
1056 521
1205 423
578 116
1179 52
602 305
1165 417
457 398
422 460
1165 240
1222 240
214 328
771 371
1147 598
306 80
893 545
463 587
759 128
841 378
904 665
296 101
658 342
504 652
343 376
383 330
1082 696
305 8
716 49
340 238
235 2
956 520
1157 719
1194 485
360 605
281 54
464 519
260 295
1146 674
975 649
1223 542
130 605
1198 344
1093 671
630 65
374 133
1019 454
770 333
959 520
123 123
1242 154
724 290
1223 602
506 583
1174 609
372 602
623 116
707 149
1189 251
1088 261
511 653
1213 280
732 313
456 547
520 711
1126 402
731 300
1207 178
228 162
268 11
27 350
730 540
259 222
283 116
1017 464
613 129
1119 371
1105 553
765 203
907 76
1088 221
770 361
568 611
492 147
326 31
773 156
747 352
170 595
1070 652
307 55
1229 277
643 152
1118 395
942 525
1131 381
471 589
488 483
1121 462
619 117
1171 244
856 651
1212 172
727 73
1015 693
1143 299
248 34
1053 638
684 55
1187 358
1196 706
1025 418
486 222
982 401
1064 683
99 311
1196 342
579 148
327 238
314 132
475 569
763 358
797 415
1106 562
269 26
303 100
306 66
472 584
1186 349
443 458
1045 548
1127 466
1002 405
989 487
1105 393
623 356
1213 667
893 394
1100 592
1035 454
149 11
1191 591
473 564
590 343
696 29
319 370
353 322
532 702
289 537
990 455
508 684
838 523
457 473
1197 273
1076 691
1192 184
1106 539
735 142
952 521
1063 376
341 126
680 99
294 64
1155 288
567 579
573 148
144 611
727 109
1155 653
546 161
1236 577
408 438
985 718
706 224
1109 345
693 80
505 640
348 253
266 160
1085 693
1126 400
648 175
1150 286
929 449
981 367
299 49
1093 360
763 39
1211 306
260 7
619 25
425 374
994 509
708 196
138 9
783 405
315 22
272 44
338 109
1150 403
1168 257
758 15
626 116
456 538
1082 375
1174 632
1071 411
778 398
611 122
265 42
627 112
152 138
907 468
475 513
1003 401
1133 416
1013 716
1076 716
272 67
1093 89
1099 398
1008 379
366 56
935 543
441 475
481 692
115 361
489 644
1088 445
474 221
45 202
506 661
1179 376
318 441
679 157
409 247
1135 266
992 477
1235 243
1174 211
1111 389
222 179
311 74
1039 470
431 611
981 461
747 93
1005 653
1022 546
493 652
313 148
505 124
998 411
1147 631
278 3
1052 627
1222 154
675 37
1166 380
1171 582
1191 350
753 130
383 115
510 710
1161 304
1125 647
910 658
712 347
958 586
503 684
507 714
1126 364
284 56
382 261
253 20
1079 510
398 109
363 47
1131 455
1070 447
735 143
242 192
1152 662
285 7
633 143
750 3
512 638
652 407
1115 655
1175 259
547 174
482 670
313 49
771 357
763 183
219 210
203 700
749 324
971 405
1234 574
1056 496
262 19
1184 226
859 406
1104 648
1112 554
749 291
280 207
1104 603
1217 511
1095 444
291 88
1061 332
645 151
321 29
308 24
1134 551
1172 48
1222 586
1090 345
333 235
807 403
323 192
941 630
1217 478
154 33
496 659
726 347
523 604
1018 22
719 337
589 110
1179 61
258 11
500 686
759 391
788 371
267 232
164 610
1058 477
1200 202
1178 237
1101 352
707 379
384 441
334 455
391 17
1126 636
1110 574
1188 387
912 665
1076 468
678 129
302 146
874 675
660 416
1134 343
1220 589
333 658
381 288
312 40
1255 534
146 209
948 696
1044 567
1240 599
1105 350
1217 367
727 326
1162 368
1126 698
415 23
273 424
812 411
870 411
843 538
974 445
756 413
1150 371
377 269
1223 622
706 311
477 181
1035 422
664 303
1186 223
975 505
1093 539
1081 488
1207 281
843 540
905 683
370 424
864 417
500 670
442 448
533 162
643 104
263 23
323 205
766 376
267 31
728 350
1181 265
473 600
258 36
260 32
631 136
1144 329
1156 599
530 131
660 340
1208 167
1160 256
1110 338
1143 701
690 35
278 24
199 110
226 233
206 5
719 688
294 500
1200 264
679 113
1185 34
846 615
241 7
226 210
762 166
310 274
752 119
757 384
44 302
814 327
252 273
882 349
758 377
264 23
273 1
565 213
834 397
358 59
756 299
797 423
365 191
1115 561
1166 27
972 553
771 411
627 404
836 505
841 683
664 342
632 68
1164 369
991 636
182 122
1150 569
956 441
1042 328
707 339
828 498
734 72
267 41
155 28
409 641
765 336
736 303
840 462
294 285
853 603
1169 520
1142 297
969 397
438 434
299 13
429 20
755 188
1212 305
1230 295
802 409
462 497
1090 570
1150 301
767 374
1264 189
466 504
1003 548
563 218
744 613
753 374
674 321
442 625
261 19
733 298
834 610
1169 491
1070 465
975 202
1125 691
459 36
143 117
727 710
1184 699
417 539
584 523
118 116
635 11
78 207
801 430
754 371
235 245
1237 464
277 72
648 115
164 124
764 393
699 283
190 34
257 34
257 8
270 30
415 559
1279 260
73 295
1098 348
298 128
55 266
1133 273
732 158
585 412
708 332
379 458
920 296
310 73
740 299
1053 498
1147 255
1058 566
952 64
724 328
1048 694
484 611
736 88
273 180
1176 243
757 311
1149 175
714 410
747 326
823 446
583 427
727 376
284 120
785 382
767 357
224 177
656 359
938 474
246 141
728 308
454 656
504 670
59 347
774 420
225 162
488 717
814 443
77 136
1114 377
833 541
703 322
767 321
349 395
519 601
747 305
886 521
756 518
796 377
718 312
787 344
181 224
373 134
674 328
1065 434
435 67
57 127
448 412
566 171
754 307
652 128
835 587
754 342
666 358
640 188
839 492
788 358
386 461
307 707
312 42
757 374
411 665
798 390
574 115
169 122
1009 438
712 104
805 437
767 512
338 354
114 136
716 367
894 54
571 415
715 606
429 569
618 357
662 330
285 90
393 0
696 302
472 600
991 586
1247 267
1001 394
873 696
323 331
759 338
676 312
1135 332
782 685
365 167
664 129
243 125
1093 521
1074 391
1033 207
90 345
773 413
855 623
278 38
466 586
330 125
737 374
616 397
1203 652
423 427
102 143
475 585
1090 435
714 306
791 380
305 41
555 162
242 8
739 369
833 490
699 351
263 302
207 133
97 180
1195 286
237 166
827 533
824 476
657 81
257 41
447 517
1243 255
576 395
1183 618
1183 553
1207 546
764 349
575 118
1201 370
160 192
1208 300
1214 486
1126 311
1239 188
297 573
259 438
863 29
1193 242
743 584
1231 364
787 534
722 636
423 629
173 80
1044 537
783 402
1114 351
1144 317
293 23
610 136
299 153
915 549
13 344
321 319
751 353
1175 554
437 493
133 210
403 383
328 65
1213 244
921 655
507 684
1080 707
758 112
257 18
672 86
583 319
431 466
672 94
767 452
810 515
767 215
760 313
1204 272
1098 92
967 465
791 328
792 511
1061 524
1142 529
783 369
1000 417
649 298
647 105
866 707
331 375
287 74
125 186
136 202
376 455
1048 501
359 279
455 456
832 575
489 171
198 122
1075 664
673 314
957 527
282 414
401 183
264 38
1084 460
1232 333
650 337
1202 549
399 308
783 182
1242 531
753 494
686 310
1214 526
216 162
948 102
623 135
811 492
808 480
704 397
704 148
983 522
1174 291
1076 399
1162 272
273 407
421 159
159 454
736 123
341 169
970 380
425 63
746 413
1168 634
468 600
912 628
1182 238
1154 229
790 399
562 221
235 242
1015 517
1075 457
318 38
715 339
636 587
224 127
592 79
875 548
709 80
498 170
478 651
451 525
1097 519
838 313
649 18
504 712
520 220
439 496
1052 576
254 1
1119 308
1068 676
1074 372
707 372
313 79
842 529
753 368
811 405
413 7
613 490
915 546
913 522
316 93
1115 695
773 332
711 281
845 582
783 426
802 457
773 361
347 44
792 401
825 634
813 506
723 601
782 377
260 204
1245 494
1074 684
688 143
449 713
1084 708
724 585
1234 510
619 327
795 384
689 8
1134 357
779 491
42 273
826 675
792 392
881 10
510 656
206 79
711 387
696 294
831 493
678 302
307 468
747 414
290 32
252 147
301 470
314 119
1159 657
749 354
227 190
761 346
236 222
500 630
253 11
1209 254
711 357
299 34
190 1
1098 608
192 482
797 182
468 549
1118 379
720 661
469 638
1194 53
386 1
752 375
382 16
1037 654
552 337
782 318
179 434
983 675
895 455
140 155
764 355
871 692
865 631
769 175
876 299
917 592
766 360
829 516
517 719
1233 184
490 621
716 325
517 318
760 327
583 180
585 351
345 43
411 39
298 127
355 108
276 26
103 156
1175 419
621 201
487 620
354 398
700 126
856 685
392 390
558 212
246 140
1237 579
759 406
751 412
871 673
947 171
260 147
1072 419
266 155
727 344
418 687
738 316
1204 413
341 204
600 478
677 171
870 526
1047 702
274 229
216 124
935 43
558 370
121 155
450 445
837 543
551 132
252 166
767 520
689 351
1008 339
396 519
342 12
676 216
805 494
342 672
225 3
1117 368
653 143
287 422
807 487
639 646
999 407
1116 8
337 340
366 413
655 347
774 364
128 162
1008 436
288 203
1167 512
557 337
290 225
1182 248
652 155
399 645
978 420
152 161
1008 607
616 330
66 313
1213 199
82 258
775 333
587 70
690 168
736 331
1100 422
823 434
924 505
1105 413
272 171
318 149
1163 402
61 270
769 397
117 156
883 339
678 99
280 110
876 698
241 121
363 422
721 105
720 354
729 131
816 501
1147 9
692 166
750 358
754 369
1173 24
489 572
889 714
323 318
747 417
147 163
161 149
216 127
711 350
750 403
212 148
1159 309
372 437
1119 527
345 389
196 151
780 405
813 461
697 308
622 310
838 543
675 297
991 383
819 716
1075 599
773 405
727 345
128 294
761 461
66 615
669 325
646 290
769 383
294 113
614 70
696 367
209 105
278 239
877 77
739 353
203 97
469 140
1189 563
895 506
1163 360
712 387
1114 381
1197 64
256 184
504 683
326 352
380 481
342 394
1226 484
1033 425
754 378
1029 625
855 657
150 189
733 344
1218 351
1076 618
1113 331
1179 588
1152 328
1146 451
245 338
842 541
1205 306
1099 372
218 226
745 609
301 140
304 666
1189 185
756 401
797 359
1043 329
1086 627
1131 439
222 141
317 350
641 123
693 326
252 164
870 719
646 217
165 132
1174 4
768 97
244 210
805 438
219 642
709 360
877 527
1154 609
1155 281
772 353
747 193
783 392
28 171
41 269
1107 423
249 221
788 411
254 166
74 311
841 303
769 346
819 424
1225 363
66 284
301 281
240 202
39 218
359 264
68 230
747 343
402 501
758 337
553 338
335 426
1205 367
787 404
782 467
975 461
276 417
1106 126
1198 576
713 393
236 131
697 324
115 160
136 130
210 83
42 214
730 412
885 18
248 190
730 339
727 374
931 611
1034 521
803 415
261 175
378 614
1190 183
941 89
817 436
809 445
799 513
265 37
404 425
358 10
373 621
718 299
817 487
782 694
631 137
861 620
665 338
815 459
1011 132
316 380
711 356
786 435
395 405
773 356
714 445
876 2
761 507
133 225
1261 108
928 9
562 368
807 410
716 58
244 123
584 410
762 36
685 352
400 56
220 110
645 350
797 367
361 394
636 300
757 491
801 374
391 23
73 182
100 175
813 421
416 537
760 379
1174 400
350 422
66 23
497 178
783 397
1211 376
766 428
60 323
1267 188
429 670
170 102
793 423
556 430
860 691
748 340
613 321
839 519
752 351
640 371
113 433
275 188
717 337
698 316
209 210
48 213
372 445
671 313
1101 182
798 484
755 371
308 373
193 184
328 357
227 165
787 349
386 177
256 220
1130 632
1143 305
643 441
1063 307
305 256
253 170
866 694
941 666
579 154
782 408
276 210
715 285
644 295
166 407
670 469
910 450
1180 299
218 16
827 519
451 511
246 372
724 181
818 514
730 301
755 416
33 238
258 185
411 542
748 337
831 518
399 516
680 349
55 696
230 151
800 383
744 317
1101 392
737 324
314 113
62 335
480 111
657 313
664 328
781 349
765 355
810 438
93 126
718 346
731 343
734 380
743 381
744 419
684 322
101 203
697 334
747 351
85 186
267 580
713 292
477 671
428 578
152 105
334 380
790 423
725 324
719 346
786 362
182 156
313 316
726 422
94 161
171 138
805 461
257 348
753 247
600 649
454 714
1179 373
965 687
262 148
886 58
1202 391
719 342
1203 328
699 716
357 395
1224 54
451 437
995 423
186 116
803 410
659 667
564 380
831 578
266 204
219 115
1153 268
1114 228
775 447
228 164
1065 467
1021 519
122 187
1165 557
613 176
1107 176
454 27
819 429
239 214
604 348
723 288
789 380
259 409
269 165
288 46
767 339
671 285
103 151
94 271
894 39
1076 560
1079 445
79 180
605 327
786 457
1007 463
771 295
771 303
111 165
617 381
1216 202
749 549
805 427
840 319
664 705
72 131
705 298
844 539
1071 392
867 702
433 183
423 654
276 201
600 407
1145 274
1175 0
54 188
823 524
769 335
728 332
731 384
169 146
337 386
168 514
800 385
294 8
282 62
581 349
1162 265
1237 253
268 540
1193 42
270 162
243 28
786 370
1180 78
549 357
1156 379
794 403
717 304
720 319
565 350
737 344
1155 291
750 400
758 312
798 433
1195 25
83 184
523 368
633 421
741 320
719 186
822 486
1063 131
263 250
191 153
689 361
806 429
276 248
811 420
697 303
773 422
592 140
199 83
345 362
841 538
764 400
194 10
348 376
713 289
821 466
414 527
328 463
1251 146
829 515
448 652
738 571
726 303
264 185
1024 315
812 323
1202 49
182 104
605 452
789 449
779 425
260 140
713 321
636 487
801 546
898 573
636 103
881 56
64 180
433 603
759 330
770 302
679 298
721 306
251 369
181 106
979 463
780 377
792 442
1205 65
797 419
407 145
808 525
798 402
707 341
70 249
1104 424
210 105
83 620
785 432
79 384
247 23
583 339
374 680
688 310
957 80
805 465
783 475
674 344
642 126
55 291
828 558
741 391
1243 610
759 713
95 136
826 442
835 459
333 373
1190 552
432 673
261 206
664 321
296 378
805 395
219 164
280 633
1016 465
728 340
1011 411
342 580
749 59
823 493
528 352
392 516
338 36
1217 51
1210 47
821 477
744 365
332 335
206 586
1247 586
222 530
762 97
1113 426
346 128
181 165
765 361
808 410
175 283
839 542
744 407
1162 166
830 526
826 491
1115 565
832 518
264 145
681 311
865 645
795 412
782 537
1176 636
807 329
782 375
258 273
711 383
782 404
122 151
628 452
1257 338
302 20
1090 250
1227 543
932 49
153 461
653 97
240 113
821 473
123 303
801 298
300 78
378 425
707 311
688 302
798 92
776 193
418 597
316 30
797 471
1096 412
1203 648
862 624
738 411
711 296
972 90
488 549
833 494
1090 105
739 319
632 320
717 333
902 668
768 394
1132 313
283 198
467 693
986 569
1085 240
1142 169
139 160
718 551
1187 343
875 701
163 236
262 613
289 697
903 514
189 161
457 135
853 653
700 330
1178 313
1193 39
251 186
241 171
896 5
727 366
785 454
768 393
782 393
866 313
951 105
739 371
667 346
1127 186
552 114
242 181
1101 532
197 212
767 359
642 480
865 34
703 365
289 390
627 580
374 220
1224 357
1272 227
754 365
1059 287
665 305
1078 434
1180 16
660 436
243 279
64 296
1149 396
851 627
597 416
221 146
985 73
1130 369
624 310
781 408
1277 197
763 410
806 600
611 686
725 312
1142 452
714 322
424 126
22 351
362 438
447 438
493 579
581 425
278 27
311 295
685 359
732 389
177 23
119 139
295 254
756 358
870 715
743 299
743 364
546 365
687 277
714 343
813 487
983 339
760 438
638 303
50 252
767 694
255 207
744 697
663 358
755 401
759 414
172 173
343 361
723 373
288 266
600 87
572 76
788 356
768 426
218 105
731 326
610 449
261 224
894 26
800 423
1199 22
739 333
1183 32
359 174
138 190
1186 218
279 239
404 545
254 137
868 673
1157 308
322 349
355 383
272 583
1221 226
315 144
846 148
804 407
792 443
1127 202
321 127
806 398
722 701
440 586
629 409
624 430
804 441
1049 573
178 161
663 303
781 346
1273 174
507 690
578 427
310 592
261 208
665 612
1000 390
727 293
754 354
1220 319
165 155
723 298
26 242
357 438
1229 639
1217 526
1257 94
772 409
1100 677
537 229
330 343
410 375
304 422
1010 646
776 326
781 411
235 129
819 503
809 407
437 167
370 151
668 151
750 387
1118 380
845 654
730 397
984 462
372 342
317 60
1206 146
775 387
931 541
108 317
923 702
1138 2
485 640
905 11
1068 249
883 113
315 106
221 2
252 187
427 459
882 17
169 321
746 316
1145 305
639 73
598 424
1123 414
359 667
631 658
335 73
177 113
687 612
253 199
315 159
1031 433
580 304
1119 220
640 410
706 349
992 432
507 679
812 626
610 40
1140 429
711 190
1207 143
333 367
1046 690
513 718
336 95
1185 552
1239 178
239 8
486 706
381 715
719 185
457 500
792 427
836 599
395 129
450 100
544 371
681 331
310 51
984 691
589 171
1217 173
662 627
1076 392
806 414
1218 299
176 4
1198 330
610 700
383 82
271 4
490 218
490 611
1204 139
252 28
313 327
864 485
385 313
1133 428
1078 110
1002 401
1145 328
263 31
1116 578
1124 419
264 177
426 689
461 483
934 707
255 24
243 0
319 548
339 252
1230 260
1087 530
789 363
512 669
1147 294
293 151
823 531
651 116
837 521
570 136
916 585
526 332
1049 708
224 157
538 172
306 10
227 82
908 622
205 2
1263 61
509 668
815 355
1041 497
580 626
780 375
186 167
1089 555
623 376
860 487
284 54
486 661
753 327
781 339
420 112
1083 602
462 521
139 155
1102 337
417 70
606 437
533 113
514 115
497 543
1202 221
524 145
1253 235
473 603
676 55
1093 367
1098 465
1154 272
61 210
207 255
1141 371
734 370
538 710
1019 679
963 661
1001 372
1134 592
341 383
1200 383
791 449
1123 551
242 21
484 638
253 16
732 19
1074 430
744 420
296 65
271 62
777 14
210 610
530 510
492 258
191 210
1171 264
1086 613
627 138
1241 279
819 476
641 83
1173 256
478 631
520 714
1215 363
655 133
668 419
712 107
606 78
1146 267
1223 376
811 445
1231 452
659 80
770 351
504 674
1062 89
1197 239
1014 14
858 641
1136 506
1003 523
1075 403
1103 695
1241 197
837 563
276 385
751 109
270 40
710 300
724 208
793 457
531 690
1182 690
472 150
937 663
250 260
1173 191
178 237
1050 618
781 499
738 424
345 364
1187 381
1215 227
314 161
395 591
825 368
174 122
732 376
51 199
256 168
1226 301
36 273
747 97
488 672
194 145
1177 412
698 120
1006 454
281 56
343 145
407 547
242 252
1098 370
983 239
605 155
363 685
671 26
788 385
793 679
886 337
769 347
263 173
1164 421
1155 141
417 360
347 278
697 343
261 51
513 167
190 119
272 82
583 390
1110 628
687 339
485 124
1139 362
760 137
613 67
1199 364
298 141
243 281
797 449
505 695
274 34
1059 568
1221 293
347 184
1216 38
388 18
622 42
624 79
686 339
298 114
469 587
837 527
1082 651
154 187
991 390
242 17
759 318
789 359
812 430
277 78
386 456
193 158
846 528
776 340
257 158
329 627
811 419
268 429
301 81
755 337
716 296
672 279
1131 718
776 690
189 320
1165 289
352 262
231 163
767 391
240 3
1201 222
330 408
121 201
721 444
768 312
1199 481
177 101
245 15
709 25
1230 290
653 411
466 528
629 656
844 513
653 133
201 205
1191 189
758 420
841 532
830 477
283 579
678 62
196 76
745 334
11 278
302 139
750 342
1191 287
257 153
227 206
1232 174
906 534
736 394
215 144
278 7
297 102
269 16
495 165
437 595
1235 208
1167 421
786 428
257 12
770 356
480 641
274 68
830 558
555 143
1188 336
1170 229
681 27
934 523
960 540
454 529
672 414
1197 233
1193 221
1129 357
1087 417
308 434
1178 213
970 68
271 3
638 365
573 118
1160 385
187 8
147 593
200 156
601 328
1223 170
168 67
550 226
128 149
767 217
540 544
423 432
761 18
1167 610
384 349
919 61
1245 331
877 81
1012 391
253 255
1188 279
1073 363
1091 696
373 335
236 189
115 110
727 102
1115 331
418 561
1189 231
759 143
267 63
571 151
682 170
522 698
506 175
942 503
976 375
279 108
238 5
734 290
940 592
967 531
808 490
1123 462
1235 357
276 22
535 622
1206 297
914 526
1274 243
1145 653
140 329
709 315
1015 461
790 191
397 356
251 173
449 505
1249 292
386 244
259 1
267 198
1049 697
1215 232
831 319
202 120
229 5
613 345
473 599
1138 437
585 178
242 10
166 14
258 23
758 392
1210 530
772 365
1000 480
487 617
1184 650
601 130
249 290
990 413
1190 225
961 442
394 486
439 464
1194 608
336 44
999 484
1198 259
655 330
526 144
331 4
1131 326
264 57
1117 693
872 402
1155 266
1058 601
262 182
1069 644
509 654
343 360
366 614
403 352
1205 169
750 120
1053 534
443 447
617 187
577 113
1149 341
203 606
549 125
690 123
872 397
1202 416
1064 495
1034 468
1132 432
817 429
790 375
524 697
274 10
618 73
1082 455
452 154
331 179
978 391
1239 227
673 19
505 701
1221 182
564 181
721 149
1176 307
1114 642
996 634
1154 582
100 240
998 438
1080 620
316 120
716 36
320 174
1122 551
1212 181
685 65
457 258
1132 365
1133 692
303 148
666 443
355 319
1199 168
489 667
447 509
685 130
766 202
597 98
1135 281
626 107
1245 262
1082 587
562 674
468 15
943 695
257 62
1068 452
1094 664
1151 389
1203 252
163 5
922 638
915 532
468 550
311 40
995 516
1113 401
969 426
882 622
790 689
280 29
956 484
1187 585
789 555
526 652
268 51
1237 255
1002 384
664 36
384 361
578 92
1189 256
1215 149
307 117
1190 270
661 179
731 179
1050 633
346 13
1106 620
1076 565
749 166
309 109
662 134
1142 684
952 706
221 31
1009 650
1057 608
1216 542
668 195
266 40
392 60
406 395
312 196
1111 714
1103 400
427 449
146 0
622 110
1175 203
1098 654
973 535
378 356
1177 211
1169 401
495 687
247 50
364 296
801 480
706 144
1061 560
790 500
302 93
1103 385
178 181
733 63
1235 516
240 35
539 171
161 14
293 27
1035 548
752 377
1019 453
1074 621
1200 139
967 489
396 29
1141 267
330 122
258 8
995 659
1185 245
245 285
36 234
1119 676
375 280
1202 183
372 326
879 550
486 645
794 209
633 187
271 6
348 56
1051 640
767 129
1173 549
171 12
1117 712
271 232
1151 481
967 577
1257 554
1014 644
1255 330
1111 358
1067 501
1020 437
1177 228
1231 130
988 463
948 570
605 221
400 379
637 337
467 530
1156 595
1035 522
461 176
989 481
1131 265
237 9
368 289
271 49
380 593
1077 374
1139 466
355 60
321 82
898 315
1160 288
506 710
1073 398
1136 648
614 387
632 147
1232 313
655 184
1223 179
728 101
390 346
1104 433
377 49
120 253
742 121
734 565
688 202
1097 567
1011 340
1138 376
393 409
295 133
1214 169
1161 638
513 522
330 113
1115 718
1035 462
883 601
1161 234
1166 234
761 189
891 610
752 112
1043 25
269 20
906 686
1215 615
630 70
1127 328
1090 639
282 74
79 201
968 464
616 147
1130 651
306 32
631 385
1143 282
453 411
1132 411
592 126
550 184
853 577
1106 398
1202 384
718 137
1151 458
637 67
1134 664
843 521
1125 487
470 527
286 53
454 535
291 65
1094 461
1214 466
1094 649
1194 367
860 623
534 160
660 94
498 715
356 123
1009 697
735 316
1222 210
581 70
1146 334
557 191
380 475
456 460
34 265
904 546
1101 388
684 79
1190 616
1221 576
1198 302
366 167
1107 371
1043 669
532 672
84 172
1145 384
991 444
1129 577
653 137
312 132
1179 215
1088 590
647 133
1215 530
447 526
470 635
1131 589
640 120
385 70
442 4
1129 314
394 381
223 11
1131 378
499 707
680 147
656 350
1207 247
274 26
469 560
1209 564
1241 573
272 8
938 566
1091 566
1071 613
297 92
1175 704
1244 249
967 699
302 121
403 1
648 188
868 426
264 49
951 543
496 645
1012 385
1022 395
834 403
1148 542
487 662
526 687
1154 487
1160 508
1157 251
1021 3
1158 355
288 36
1102 585
467 473
898 653
88 123
346 125
262 215
338 566
1203 151
1229 376
218 162
252 153
1143 307
1179 403
1087 433
982 717
1157 687
1061 639
1196 240
1187 168
343 107
545 688
346 157
611 239
905 678
314 207
310 105
497 650
294 69
1146 342
1174 557
1130 359
1100 372
1161 523
1085 636
641 21
1049 649
373 244
1146 675
774 499
515 586
1179 202
983 537
831 535
315 95
501 689
292 8
1142 349
425 551
361 415
994 415
601 350
427 247
908 408
241 213
1209 514
641 65
1218 65
1164 389
707 328
264 66
650 328
254 19
270 12
1009 402
256 29
1186 289
173 420
1025 436
576 394
993 407
151 309
268 46
863 671
1087 687
738 327
402 21
1257 288
687 361
433 455
752 38
259 140
1029 404
784 344
1220 599
275 60
310 80
1119 661
258 170
1086 607
657 11
402 379
570 81
655 49
459 130
765 130
499 149
448 495
335 146
523 678
576 118
1220 191
1143 350
277 1
1009 461
742 638
408 505
1234 210
1110 719
1091 414
585 89
605 110
226 114
302 64
704 64
779 498
718 561
779 349
938 543
563 118
1010 616
840 613
582 339
139 508
751 11
1171 368
106 166
1085 381
1071 607
132 245
360 178
617 366
119 537
855 692
284 28
282 54
607 448
1203 234
1184 361
688 346
1180 536
216 2
1118 391
1177 295
750 466
833 477
748 123
1100 475
816 214
627 103
1126 324
456 479
1173 224
316 179
249 32
820 545
311 91
1137 533
593 579
1227 256
656 118
749 109
1118 392
1014 386
699 174
175 116
1128 327
842 577
720 330
702 138
778 391
631 63
299 126
588 70
1165 310
1083 614
726 328
1151 428
582 137
714 47
984 389
801 396
872 423
712 211
1128 303
1190 273
616 126
297 124
421 582
478 241
1167 331
770 178
1069 689
990 446
1135 705
315 477
773 397
1200 412
763 340
1162 306
288 84
757 205
674 63
1208 180
1220 299
276 3
337 112
367 25
446 514
355 50
325 64
1141 450
1026 461
738 85
816 491
1137 681
767 509
954 480
492 668
998 399
351 81
1011 593
1182 270
1068 605
1019 405
725 34
903 392
698 291
1161 291
269 13
289 83
1069 406
422 402
687 149
441 489
746 181
274 472
1204 373
404 39
373 306
397 284
639 168
787 413
771 152
373 458
932 437
740 338
672 110
855 611
774 137
689 282
997 524
705 33
1106 386
773 142
1088 440
1121 643
1255 537
522 220
788 191
669 57
1048 559
664 207
818 435
711 6
243 13
1099 447
1046 620
1050 620
668 398
732 329
813 494
786 392
639 109
1201 369
1169 406
267 46
349 239
503 567
204 95
437 589
177 188
684 87
1073 479
401 298
379 300
849 599
477 655
1134 655
785 386
825 530
742 315
289 93
434 480
193 188
172 156
181 188
1177 632
616 377
1175 241
1153 311
1243 246
940 450
1133 297
1180 341
1048 595
924 313
294 57
643 148
1153 287
1170 703
297 7
897 513
164 174
396 117
192 79
843 564
737 306
907 586
1171 535
259 166
744 439
198 130
623 545
474 641
785 389
766 323
499 525
1127 681
548 303
1175 273
1228 192
670 159
296 16
379 96
456 487
938 452
652 354
1056 589
1161 333
330 244
1179 379
795 437
713 101
1032 451
274 63
609 166
987 384
1142 675
1199 323
946 126
392 379
720 107
1181 590
1139 539
177 177
791 453
755 52
1106 240
491 633
1053 329
916 677
244 135
527 681
258 124
1090 550
979 386
280 4
488 668
640 363
688 165
372 436
443 467
680 129
644 128
757 361
1218 661
228 129
343 383
299 22
282 4
1218 309
474 633
1049 575
460 69
247 164
588 124
286 4
1117 473
795 381
310 3
1169 278
322 37
449 480
1201 399
309 317
359 280
1102 447
80 167
664 524
1131 348
606 169
1187 282
408 111
1101 233
523 535
761 356
917 471
685 93
880 533
273 365
570 108
1238 344
99 617
830 511
1145 380
1009 409
442 462
887 594
803 439
489 704
1008 539
799 410
1196 149
1207 338
231 459
492 677
332 114
1102 548
381 284
685 83
547 621
787 161
261 16
751 143
639 323
400 374
499 682
993 432
24 378
500 688
1107 396
753 385
804 402
193 192
672 353
368 641
720 344
1205 202
1069 405
191 1
755 86
1182 273
667 345
276 39
462 528
1166 650
756 384
700 198
1145 492
123 215
1154 327
539 190
1074 694
1244 275
1149 520
305 35
771 380
85 235
750 49
184 99
793 388
1058 567
1162 566
610 149
1113 577
531 654
1062 479
700 215
431 10
194 184
132 122
913 5
1164 304
1085 357
549 372
831 491
999 438
291 140
829 482
885 23
1088 702
780 396
387 77
386 488
779 354
227 12
268 177
855 701
805 428
297 718
418 427
795 427
835 537
1090 597
990 588
1222 395
1163 27
580 143
858 703
1196 377
323 342
194 628
223 147
726 334
673 337
254 209
680 363
1112 238
709 106
1196 285
930 24
416 532
628 51
1177 361
169 114
289 36
1226 218
205 101
55 317
271 2
1218 138
948 84
797 406
1090 689
548 166
308 167
367 320
361 563
802 433
206 108
762 413
998 593
270 188
1215 178
650 319
876 712
715 311
1058 534
1204 563
140 149
913 521
186 146
323 668
238 110
530 154
413 636
314 141
1196 713
201 114
783 370
821 464
1203 196
1099 181
597 516
762 333
235 86
732 326
445 623
186 94
599 692
1155 569
338 108
270 174
782 339
544 370
309 316
198 149
1169 539
140 142
715 592
960 113
980 455
617 331
1131 41
244 8
80 188
1117 674
787 345
616 301
947 104
756 31
312 85
44 121
1093 503
650 290
126 132
566 324
714 303
758 394
793 391
541 332
456 537
70 172
843 541
912 544
1168 590
273 163
664 80
317 204
1209 519
772 385
878 31
756 355
787 484
1213 638
1092 246
975 656
464 455
749 347
797 390
1222 195
178 200
708 351
409 650
219 91
460 578
1174 306
1036 293
842 536
739 195
236 151
698 340
1031 672
812 403
755 325
1196 485
1134 318
774 467
866 627
189 187
751 331
416 541
444 482
1151 462
928 595
1057 593
729 324
437 450
666 375
800 415
698 111
783 372
123 361
835 509
548 332
1138 140
411 432
443 501
759 50
1067 606
295 107
301 294
585 193
1150 661
735 713
219 27
117 124
744 59
636 372
302 261
266 149
376 98
967 76
987 392
550 539
214 370
797 425
785 564
404 162
674 38
452 541
734 385
671 80
235 36
1165 313
176 121
1150 433
197 230
220 96
830 532
425 314
332 228
1132 385
243 160
710 294
1231 200
1192 252
553 190
1156 323
207 124
1125 589
1200 310
316 329
1128 200
1183 690
710 334
271 25
399 384
404 148
1222 629
305 59
292 16
731 163
1110 324
1117 543
179 4
661 60
342 192
264 21
814 415
254 144
705 9
908 385
1088 687
1019 524
350 429
863 627
1194 371
959 543
1065 530
1089 697
443 486
1012 484
721 339
460 272
760 348
494 693
271 245
271 201
791 544
1101 356
1059 465
1191 390
758 361
492 676
253 1
422 440
345 255
704 115
1163 311
517 623
515 537
613 334
1183 701
684 588
956 461
773 355
458 568
809 462
771 391
1122 385
423 431
373 426
1021 445
826 479
354 64
428 324
554 325
253 27
797 392
680 48
189 162
429 472
1095 665
1197 657
719 316
788 375
213 148
353 20
1144 458
1122 347
757 349
706 356
386 145
486 642
252 257
731 289
724 398
585 224
144 110
725 629
922 545
278 31
687 671
380 419
1176 35
796 392
698 691
288 60
696 88
219 19
520 702
1013 600
876 575
305 9
1133 713
791 455
1226 185
649 353
1118 372
340 128
1074 604
1011 558
744 296
1000 371
300 16
461 31
1127 364
1057 603
389 91
1048 524
1039 494
841 549
852 568
284 6
753 323
912 623
757 138
225 120
1078 508
241 150
1153 452
387 357
423 424
804 428
530 701
672 294
1090 34
649 310
641 463
778 383
273 63
1206 627
1167 319
1091 517
871 92
929 650
1038 454
802 405
619 353
336 67
734 314
1075 118
524 189
452 446
804 434
762 318
259 0
735 569
231 225
734 390
71 179
932 436
742 353
159 156
1174 234
635 305
1199 216
588 86
306 337
371 656
262 51
274 7
279 12
1188 505
149 148
411 7
1269 224
830 515
480 13
475 644
387 378
321 83
1158 323
582 89
693 132
532 180
451 16
710 299
303 86
421 424
1036 674
469 168
774 351
532 694
765 124
454 143
1201 339
294 145
1064 519
1032 664
324 84
256 0
975 462
951 498
452 471
576 349
1087 635
793 360
309 135
664 331
1221 138
462 684
940 528
347 358
286 208
841 548
342 11
1096 665
810 546
816 434
134 288
810 432
503 139
65 214
1171 272
828 470
245 153
295 5
1109 403
449 472
837 499
1135 442
329 327
1134 315
689 116
1212 123
972 715
1218 279
1260 227
586 115
241 149
1182 452
174 2
1104 516
1232 229
735 321
1160 261
1067 474
712 345
849 633
1145 633
632 62
1030 417
1251 339
1114 667
476 86
362 413
623 357
961 76
1161 587
1237 610
1061 671
272 76
757 325
289 39
1125 497
345 115
717 34
1214 275
1244 481
769 79
675 158
1146 453
1158 376
873 543
348 393
362 415
416 448
1076 631
1162 620
1066 499
1047 714
1022 7
1099 603
501 426
340 347
1161 639
306 54
1258 335
253 22
1138 680
793 157
311 73
1007 521
281 52
464 547
742 98
1172 361
1200 421
301 89
254 17
921 702
1168 270
391 55
513 480
1152 354
975 454
474 533
354 318
447 481
1178 582
1074 450
1219 372
1267 179
1164 624
962 542
385 339
816 457
1223 382
944 436
914 540
1105 449
1072 459
705 321
903 598
499 692
1157 263
1147 266
1129 555
349 278
1130 217
265 33
800 378
735 330
1112 601
1155 528
890 67
1142 591
174 130
1218 166
617 85
1105 361
905 8
1219 349
710 286
1091 386
1122 572
1107 381
294 11
874 549
1195 519
395 361
462 209
857 597
448 175
258 34
693 73
649 70
723 346
361 283
272 405
162 259
1181 408
351 167
395 378
476 610
1234 360
1080 533
1061 516
684 306
1034 9
317 201
329 126
71 139
351 85
356 74
1075 417
1069 427
292 35
1192 662
1073 507
1190 451
475 554
248 16
312 69
478 559
976 506
1215 304
279 82
1147 277
1071 396
176 134
1003 374
514 27
248 3
1114 686
675 132
1148 271
313 304
468 528
1083 466
267 62
1224 169
275 79
169 199
739 306
1191 179
1117 325
1138 692
1057 535
1172 535
333 178
533 69
1080 660
1087 403
343 63
498 192
294 80
764 188
1157 461
1138 354
1010 615
606 124
1120 325
1147 605
322 49
267 42
716 182
1094 382
223 132
1079 686
675 356
475 542
367 118
1097 393
1069 548
627 340
490 679
746 322
645 445
797 434
766 343
1070 426
1073 190
359 151
295 31
1092 583
240 4
867 695
143 118
300 164
470 172
1175 11
334 24
676 324
652 135
633 320
218 102
989 385
1139 588
768 59
447 498
350 416
896 617
760 394
846 423
1028 508
629 341
611 351
266 44
297 17
351 98
1170 217
598 190
881 526
1129 705
318 79
1074 550
332 385
973 643
106 132
1088 394
235 3
1078 570
788 455
774 491
381 67
339 235
743 317
713 276
1208 658
885 20
1148 641
855 403
499 611
1080 407
1177 395
349 415
1176 231
1129 354
1078 583
480 585
1242 193
1266 202
556 187
310 97
239 7
966 678
336 219
263 170
1199 144
317 553
777 391
461 34
193 79
569 130
630 93
1115 383
477 600
904 398
473 633
514 90
693 303
769 393
1071 585
417 389
175 85
273 2
226 335
454 421
168 100
751 360
772 360
1169 360
1075 425
509 715
913 534
1013 551
654 45
191 251
1038 711
1245 484
1133 336
472 579
195 101
1207 218
1178 37
1217 559
822 515
824 493
1068 639
1133 633
1151 266
809 484
417 175
300 49
859 411
201 201
608 145
728 323
710 445
257 141
665 172
237 2
1162 292
664 119
1160 33
301 301
351 153
346 175
1003 490
722 111
984 396
1109 492
1103 341
609 90
97 171
462 503
860 629
442 17
753 339
1155 386
304 153
754 357
385 356
237 167
131 239
1112 379
1226 530
518 671
185 13
525 570
966 145
382 150
280 72
772 376
157 264
357 105
755 362
1028 27
1002 443
535 672
1160 527
1180 545
1104 691
635 440
237 202
474 634
690 283
650 116
859 678
291 30
1158 293
1242 303
696 307
1057 553
432 36
768 185
1245 185
618 303
566 114
304 37
1046 659
644 44
1095 678
816 406
1135 287
468 642
1091 639
1140 288
358 416
181 19
300 22
381 25
491 655
282 79
1222 293
1097 370
1108 490
249 52
1146 653
482 611
1076 592
506 679
508 609
1140 437
1159 265
744 306
392 355
1167 305
1060 684
1072 610
1114 466
249 33
772 384
1157 441
717 85
75 298
1144 654
639 181
296 2
1084 449
1099 493
785 364
1091 549
378 310
1177 447
390 349
265 11
1089 386
206 107
475 612
471 457
309 152
206 24
1186 344
1059 640
1132 299
864 495
767 376
1040 424
1072 532
1082 670
556 65
359 186
740 170
1207 448
815 599
291 252
863 520
1161 645
1208 533
1136 388
781 336
1188 696
426 124
402 387
472 527
539 242
811 409
1220 182
876 476
253 28
731 302
624 403
310 38
1005 520
296 359
293 5
895 514
807 398
460 517
262 186
1175 479
1012 439
1079 682
1076 645
338 54
843 550
352 168
683 384
785 342
1148 341
810 463
1086 255
289 226
1032 0
477 520
349 160
1013 417
781 459
1040 528
335 135
1130 701
1071 527
623 394
1213 162
315 156
1053 363
730 342
766 651
1070 445
1057 621
630 289
1211 289
1214 228
412 523
728 117
287 17
286 136
854 605
784 374
292 29
560 539
1180 201
1123 338
328 20
1025 437
738 390
754 337
251 224
274 49
866 661
337 48
465 500
371 428
345 376
760 99
1071 384
1201 205
1037 421
498 463
351 373
802 444
185 115
810 434
763 420
1138 419
1102 361
742 396
992 415
812 454
1116 408
525 542
1180 327
1200 298
753 389
517 696
908 607
753 343
1096 367
1131 461
768 348
597 141
697 291
1240 539
779 385
487 476
1154 392
1199 396
1162 21
814 421
466 445
735 306
716 55
215 197
1058 687
244 202
1136 207
888 553
1201 316
662 192
733 89
406 400
681 47
828 482
1174 478
853 625
1091 237
1118 344
1211 366
838 589
1228 320
743 132
165 169
735 379
460 574
214 9
1112 512
835 532
779 348
721 308
714 573
211 137
643 19
762 316
1009 466
289 486
550 288
1137 17
738 382
698 392
890 3
1182 563
584 348
830 522
1144 325
369 643
793 437
1264 230
877 10
423 543
262 190
746 350
1123 325
816 424
351 375
345 388
1086 280
442 358
360 278
1243 151
763 347
831 304
748 329
1029 462
1113 388
763 395
837 524
260 418
376 407
821 432
613 355
1094 258
142 274
272 180
965 429
764 396
255 120
1174 328
845 498
1090 652
1154 287
773 362
69 232
77 608
184 205
464 587
790 336
1114 464
268 178
1147 166
1229 166
413 408
825 480
732 148
830 504
680 297
843 570
1144 343
394 535
1017 320
1122 685
1178 344
1136 489
651 72
288 582
169 147
746 293
698 317
267 208
961 86
1023 467
825 485
740 319
775 606
618 445
430 152
840 638
23 282
317 356
106 113
792 385
654 136
690 277
862 365
593 341
563 346
759 644
227 10
264 277
353 431
744 404
315 126
706 290
724 351
211 88
784 359
592 161
843 545
321 326
58 186
260 181
192 347
795 346
305 113
359 468
580 333
1227 610
271 180
359 294
1141 270
664 368
788 367
676 103
799 450
266 261
294 229
1094 671
788 387
662 326
25 70
849 595
724 658
645 363
299 263
912 396
1137 534
594 225
787 382
1112 382
786 388
1027 321
686 312
752 345
807 476
263 209
757 188
62 237
236 328
215 118
343 357
794 357
1199 442
631 125
811 403
1156 564
259 214
180 114
748 311
633 357
561 327
196 146
759 504
754 338
745 380
1086 682
608 356
1221 125
656 357
469 590
582 180
263 648
370 459
658 169
726 367
971 57
815 444
1020 405
765 374
1109 230
879 536
445 659
873 54
820 432
846 617
1151 281
855 594
873 700
802 431
249 197
263 231
827 450
802 394
186 125
985 523
822 513
618 201
781 191
252 13
1179 697
307 406
777 307
351 391
838 527
404 386
1128 505
1197 714
292 390
684 346
798 378
773 378
243 195
763 417
732 319
251 171
760 338
840 581
303 24
841 583
814 695
679 401
678 307
74 509
369 436
366 19
785 486
800 458
299 113
697 38
128 194
48 241
151 84
255 154
1141 353
689 322
401 375
776 413
327 385
1130 365
885 521
261 172
709 385
1158 269
1112 514
1124 201
443 637
714 35
687 278
766 135
1209 9
349 619
1019 620
1126 580
576 322
1002 413
1045 591
814 430
1009 486
1251 597
813 405
735 399
341 344
322 22
295 11
320 415
772 74
758 319
1180 530
899 79
771 362
316 297
772 374
282 34
655 362
544 523
814 475
855 640
373 246
1171 681
599 361
917 712
1172 348
200 101
421 426
1076 434
294 233
287 38
951 679
1049 365
59 217
349 139
208 147
28 211
721 333
255 223
786 395
72 300
814 425
1142 636
794 424
50 240
780 391
322 355
496 689
613 109
1216 347
787 148
680 299
472 145
888 594
348 625
999 417
505 672
434 441
302 441
515 713
130 187
756 112
427 159
1025 662
432 577
1182 27
455 154
744 369
1188 308
329 337
514 174
585 423
770 405
329 19
461 13
797 433
717 346
96 412
765 375
148 136
774 186
165 112
841 509
483 562
97 100
778 358
508 404
769 363
662 305
710 320
685 319
780 332
740 293
291 130
649 435
752 408
866 687
786 382
746 396
761 377
1181 450
1198 321
292 87
683 477
1230 161
389 490
304 151
701 339
465 503
779 377
693 34
730 291
590 455
489 652
88 3
708 315
766 341
242 122
812 412
675 326
1002 418
664 393
844 558
362 461
276 4
344 404
873 547
256 194
257 232
520 425
666 321
382 445
728 386
789 451
758 365
953 204
109 351
794 452
966 517
862 685
667 421
1202 214
375 442
1212 264
1207 35
1087 248
791 445
1162 22
605 68
1110 378
229 313
296 423
743 635
736 115
846 660
229 95
276 197
171 156
757 399
119 512
204 104
563 279
237 268
817 419
183 419
318 523
1170 713
600 341
649 381
705 319
739 130
47 261
754 456
419 569
402 143
264 212
753 408
13 139
499 342
619 463
334 360
681 316
880 716
88 193
844 548
538 693
807 427
135 192
363 386
350 657
236 112
368 451
379 408
726 296
776 319
704 294
806 396
351 545
164 342
798 359
688 82
859 86
1265 151
798 401
744 385
325 377
1128 569
688 306
731 405
1273 213
661 353
788 571
817 485
855 662
96 208
1096 156
791 364
1093 204
746 395
107 226
570 363
239 231
824 515
196 202
1055 345
593 442
193 174
719 324
323 428
428 612
960 543
513 138
202 117
1172 413
1211 413
234 38
154 144
701 352
418 568
96 273
833 539
639 165
649 330
700 306
838 684
191 113
920 58
710 279
1032 367
720 304
657 305
97 163
579 310
825 482
266 195
318 156
173 312
834 488
309 106
1172 287
1156 32
1075 505
807 408
766 351
8 131
701 344
1095 251
276 343
734 344
870 716
1139 180
879 116
730 287
801 434
381 687
136 156
91 496
69 175
1178 3
1141 396
847 530
700 319
813 488
290 89
865 692
830 486
314 441
232 201
809 401
865 658
346 193
872 537
810 619
1198 492
783 448
743 300
808 447
656 447
621 330
199 184
583 481
785 366
226 398
571 153
801 394
105 169
433 574
285 426
265 551
723 333
678 327
673 332
617 348
793 386
622 346
253 221
1203 68
1088 622
761 354
1119 4
218 201
804 335
718 295
673 306
699 294
1116 484
329 443
344 517
525 313
740 364
794 395
60 195
775 371
1130 208
738 376
977 406
679 347
795 564
724 354
255 245
555 346
1131 94
790 316
218 690
863 617
640 450
1030 11
130 369
803 431
217 230
1252 37
681 354
822 425
11 404
443 488
518 491
834 491
1131 355
962 80
735 356
619 644
305 317
655 428
1154 324
295 97
98 165
408 508
792 380
93 222
777 388
687 345
287 217
787 496
738 344
214 259
324 321
665 160
725 285
473 585
299 25
732 359
189 91
746 393
170 110
610 432
962 682
656 333
346 35
1156 239
748 327
533 705
1161 269
233 150
292 40
750 321
253 141
1180 437
429 577
767 360
151 95
807 417
1122 709
141 142
364 11
1207 200
161 501
1140 616
1117 322
1140 673
695 395
873 656
634 155
850 392
739 315
513 710
752 68
558 114
313 109
1211 128
771 364
713 306
733 326
602 122
751 352
798 416
377 442
808 405
891 462
654 343
873 715
726 297
852 580
421 576
648 385
443 615
1116 495
797 459
1133 274
150 133
570 345
257 176
768 379
652 356
359 134
342 400
1083 556
1171 343
850 627
