395 671
923 538
887 648
538 123
724 202
1053 224
136 474
410 318
1216 288
1259 67
277 433
948 459
438 127
82 248
820 631
213 170
258 314
208 257
913 45
271 342
544 219
730 617
691 706
998 114
459 91
859 276
961 315
405 382
69 681
988 676
237 230
224 321
865 88
524 541
451 548
294 37
984 257
966 397
959 371
506 447
621 615
389 668
1020 163
572 703
1046 251
277 606
946 211
469 257
374 637
430 511
1073 72
856 446
73 678
941 299
1171 130
1267 380
508 526
1019 30
612 260
1106 240
348 627
354 329
668 462
912 647
183 94
1038 17
607 58
845 290
521 173
357 33
1095 368
870 708
566 318
279 363
802 556
596 200
265 561
830 510
78 386
263 497
267 106
128 80
960 361
348 250
32 513
831 458
1266 561
818 587
1218 410
229 515
418 509
1045 401
1063 407
781 588
532 243
440 679
1004 197
481 117
163 373
157 185
250 11
183 74
1146 238
802 665
331 255
932 168
572 708
168 337
777 303
644 289
321 467
82 163
427 449
190 505
197 31
818 140
870 25
864 339
1013 21
1249 518
567 56
733 244
1121 105
863 63
90 719
985 43
118 311
1167 289
254 41
709 507
259 421
