938 22
96 29
533 469
759 457
323 323
905 660
857 299
1124 237
716 506
197 472
805 44
727 155
969 162
783 345
36 513
1004 627
102 451
698 419
1191 561
795 618
649 362
56 311
868 219
497 153
830 540
733 103
290 661
1069 173
1235 279
1014 645
419 654
622 266
96 321
108 258
1005 311
1031 583
1139 434
176 28
824 19
918 642
597 602
344 494
137 335
852 38
762 120
605 431
598 65
1176 583
682 265
989 694
501 72
851 308
1121 685
924 262
1085 0
470 116
614 289
362 42
292 155
610 91
608 427
963 543
534 464
360 247
389 369
812 694
415 185
8 444
842 558
286 420
254 673
870 648
1127 275
1028 553
1220 646
818 62
1079 381
