919 91
220 76
84 267
922 110
891 109
262 661
533 621
244 7
530 178
280 391
474 87
1017 147
1031 666
709 702
1018 357
840 282
376 256
140 664
909 527
740 76
1046 115
942 114
288 210
1080 241
833 237
711 215
1177 383
1098 113
1039 103
1212 63
139 337
750 616
650 677
438 572
815 39
634 704
9 275
685 539
571 347
1030 96
1060 41
669 713
986 447
1050 389
938 38
1026 468
683 104
71 79
1145 217
55 254
518 714
469 122
147 255
333 364
760 585
13 287
1149 219
211 541
1239 535
1183 595
701 461
97 660
204 352
830 117
976 161
1023 175
720 26
303 245
1175 577
419 689
848 147
1064 239
1069 105
1210 68
951 288
1030 172
123 343
1044 93
297 267
946 261
332 356
575 595
233 163
165 144
500 507
652 585
1210 178
239 41
980 423
1046 611
399 691
158 396
635 578
219 455
152 136
341 484
497 165
1275 347
193 449
1006 97
641 97
697 95
815 461
291 532
694 383
314 469
