870 270
1186 346
732 105
685 140
679 591
966 303
196 531
642 289
968 348
720 105
113 380
1016 190
534 300
180 262
742 137
175 536
981 322
591 92
701 126
370 58
797 24
282 71
552 458
419 157
1012 84
979 417
355 277
95 557
1234 508
381 147
125 20
1241 406
892 562
79 345
417 172
760 513
955 137
115 704
649 600
820 9
762 11
885 579
641 331
563 138
433 188
396 295
923 55
147 236
1001 137
797 478
704 31
742 37
880 128
809 268
1254 248
890 576
681 119
963 61
924 230
165 281
1117 334
491 261
232 602
1111 509
938 694
1099 173
1144 283
714 637
1249 681
918 146
592 600
672 395
596 76
427 202
310 297
679 506
1075 375
131 598
1189 145
