754 103
777 86
969 67
208 177
647 530
916 312
212 280
391 659
638 450
441 32
141 71
865 83
859 180
828 466
1001 39
647 646
131 125
763 533
1000 101
732 445
280 131
788 529
94 314
374 687
698 157
1052 91
586 513
864 517
994 585
923 161
1275 371
781 147
1179 522
1008 246
705 56
564 159
435 170
1199 245
139 33
787 444
626 88
1277 502
801 520
729 699
1055 283
830 685
735 629
943 106
82 133
976 246
103 231
1064 231
573 516
636 139
888 384
830 717
523 313
1020 255
996 127
1025 569
957 154
473 465
763 95
847 126
1231 333
511 607
982 346
1018 523
974 532
