612 52
411 679
452 65
621 591
352 239
1139 179
933 534
295 196
190 97
448 119
265 29
959 434
1054 44
185 195
517 212
766 263
976 4
1018 154
717 211
244 333
522 125
644 505
344 51
615 137
592 145
818 181
702 561
353 240
187 131
804 22
1214 45
1031 96
831 178
107 189
1004 305
259 650
1040 183
169 666
128 386
594 107
467 106
992 85
1266 381
233 619
705 199
429 218
268 101
919 671
555 483
860 61
227 64
918 125
188 102
382 488
641 225
43 59
451 707
426 479
1213 384
890 521
938 572
538 514
286 322
1118 227
482 105
531 370
487 623
414 446
918 484
572 109
879 615
186 210
199 641
132 429
