227 378
712 84
578 121
359 243
941 101
593 659
421 141
993 85
450 591
653 44
329 651
482 674
893 419
1263 370
1249 203
374 672
504 128
117 448
936 718
399 354
1013 102
122 254
421 184
668 611
374 10
1215 146
129 383
224 255
154 151
491 33
105 300
898 321
419 162
250 406
670 603
1195 105
1058 320
431 491
1026 482
1228 505
821 475
598 19
1097 388
1180 408
556 249
347 22
537 485
849 466
182 270
322 577
972 242
247 23
928 468
950 695
1075 103
761 699
191 113
805 702
627 175
710 670
787 111
922 473
39 184
1042 77
1225 259
1073 475
689 323
126 131
17 402
294 704
77 505
1097 105
953 267
247 425
406 279
321 175
185 370
156 276
1048 68
707 585
306 137
538 511
990 613
447 15
726 97
653 21
654 666
1042 411
1096 351
677 473
557 269
975 279
6 345
636 89
956 275
211 491
296 677
806 77
1096 332
1253 470
654 21
1178 84
1082 161
831 143
765 162
707 551
206 283
830 92
554 473
887 76
91 607
709 95
496 68
889 667
1244 261
770 487
623 557
443 412
476 458
265 109
168 188
1013 57
1043 164
199 633
1165 126
346 417
909 78
955 281
879 704
97 269
825 399
500 21
483 320
436 231
357 240
718 485
87 438
576 19
51 228
512 668
331 616
225 377
921 286
113 392
556 148
420 363
554 679
164 345
694 237
531 85
273 718
420 652
56 661
797 565
221 9
660 624
800 79
363 286
253 504
210 31
914 148
1009 209
510 279
500 649
140 328
814 314
936 441
430 150
708 477
757 269
615 5
803 17
782 686
1161 87
928 3
852 675
367 572
880 571
1272 406
