53 550
947 243
267 4
794 316
423 108
710 477
538 624
607 165
129 491
1125 20
870 353
1193 169
726 494
1035 241
796 545
43 295
791 666
953 176
714 171
299 450
1269 197
395 629
225 449
617 693
1104 264
584 597
1050 435
204 282
985 164
689 6
484 422
1001 659
417 539
944 263
940 219
710 161
919 561
1011 50
928 603
235 659
310 636
951 359
592 62
222 211
534 626
914 52
160 457
1024 687
425 647
934 276
846 165
278 477
524 238
331 156
339 624
425 49
1189 74
938 422
362 639
856 505
1055 121
179 492
84 239
198 491
555 433
101 317
742 23
802 718
1042 455
769 114
658 12
771 165
879 548
690 317
