803 618
331 13
861 548
757 461
443 500
824 515
1032 684
551 251
179 513
1178 49
628 203
126 390
349 672
184 205
248 142
1142 247
449 274
752 711
580 2
414 662
956 682
707 218
1083 218
121 496
757 176
651 263
659 292
968 540
195 266
842 177
227 498
694 422
797 594
283 52
667 101
1234 378
664 161
5 106
1209 322
356 692
58 238
133 213
261 169
989 84
237 188
460 545
212 101
249 407
760 482
284 37
571 259
962 163
1015 48
374 44
701 510
806 479
991 146
718 197
806 582
196 283
248 434
743 695
759 679
801 639
136 504
808 639
1173 297
1091 19
920 127
912 35
197 380
926 83
1188 64
286 73
1162 61
308 262
72 289
1150 211
1134 361
131 261
374 41
687 433
116 324
1089 16
106 210
1245 39
253 107
923 37
770 719
596 522
1200 356
413 285
1113 310
199 114
339 312
166 446
1216 31
354 11
345 16
1276 228
1130 64
428 300
228 541
213 399
702 419
281 659
750 654
728 449
822 450
558 147
689 436
1199 43
1109 14
806 604
1071 253
1127 31
121 259
688 226
1141 35
1102 443
740 590
289 124
217 220
733 388
756 673
1220 174
756 634
766 479
780 550
180 357
1180 284
251 216
104 214
1018 719
767 441
1042 441
327 48
1113 31
320 337
1269 208
770 468
109 596
1028 662
381 450
457 569
1107 599
987 46
657 405
103 307
111 213
924 460
882 595
545 310
650 161
491 604
758 105
325 91
1138 362
1143 358
387 499
121 411
943 532
413 679
726 20
889 534
324 470
286 118
771 584
626 118
282 491
619 627
576 189
614 305
348 367
727 273
984 121
453 710
617 310
383 504
89 230
510 613
1152 29
1164 442
656 190
400 40
64 243
1183 568
1094 60
327 534
892 673
829 511
491 676
1197 357
387 461
564 281
1185 689
1177 55
1144 243
377 27
303 225
106 251
250 75
767 646
137 377
330 260
81 209
779 541
129 296
1113 290
228 593
686 279
756 39
423 119
384 507
1140 211
123 348
227 454
476 612
1016 99
293 243
691 37
361 10
822 579
249 476
733 64
632 145
795 285
159 628
969 631
1031 472
471 715
588 252
290 99
862 625
769 282
738 339
277 89
987 518
675 568
340 6
782 522
336 108
445 172
1212 349
880 550
384 20
492 29
284 166
1213 273
1178 597
822 389
1253 569
1066 505
110 603
1056 518
660 204
1265 222
350 682
648 130
66 587
421 108
745 273
271 111
393 491
607 529
262 83
923 72
570 46
258 483
645 276
1152 363
1098 53
588 123
305 107
339 339
484 594
169 198
784 184
1081 74
329 334
832 516
695 75
1112 613
1125 544
1087 140
1077 627
909 560
1143 60
1125 272
770 591
1222 532
1260 555
847 612
400 473
598 276
438 48
327 105
186 208
717 82
417 35
333 378
239 505
896 400
964 154
175 196
1159 381
813 530
373 222
114 236
340 675
916 658
1033 423
1125 391
466 702
1233 482
125 225
1275 225
440 145
1151 670
609 143
873 650
288 198
153 287
755 96
1173 348
1201 578
1111 408
724 398
334 388
1185 495
439 626
1041 183
433 28
287 56
316 56
1166 344
464 597
1195 342
414 139
805 632
1069 470
1125 217
1219 501
1246 302
425 585
264 69
623 33
984 100
143 324
973 416
895 616
967 510
712 411
301 88
316 292
445 476
347 300
758 290
728 182
693 19
165 50
341 223
792 586
395 386
1139 386
1065 619
659 225
509 670
464 189
1249 453
1095 8
1109 32
749 346
606 199
1186 571
470 671
1148 410
300 159
260 131
951 502
1002 403
285 65
423 363
274 156
383 662
1188 342
1198 237
1142 569
318 59
1111 456
1121 409
970 485
953 48
644 525
1055 582
837 521
322 73
241 443
1220 173
302 72
787 30
679 161
1092 514
303 77
631 206
346 378
278 92
541 31
364 382
345 302
1203 302
307 292
266 688
412 495
760 527
717 18
749 233
483 250
1154 25
1028 572
174 68
310 67
374 584
931 527
347 238
718 68
722 216
747 243
484 699
627 199
470 281
1145 676
306 11
668 4
1019 432
1256 307
1140 389
891 668
218 89
680 100
690 60
1232 279
1087 715
1220 639
58 234
407 62
903 695
231 94
731 710
247 91
1090 661
759 576
468 657
258 63
982 70
446 589
701 172
1037 448
852 609
458 471
804 516
776 13
448 149
363 395
138 292
1139 370
337 355
482 665
738 127
783 268
959 209
186 200
361 371
451 263
675 69
946 28
730 112
1198 58
1118 435
659 32
639 160
1232 611
1135 714
1089 452
1073 424
244 83
382 367
364 23
389 449
370 22
1247 491
1240 239
580 241
1164 55
964 42
762 319
1196 319
805 657
1144 623
766 290
666 131
756 597
730 150
650 218
422 573
289 17
393 637
764 540
276 81
291 74
583 199
305 518
691 128
853 627
297 192
1121 43
176 538
838 582
704 685
605 583
325 79
858 587
95 280
303 540
648 90
288 191
289 168
235 544
725 108
599 232
664 232
842 510
743 707
476 675
1145 597
306 56
501 719
627 71
532 392
1045 151
1174 387
431 599
748 471
667 225
738 552
1170 355
339 703
371 406
651 100
1136 609
104 267
216 108
659 18
685 246
1212 350
377 135
1169 60
30 511
1107 236
796 511
1197 367
328 99
268 139
1078 599
317 36
1107 17
316 170
292 73
698 122
142 207
976 94
1177 47
276 117
256 494
722 221
995 462
651 180
363 102
639 390
359 351
164 504
81 202
1113 60
558 495
1173 51
307 11
554 11
296 555
1056 709
248 99
863 543
415 572
657 152
1158 46
268 94
305 362
567 264
1210 345
928 46
718 30
752 280
1085 599
1180 685
1012 415
629 41
1055 514
140 398
358 155
985 47
87 217
1190 74
184 329
1032 713
1064 685
1123 201
414 574
167 441
1006 82
756 458
616 66
758 106
675 110
975 479
459 52
1188 601
295 64
1135 436
939 699
1062 80
1086 58
774 603
159 504
720 386
461 698
600 323
778 641
1100 673
662 58
936 39
1096 66
155 231
1125 719
1114 265
359 378
319 664
267 96
688 444
721 249
1084 51
779 606
752 84
106 615
163 165
697 22
1005 112
442 237
93 617
1062 695
794 628
1107 305
1269 244
236 112
873 112
732 589
214 264
182 190
159 180
724 487
1155 188
1065 460
979 19
292 662
785 539
839 482
782 705
146 198
761 572
219 384
530 512
254 247
920 495
845 544
682 545
374 703
511 307
977 22
100 297
239 255
287 106
811 653
335 394
718 436
707 250
681 404
311 217
1196 368
292 64
761 77
456 129
1059 61
168 601
446 664
259 112
312 582
417 608
105 202
411 494
958 579
307 319
1162 591
1155 389
1009 48
342 61
1144 239
396 186
901 602
127 430
1032 469
492 24
89 260
290 648
892 665
1069 187
374 1
166 420
730 136
659 606
703 234
334 351
296 621
465 604
690 48
1124 369
388 288
309 60
1042 96
1044 654
999 466
1096 4
51 233
1030 168
150 390
519 7
1076 35
1145 15
1133 202
742 671
813 418
415 596
889 695
255 78
1165 180
1049 544
284 80
213 332
339 615
221 240
172 363
159 223
481 613
116 202
759 225
419 710
695 106
909 599
101 183
465 563
1119 216
281 137
1022 525
107 254
784 543
228 378
745 128
303 76
237 462
1009 44
942 677
750 664
734 201
1157 443
199 166
735 474
1029 591
595 218
750 219
1124 671
556 311
1160 202
1176 343
353 436
1121 416
346 501
1107 273
583 312
747 461
128 171
748 562
137 214
473 648
295 44
389 445
312 25
347 25
1179 78
1146 344
259 496
235 36
398 699
1186 281
585 251
314 83
1278 233
129 240
140 200
771 561
528 597
289 49
291 272
316 555
1216 338
1165 389
104 451
937 53
271 459
731 208
272 180
165 209
789 609
683 279
1135 704
461 710
71 250
943 59
176 251
1148 341
159 475
635 603
345 42
171 213
901 590
311 631
135 418
393 461
98 215
1146 379
1101 416
739 218
300 128
639 138
497 619
457 645
304 49
407 551
280 178
1026 59
911 664
725 258
308 67
208 165
841 530
169 209
52 290
306 21
733 13
368 364
884 610
486 662
169 397
733 708
457 497
739 194
1132 355
463 675
80 234
629 258
18 238
1115 32
281 68
255 151
412 520
267 113
725 412
666 201
1121 422
748 426
659 329
1097 44
238 67
375 675
355 386
234 203
598 205
325 323
318 273
1125 536
208 89
1071 609
246 248
417 112
547 243
272 94
273 648
443 36
519 144
372 404
713 22
1116 565
1064 41
1189 549
715 113
632 152
515 255
843 359
1130 523
796 258
780 196
870 708
1122 379
1246 300
1105 37
1157 403
780 664
630 177
1268 173
371 146
786 614
508 40
459 568
1084 511
154 185
993 608
326 212
891 649
98 216
762 172
758 277
1182 502
651 265
1026 677
1206 357
340 464
1180 51
1052 707
756 402
493 689
260 98
1059 57
440 648
377 277
397 487
377 461
1140 351
536 47
345 93
664 303
348 399
590 313
887 711
445 34
1005 502
472 181
298 88
1134 191
166 180
1196 536
422 11
722 250
271 163
262 84
722 40
1081 426
500 568
621 234
1160 415
361 83
491 687
868 615
1220 615
741 22
294 175
476 508
1118 72
196 305
641 147
871 587
352 648
817 480
287 187
306 43
1093 638
685 3
273 63
724 402
1133 372
1197 572
1093 7
322 713
759 258
1134 186
712 94
167 267
738 27
1123 610
375 413
749 418
216 562
1178 15
539 53
340 337
185 290
330 21
1149 34
195 505
63 677
957 95
858 499
970 167
711 426
697 166
1153 353
749 389
1007 61
339 702
875 702
1099 49
1186 47
88 196
915 239
689 95
286 365
655 421
588 550
491 290
225 103
96 221
871 554
183 192
46 243
151 219
999 29
699 233
779 483
1184 364
276 458
940 71
354 25
328 82
373 659
182 261
1032 464
1129 174
1097 719
289 666
1170 348
745 412
1155 77
439 93
255 110
1157 504
909 511
974 1
291 500
1078 325
66 616
968 49
380 4
1020 312
180 203
684 405
792 401
165 255
1143 16
1114 221
1121 31
278 441
699 400
826 442
1277 192
729 498
238 188
142 192
249 464
985 22
784 685
792 639
899 638
1144 245
540 635
75 256
339 516
393 36
861 598
172 216
1266 215
186 194
153 200
279 82
1248 251
878 712
682 390
204 582
286 97
303 545
849 553
482 180
826 578
116 193
753 537
443 550
669 407
72 257
63 274
860 641
1087 676
767 640
777 656
1228 317
876 540
118 233
749 670
288 95
229 427
806 513
448 680
817 567
93 274
611 142
1162 370
259 80
680 394
1100 57
220 307
233 66
1074 3
1098 498
361 8
255 432
1089 54
129 621
1144 540
69 225
242 277
925 316
1120 29
393 687
165 390
1011 93
1145 367
1095 287
985 477
736 708
110 222
696 397
802 471
765 476
486 605
1207 84
75 521
77 187
728 595
364 41
812 514
1135 261
1241 549
253 524
206 201
725 196
1203 222
74 293
722 395
139 631
1081 31
324 512
522 531
675 246
386 13
930 644
286 566
729 602
700 615
185 483
122 212
655 222
190 423
970 15
191 531
834 656
650 417
722 248
1091 260
751 452
843 573
772 494
719 262
153 183
54 241
405 711
196 280
874 412
237 400
342 687
147 240
744 420
385 374
738 205
232 63
1006 437
842 537
143 362
1170 66
91 305
730 255
302 604
974 107
135 341
339 692
244 528
915 647
666 390
1044 695
972 58
113 154
160 193
747 536
275 629
765 461
244 455
172 194
150 200
1220 28
524 286
56 219
287 198
1005 21
280 443
730 493
168 193
327 101
385 652
770 550
1194 460
1204 255
793 265
147 557
1156 329
422 562
234 425
116 291
1119 683
243 183
728 681
254 589
1090 317
238 378
259 590
1128 38
710 439
173 99
1179 41
325 114
297 661
613 663
1136 18
130 356
955 557
923 20
114 151
143 213
200 184
61 278
205 308
243 499
1123 18
1018 48
58 283
841 678
258 100
289 540
947 30
317 623
1149 247
779 686
1108 305
266 76
99 247
446 182
735 506
267 432
470 717
1097 237
367 73
119 285
420 684
930 2
1075 85
656 204
910 581
460 715
809 582
868 544
1139 38
507 717
813 416
369 526
1097 226
306 442
349 719
94 242
917 28
1125 247
1253 327
303 677
422 675
795 489
1017 42
1103 50
1127 37
161 191
981 107
764 465
300 50
768 531
970 30
167 526
213 210
156 304
199 291
580 577
740 179
1008 188
996 58
1240 521
196 337
1178 339
439 571
164 235
916 88
940 88
674 383
93 231
273 696
1269 213
1221 321
675 234
1158 193
242 553
706 435
696 210
1137 59
921 17
175 175
200 186
192 162
111 309
128 146
1208 306
172 430
205 458
572 270
145 412
1097 7
169 246
208 228
717 468
71 244
705 418
228 536
128 230
276 544
1089 257
170 430
1107 59
140 195
172 173
59 608
216 287
762 656
1109 23
594 435
1083 24
1160 203
933 455
1052 572
149 249
739 538
209 463
951 66
245 566
743 621
818 417
742 444
928 40
255 129
786 649
1018 117
703 25
289 551
733 75
145 257
117 280
1140 187
176 164
138 380
1188 508
1094 295
248 588
242 108
132 209
1146 659
1206 45
145 200
1190 62
148 325
789 593
1269 319
759 568
494 655
1162 34
1129 64
168 204
772 610
750 600
970 169
1157 230
1276 311
1086 671
763 555
1209 75
571 478
692 369
164 274
275 518
843 428
162 446
126 168
730 200
659 620
942 535
1228 529
98 222
619 502
1142 39
109 211
1107 317
687 205
277 5
1045 24
816 683
1010 537
98 258
692 243
202 541
974 488
651 127
997 475
237 87
237 102
137 245
1151 445
664 116
191 0
306 25
235 396
1175 86
464 23
1116 225
1093 16
1095 41
396 154
361 402
1220 194
977 124
241 83
92 279
849 616
469 573
338 16
1151 11
754 479
179 95
723 26
781 246
1200 269
1209 269
559 65
1065 12
771 674
794 600
1097 276
1113 309
723 159
1279 382
1058 144
747 581
1112 6
848 525
70 9
268 426
304 453
942 33
132 295
1240 265
676 414
550 196
760 555
949 650
301 57
751 576
310 85
1082 560
204 368
814 609
1264 232
329 130
336 714
668 18
1225 354
423 51
475 622
717 206
423 538
679 130
619 666
1044 464
106 197
148 253
768 620
339 100
355 421
148 187
1117 208
286 129
374 489
458 715
878 417
848 584
762 483
977 423
145 183
741 233
470 676
1150 577
84 354
945 548
1087 17
115 285
397 491
997 61
565 624
1064 507
441 646
973 54
899 20
439 585
651 77
294 265
1160 417
244 103
328 92
1130 55
294 212
243 503
765 3
165 245
499 674
419 561
469 282
376 626
109 255
782 666
1075 660
271 81
15 253
1085 634
238 275
363 73
214 441
476 85
118 507
239 586
1105 242
206 93
301 471
90 184
127 251
334 56
1217 56
854 628
947 167
115 378
574 139
1107 9
1157 449
616 121
135 157
472 79
188 292
801 675
1099 314
1104 11
758 590
305 69
609 377
704 144
212 181
179 521
777 680
281 134
755 138
982 51
1131 9
244 65
458 657
336 387
345 139
1131 264
284 211
712 132
793 574
533 664
248 589
768 477
347 666
1162 517
273 87
1081 167
689 271
896 688
113 541
1013 36
226 222
758 580
1074 712
252 232
779 588
1037 120
926 625
800 576
233 437
360 285
973 39
841 432
671 165
1010 425
1108 199
1181 84
658 45
326 77
1225 449
436 535
739 392
242 441
104 68
198 255
658 246
654 46
688 176
1227 176
1026 125
433 3
287 123
1165 340
269 94
1059 569
915 1
638 701
853 609
258 298
851 637
378 326
1128 29
908 557
302 64
1111 5
411 466
794 292
541 117
843 531
79 213
1113 51
1207 668
1102 717
200 294
1122 372
240 454
931 568
1017 428
722 197
944 44
1166 175
716 143
1134 493
869 687
860 534
282 181
898 719
265 191
1062 670
424 508
799 293
1187 367
296 49
1103 8
1186 380
387 492
660 187
244 80
1113 583
246 222
905 29
765 537
572 260
1079 357
877 624
970 716
740 15
844 32
974 68
594 113
1200 325
459 629
1203 94
676 385
710 398
315 43
327 86
1197 334
1122 21
610 252
328 326
869 603
207 236
859 606
923 569
859 593
619 163
787 260
470 316
1105 469
1057 645
343 383
469 658
638 14
206 264
829 537
451 625
560 235
227 501
341 80
903 544
1107 638
503 534
400 537
983 551
862 607
1157 578
619 216
407 87
177 218
265 474
1187 336
409 421
880 417
842 589
471 473
1081 473
889 419
570 471
947 519
1089 23
1018 417
969 25
1226 364
744 254
312 250
913 708
616 6
701 207
730 181
423 558
869 558
103 515
1234 385
409 697
343 258
130 430
183 484
335 589
1061 499
1206 53
355 429
111 215
327 684
1056 657
360 172
154 191
722 21
736 618
740 31
91 234
276 115
751 590
930 500
334 392
703 392
583 194
178 381
1192 138
1071 634
302 169
1083 27
173 459
407 91
484 155
101 226
257 5
240 78
454 289
1181 328
1228 49
385 675
124 199
247 88
264 88
213 189
887 683
739 224
485 617
936 514
404 436
1095 427
160 523
1041 33
1135 437
943 116
453 580
729 416
375 686
325 2
254 236
147 404
617 165
1228 386
419 544
685 301
714 7
162 96
264 84
514 706
1068 497
642 160
1143 375
180 218
782 179
929 622
138 253
1110 645
350 439
252 90
293 138
391 508
723 165
587 266
341 347
873 671
1204 302
341 164
648 280
644 255
225 210
1111 560
281 195
643 251
1023 444
314 328
431 80
481 645
745 169
595 202
908 543
211 489
725 406
789 304
1177 63
287 129
419 542
313 73
526 206
667 236
297 130
352 407
734 626
1021 441
1118 667
875 715
979 475
240 209
1127 373
280 72
384 9
281 28
611 231
395 471
285 89
367 15
336 389
759 268
613 59
446 577
737 133
1112 618
282 477
1078 642
778 238
510 662
1067 689
696 435
405 488
1032 532
394 149
282 175
337 404
253 78
630 150
891 701
587 357
1105 703
680 109
719 134
1202 588
303 81
1157 385
912 717
514 597
664 430
283 87
263 92
1000 468
391 383
533 602
631 165
42 689
388 294
570 194
424 360
441 119
351 326
850 436
780 575
468 638
614 117
630 419
263 107
728 200
387 389
1196 379
960 480
671 86
513 715
261 87
826 508
199 519
849 478
280 148
978 676
1090 434
342 168
1152 280
66 289
871 604
275 190
860 531
174 548
357 63
293 108
390 30
1078 6
434 592
697 73
1111 447
1176 447
1130 402
181 475
150 281
497 687
922 695
1101 715
264 411
922 226
79 351
520 495
1074 488
1107 49
351 61
348 318
1104 32
1171 183
525 665
275 174
718 280
1113 18
475 292
277 93
120 94
969 295
423 573
651 334
290 571
690 92
1224 181
1207 291
264 679
852 535
643 209
716 229
214 511
558 693
1183 53
159 405
175 230
919 545
348 26
935 692
1041 59
312 53
301 13
101 201
1140 406
1130 596
1194 78
808 533
336 659
188 438
930 76
1122 43
1085 40
992 29
1149 75
234 241
688 406
553 236
658 48
1080 639
962 24
1088 51
115 691
470 591
1100 5
334 279
774 226
198 586
167 707
688 220
1075 285
634 180
261 80
1138 61
731 387
652 242
646 228
1102 2
334 718
157 377
320 674
711 375
81 278
1125 32
1154 231
531 639
266 118
1187 584
127 291
850 578
901 606
343 134
982 12
241 114
966 21
857 636
793 700
957 499
678 165
772 465
289 632
1074 494
759 453
564 16
738 531
100 265
773 521
186 209
133 331
644 396
421 673
818 3
812 542
964 121
1044 429
532 261
1114 669
123 314
1008 73
211 163
150 251
1086 27
870 417
453 660
788 481
309 694
315 2
776 659
130 198
1177 682
1156 397
271 98
984 118
133 204
968 656
993 461
452 678
540 293
253 93
904 3
459 68
1152 546
138 190
1207 314
1139 32
104 432
350 37
1208 76
444 570
509 536
293 88
1121 11
503 83
647 685
146 164
1149 689
1119 38
334 34
1104 680
1143 260
508 647
677 110
1231 347
1050 238
1010 107
555 298
759 236
1161 62
1080 30
1101 446
1011 693
1008 684
1139 719
570 641
706 265
331 355
104 606
305 150
1170 337
1153 378
381 344
742 480
319 119
279 572
681 118
457 494
1228 519
462 126
608 139
1026 52
779 603
252 207
214 108
1184 43
303 9
309 707
1082 585
1240 348
327 520
489 623
253 82
451 624
480 649
387 302
177 199
209 21
742 211
343 425
1063 586
234 94
776 282
1158 545
1138 416
743 579
1085 479
709 180
757 214
722 120
1130 12
1079 672
322 344
899 655
913 461
118 249
315 280
752 581
316 583
1048 498
1138 226
929 6
937 692
1093 545
258 354
175 79
606 268
148 472
181 217
127 212
991 161
289 528
733 400
126 215
1076 470
119 247
96 301
206 96
1113 6
73 276
1092 716
478 279
666 312
117 216
1148 228
1161 203
1092 279
1144 80
754 142
854 603
317 311
132 181
982 156
1239 217
844 601
232 124
251 200
280 103
176 342
1109 678
752 694
277 19
945 38
868 676
1053 37
867 707
777 542
904 689
266 681
964 0
1012 160
456 669
1128 272
458 626
732 410
172 172
298 546
791 704
584 222
1223 634
767 578
799 677
923 49
334 691
123 219
460 636
1177 19
433 459
92 226
548 260
854 664
951 157
1008 482
1100 296
1148 36
218 175
1001 52
976 690
509 678
720 678
892 610
243 538
1146 413
1273 215
1203 84
622 330
1134 30
785 550
281 504
1107 46
348 385
86 231
828 393
180 168
786 520
1024 35
293 562
1098 265
598 288
1163 64
483 526
824 708
370 395
1106 493
1196 308
598 229
910 608
1263 69
1043 553
139 245
1035 184
1160 257
1122 11
750 494
949 97
146 252
358 411
296 695
288 197
140 233
917 545
590 273
150 352
366 364
437 622
180 222
1032 499
692 254
1197 502
263 61
1123 423
819 634
1061 220
784 573
1245 312
1186 283
902 555
802 384
492 712
784 476
1218 379
749 558
735 586
851 546
479 168
794 509
810 571
78 276
234 520
748 549
972 127
845 480
1153 402
777 489
1084 330
336 30
975 92
845 542
695 214
741 397
647 238
422 494
863 654
663 402
760 551
432 468
789 605
245 65
269 73
444 662
262 107
889 622
813 549
774 520
344 40
1130 571
707 22
187 147
625 208
763 587
483 117
961 522
750 549
681 34
880 515
205 187
1102 319
1140 7
489 4
1013 107
425 437
1137 33
420 590
218 281
855 408
97 201
258 496
1072 29
557 249
185 493
179 520
263 644
1096 321
914 650
799 659
459 693
946 35
788 672
1136 33
365 401
1168 410
626 180
312 389
1151 388
721 11
1090 10
111 235
485 630
109 317
298 79
931 702
1085 445
804 646
708 718
1033 103
1104 491
1056 718
1160 603
1110 39
379 467
646 30
239 90
688 236
1072 20
475 271
376 344
205 209
233 240
484 673
176 148
337 413
301 114
951 18
352 6
131 234
782 466
420 116
206 182
1117 275
1003 430
736 574
882 463
498 706
594 246
1105 585
1170 589
831 429
158 284
1080 311
1160 379
321 28
774 700
424 602
434 174
1116 27
307 83
107 243
354 362
1145 357
624 50
1155 217
145 534
400 492
743 581
225 538
155 344
1131 291
692 198
958 112
1137 53
171 432
1102 44
991 115
839 528
84 260
160 221
799 607
85 246
1122 688
469 575
724 460
84 284
733 502
255 381
769 208
1121 241
121 292
183 175
1171 440
1025 58
640 137
145 226
717 506
405 283
203 181
1136 360
390 512
240 610
825 685
157 177
956 27
831 545
944 38
646 179
473 565
292 470
1053 247
776 578
186 367
1063 643
704 211
935 560
209 108
930 671
1095 671
694 162
109 313
323 72
219 608
93 236
1219 470
247 104
721 450
1141 538
1065 563
116 233
1133 274
694 154
208 192
209 109
1130 6
304 413
1030 66
697 164
1184 417
1120 223
538 713
234 183
286 108
335 678
499 713
189 183
473 269
761 555
147 203
736 208
1063 70
332 72
752 515
987 121
959 174
497 646
241 228
715 136
414 63
309 616
1216 305
374 5
1173 69
587 215
278 157
885 601
910 462
729 377
789 300
1219 618
861 594
220 226
492 694
365 123
272 105
752 548
101 250
985 61
1180 610
777 6
455 582
1040 78
420 601
314 38
221 104
635 228
628 533
1016 101
839 555
293 713
369 362
492 657
1138 76
767 307
950 702
385 417
644 185
730 461
819 607
179 201
1 503
384 139
189 477
171 268
609 665
1163 403
1149 428
6 137
1130 634
745 622
1108 267
178 201
148 408
157 479
871 508
1049 642
1148 40
147 210
1098 416
144 166
879 491
870 654
136 64
189 68
701 568
235 177
232 535
1009 97
942 378
1075 519
785 611
24 257
1090 460
800 647
886 647
882 512
102 490
1176 52
697 175
383 48
591 281
188 425
745 85
412 423
837 523
1127 15
297 66
1204 698
1192 339
1139 422
981 138
645 277
1190 277
873 521
171 217
1135 392
976 565
1085 211
1047 556
106 441
566 341
992 487
1166 385
242 539
781 631
1267 243
186 471
685 403
856 672
256 86
143 303
1109 81
313 590
190 374
262 472
860 568
268 699
116 261
241 382
960 681
459 686
215 256
734 409
1058 117
351 334
311 31
238 208
1115 497
696 43
962 155
281 531
622 196
101 431
215 549
287 206
168 263
1176 329
117 401
797 532
221 111
233 208
893 556
1091 8
867 703
291 93
81 231
167 196
1135 547
142 317
458 640
1120 304
196 271
1151 14
755 582
1135 408
682 401
1122 219
467 713
290 114
152 177
803 675
866 579
374 105
468 105
1011 597
1066 585
171 252
676 246
285 153
90 289
733 507
1149 51
459 706
293 94
724 159
1090 328
142 336
1125 235
437 615
409 509
775 463
182 97
128 186
759 691
960 23
278 26
501 715
1127 294
1014 52
195 513
256 91
456 565
1011 429
1026 150
1086 4
1094 328
1218 193
429 597
721 218
199 373
318 106
738 419
1148 362
324 582
758 296
290 35
977 35
814 655
282 231
946 86
290 164
1216 300
908 62
963 35
1010 137
402 676
70 609
1108 24
864 393
737 480
520 381
238 206
128 245
76 225
950 580
176 202
166 160
584 378
906 457
1127 247
80 301
777 151
414 515
1083 422
810 63
176 199
109 195
645 420
710 391
126 622
778 448
1157 128
895 579
723 59
1009 185
802 480
55 226
276 641
1165 52
57 249
1207 364
146 455
239 79
235 424
1016 573
752 428
195 567
756 632
72 519
419 540
1018 63
216 514
194 208
142 378
1141 649
789 396
219 507
992 49
1162 374
1105 27
274 491
777 583
923 2
816 560
131 233
773 680
1123 218
132 216
1125 523
371 12
1168 224
303 62
1008 129
872 489
671 68
107 312
753 133
248 402
1137 275
781 649
735 577
1098 41
357 710
200 366
1029 33
985 108
758 405
1110 33
1140 10
757 575
786 492
118 202
1205 73
1144 670
132 318
971 481
105 207
392 14
166 201
108 270
249 434
693 403
822 693
174 525
1054 639
356 600
1106 11
994 110
190 174
218 261
159 264
1141 275
321 708
816 620
767 630
745 632
770 632
1164 34
1132 52
1115 9
101 207
1131 200
154 221
1087 230
131 241
365 185
799 168
162 425
363 423
110 322
1230 331
335 373
1108 278
325 292
892 710
415 662
1149 585
1135 601
290 622
761 109
1236 64
1144 65
934 46
1130 16
120 254
160 213
743 410
913 509
805 503
785 474
663 273
214 326
348 339
790 518
971 63
1197 39
1064 181
735 416
1088 498
1002 486
300 308
138 368
270 655
732 423
152 175
1093 8
758 566
1093 241
820 403
509 51
301 67
884 580
1214 362
767 517
863 546
1113 1
797 686
1087 671
147 300
273 101
96 217
492 684
592 299
1057 669
421 547
159 247
669 414
1177 461
1104 31
346 670
327 33
1027 45
841 482
294 59
833 480
324 650
339 392
245 102
289 669
1074 15
335 463
742 614
847 595
370 68
213 121
566 213
646 114
906 652
250 611
1067 620
267 110
380 685
279 89
602 43
1162 577
1019 455
296 181
687 61
1116 254
489 650
180 79
989 383
693 242
1088 159
404 276
652 188
294 95
691 207
341 73
863 667
680 238
561 2
331 61
619 127
273 76
1217 288
317 290
1226 261
907 556
650 150
723 138
255 123
639 123
1103 484
1032 492
482 582
873 594
324 332
1114 408
675 194
846 583
1038 533
318 685
283 208
311 104
599 237
711 144
177 252
728 152
817 447
465 589
250 132
930 520
1225 591
775 53
793 603
1071 1
1242 340
994 571
150 272
615 161
643 291
242 94
319 47
1173 608
1186 343
363 35
1057 655
569 251
458 700
1228 597
286 140
366 7
1213 308
895 378
473 661
683 66
520 33
425 331
1118 397
1141 359
554 27
239 71
912 595
999 406
885 644
796 608
728 41
424 466
1036 438
970 510
1011 482
1236 482
453 566
390 503
851 533
278 156
270 119
497 660
743 188
477 624
869 635
901 716
1143 350
441 631
836 369
252 96
580 314
1161 47
770 237
284 127
204 103
513 159
438 582
388 515
372 458
1087 610
641 295
927 372
1058 661
1039 436
904 619
623 229
167 252
302 21
890 656
1241 346
1187 329
263 360
520 662
586 269
750 25
412 570
1191 393
258 599
940 647
756 431
1201 299
705 267
588 218
652 97
562 38
1167 225
336 390
810 400
592 188
859 529
1140 562
396 532
662 59
563 426
99 37
1227 356
661 225
1036 441
528 697
399 673
296 77
606 204
75 306
220 79
241 32
806 205
276 70
1047 640
771 580
964 331
716 121
317 38
837 527
160 206
829 532
712 158
609 222
349 416
587 221
1148 351
382 379
624 191
444 536
623 288
753 322
697 110
758 108
163 129
111 207
1026 576
1174 681
1185 380
1235 468
1173 401
474 203
275 164
154 170
175 76
1087 474
726 261
399 10
306 74
82 205
1210 636
873 518
291 63
1137 545
987 521
493 641
815 481
1132 711
326 318
227 228
477 248
403 156
384 46
1105 617
559 7
1055 597
872 651
854 352
975 132
464 672
327 292
1084 236
969 489
319 128
330 335
891 301
1012 530
707 5
195 92
302 247
778 582
303 45
664 136
702 65
277 27
295 249
267 114
1154 422
581 339
314 8
593 527
503 593
857 609
923 433
1107 412
1131 640
445 545
785 143
526 35
419 612
1102 417
750 132
839 576
1076 538
901 503
691 265
851 607
985 516
252 75
971 633
425 564
866 645
1207 302
1215 353
986 464
437 574
363 36
294 113
1226 387
953 22
936 518
841 570
297 53
431 471
704 37
119 205
766 232
366 385
1069 334
998 582
616 278
132 212
913 37
873 504
751 180
495 523
323 346
1082 31
1089 538
157 164
633 245
130 210
914 715
855 395
756 124
103 235
825 430
669 285
938 535
124 13
1128 525
1007 441
342 391
1103 512
309 30
568 28
818 608
959 575
1089 683
727 701
1240 372
210 100
680 124
207 193
848 619
887 690
1211 341
119 315
1222 172
1174 402
1212 402
463 696
1135 389
280 142
285 140
206 102
738 206
621 220
510 671
893 671
344 329
472 711
595 280
1099 559
1247 504
422 517
307 178
763 340
274 110
227 267
1033 418
636 190
1076 414
1124 228
872 696
293 451
1024 466
302 257
966 609
211 89
295 240
447 664
1202 669
267 471
782 541
712 92
260 156
1122 554
1140 553
1055 596
954 697
891 561
323 106
485 19
765 36
690 185
928 573
488 646
1005 649
298 265
177 164
748 39
286 182
1213 326
859 607
285 59
649 279
1223 228
342 112
989 425
745 281
314 78
328 307
59 302
612 379
1142 381
258 72
502 315
870 697
1101 697
787 32
398 548
381 18
1169 682
877 557
336 371
619 191
1005 515
1001 412
1202 260
857 422
672 442
411 531
173 295
121 189
319 52
456 108
515 582
461 689
779 671
1158 363
629 265
950 319
184 186
374 137
285 20
718 45
258 73
202 81
496 111
273 123
892 536
857 631
930 710
477 706
926 507
1155 493
998 443
867 399
673 268
596 323
175 207
671 213
727 211
1130 183
120 180
666 189
518 148
493 38
739 29
446 628
1111 628
864 607
455 474
1089 476
1039 444
336 273
1213 330
342 352
248 88
318 28
143 205
1058 150
576 187
1004 564
877 528
1200 303
918 315
512 90
284 76
287 65
270 59
1150 366
452 324
652 158
98 220
1034 78
909 686
398 495
634 226
1081 587
445 167
65 231
854 591
404 403
352 23
221 204
270 64
760 414
262 86
570 215
1236 187
1133 408
77 200
888 548
1218 518
985 483
580 177
1116 381
622 251
426 534
1176 404
287 73
229 205
1079 467
219 40
1116 402
659 156
1039 443
853 630
428 538
1098 607
686 83
642 296
1132 19
1096 605
246 119
295 121
412 591
257 107
719 417
795 671
318 332
1082 658
265 86
354 166
324 341
589 45
336 322
480 140
913 508
447 589
1132 584
889 612
1090 612
597 22
292 163
816 409
344 348
469 611
447 600
196 524
938 546
981 550
948 678
1165 696
766 456
414 338
722 3
625 251
275 247
755 224
983 168
1177 631
1084 630
595 578
867 545
1098 564
1106 660
926 645
193 314
1137 397
1097 430
672 31
387 6
263 46
279 97
134 239
645 186
302 160
852 532
117 263
309 306
1111 321
1168 365
543 3
542 12
340 62
324 248
1142 248
562 182
1200 305
338 351
275 114
570 114
290 221
316 586
1223 302
235 55
531 55
839 702
1105 429
298 641
1132 623
155 269
1243 590
1140 670
1097 484
1123 502
804 610
1115 410
608 191
862 699
1127 19
636 146
205 93
773 570
1207 359
1057 685
1231 323
510 264
542 264
797 224
471 672
519 671
1129 496
371 410
876 713
717 20
386 454
1029 453
250 125
984 21
385 434
377 475
1129 564
1111 409
627 108
537 92
108 174
1041 462
327 184
236 561
580 112
1243 319
713 374
538 328
1182 630
781 608
324 107
826 538
724 310
757 150
847 614
278 140
548 250
168 65
102 482
1192 482
361 391
1066 578
247 108
245 113
391 547
488 58
242 244
376 679
1190 634
174 365
440 542
343 131
867 689
451 567
1144 400
1045 693
1268 271
235 510
88 257
235 17
1121 373
705 382
314 50
1123 26
544 259
182 260
999 687
161 250
836 528
302 161
471 713
387 425
451 586
488 682
656 222
507 83
265 409
360 391
1117 263
1198 266
251 713
675 260
1009 451
601 502
372 695
1178 570
760 636
965 18
1151 373
953 251
762 560
188 193
261 465
155 239
299 267
452 663
261 118
340 36
1161 346
630 268
293 684
250 103
325 52
600 152
323 216
392 223
928 27
375 24
178 535
846 558
193 197
532 93
1188 71
731 414
384 410
825 592
578 212
490 620
307 450
314 289
695 145
336 376
1141 376
584 282
691 156
959 1
102 221
763 439
389 478
748 674
204 322
689 173
229 104
688 122
767 276
696 197
303 583
227 528
1229 392
882 702
1173 32
1175 21
192 226
327 627
109 316
1129 425
1155 11
552 128
1004 465
1078 441
463 670
254 397
213 197
402 533
327 659
339 410
1094 448
721 220
997 603
855 570
298 242
881 558
275 101
402 457
776 681
321 256
599 311
443 597
157 255
1083 412
365 132
469 19
76 214
463 666
355 355
137 616
894 555
456 578
754 400
224 390
254 123
260 161
702 80
908 520
148 247
1169 505
1146 408
443 630
359 718
757 219
913 33
1204 85
926 504
292 483
562 638
566 256
330 363
129 242
852 598
111 612
166 230
327 390
98 217
781 498
604 492
692 257
462 113
755 210
1156 234
1060 315
1160 80
224 45
791 198
1216 191
1123 273
320 330
91 313
366 38
557 241
1119 225
577 71
989 29
808 643
337 627
411 515
1176 325
861 483
79 611
332 401
716 438
1184 271
859 533
186 313
168 206
734 407
134 240
670 270
193 310
609 403
169 156
765 12
1154 428
93 212
435 512
98 219
749 143
865 616
252 78
162 196
995 11
723 435
1098 515
762 479
1126 392
336 324
1112 20
709 131
24 542
444 653
275 94
1092 606
1149 593
1106 470
785 705
32 652
1092 712
308 523
873 569
531 613
1103 628
567 257
665 114
383 703
1164 385
259 50
596 36
194 173
390 474
329 274
755 225
479 617
561 676
746 65
261 97
617 134
1120 691
467 600
362 417
532 633
630 197
322 168
867 681
1174 689
770 270
1134 378
142 209
868 499
922 439
498 712
1097 611
302 207
802 390
649 176
600 279
1214 337
320 333
1120 675
330 470
314 140
252 82
432 603
327 15
678 160
275 49
1121 559
1215 465
799 305
617 565
1176 12
1014 127
149 297
1085 408
977 102
1096 508
857 681
1072 262
267 66
1181 629
482 659
732 282
1188 60
171 174
1242 243
864 647
91 293
1126 423
1176 601
540 242
1100 505
259 145
363 349
810 398
227 84
1152 691
711 408
757 633
1165 548
287 194
891 473
234 464
200 285
763 682
506 609
608 153
166 187
154 177
647 40
320 82
1138 429
667 124
582 214
289 157
663 264
86 278
172 111
298 5
535 596
812 8
362 147
1129 668
750 53
1166 489
1065 675
1069 675
191 189
361 418
1084 566
1103 661
400 597
612 335
1198 293
1165 16
565 294
1188 290
1025 465
537 561
689 239
472 615
341 691
1117 648
1150 630
808 513
1124 582
437 598
1179 345
1141 694
134 296
1081 621
1120 546
787 599
371 449
806 595
844 600
1119 435
136 384
61 225
340 321
126 195
709 130
1190 522
413 511
695 122
920 381
589 196
1069 426
431 541
738 38
1240 512
946 59
254 108
1212 353
377 433
129 161
1114 31
1155 600
137 188
894 640
990 570
884 710
550 277
782 514
248 505
774 152
1182 65
128 240
274 53
691 53
1067 690
677 258
682 261
384 718
746 549
1095 452
1136 24
840 439
161 187
287 634
735 230
1192 693
761 538
708 396
1155 396
356 712
270 420
1049 695
748 202
1141 667
614 219
672 228
852 571
715 424
769 443
292 122
1003 136
248 87
254 76
907 672
303 505
268 666
781 18
1121 234
552 656
667 399
711 398
478 705
116 251
716 398
73 261
924 673
1175 41
928 9
276 457
1173 439
751 586
737 571
379 2
693 7
619 56
1074 480
1155 536
263 90
923 31
737 209
185 424
462 651
396 448
248 81
109 212
769 618
1093 58
1045 627
327 476
837 555
333 295
1263 218
741 447
282 177
298 611
450 636
1121 377
780 689
205 191
142 230
957 588
614 158
140 201
456 670
132 282
767 687
792 622
292 151
678 138
141 230
1143 410
803 380
467 679
162 113
751 418
1045 634
767 636
1223 176
626 221
306 59
308 59
385 376
1109 700
319 230
145 232
261 553
722 680
1129 541
300 558
1138 263
679 131
350 77
984 31
1018 418
963 13
500 65
955 512
250 707
1201 420
855 645
944 158
1210 358
293 231
163 336
799 715
1032 69
1062 67
239 291
692 206
954 25
1100 112
764 542
125 231
860 611
796 381
246 617
1142 224
1149 208
108 214
137 266
1113 50
288 237
645 200
1101 472
889 582
280 82
1164 199
189 191
1085 31
612 226
459 628
709 573
185 435
1109 704
103 203
764 491
125 217
837 497
611 9
134 375
929 511
204 176
776 677
920 502
1046 717
132 378
1107 672
194 242
814 613
324 627
916 104
604 602
61 236
511 87
120 238
1081 242
672 112
208 267
347 125
761 422
842 561
1114 285
1034 58
105 308
284 214
197 232
217 568
1001 65
452 402
1074 57
173 395
289 59
712 143
1196 710
1052 502
129 238
750 408
265 128
1162 0
799 525
215 93
1096 660
1108 23
981 71
1089 239
1129 17
309 59
746 569
911 503
239 493
175 200
223 164
443 30
292 692
487 706
72 248
730 701
295 247
860 629
1085 84
133 200
1160 386
253 213
105 181
289 93
862 558
382 502
1133 387
694 41
1143 443
994 547
195 175
723 24
1210 289
319 75
657 110
306 89
200 81
279 81
938 615
360 707
1060 494
1077 25
354 182
285 123
755 451
623 187
173 201
667 9
1039 123
307 163
215 404
1151 352
1210 316
970 23
308 11
1033 667
235 378
1121 41
765 543
730 2
722 180
1013 54
407 47
944 583
451 516
1224 516
1271 303
107 195
762 123
182 301
264 354
158 272
733 710
152 215
954 627
502 706
162 486
791 608
695 197
845 571
1108 234
457 677
969 184
249 683
1274 269
784 700
720 699
1141 26
93 307
249 118
146 611
603 281
295 213
148 167
1209 571
466 669
433 557
635 174
208 194
463 536
124 242
77 261
1126 78
1122 538
907 680
744 614
877 646
911 624
341 163
656 373
1234 254
768 557
1017 542
737 159
1136 58
1112 32
887 40
1162 441
1017 514
1096 25
881 687
276 62
313 15
251 96
808 213
1189 602
378 106
1201 599
716 22
309 73
792 523
965 554
248 195
360 400
754 652
1225 184
863 633
887 680
624 162
1067 480
455 602
635 316
1157 344
1190 344
329 20
1128 422
502 265
359 354
1007 461
792 367
1163 410
675 299
435 427
408 44
769 587
323 100
591 175
825 496
369 45
824 480
457 24
948 559
481 650
623 106
298 69
927 544
768 9
1175 508
452 683
800 585
1211 239
1110 610
754 319
280 158
719 89
762 229
575 254
683 261
1169 58
334 315
1014 435
305 128
1090 446
1050 700
744 162
774 38
414 510
1081 405
764 264
335 148
563 272
656 186
327 319
354 407
1090 538
227 107
656 141
743 570
735 223
1023 429
1176 493
126 281
736 225
905 691
654 251
524 669
676 5
330 379
753 663
567 341
309 315
1214 576
652 183
883 410
369 445
443 239
782 235
716 10
936 628
1205 236
1015 468
112 229
750 97
531 267
1202 292
620 271
309 111
691 214
762 538
418 544
1226 574
1173 618
241 111
1220 264
639 230
163 85
298 53
896 549
431 586
1121 717
1024 699
705 143
727 35
242 112
946 307
1077 547
503 349
612 259
239 93
1030 518
674 184
149 187
1155 426
855 623
771 83
352 287
541 593
318 351
200 115
385 22
1123 599
283 230
289 244
1159 409
1075 483
1060 498
434 413
1142 383
993 418
111 195
793 628
167 222
1069 595
764 196
1172 478
428 291
415 281
615 211
598 272
1155 433
991 641
916 692
908 671
528 719
385 406
857 577
1175 688
360 354
944 496
733 81
735 188
279 553
1036 664
348 397
1153 336
1080 474
312 320
483 565
748 148
671 181
179 322
779 254
399 557
952 478
1088 623
618 145
1023 459
1137 29
263 1
1076 473
403 530
594 228
350 403
1135 403
154 19
639 236
359 450
470 280
613 211
761 78
315 272
1224 541
450 578
1228 628
619 501
1154 688
530 139
1106 443
661 145
1229 304
456 631
755 16
881 599
1104 707
417 576
536 220
1134 381
924 514
1106 459
764 501
768 253
799 5
621 543
1139 389
1156 389
502 711
595 251
313 186
481 186
329 26
716 94
1068 659
332 4
880 574
305 293
1164 676
527 629
466 598
714 138
449 697
771 12
107 493
477 540
284 158
347 372
472 256
816 304
769 662
749 148
644 184
689 58
660 165
197 472
238 543
1183 331
1239 186
802 526
967 15
1092 428
1117 606
1077 439
1206 685
1188 339
358 12
407 500
522 696
851 506
590 215
768 68
413 565
868 552
337 382
933 544
275 116
1013 410
106 377
852 557
917 667
864 540
250 142
939 537
211 79
400 429
203 198
683 37
894 654
478 300
950 644
1005 129
630 62
1223 333
1183 383
277 209
612 145
784 82
815 435
401 42
768 31
866 714
763 120
699 140
761 245
1081 389
1196 278
745 266
395 700
892 601
565 103
1158 103
695 73
299 641
584 214
412 19
1215 680
389 129
422 510
477 709
1053 669
447 681
430 543
407 553
1093 607
594 173
121 231
265 125
190 110
690 101
1151 396
423 505
866 707
1153 41
697 49
764 49
736 57
382 126
294 92
171 254
864 682
749 259
1200 429
1210 429
948 489
457 17
66 248
443 492
706 170
858 544
1007 388
270 207
1141 627
1002 431
357 395
443 562
424 526
299 622
1223 181
270 162
138 506
683 55
1103 580
353 103
868 637
806 257
1109 308
629 66
338 359
390 297
1046 586
1186 324
1090 419
972 110
883 647
83 96
683 101
934 65
1091 416
1052 689
841 424
1134 508
394 476
662 265
867 494
352 104
360 683
1152 430
105 213
619 153
814 328
774 336
831 656
616 231
714 116
478 584
563 269
174 220
942 31
219 542
973 491
1120 1
905 522
1108 550
338 591
358 362
821 518
1073 703
882 699
483 714
97 255
312 106
332 63
949 12
406 545
1132 548
1104 701
363 665
481 715
1224 375
1131 367
358 357
762 482
532 146
1228 176
180 167
214 207
649 205
651 84
648 119
918 564
908 532
994 540
482 635
476 709
1184 713
1123 268
186 444
769 238
584 93
1155 45
652 98
342 76
431 107
773 0
221 211
788 715
185 175
1072 599
1208 557
234 213
457 683
231 301
709 127
782 491
353 349
52 217
574 538
157 232
802 465
310 313
256 359
1118 23
472 1
1132 220
360 104
98 198
782 225
251 73
645 132
1137 230
1178 392
167 333
943 137
394 524
331 407
1125 35
393 514
759 485
201 285
414 285
1096 395
795 17
980 19
925 7
743 605
110 593
1128 148
748 641
1210 649
745 205
738 218
742 661
721 3
248 501
1146 500
1115 413
186 338
765 204
953 531
713 373
183 28
526 134
748 298
277 65
1112 292
1245 249
350 156
598 399
448 664
385 26
177 377
640 301
1217 483
444 638
254 85
905 20
724 586
436 445
574 170
657 122
586 53
138 206
174 477
1171 689
733 2
1090 14
755 301
1226 178
231 227
760 560
234 608
81 247
1132 644
61 211
426 678
1095 495
641 213
137 222
551 205
280 99
966 55
217 479
362 449
475 675
274 584
498 668
1184 48
458 79
946 137
523 286
243 492
1185 278
97 215
737 192
763 520
190 239
304 280
1122 689
1081 20
549 178
1056 704
430 541
453 98
601 644
266 95
730 434
598 141
215 419
636 441
674 203
413 60
344 376
738 498
1119 22
816 424
1174 409
796 659
362 168
717 437
1143 586
869 537
1226 90
299 191
605 199
768 676
961 512
431 570
171 194
475 561
1019 80
396 518
973 107
96 380
258 488
221 410
83 265
692 323
888 659
684 252
1009 200
122 316
769 643
1195 70
964 70
234 414
723 412
772 240
94 251
379 457
1238 537
264 136
910 452
783 614
126 154
406 525
378 678
1218 326
296 44
361 319
693 135
725 443
692 390
916 517
1150 23
1247 499
806 584
1097 284
370 410
1100 50
71 326
276 684
1076 14
734 446
747 480
247 365
1102 522
1156 39
318 47
666 3
914 10
72 206
87 259
168 321
786 473
730 410
468 698
896 701
1115 637
1177 85
1212 45
1045 625
1097 216
789 251
633 258
743 565
1172 624
374 291
230 35
362 439
1055 537
241 555
1115 550
780 656
146 437
994 90
88 212
782 664
884 536
609 622
107 176
259 155
905 469
1151 24
676 49
232 500
212 207
152 353
330 644
643 100
715 206
285 233
1121 586
671 423
776 553
181 245
248 133
1141 514
1127 203
809 716
180 255
191 61
1126 31
100 218
905 649
179 256
669 404
970 40
821 679
997 55
780 672
258 86
71 581
796 294
1139 624
542 277
436 87
1229 87
1114 403
419 586
355 411
83 348
1027 452
680 297
999 432
718 492
280 625
159 198
148 231
864 639
762 497
487 605
353 346
988 527
62 236
959 46
443 62
566 159
849 377
713 145
864 673
504 709
1110 201
449 439
693 21
451 707
168 328
301 158
1140 592
774 525
271 157
284 157
1172 349
124 304
847 528
369 455
864 523
1237 523
932 33
1235 315
1102 638
1269 238
617 205
1032 156
1094 709
150 208
168 177
284 120
1111 553
1087 61
246 59
284 79
450 642
340 713
1116 393
260 584
649 256
884 627
388 703
170 252
1068 421
433 503
442 630
1115 526
84 39
388 74
600 498
802 25
957 681
314 10
780 443
1059 619
779 505
796 573
565 210
853 555
619 176
1149 433
739 230
333 59
370 439
79 228
428 621
220 90
1172 35
461 700
683 290
1004 37
178 186
287 63
1079 57
914 432
392 512
311 110
1237 383
321 29
260 81
642 179
122 323
1195 245
256 400
1160 515
382 22
795 549
263 549
386 452
288 648
753 477
255 94
685 181
177 496
175 329
586 157
101 322
1107 313
1111 218
605 118
978 24
1267 290
290 635
850 598
617 244
103 264
695 424
357 716
648 166
1041 90
200 234
183 198
741 593
742 194
649 230
686 381
287 648
450 137
453 583
630 183
1132 268
329 105
1132 67
870 552
305 49
310 91
362 74
1080 586
1191 159
1199 297
673 398
314 634
345 658
392 540
1128 234
225 480
990 32
1082 30
188 491
942 704
1135 518
397 538
306 134
848 542
756 147
781 541
198 205
843 536
1171 58
686 258
984 697
543 416
400 36
883 61
297 125
1128 278
415 510
245 99
1101 417
1052 62
1105 409
263 442
1211 224
375 353
886 575
312 319
173 214
138 169
179 49
964 634
776 73
358 431
152 306
670 203
985 38
1157 35
706 607
476 523
52 233
404 19
139 269
1068 529
833 676
1138 504
861 644
190 548
620 131
922 674
191 175
397 522
870 633
1096 18
1202 378
424 549
332 603
247 99
1197 327
773 464
105 180
775 680
732 175
224 472
754 448
441 545
96 174
772 697
658 675
1102 21
257 594
282 558
98 452
672 421
972 151
785 514
953 125
1085 36
706 470
529 346
760 538
221 101
862 686
736 611
59 611
422 528
1216 375
182 8
1125 36
322 31
1088 88
897 204
939 107
987 164
72 278
182 203
247 72
1241 350
296 687
741 400
494 668
323 345
1117 56
171 466
758 472
777 635
85 17
716 173
851 619
303 338
224 260
309 137
683 713
877 655
852 581
386 325
406 106
927 3
998 432
445 634
591 227
1085 19
289 208
687 284
640 90
1188 555
984 519
629 214
520 168
307 262
1163 49
1143 423
72 294
183 544
775 570
528 270
891 696
140 401
364 513
689 117
146 212
1123 654
243 136
909 509
713 693
1024 610
905 719
131 268
320 268
1072 627
758 460
696 228
1205 418
787 569
942 460
227 106
119 257
991 477
745 177
405 544
681 98
535 218
461 652
236 109
260 75
461 599
89 302
300 78
909 95
1070 360
955 542
964 674
1044 576
294 120
380 624
1217 246
1114 511
93 225
298 634
1258 66
1103 507
236 103
193 70
458 531
1101 647
453 563
397 414
421 583
720 608
61 262
200 535
317 334
731 514
125 236
174 236
369 696
372 383
346 40
159 57
719 212
1100 242
1026 38
1127 47
1114 435
348 53
593 251
272 87
584 90
619 447
1137 643
742 528
1130 562
716 137
298 55
517 244
296 436
154 236
485 696
1008 87
1158 20
181 157
298 656
697 3
1148 43
708 201
683 680
460 718
1121 423
253 641
104 39
813 440
304 512
1029 521
778 60
270 659
1210 333
147 280
1092 33
1095 201
1153 207
335 644
355 83
735 108
334 37
443 541
233 63
1094 523
296 418
726 41
1124 29
984 169
763 573
1110 17
739 184
1214 250
313 294
357 31
823 603
892 595
464 687
673 270
295 259
983 466
784 625
1080 265
1134 45
195 179
372 367
203 95
1014 78
403 433
213 305
656 156
660 70
1116 264
1162 377
1272 174
124 197
155 383
773 611
128 271
97 235
363 680
1069 693
226 96
433 365
880 633
691 83
169 308
311 307
451 640
906 657
174 130
735 141
804 572
1258 483
667 115
860 576
211 231
719 13
649 57
316 233
512 5
280 135
865 691
604 158
788 469
456 570
310 129
1072 647
1213 279
1127 634
904 714
726 132
955 561
396 423
347 163
281 143
697 99
1024 461
325 137
450 595
665 137
767 655
455 703
1174 363
379 495
993 632
906 528
224 84
753 166
148 360
1157 184
990 558
608 299
407 537
1222 371
810 23
906 596
230 94
383 56
358 283
304 258
206 214
336 292
908 436
848 559
993 624
421 70
1137 430
716 714
263 119
1135 363
487 524
1139 594
672 87
703 41
776 621
1098 304
561 248
321 50
316 72
1029 40
872 535
438 528
261 114
860 625
697 74
1227 568
874 617
421 120
1160 606
424 487
683 2
310 86
335 226
858 616
740 434
368 451
694 143
865 672
1226 621
892 540
275 33
269 153
422 27
897 510
968 38
282 80
722 155
1178 370
1143 355
905 663
79 319
677 14
491 616
859 609
328 297
439 101
746 174
973 598
1122 617
697 191
959 592
1000 454
799 645
299 138
895 667
303 702
637 179
356 11
274 66
1113 538
661 119
1196 616
1124 370
897 677
434 553
413 479
627 336
979 466
331 298
244 74
174 73
965 564
1144 172
217 50
908 475
336 127
1089 630
1176 380
331 103
718 134
660 150
868 524
1020 524
1022 152
477 652
513 100
751 719
321 333
1158 576
1065 697
1227 326
671 230
862 650
728 256
472 588
904 639
692 187
764 543
1135 390
291 70
269 160
698 78
308 30
1196 550
494 653
375 422
869 565
683 62
1097 643
409 412
975 451
253 90
1105 42
1151 587
1128 460
105 424
1105 462
475 582
435 139
746 434
858 657
711 14
994 685
272 48
297 48
711 15
1172 695
485 549
924 671
554 262
337 175
467 615
654 218
1219 204
223 84
316 293
270 73
1200 60
1066 593
324 327
1022 716
529 240
1104 30
905 671
400 96
950 530
915 692
1061 428
223 245
291 65
364 375
456 709
1114 440
269 76
1020 543
822 611
265 80
716 145
767 511
1081 642
913 27
1064 493
760 50
453 659
409 525
1145 391
779 268
918 259
1059 674
220 193
101 329
329 8
275 75
1099 324
770 459
486 164
552 187
998 420
82 267
736 234
79 318
469 318
981 710
1220 572
683 245
904 599
729 82
1214 256
1142 658
333 163
1168 406
267 619
460 75
57 247
253 92
571 430
630 40
930 0
783 678
786 675
404 431
1162 431
1137 703
159 261
667 111
641 189
536 68
109 615
319 140
1152 663
337 376
760 6
457 712
955 71
1055 624
353 163
443 120
665 239
617 177
1103 519
380 61
265 81
290 587
1170 622
758 637
611 267
216 89
1121 549
566 22
770 462
330 27
237 103
292 264
271 94
738 10
399 535
507 550
1215 351
197 58
1132 65
1215 392
330 60
1180 60
251 88
1084 23
546 282
135 553
672 196
397 410
843 410
934 112
786 704
1103 270
1153 541
929 60
637 277
193 242
815 581
382 423
490 74
374 21
995 667
667 208
485 603
250 381
759 585
834 495
1205 327
1223 183
426 29
1128 257
380 331
1159 378
982 397
798 610
710 126
340 310
1179 362
480 697
703 324
1096 50
1089 719
488 478
433 505
954 3
203 193
370 358
1134 180
1134 694
403 524
454 507
924 194
177 69
875 501
324 140
186 236
851 538
483 87
1032 497
1181 375
652 40
797 588
1181 332
942 589
240 305
760 698
1121 274
176 553
243 110
70 292
347 359
1112 395
403 11
123 454
162 159
462 47
1110 686
274 705
234 525
389 15
375 416
194 309
282 96
492 644
224 314
1152 672
295 320
525 165
1115 35
657 413
648 300
1239 460
1104 82
636 255
319 324
812 288
143 264
328 354
1100 440
152 433
746 50
1080 8
404 429
973 467
275 706
749 111
567 262
134 339
777 282
1031 693
796 549
729 157
200 611
917 707
153 181
1018 525
265 141
1195 553
552 272
785 620
359 10
135 161
292 226
1221 585
273 107
1134 11
164 168
880 608
1219 326
1118 592
274 96
821 489
248 78
306 248
87 593
375 406
93 243
102 353
646 40
1015 432
1157 539
268 159
348 410
176 233
205 601
59 233
357 389
364 402
1102 566
1231 318
265 96
219 104
428 71
461 559
1181 704
1120 23
671 174
656 140
720 72
234 105
1168 658
1155 180
271 90
728 680
406 531
838 549
729 608
270 93
82 184
1114 577
249 126
706 54
1034 54
424 529
880 677
806 486
822 423
1043 494
1198 276
1105 425
228 589
103 242
352 326
1007 522
465 687
1138 11
507 426
451 623
1121 14
718 453
251 116
931 124
767 536
415 107
878 515
781 479
786 121
740 368
432 570
947 698
743 182
760 78
879 634
271 67
995 67
1187 277
93 248
599 160
143 225
1124 409
576 133
249 86
780 15
1199 338
88 234
969 417
1108 480
277 139
747 73
474 677
835 483
1209 655
1165 605
745 238
781 168
420 546
360 388
692 280
109 232
613 296
1209 296
728 665
146 188
352 4
263 104
1224 306
325 610
329 252
462 61
638 297
1003 572
1169 340
835 559
718 100
269 125
1167 583
389 496
320 1
153 551
724 545
1113 530
455 705
301 87
135 285
1109 634
395 533
1204 533
514 143
597 687
1139 419
327 261
759 145
391 591
1192 326
606 241
483 635
1196 378
842 563
288 92
1217 683
1068 490
1106 442
737 438
1171 389
359 16
705 130
689 0
651 168
212 113
298 222
1232 298
742 195
891 636
476 318
906 486
743 60
711 444
452 679
966 500
341 59
709 238
209 61
1069 513
411 319
300 326
361 435
754 14
850 599
387 53
1049 78
1188 515
1179 311
335 300
759 265
1088 470
898 610
643 253
774 676
354 355
153 395
328 20
1114 218
1006 413
730 431
455 596
721 140
1130 476
398 505
199 539
742 87
384 73
825 421
460 716
628 241
1116 270
1137 354
192 485
367 454
737 49
1157 711
1145 670
475 684
226 450
1158 48
1196 333
315 259
825 407
454 606
742 141
554 265
306 347
710 199
303 73
757 613
305 50
449 661
1140 378
788 44
772 56
1174 54
758 109
789 556
757 441
958 522
1073 628
109 289
496 658
1202 266
739 592
229 500
307 287
777 287
857 539
64 343
682 428
405 495
307 81
713 159
1206 294
422 126
1143 411
1161 396
902 669
1022 416
461 277
670 72
778 575
875 634
1026 464
715 225
1110 636
617 271
966 151
647 231
605 85
284 109
1003 474
318 292
1194 619
111 169
912 591
665 224
476 660
499 311
946 477
519 252
1191 437
302 312
783 567
255 70
475 716
472 647
674 130
904 542
961 583
971 480
886 603
1117 59
483 346
1238 290
682 2
854 596
482 705
304 233
1076 465
1137 412
1235 306
355 348
1206 361
312 13
763 13
682 116
689 111
1213 300
349 308
770 269
201 38
1076 667
625 194
859 526
470 126
415 680
938 379
301 190
848 556
632 143
1134 641
1134 21
260 240
777 214
714 253
721 116
465 718
329 362
1177 162
1158 347
275 701
1111 716
668 198
1012 492
359 402
1201 295
1081 622
781 9
992 412
1147 719
447 602
1040 691
901 577
1087 470
693 146
451 668
1113 230
1093 447
1159 690
1107 449
756 200
288 110
416 95
416 553
709 195
410 567
300 276
1154 714
264 99
1008 499
1210 260
232 74
924 565
696 183
375 116
690 180
399 11
579 329
910 536
675 237
644 211
402 430
749 430
1211 279
462 589
1109 524
404 528
472 654
255 115
768 278
145 469
1167 586
1175 587
735 139
164 462
977 136
222 399
1233 535
825 396
1117 413
821 490
1146 373
439 522
179 272
455 701
739 265
787 518
581 689
198 484
920 633
1147 440
872 541
1192 319
972 131
379 359
965 617
998 480
1202 539
427 482
320 119
720 521
1087 20
407 13
1132 351
473 710
1064 566
509 111
1171 59
1089 473
1207 285
193 286
305 36
789 524
382 290
870 504
303 256
207 551
16 253
951 23
1151 211
304 120
1102 461
835 540
292 72
752 242
624 118
953 423
972 524
1155 524
357 408
868 618
1117 41
137 422
578 464
1230 374
876 613
313 131
175 242
1115 638
640 103
1129 214
695 452
1022 600
849 567
865 710
917 564
1199 324
1070 706
1109 399
599 272
617 114
1085 11
689 404
196 201
1269 254
830 416
239 438
995 48
362 428
1125 8
352 491
671 180
1252 602
778 504
767 9
987 694
797 390
337 142
1134 355
972 9
210 404
1017 453
1112 555
307 90
1170 394
96 299
1152 362
409 516
771 704
387 31
716 20
258 126
119 204
792 524
942 617
737 577
813 479
294 273
672 159
630 209
742 74
333 106
1081 34
359 690
756 531
1068 592
295 637
791 637
263 153
243 220
1152 194
414 484
1130 257
162 261
772 606
749 595
1148 554
1004 715
732 662
266 137
1220 147
648 92
731 127
761 434
171 422
774 678
779 515
678 209
968 98
277 157
1132 372
818 596
888 624
114 261
184 314
230 44
969 551
764 679
484 149
533 290
262 9
1102 30
721 412
80 285
243 196
125 419
126 336
332 314
1172 314
554 672
257 242
341 10
956 89
807 621
148 206
1171 199
148 342
681 26
761 602
205 185
117 307
925 50
221 427
604 3
910 672
250 437
193 192
428 551
216 260
1134 232
1100 460
707 116
104 248
1138 383
179 177
1176 26
1237 292
1267 247
1099 236
1001 592
247 513
762 93
83 259
983 461
348 413
972 703
909 669
389 96
756 570
302 612
462 606
171 456
213 539
312 680
599 267
1185 351
424 594
346 148
164 473
775 552
1016 454
355 28
890 543
685 122
136 155
751 272
1051 657
341 337
949 623
1276 267
597 285
118 290
1224 186
190 387
793 584
945 651
967 8
756 470
723 533
264 192
1118 32
1119 36
751 469
1000 565
722 544
959 66
1126 388
1267 215
1099 45
202 257
377 133
1128 62
245 106
1070 571
137 249
810 550
861 122
621 252
84 239
159 212
148 549
1141 207
1148 54
442 6
309 634
1071 718
206 271
834 698
182 218
240 205
1020 411
271 107
270 90
486 77
154 350
178 294
105 271
332 67
755 660
801 385
821 567
138 230
736 431
831 495
89 259
772 704
1094 256
842 550
236 487
157 171
807 714
407 701
765 423
806 385
1261 566
476 580
769 191
224 199
339 494
388 496
1130 496
260 376
871 683
348 703
286 42
1275 296
255 80
504 559
750 590
178 202
186 243
311 551
381 50
197 336
1023 84
198 445
774 58
109 362
182 451
228 547
216 523
101 247
323 573
347 371
1233 368
1099 223
1208 599
541 677
750 546
386 8
547 277
933 458
574 33
1092 707
820 445
711 24
254 667
665 220
183 256
1069 15
717 683
742 590
449 658
71 260
778 153
120 248
570 51
736 186
741 663
722 501
717 652
1028 44
440 585
974 579
323 24
939 519
603 267
673 439
213 327
142 233
171 584
1084 57
1208 605
961 63
1237 354
1099 207
1138 623
733 397
116 256
330 630
1029 69
628 128
829 497
521 315
1145 442
755 606
451 65
1115 280
477 585
991 92
1225 377
298 667
369 375
164 392
146 193
424 621
332 363
514 687
758 687
1083 116
983 459
866 603
1201 382
975 410
723 177
906 716
513 262
770 652
162 265
224 104
987 439
286 689
1126 706
1150 219
700 145
1104 315
187 295
689 91
669 78
957 494
631 143
731 296
757 273
160 285
938 531
410 461
303 152
493 696
623 30
741 667
779 189
806 627
749 157
673 278
154 217
497 673
962 9
284 455
1069 2
884 693
663 212
258 258
137 209
629 84
250 425
846 614
1145 494
698 187
729 603
714 111
101 466
527 40
1135 493
1081 577
1179 406
977 34
873 661
67 266
1277 217
983 488
491 123
1170 631
634 282
766 170
801 513
675 208
318 150
153 297
296 627
345 104
1151 711
1175 639
1002 571
356 156
121 165
1178 502
749 102
588 291
308 75
694 316
652 58
1103 266
735 97
789 718
744 566
631 370
756 221
1274 200
1071 241
462 316
632 109
1100 608
1032 571
959 296
885 681
307 41
338 553
700 253
330 56
487 685
593 263
704 392
239 66
182 384
806 336
1040 116
914 27
562 7
188 251
1111 297
224 513
70 265
1001 461
790 708
185 508
1094 225
103 187
118 424
113 266
622 301
819 705
532 253
276 443
658 52
984 52
187 190
1108 33
973 112
592 234
397 518
931 528
1112 273
979 41
635 248
789 495
452 509
1110 18
773 525
787 515
90 180
202 122
175 221
160 447
144 289
970 77
328 528
763 674
1008 462
1190 89
799 540
802 639
157 223
913 604
828 574
163 225
418 2
808 531
1124 252
864 617
668 239
292 93
551 4
346 406
580 712
316 161
236 184
635 232
931 39
261 88
1114 279
832 480
343 342
836 481
719 45
1105 44
876 673
273 69
1230 345
619 104
465 688
1223 312
768 479
1137 377
1118 267
459 669
1082 6
133 349
1099 282
1206 340
784 601
1277 304
1235 256
1136 244
752 505
655 197
643 95
349 169
349 624
466 696
641 138
229 350
364 350
1117 235
760 567
759 715
779 297
253 555
458 616
220 216
1170 646
1017 101
1030 121
920 27
136 355
989 224
1035 457
1150 56
125 183
172 195
1084 334
150 235
770 654
940 23
198 207
1018 411
935 556
177 363
140 370
737 504
201 195
830 604
391 702
89 604
186 270
927 463
277 83
92 237
294 227
1216 71
116 207
210 395
797 556
1195 101
1115 291
783 580
185 159
147 218
346 711
39 62
643 163
580 228
735 651
107 262
1166 73
1147 116
212 195
844 552
735 530
1091 203
88 183
187 579
744 569
360 685
799 646
94 270
1135 284
162 488
181 219
191 196
848 245
1129 42
109 621
800 635
326 678
745 678
283 675
690 385
1207 396
233 406
90 417
1213 372
140 374
126 335
295 689
750 651
327 652
1144 36
1205 37
1218 16
1134 210
142 229
150 234
171 186
969 131
178 354
89 267
1275 310
707 413
738 602
172 601
162 583
804 578
496 629
783 638
324 618
287 562
811 572
400 675
800 652
1201 64
691 91
894 12
977 5
354 59
98 240
162 140
244 143
410 369
166 373
1102 293
168 298
202 307
727 412
735 441
772 604
744 596
874 575
645 537
799 684
789 653
774 659
1156 110
961 7
570 249
103 233
963 147
135 179
196 172
1093 310
1118 274
217 412
141 388
259 432
322 455
288 508
751 488
458 608
173 594
1013 647
716 695
703 681
331 686
1069 52
1114 41
1141 31
960 125
44 246
130 254
148 236
1155 238
165 223
243 217
86 209
211 204
1162 206
1162 198
762 193
180 157
633 146
124 166
237 324
222 336
134 338
143 272
1203 277
102 285
752 301
707 398
766 445
763 492
90 592
328 618
287 652
442 652
728 689
684 700
333 682
368 97
262 93
219 77
1149 36
1120 34
1028 45
1131 235
1268 242
143 210
1005 156
545 430
261 442
698 407
759 450
154 489
143 308
236 306
182 286
91 284
328 547
798 571
912 542
659 519
768 636
877 637
794 612
796 577
1063 685
324 673
380 702
1067 665
981 29
934 52
213 89
1186 65
132 242
1098 246
95 236
740 221
1147 179
223 299
1215 305
86 330
699 431
726 392
749 406
262 646
827 692
340 248
170 225
1171 36
1095 19
364 564
624 131
254 581
748 9
1139 224
214 199
707 212
1004 566
1270 255
748 525
108 206
1131 64
186 522
715 412
1054 706
1203 659
171 180
328 458
1135 372
345 671
64 242
1161 153
974 9
702 377
329 695
235 63
1009 53
772 281
124 223
232 209
853 619
207 227
172 260
813 664
1068 48
712 175
249 416
1094 7
750 531
747 573
1122 289
780 606
848 530
231 447
108 343
883 640
961 404
340 669
125 262
219 546
1132 274
546 259
561 36
181 39
395 493
767 456
721 572
622 5
1047 695
153 233
96 331
445 610
184 276
672 385
915 489
78 220
455 529
686 7
454 621
324 708
351 395
928 603
1021 90
1006 42
730 368
1162 367
848 531
34 257
1059 4
743 468
963 25
445 563
956 131
1104 411
1215 16
246 76
728 158
205 99
52 232
1159 225
820 398
812 409
1081 549
227 390
1100 207
408 525
789 702
722 68
1149 578
779 27
160 536
1136 11
596 174
308 76
116 211
265 176
232 553
551 238
1266 250
1222 582
153 225
213 460
709 59
559 469
974 127
648 555
404 455
269 661
1062 562
249 87
149 359
427 390
103 182
974 83
729 99
730 518
166 365
212 172
709 293
708 24
481 622
370 399
377 661
234 391
969 64
1206 209
718 235
1235 542
456 163
820 409
847 616
1159 349
729 199
792 538
838 538
780 470
1034 82
298 538
123 437
932 265
980 691
691 208
1086 531
1097 247
1077 523
762 144
138 272
463 656
1136 39
1152 18
257 167
1195 282
462 664
741 280
461 567
713 654
456 711
315 107
808 107
1277 288
744 414
748 538
365 701
456 689
120 441
1154 390
96 181
997 417
498 659
733 638
1066 32
1048 62
254 40
871 544
260 176
1035 157
1182 347
1103 395
1126 52
447 696
15 544
736 452
1111 18
1051 18
319 676
270 110
240 131
725 436
1135 238
314 47
873 718
216 111
786 498
1042 484
247 549
794 487
213 199
896 592
291 278
648 191
96 309
157 272
431 635
216 411
696 403
213 413
319 458
759 652
422 496
245 491
995 478
593 287
1257 486
152 243
366 50
1217 107
762 111
968 29
1095 0
192 269
353 138
1136 380
721 449
284 133
465 693
266 64
573 259
222 95
455 630
103 297
1214 661
726 3
458 669
1083 653
1190 378
787 657
697 100
1101 288
332 697
594 481
755 251
297 84
769 470
206 307
878 586
1120 13
604 191
383 108
808 563
325 520
860 619
1158 448
417 579
904 675
641 106
1175 481
961 32
427 596
979 138
760 676
326 11
296 93
310 87
740 41
131 200
761 629
730 455
415 143
792 601
1085 32
212 507
132 473
728 278
726 257
816 412
1157 691
333 665
770 561
384 326
394 521
1083 521
435 460
1104 241
776 523
614 400
1101 677
1201 356
232 111
1130 4
103 99
993 29
183 652
638 228
298 498
316 46
851 561
1116 600
167 174
82 231
828 429
1172 41
256 88
253 96
969 478
181 155
1127 380
1180 6
1115 510
730 482
1090 324
265 112
615 217
594 547
315 305
657 299
715 395
275 466
1130 62
288 663
325 33
241 559
1160 681
127 213
344 642
1155 345
132 339
310 227
1004 113
778 482
251 587
99 370
382 433
1270 211
712 393
209 212
408 177
1097 477
198 464
213 350
156 176
197 219
953 93
683 70
749 604
324 692
250 345
1186 37
305 317
1097 23
1114 269
1172 38
781 459
319 106
678 40
1194 46
126 196
444 555
345 312
478 634
775 618
374 346
1081 667
182 165
873 701
943 516
170 249
306 100
844 550
752 544
942 107
507 240
646 180
1255 313
299 262
551 262
682 125
1244 322
1127 101
800 593
1104 607
728 179
900 549
734 390
1171 668
687 42
504 628
588 278
1225 511
172 403
1156 38
1126 368
998 564
1180 569
1137 247
1061 613
117 252
833 438
355 419
417 13
775 580
1092 53
282 113
670 157
1108 387
182 104
1047 447
939 663
179 62
500 253
267 111
1214 303
1101 39
191 284
1213 343
651 264
860 599
1189 375
658 248
725 518
700 214
650 138
427 273
658 178
113 199
913 606
699 108
262 688
1195 314
635 554
909 684
1027 510
1147 643
914 14
744 207
255 107
301 70
240 298
1049 556
1129 55
1033 532
1141 471
177 224
485 713
1243 311
287 249
266 239
711 149
871 538
163 610
759 615
903 714
259 78
542 430
917 693
1167 635
1050 697
735 433
495 531
1060 531
270 91
689 256
269 497
131 336
502 665
312 69
1017 538
361 415
79 269
942 26
952 496
228 257
272 64
1024 467
971 70
421 596
1001 106
335 61
72 719
1124 221
720 16
219 482
714 264
469 508
214 299
914 56
830 404
166 171
372 691
135 435
236 545
404 545
294 46
156 161
309 682
676 169
288 671
1119 260
162 210
675 200
714 395
191 401
163 203
969 9
1003 78
248 250
239 309
340 271
1043 73
295 34
107 205
1114 193
721 698
688 453
1145 186
1104 6
265 257
53 221
1039 552
1267 228
127 231
319 550
209 171
751 691
388 32
1166 504
588 5
84 275
120 265
1090 627
1093 42
177 175
722 471
717 467
181 154
326 272
783 701
268 544
162 166
176 424
1278 263
714 189
925 113
270 428
371 714
199 252
731 425
270 393
519 518
644 518
303 535
594 206
94 190
1078 126
213 419
657 404
210 232
1138 193
65 237
1133 367
1188 367
760 488
730 428
102 335
1272 302
1187 68
750 697
160 189
989 429
792 553
731 539
1119 303
692 59
739 574
111 343
818 403
366 659
1104 8
901 670
163 189
293 664
518 712
1095 206
233 187
1112 205
603 191
931 453
1105 66
191 292
280 508
1170 46
119 229
308 514
720 709
965 71
130 175
740 627
128 216
714 472
754 642
731 485
612 141
1134 269
1137 265
887 279
126 232
140 412
605 510
1105 203
621 211
830 689
374 4
713 414
379 455
184 317
1238 520
1151 175
642 141
872 612
170 310
223 589
160 278
1150 240
332 710
1061 14
429 514
1149 239
343 341
837 697
1133 269
123 278
349 77
263 463
761 631
716 57
754 306
916 638
751 599
1207 30
73 279
1083 321
706 7
761 531
1125 278
149 296
354 73
1137 213
99 409
60 378
21 276
755 13
994 47
162 322
347 688
819 597
1140 237
299 25
1135 249
1133 200
240 77
177 58
742 465
434 627
783 545
267 154
1163 131
236 96
260 711
1167 49
753 666
231 241
280 677
739 210
1106 210
213 287
1141 532
611 133
912 540
321 14
1125 14
267 143
1084 20
309 716
754 147
626 141
220 249
1226 327
1014 41
543 700
141 612
287 81
793 519
616 275
1234 347
801 524
1194 408
1005 66
318 159
1000 78
739 443
756 601
295 14
317 560
1106 209
92 673
399 333
496 257
1041 69
1116 11
928 455
396 522
188 484
542 247
282 93
807 513
785 563
332 169
844 485
871 695
628 170
734 573
243 431
284 694
882 694
662 595
261 74
203 623
53 236
1098 15
925 712
671 398
130 255
663 398
780 589
680 191
171 215
64 267
467 706
850 550
355 335
747 28
343 5
1172 87
986 46
796 629
1127 400
862 597
1120 38
157 234
881 693
1063 512
1000 573
718 144
691 71
817 488
895 45
925 679
67 217
576 235
1042 708
387 108
731 227
229 432
336 627
713 87
394 40
757 474
886 670
719 704
969 672
654 139
757 677
197 165
1153 243
827 492
153 483
997 483
1122 23
134 416
1151 174
100 336
457 621
1182 555
1079 488
671 12
930 588
110 678
373 409
585 211
279 642
1215 161
250 173
658 23
947 581
600 170
685 104
1117 695
538 32
636 32
326 562
1085 305
707 179
1168 493
1252 294
285 174
877 483
461 683
672 75
1133 363
1217 257
1156 407
376 416
362 694
254 112
1186 308
460 705
263 75
115 325
841 288
663 233
587 216
304 298
1165 386
153 42
1115 421
440 604
830 490
1092 637
576 274
97 237
1215 279
374 706
887 658
1020 537
948 523
652 182
1110 35
355 107
271 112
682 193
312 553
951 384
1064 535
913 690
673 715
1104 439
307 180
388 483
443 503
502 671
111 443
224 465
334 662
723 146
556 287
722 381
433 568
1003 499
395 457
1120 470
1103 39
1186 350
309 70
201 35
728 455
363 264
287 96
1133 358
426 565
295 550
353 315
341 304
262 459
643 258
898 620
1100 604
831 451
217 15
104 442
216 194
591 199
927 643
302 88
702 32
251 219
979 594
1091 524
294 154
589 252
887 552
1153 375
544 272
349 299
1111 415
1139 568
710 165
626 133
635 159
987 522
336 92
226 385
139 175
1222 567
241 390
664 272
1151 363
369 316
270 127
735 89
632 23
758 486
654 90
349 132
1060 682
362 137
187 88
395 20
97 406
731 253
433 24
770 24
783 717
449 502
1157 580
270 173
750 9
875 484
1025 514
982 73
154 569
1222 401
449 660
326 328
963 636
252 104
745 153
270 143
351 404
27 564
1068 425
953 658
204 99
283 142
243 112
751 174
687 9
1082 420
692 19
861 661
323 320
1187 587
171 340
790 274
944 498
298 258
464 709
961 689
1027 519
300 180
431 516
1132 382
350 66
254 115
225 116
431 464
1224 464
1122 592
314 109
825 682
1260 548
923 669
259 92
602 259
222 472
1222 204
1059 700
523 49
780 288
358 617
773 3
1170 395
309 126
757 174
567 288
674 254
1133 465
1206 540
421 36
927 632
1078 659
1164 323
1173 323
1045 503
518 270
789 595
883 688
168 276
247 130
311 371
542 349
661 214
1213 358
1147 343
1158 26
421 492
1094 211
1159 516
788 445
1096 598
1099 581
277 143
334 346
333 126
1243 364
1171 529
1115 264
793 242
649 75
428 531
346 686
759 441
1163 389
1044 515
870 694
271 120
705 293
797 670
1164 382
835 558
303 66
742 204
859 596
1152 458
855 508
710 196
461 688
1120 644
377 457
382 427
355 7
45 459
1152 398
1201 355
1110 400
1232 221
761 89
323 62
191 88
604 246
1100 458
401 681
388 151
346 366
699 181
1174 283
1141 378
372 11
965 54
266 105
321 293
331 102
1123 678
965 498
1188 305
1215 642
694 130
1214 366
922 648
367 380
686 180
332 91
211 205
1094 620
210 84
317 268
371 56
522 8
731 213
759 228
1088 627
1143 492
327 6
602 7
268 89
285 119
995 693
292 38
1031 534
390 90
660 9
683 175
587 134
441 651
253 129
1080 609
396 328
428 564
789 674
391 447
673 188
304 65
439 9
327 97
922 542
1233 295
1086 467
635 148
632 275
407 113
617 245
1212 322
1045 70
1134 708
1129 372
253 104
1166 657
633 263
636 288
454 666
889 544
922 591
506 133
966 485
270 141
1155 572
785 398
906 685
1247 310
1161 527
1209 373
831 518
466 670
614 280
1112 491
1106 429
583 264
295 107
535 304
623 304
1105 508
884 556
313 334
1130 403
459 160
992 608
1054 591
1086 591
883 711
1069 483
681 147
761 216
455 664
962 481
414 479
1192 290
628 145
348 255
1068 661
381 472
1076 495
304 78
699 112
392 50
311 42
333 0
524 571
1135 571
329 314
1178 317
601 256
274 693
646 165
863 575
789 289
1231 288
371 665
467 598
295 87
267 79
362 398
750 116
878 524
367 463
1141 463
191 161
578 282
431 165
1139 382
388 193
370 408
869 666
1136 387
1073 414
739 508
530 290
371 130
1126 355
918 430
1229 362
178 40
12 477
347 174
1228 655
262 88
665 207
341 185
452 4
1124 43
507 705
970 525
854 404
864 507
1149 383
316 282
295 268
128 65
648 113
278 120
760 100
652 179
949 582
66 681
394 492
1221 258
723 264
311 26
422 1
194 63
735 63
695 57
651 130
735 157
541 148
706 148
1136 536
1128 546
451 699
1194 301
413 300
1101 488
1102 508
806 394
1162 394
337 44
716 118
254 81
717 185
152 222
1146 629
502 617
851 512
1213 512
308 304
1210 291
1234 326
719 3
682 7
314 96
230 93
301 155
1223 204
925 649
949 713
897 603
444 633
409 330
1131 392
717 31
714 228
576 138
476 626
953 563
424 548
463 519
263 152
351 450
895 649
430 581
636 300
340 335
1133 380
704 241
605 238
605 235
687 64
1147 705
358 370
1242 342
1162 397
863 501
384 461
962 461
219 84
626 182
900 557
593 257
593 188
410 302
440 647
1217 675
404 504
326 365
446 598
632 169
748 232
383 13
684 61
344 364
1124 460
1079 613
832 548
1081 574
271 195
757 198
332 121
347 67
683 67
453 80
665 297
1206 303
1129 279
401 329
1044 447
371 440
1135 411
487 602
454 637
427 523
465 569
892 573
1107 650
316 129
733 176
257 84
331 93
708 20
1187 317
1177 307
597 265
545 277
332 346
871 414
377 394
1066 439
386 482
853 616
440 617
1151 565
395 87
396 87
408 104
742 97
485 63
741 63
826 189
365 171
1201 247
614 225
122 231
299 232
1221 232
662 212
742 216
317 310
1255 309
749 313
1185 318
526 283
671 265
1213 361
1208 385
1015 444
1143 450
861 592
1187 589
861 612
491 623
845 532
1250 533
952 513
425 563
1231 563
1079 552
1145 715
454 693
455 646
274 69
764 68
338 64
474 73
221 93
692 93
706 123
752 41
709 33
763 56
302 55
316 4
743 143
736 137
690 129
709 173
390 176
598 226
757 203
625 201
1166 327
1234 327
371 334
349 348
481 270
308 269
1128 456
1220 448
1196 481
1194 495
1155 394
1186 384
1138 402
977 625
885 621
1254 609
844 598
856 603
1116 691
489 703
1164 687
1193 687
1208 640
1073 708
272 122
325 115
214 98
283 85
701 81
347 90
249 95
281 73
282 76
396 48
332 45
762 38
756 28
667 27
635 165
625 163
700 163
706 178
750 176
331 156
464 159
727 153
592 133
635 132
754 138
553 202
686 194
617 220
528 248
686 248
758 248
687 242
810 238
397 378
1120 379
1168 381
1209 383
1165 370
1222 357
1172 332
1234 332
365 340
1229 336
338 310
531 310
335 304
883 317
1224 314
334 256
282 260
786 260
319 264
711 281
817 435
962 435
1012 443
810 429
848 408
1016 412
1071 403
736 491
1199 487
1012 501
1221 500
448 455
1206 460
1017 463
1040 568
1106 566
871 557
423 559
1067 558
865 534
1096 534
844 529
849 543
1246 543
940 522
414 512
1152 612
1198 632
942 628
986 577
423 590
1117 590
426 587
474 605
865 605
1067 596
480 593
925 642
1094 642
452 647
1145 650
862 652
896 665
1076 671
460 683
466 673
472 673
1082 672
448 698
892 696
904 688
1079 688
469 716
456 707
1161 359
325 355
341 354
377 377
1217 374
1217 335
347 334
1234 334
366 330
1189 344
318 278
311 274
1243 283
556 266
716 268
739 268
311 297
793 310
1113 427
1103 424
1154 409
1144 413
1270 401
1091 472
1226 473
1214 478
653 469
974 459
1092 505
1158 496
1028 492
788 494
838 490
294 97
709 99
291 100
246 106
298 107
492 107
530 104
625 127
249 123
407 123
659 118
418 114
481 86
323 81
135 90
280 91
295 89
270 78
644 79
254 77
783 64
346 21
472 22
409 25
552 25
692 25
365 24
722 24
406 26
719 26
793 26
716 15
409 13
745 0
508 3
701 4
665 7
179 50
637 50
665 50
272 54
291 43
772 43
440 40
442 40
305 45
308 44
767 46
280 36
690 208
279 219
609 193
750 193
1236 193
697 192
712 198
763 198
284 234
731 234
676 235
513 245
664 248
1247 250
757 173
290 172
602 170
628 161
735 161
729 165
750 164
660 191
690 191
641 188
624 187
1233 186
640 184
686 178
753 178
741 180
686 158
726 158
702 159
259 157
683 157
330 156
291 154
586 149
726 149
275 150
635 151
268 140
644 140
601 141
729 143
308 138
631 138
430 137
251 128
258 129
681 129
1072 569
1075 569
1088 571
895 564
1104 564
753 560
996 560
1085 551
854 558
783 552
902 536
1119 536
1223 541
1155 531
1078 535
404 521
1063 580
973 577
1163 577
507 584
868 584
427 588
885 588
1094 600
1185 600
1080 601
1088 604
1118 604
472 598
1094 596
916 593
872 625
493 626
863 628
1160 632
943 635
1039 613
1158 613
1060 616
474 617
436 618
474 649
1129 649
1089 654
537 645
1137 645
917 668
451 664
453 664
50 666
1148 658
481 662
922 677
1198 679
1062 674
1052 675
873 686
896 690
469 691
1088 689
1077 692
1046 696
461 699
1122 713
933 715
488 718
1068 704
1185 708
349 377
1185 377
1189 377
375 374
1141 368
1161 370
1228 362
1228 365
316 322
328 322
585 322
1215 320
1145 349
1225 349
819 337
313 339
527 290
579 290
753 300
344 301
677 301
1227 303
315 318
348 314
1248 278
718 272
289 284
105 256
731 256
316 264
839 403
1003 402
1086 405
1145 404
1093 406
375 412
1133 397
1209 397
364 396
1000 396
350 391
337 386
1004 444
370 446
1033 446
1075 443
1001 442
1009 441
386 434
999 416
1002 416
823 425
1153 425
1160 427
1182 427
1138 426
1086 428
1120 428
415 480
995 481
1118 486
197 493
420 498
1087 499
1024 496
1092 496
742 477
951 473
1018 472
394 469
1076 469
415 459
1020 459
608 457
385 106
642 105
239 109
709 102
333 103
344 101
257 100
703 98
269 118
757 119
437 116
234 113
202 114
228 114
334 127
390 127
256 125
274 122
587 85
754 85
126 83
392 82
134 91
339 91
752 95
693 93
757 71
281 74
242 72
751 47
359 40
743 43
374 35
532 34
288 37
767 54
419 53
366 48
294 56
675 59
252 61
440 28
513 28
698 28
329 27
734 27
359 17
604 17
724 17
753 18
115 15
726 15
1114 13
350 8
674 9
1083 9
718 10
753 0
382 7
1090 7
601 203
701 202
746 202
399 196
605 195
567 192
597 223
1097 220
633 219
678 219
737 217
145 210
628 211
288 229
519 224
625 225
76 232
1242 234
625 237
593 249
705 249
610 253
544 244
730 243
1219 243
718 152
272 153
651 153
656 153
336 155
661 155
687 154
273 148
439 148
664 147
747 147
292 146
750 135
717 131
291 130
558 136
672 139
272 171
282 174
368 173
199 162
721 162
354 160
675 160
287 179
743 179
1225 183
727 180
276 188
834 534
419 533
461 530
894 530
396 531
876 543
919 536
1063 522
998 520
419 527
427 515
949 514
463 570
1108 568
284 575
1058 565
913 566
1205 566
448 561
862 562
519 549
1084 549
944 544
469 576
354 578
426 579
868 585
1100 584
1134 586
1222 590
1112 606
1133 606
1067 593
1126 593
1091 594
860 596
863 599
462 609
886 609
912 609
1021 613
1040 614
923 619
1027 617
1184 617
1182 621
1230 620
11 628
1130 629
32 624
25 635
1080 637
501 653
965 653
1060 652
853 649
439 641
449 641
1076 644
1122 646
457 670
1005 670
1128 670
501 671
1122 671
1105 669
924 661
1142 661
908 703
1125 703
1059 701
776 689
908 691
1091 691
1150 687
889 684
337 711
1082 710
1140 708
1042 713
625 277
631 277
670 277
221 272
581 272
414 283
785 283
1234 284
617 285
634 261
121 262
695 262
301 267
608 264
1185 317
1191 316
946 309
332 301
360 298
474 289
636 289
634 290
747 290
1191 291
111 332
354 320
612 324
117 338
316 339
427 341
444 341
169 340
339 344
1183 344
1175 351
219 380
331 380
170 377
1127 377
1172 377
1205 378
369 372
1134 373
408 361
1143 361
1140 360
1165 360
155 363
797 364
372 357
1185 356
545 353
414 492
832 492
1085 492
1178 492
1052 493
211 485
999 482
398 504
1027 453
419 452
736 459
1084 465
998 479
1141 437
1157 437
1144 436
371 443
347 427
1103 420
373 423
1189 390
1164 391
343 389
1146 397
383 409
1175 414
170 407
651 111
308 109
360 106
440 104
264 96
302 96
646 96
381 97
517 98
645 102
255 101
348 100
657 115
242 114
736 114
242 125
338 126
254 127
264 83
238 87
746 86
391 85
161 91
214 89
131 77
665 78
377 72
239 75
276 66
536 66
509 67
653 1
718 5
354 15
648 12
929 30
919 21
733 41
1059 40
218 44
706 44
350 36
733 36
640 34
724 60
294 62
269 58
253 56
557 51
197 207
599 200
722 200
116 197
1222 197
139 199
631 198
267 195
589 216
787 215
142 214
743 230
193 228
202 224
636 236
646 236
755 237
738 239
65 235
105 234
34 248
711 249
580 253
301 252
410 246
291 242
217 241
410 173
597 172
526 171
656 171
693 166
663 160
294 182
266 176
702 187
769 184
738 190
231 129
256 133
420 133
276 140
707 140
740 142
323 138
277 144
285 144
313 144
645 156
254 153
171 155
434 580
791 581
420 583
479 586
848 586
463 585
799 591
917 602
442 601
797 592
1117 627
449 628
938 635
459 540
1046 541
1131 542
292 536
1128 536
881 535
1179 530
1234 518
802 513
926 523
597 526
873 526
1135 564
1171 564
119 566
957 560
786 562
1209 562
941 546
1058 545
431 548
1023 549
459 555
998 552
896 559
899 559
1023 559
1201 558
1117 690
897 691
465 695
568 698
874 701
791 677
279 680
993 685
398 686
283 653
1047 652
1205 645
443 641
302 671
902 671
1063 668
470 707
479 705
868 708
1159 711
792 718
916 712
1141 712
982 102
783 97
215 98
476 111
266 108
679 105
940 113
379 118
627 119
1003 116
323 121
243 76
321 66
1196 66
239 65
452 87
321 90
349 3
658 3
1090 12
367 8
1107 18
324 39
751 33
1165 193
732 197
197 203
697 221
1093 232
1202 236
1122 254
1114 242
132 243
742 156
1016 137
627 136
221 186
722 187
682 188
621 179
108 167
307 306
462 304
750 304
798 304
740 308
302 311
648 311
1091 314
594 313
314 302
784 293
1234 275
1223 274
1121 280
143 262
139 263
1129 261
635 260
756 258
1238 264
719 267
717 328
112 320
1221 320
351 343
1144 343
338 341
1146 347
1146 382
1202 382
163 383
497 381
343 376
128 377
708 378
1136 364
1208 364
352 357
1170 359
327 352
635 410
1019 410
1079 415
387 414
732 404
1170 402
921 399
1127 399
688 395
165 388
289 428
817 428
732 426
318 417
370 416
1096 416
1008 447
963 442
1023 433
1037 434
1141 434
1002 435
851 438
722 460
735 461
1019 448
395 475
137 472
194 473
763 482
1069 482
895 480
767 487
763 493
422 492
1038 495
85 505
811 510
1061 501
602 497
413 589
1210 589
934 585
304 578
274 607
353 606
1008 605
952 630
1063 630
524 627
798 633
1201 633
1204 633
1049 615
794 613
1044 611
332 623
466 621
473 616
237 515
776 512
917 543
925 541
1110 534
897 552
218 567
960 697
1174 697
235 703
354 700
949 689
818 649
373 644
1123 661
1167 658
904 666
447 668
618 705
898 716
1117 713
248 98
950 98
746 116
640 83
305 82
312 49
785 51
1219 51
442 52
765 57
1083 60
936 43
1083 40
1133 13
697 24
722 26
1167 23
712 218
762 222
207 221
640 203
1101 201
168 207
695 207
685 206
179 226
755 226
680 228
100 239
752 244
658 188
588 160
552 139
669 157
1082 151
285 146
188 356
174 352
1230 323
212 312
487 311
234 298
297 278
667 273
727 264
995 445
1080 397
406 510
397 507
270 519
677 556
1139 556
235 570
1068 602
760 581
439 632
876 614
1255 614
322 690
342 697
410 675
345 45
510 60
283 13
223 99
631 216
945 133
1223 611
1081 716
789 482
1136 383
764 240
789 557
900 519
425 595
733 467
962 115
790 641
1051 694
449 701
299 101
1063 698
515 645
1039 697
456 99
680 13
368 128
1136 449
196 226
1054 700
725 135
803 389
454 571
1163 631
299 201
912 613
1208 431
225 491
735 496
104 372
138 87
70 270
711 447
1018 469
256 479
135 193
970 0
1121 52
1116 295
445 534
912 459
449 657
1211 675
302 673
1181 323
139 279
872 710
1167 50
214 227
748 188
860 647
312 237
1128 270
869 622
156 233
670 138
963 698
579 248
174 324
814 704
1028 431
125 318
246 90
163 269
297 102
545 666
337 68
725 81
1088 696
456 584
186 361
670 17
1137 17
710 206
715 360
62 260
1103 313
332 696
734 549
1128 36
190 234
334 325
294 633
1171 712
357 363
143 332
1162 194
804 545
974 705
730 43
1175 39
1018 101
1005 151
126 229
238 221
649 598
459 604
733 689
332 702
244 482
786 487
763 457
182 460
202 374
659 137
180 49
284 81
400 548
900 566
807 514
780 653
134 670
727 425
841 434
346 340
169 211
300 253
475 22
1164 574
349 698
71 258
711 284
426 469
706 215
885 599
252 36
396 479
209 102
747 652
1080 5
882 667
398 449
347 3
918 567
1229 83
183 196
921 21
371 674
762 420
421 576
305 515
702 191
311 119
737 586
239 424
1071 519
1123 519
217 513
417 550
366 392
212 60
619 187
104 344
409 108
91 217
331 388
381 367
584 199
720 440
793 510
955 710
1133 660
144 480
1125 715
944 101
306 306
768 422
1096 22
223 533
1223 655
1172 284
629 289
450 611
886 682
232 305
1121 33
1168 343
368 421
247 109
188 243
831 496
933 29
664 230
1268 305
72 256
1273 232
85 236
734 189
743 693
409 212
1200 592
139 360
673 282
153 325
1150 228
1214 369
187 392
1146 36
364 72
1254 569
79 251
769 582
147 291
252 121
1057 556
335 355
1029 502
224 192
641 519
338 323
310 318
934 277
567 449
993 436
215 457
163 211
1215 63
1219 471
734 136
727 645
1061 685
649 462
697 395
785 270
606 182
584 475
764 435
291 134
1136 350
244 319
1067 58
445 646
140 250
181 405
656 164
806 496
156 178
129 204
1060 572
504 417
1111 34
262 222
224 481
783 462
157 345
887 623
1192 486
1119 528
878 656
147 581
197 271
688 645
1194 543
673 214
960 3
395 81
266 574
1071 479
139 222
984 47
1026 455
1113 19
804 544
457 635
877 555
940 629
775 676
963 129
166 377
743 425
284 87
289 645
628 494
309 279
859 671
744 179
699 358
755 270
1250 270
441 644
309 277
768 718
877 492
826 319
765 269
460 6
873 539
359 374
172 388
1106 642
228 267
1097 301
703 367
719 97
579 206
97 205
655 192
750 55
803 517
279 131
459 666
968 133
650 284
308 14
286 184
1131 403
555 164
1004 468
444 622
1185 47
1277 200
334 30
235 92
929 110
128 309
367 119
394 91
372 692
734 145
471 633
869 706
987 75
933 704
1153 220
585 623
650 26
355 536
927 716
890 547
300 154
157 310
222 579
1111 13
1083 719
1122 628
104 322
1184 706
466 610
316 88
973 62
321 30
852 541
907 696
1132 266
1158 175
1041 433
1134 630
351 543
244 68
866 642
718 512
372 436
775 599
154 207
1163 59
647 276
43 285
219 375
181 486
681 392
351 555
1001 18
679 200
1201 345
351 379
603 548
770 649
344 685
362 704
703 23
195 164
314 615
339 62
149 168
1102 165
684 197
976 458
727 188
41 265
1092 18
334 47
674 47
202 262
316 154
533 273
421 509
1119 240
304 311
763 483
797 520
77 242
150 224
247 73
739 413
926 297
762 487
994 580
1091 14
716 386
602 19
875 633
250 599
739 118
249 106
1112 29
704 395
170 101
309 271
214 545
1089 311
1120 217
1134 382
608 386
978 701
728 494
1147 15
318 707
114 370
335 26
137 211
444 613
682 394
1082 419
790 646
578 35
597 164
283 109
415 718
786 712
615 250
1017 63
1097 398
126 203
1195 340
1143 186
174 196
271 83
742 492
743 420
1204 294
360 708
286 158
239 385
1100 490
382 473
162 219
135 253
1044 477
1065 61
207 91
962 584
1150 248
333 18
1178 387
161 258
301 655
604 241
144 311
1081 41
1084 41
307 686
1150 34
1114 237
107 635
1139 350
760 639
1008 456
483 542
242 514
219 175
231 266
804 590
1196 656
113 233
1111 24
733 474
293 570
270 121
744 583
860 587
958 560
198 195
342 700
754 415
438 575
770 700
707 257
731 231
854 662
894 684
69 308
198 448
861 603
328 676
1214 74
225 225
789 568
866 651
183 406
818 655
957 65
994 145
112 268
328 705
1189 443
221 303
67 272
853 489
561 431
1135 503
1153 255
1008 586
1116 706
119 292
306 523
119 296
337 572
233 416
767 613
768 674
150 259
362 413
130 219
745 219
972 49
128 238
151 517
1082 22
777 626
158 231
1221 16
283 430
773 487
870 682
1109 681
1220 542
274 669
127 209
592 172
225 523
265 616
1256 553
382 307
442 648
755 633
1127 216
790 706
1141 106
1092 678
1024 424
1136 36
733 223
294 584
693 43
1218 215
318 290
989 607
180 207
444 528
237 196
131 334
428 426
663 188
711 415
49 523
666 136
1186 291
855 571
1123 29
412 598
189 310
237 181
878 541
991 416
1006 570
727 108
860 575
125 347
640 546
1134 32
827 385
359 440
127 311
1107 231
875 653
710 307
678 204
199 204
80 220
163 215
228 453
805 572
246 227
654 174
699 163
1277 268
1158 16
920 568
868 612
193 194
139 332
263 688
292 65
754 690
275 183
1219 187
698 138
383 125
670 161
470 713
268 447
1267 240
553 402
167 193
129 173
535 342
696 392
214 433
642 407
176 262
1069 538
1239 477
942 75
809 572
165 203
379 13
631 564
727 509
235 201
264 82
808 613
156 223
728 68
790 527
838 399
314 360
668 417
1041 501
1205 64
903 698
1126 247
59 244
493 566
786 589
1220 185
963 591
1163 41
905 638
758 622
185 519
199 112
1071 643
630 520
148 163
783 700
1016 56
346 306
158 292
126 236
318 614
1038 55
898 628
141 255
909 473
904 713
531 252
149 278
94 460
479 161
177 378
1132 260
157 238
986 147
349 398
1079 696
746 203
586 509
711 49
726 426
381 497
745 421
1026 50
738 435
1096 45
1127 40
995 92
88 618
1273 196
255 566
217 511
935 88
1132 255
1162 229
800 526
199 194
284 73
787 468
676 421
915 534
1170 534
1114 445
772 668
545 29
1123 37
89 245
765 455
306 548
318 680
844 544
1151 12
201 210
161 188
161 173
715 408
1116 9
1274 249
168 391
1116 444
97 272
710 441
247 472
85 281
1269 161
1212 49
274 621
1136 51
197 231
1149 35
732 577
801 492
800 555
440 638
1190 52
718 243
135 229
641 114
770 572
937 520
1164 520
157 216
880 570
216 182
660 433
782 668
105 334
1143 414
987 588
774 671
231 464
659 67
1023 118
696 99
665 211
1052 169
259 650
450 641
779 638
169 583
265 597
198 202
162 130
214 402
715 388
176 494
188 605
756 567
1113 539
779 712
782 650
690 268
770 451
757 579
295 552
860 640
801 641
81 221
1147 56
1098 287
725 469
279 427
992 416
1032 80
510 481
986 449
86 374
753 555
426 621
418 542
369 652
1073 472
223 226
241 214
160 207
519 614
822 684
208 184
296 492
1169 659
590 318
990 578
586 568
1041 464
1144 197
974 28
70 607
741 681
910 694
347 686
190 216
111 301
943 87
222 191
569 283
1152 50
633 575
192 184
733 484
81 302
749 445
755 719
339 683
737 215
300 63
142 370
332 328
983 111
118 266
1127 29
126 251
337 0
400 462
272 10
202 222
243 221
323 691
1051 87
218 74
361 689
1100 15
1154 144
1117 315
942 3
359 388
177 508
1114 204
461 637
796 509
168 237
766 676
90 248
301 450
1180 49
309 622
1064 337
266 602
472 714
63 239
123 292
708 409
976 96
424 361
1174 49
1033 158
785 601
728 424
99 264
115 211
823 624
165 403
766 677
121 354
1158 66
835 675
76 218
786 639
793 631
531 431
1189 431
315 447
182 617
119 220
992 182
731 661
1085 49
191 303
166 203
673 88
796 687
1114 39
220 524
735 483
198 319
1223 208
500 159
226 540
270 98
780 266
19 415
883 574
949 48
698 378
303 433
174 275
776 501
282 224
1151 370
369 128
68 264
195 586
1099 323
188 398
753 462
146 259
227 278
320 292
359 123
1231 643
1016 125
1137 183
888 593
70 229
172 222
599 251
891 15
336 713
135 222
175 170
200 543
1171 61
96 461
201 467
730 568
81 237
591 622
771 636
1134 34
736 582
271 455
115 187
756 614
51 304
636 262
1167 345
1160 241
331 94
665 459
738 470
240 576
119 429
268 663
1140 169
230 597
182 175
761 584
750 536
415 656
769 711
720 389
88 311
1137 239
697 171
740 649
218 555
264 258
230 378
352 373
1219 45
261 450
437 712
1089 35
284 605
850 605
986 120
792 700
130 285
113 509
328 128
1105 20
1156 20
1157 208
1127 227
810 549
1127 18
499 715
145 422
968 174
201 604
856 655
932 14
199 362
1108 70
1081 7
921 623
152 253
472 656
181 244
777 616
50 221
424 542
1130 54
267 694
409 683
936 527
273 121
1143 33
604 149
173 246
130 259
720 382
926 47
1131 55
101 244
724 718
1002 65
904 197
893 668
657 243
707 442
266 225
1081 329
1161 694
317 625
433 524
237 514
128 189
169 426
1231 372
766 144
786 609
1272 247
1186 1
850 533
206 540
231 202
765 627
16 278
764 277
1172 81
1113 278
320 478
352 412
653 527
831 680
990 121
234 434
311 611
742 471
132 24
197 75
1114 62
785 695
1060 191
999 130
778 612
1111 39
1107 199
946 387
183 336
369 623
978 81
716 417
152 159
162 206
181 258
640 441
730 697
189 237
739 569
134 231
145 472
43 400
71 219
257 447
1117 40
146 172
1082 224
242 704
1100 182
689 210
201 211
732 520
746 426
986 129
136 218
170 215
56 192
1169 65
89 201
282 577
916 24
1066 24
1152 99
986 76
227 493
135 185
780 516
213 457
776 605
364 561
508 498
1255 66
1134 360
927 61
838 719
342 651
95 288
179 607
154 275
124 343
299 494
711 397
225 479
977 119
751 448
150 448
246 85
1145 202
83 269
477 556
351 25
176 195
1081 277
321 22
108 175
176 213
784 650
347 310
960 33
233 371
741 661
868 613
1065 160
190 211
1184 57
81 244
716 425
776 496
742 413
336 373
131 246
766 524
1052 42
310 483
174 173
116 287
703 286
93 286
705 481
1108 206
369 711
1078 18
1111 263
437 41
268 421
740 410
782 532
508 143
1115 277
840 703
949 26
248 387
226 176
248 500
743 496
259 489
754 460
127 175
369 653
426 571
397 547
790 538
1160 185
175 376
627 567
1068 696
105 158
760 593
1146 26
1120 186
264 524
158 278
779 475
917 12
636 224
647 190
944 47
328 596
1182 60
134 371
1192 37
410 307
233 331
39 214
130 229
755 581
295 82
730 391
1176 57
134 519
624 661
418 713
82 261
761 520
992 464
1103 223
695 83
762 524
1117 280
772 459
894 691
1105 287
628 242
917 29
1024 457
756 553
686 45
907 655
554 256
669 203
269 294
168 363
761 539
154 276
833 661
299 82
738 597
464 718
281 413
81 297
831 548
1143 623
217 650
73 269
773 657
310 628
448 651
781 592
144 354
668 703
467 507
147 435
775 709
286 226
317 612
341 311
642 159
142 232
202 570
1201 221
1075 78
1112 311
1269 233
255 316
285 693
707 373
1082 52
111 231
370 360
635 279
306 422
405 528
386 442
448 625
1087 4
1253 516
711 405
339 17
737 605
1102 27
649 127
311 580
1147 41
1182 319
181 283
810 524
199 413
271 483
447 538
359 651
1090 695
755 680
342 544
154 268
329 525
992 153
1197 292
333 680
1078 23
983 16
1153 77
1130 35
744 432
180 301
157 289
137 226
828 718
283 49
387 664
733 205
683 675
1121 262
535 280
447 510
316 298
719 208
193 392
264 474
1123 46
367 413
631 209
686 188
138 218
326 616
153 460
985 112
794 547
449 551
239 537
1176 507
207 117
71 217
814 681
1034 85
384 444
102 213
819 636
1054 57
1177 356
996 123
276 83
943 83
788 499
149 219
107 211
745 424
791 682
178 545
916 693
537 372
573 432
1142 426
925 73
1109 258
1106 399
141 200
1068 262
362 709
486 572
204 207
209 264
940 103
446 538
756 24
478 700
75 244
1110 207
1095 299
583 591
913 542
549 140
1132 615
583 223
787 500
314 714
486 601
742 399
1254 554
699 301
740 389
802 588
1074 699
1120 17
759 597
112 345
1166 58
783 465
756 586
700 135
59 221
150 349
121 247
183 214
111 259
222 278
608 278
1228 181
865 685
1138 424
692 404
373 394
768 655
504 697
126 224
1113 49
1173 164
1080 25
758 615
680 181
988 19
163 214
271 472
1008 512
813 683
1208 60
1135 369
724 57
273 79
933 16
181 353
465 544
311 130
1141 552
1132 367
566 203
731 580
828 412
1142 698
1135 445
1177 379
158 228
887 693
404 372
208 5
800 623
844 608
619 217
552 216
163 319
251 673
1204 390
645 243
768 604
379 465
343 58
835 538
817 418
792 537
400 514
1132 425
757 653
151 375
945 79
1278 335
1115 520
95 385
847 493
256 75
1213 571
456 703
904 467
1141 624
173 355
861 579
350 419
659 70
684 176
1098 486
247 484
1154 453
145 491
1005 715
835 547
328 330
223 73
334 41
394 471
1177 581
596 186
193 76
948 540
1224 298
1232 263
284 94
885 613
1111 271
1169 394
584 148
290 97
299 91
885 426
185 90
1018 42
1258 321
622 179
326 19
1240 232
480 682
829 396
795 515
423 529
415 77
1160 350
960 26
319 260
91 239
122 291
391 15
1225 214
466 603
390 684
735 253
400 43
561 271
427 551
676 50
463 201
574 239
1012 425
222 22
271 110
757 142
351 336
650 180
746 164
445 624
460 569
974 550
283 114
1167 639
383 53
312 230
314 19
207 93
256 93
1183 327
744 473
1085 289
969 407
311 166
684 140
740 299
967 299
647 187
355 680
668 113
1085 424
529 444
1091 414
715 68
649 225
1087 423
1138 561
632 56
1091 17
1129 535
797 684
50 692
1155 216
298 24
636 242
784 679
1133 443
458 548
160 62
468 52
542 121
1194 286
125 247
935 555
1173 421
264 81
361 352
277 237
100 331
