658 330
952 659
432 212
1267 344
925 666
814 305
589 123
763 235
386 80
391 186
1260 522
1232 266
246 116
346 323
1174 388
653 578
117 360
589 261
866 210
441 503
51 573
709 55
92 291
546 160
62 535
770 129
164 518
310 660
601 257
97 94
414 460
648 598
747 26
226 501
124 207
587 410
590 219
1056 131
1120 199
613 350
723 350
1061 463
149 630
872 30
761 81
746 658
1022 455
993 547
569 365
463 654
499 386
547 648
231 311
556 0
618 557
1270 398
1062 226
331 187
831 349
398 477
230 707
167 140
936 419
576 699
689 599
604 704
1248 490
347 358
478 717
33 547
631 613
174 652
1244 710
404 10
1150 198
346 378
255 428
469 46
439 460
1182 230
597 443
849 123
688 120
108 482
509 170
504 447
413 692
797 291
969 279
738 694
531 161
237 111
55 172
80 188
654 668
453 398
228 697
1100 695
452 719
649 597
148 692
537 121
613 128
210 57
912 134
555 562
