268 204
1034 131
562 486
916 308
1001 670
617 71
70 261
766 344
1055 227
664 588
843 310
907 143
633 36
191 525
443 469
454 449
665 601
769 183
920 66
719 119
466 94
29 354
536 715
629 92
64 326
783 124
140 148
155 62
9 19
1250 57
858 470
906 421
1185 606
329 25
315 229
618 109
1019 112
935 76
602 375
727 323
1221 241
845 88
857 20
678 507
235 479
1196 216
361 374
1016 74
193 399
1179 72
15 217
1023 56
79 594
657 250
940 96
455 433
665 509
243 297
58 251
1255 158
1268 660
906 642
933 291
517 50
913 318
1034 246
913 550
218 515
739 533
765 177
824 69
142 715
189 482
656 224
480 688
15 555
513 103
895 131
457 139
843 714
946 668
1226 446
115 188
336 472
613 669
548 7
593 171
310 81
