528 712
1127 151
657 607
166 542
942 642
850 199
831 603
800 82
863 23
477 11
970 228
782 561
563 473
1241 150
1214 345
590 445
642 380
349 331
790 671
349 625
171 674
674 690
183 94
309 365
916 22
984 416
858 393
137 241
313 684
446 455
208 167
430 9
844 48
582 275
209 105
243 630
798 164
573 202
971 157
618 319
1032 566
129 525
16 462
956 533
250 112
880 137
599 318
871 231
986 41
246 639
240 455
976 194
56 631
677 666
478 257
990 461
432 110
197 443
1020 467
335 707
618 76
205 79
1002 149
534 595
747 81
780 375
723 190
848 72
659 80
265 487
599 22
432 718
381 674
822 315
175 107
701 308
546 661
29 345
722 422
273 473
