444 31
379 24
532 208
869 349
885 275
956 158
644 641
585 33
206 112
746 248
765 502
608 639
804 39
288 196
1088 542
1108 298
1182 20
901 35
983 81
611 144
774 463
1058 154
449 459
999 57
436 197
660 517
1264 621
481 271
926 567
838 443
1170 156
832 409
290 509
879 400
1116 91
1037 217
639 657
540 264
973 545
644 1
513 642
667 500
885 117
567 363
8 471
468 440
826 633
1135 232
212 628
797 463
469 248
953 464
1110 131
756 597
93 160
510 71
1107 126
625 13
864 167
538 229
467 484
812 450
859 602
486 204
649 203
995 44
645 535
263 657
211 541
921 123
537 712
299 676
100 539
91 162
1276 275
132 260
660 689
220 223
732 533
1179 265
1221 257
449 551
984 31
1164 57
685 96
571 668
854 166
956 115
757 155
674 510
380 389
818 71
638 13
192 260
1049 29
424 487
409 153
91 697
1003 187
562 301
463 143
1017 574
1162 88
922 40
390 351
448 48
188 113
806 461
413 681
360 485
450 161
442 83
72 367
834 674
1043 46
450 259
291 46
448 374
1167 55
185 16
667 63
833 649
528 88
681 692
535 145
781 141
315 139
740 85
985 223
196 684
905 76
926 280
1143 265
567 134
709 57
160 319
1042 558
540 46
443 639
978 276
894 283
385 255
53 325
355 110
1131 111
726 608
457 688
232 95
519 66
1279 208
863 441
740 28
1155 547
