1064 112
396 172
824 655
942 121
1217 44
307 469
471 640
1085 169
725 658
1268 227
1012 712
732 303
555 347
537 687
184 429
542 141
87 214
491 309
1112 125
112 623
343 276
332 548
322 692
87 249
259 102
453 445
489 547
1009 98
783 392
474 517
434 622
496 624
1263 538
432 473
977 100
1200 226
91 593
220 36
175 224
752 668
1251 279
937 218
798 427
1199 473
1204 335
879 27
537 293
612 27
1179 321
518 268
1255 360
715 60
392 282
1102 622
1163 662
78 490
220 545
875 430
112 343
1194 236
938 12
891 175
591 682
233 111
651 204
884 310
932 97
734 102
869 184
1027 144
590 643
873 590
