415 548
118 224
539 531
953 703
376 115
839 48
38 299
1096 123
632 322
1003 284
269 50
955 653
209 137
115 442
910 288
587 181
372 92
746 112
1053 431
104 68
266 125
102 652
161 585
559 637
780 559
297 119
182 541
729 291
411 651
793 573
664 591
1118 229
350 611
909 376
234 640
396 546
1160 639
714 459
1117 324
1066 219
686 697
843 173
1050 511
891 352
932 15
144 453
1171 140
603 257
466 149
648 155
345 20
949 50
448 546
624 146
1205 355
133 530
1163 687
489 416
814 151
598 675
1111 335
422 646
134 22
470 295
797 202
1098 2
1009 135
741 206
966 6
141 272
916 23
