245 100
290 160
432 60
239 37
972 222
328 130
266 62
274 184
278 138
208 213
163 40
305 118
269 69
249 184
280 38
272 141
269 199
187 172
269 70
258 230
236 97
268 160
283 112
274 107
283 129
244 131
174 36
282 153
234 38
180 27
236 143
274 203
304 108
246 15
264 152
300 231
279 122
334 168
295 194
776 152
305 17
318 113
233 54
239 19
243 48
275 121
286 26
243 102
272 145
277 219
175 96
277 131
163 167
1134 248
320 144
225 109
85 234
280 57
250 236
215 162
260 149
249 17
243 177
254 77
250 91
236 84
164 50
256 79
293 144
302 252
234 41
227 22
227 166
265 98
288 128
326 145
246 43
289 203
270 50
264 159
201 33
247 41
235 6
259 159
227 140
279 126
217 26
303 182
252 168
163 373
126 152
263 29
234 119
255 74
291 132
307 86
280 186
302 187
237 226
266 155
213 1
280 162
232 133
294 77
314 149
51 247
261 49
294 182
282 197
771 714
171 157
295 159
312 199
304 187
268 182
191 139
290 8
841 588
266 183
286 59
243 7
246 107
201 90
274 162
217 162
264 193
241 194
305 83
243 155
228 148
289 173
237 31
247 235
200 106
186 86
291 117
240 211
253 227
252 210
279 24
207 198
250 10
241 211
254 207
313 140
295 215
256 218
271 194
483 603
269 139
280 159
161 92
901 632
290 44
58 244
192 144
260 10
971 161
176 136
75 213
302 69
294 118
237 158
296 167
272 122
255 53
282 184
308 174
260 169
232 24
214 24
286 193
173 97
244 219
326 159
242 81
289 127
279 133
164 135
234 29
296 115
230 40
279 68
238 223
231 217
280 69
257 121
174 26
274 71
223 172
290 181
259 134
137 76
207 91
285 172
218 18
263 157
296 50
223 43
207 127
234 19
255 141
288 153
301 94
474 96
238 3
223 91
162 175
273 137
268 79
277 23
302 205
257 171
275 188
268 15
248 181
245 37
252 105
214 107
303 39
299 117
261 172
267 168
301 47
167 78
254 51
250 5
279 159
299 78
133 53
326 203
291 34
245 139
204 89
206 128
299 153
254 194
241 38
242 191
268 189
270 60
271 208
209 285
327 215
225 159
231 130
160 137
268 44
202 135
316 171
258 164
273 154
140 166
244 116
175 109
285 71
273 12
237 161
265 229
321 92
325 203
266 148
282 108
54 274
293 67
202 25
283 158
234 162
873 625
176 201
278 202
308 66
288 110
204 156
271 73
292 159
290 105
224 5
220 106
281 95
303 134
264 15
228 126
205 45
909 183
265 4
135 173
272 160
258 225
266 44
125 103
174 216
136 83
303 104
162 41
259 243
271 199
298 61
224 211
165 176
270 148
302 139
256 3
291 190
260 151
346 178
64 266
245 241
292 86
277 25
252 188
278 111
193 177
270 247
318 117
292 66
178 102
332 116
78 206
290 186
261 152
287 171
178 34
179 21
252 207
223 150
186 93
292 155
286 246
305 179
275 109
270 19
279 175
264 4
256 181
291 76
291 47
316 99
266 39
263 229
160 35
239 233
246 231
259 100
237 117
247 52
250 210
90 213
179 28
226 183
239 85
289 99
273 30
223 24
237 166
244 80
250 131
300 175
210 27
243 129
128 118
237 221
222 232
292 69
285 121
278 95
64 280
188 23
334 157
244 208
320 109
315 130
255 113
285 164
262 100
272 129
284 90
264 131
293 166
213 167
268 110
263 233
223 14
310 179
282 91
80 256
314 226
265 42
247 233
287 214
303 178
279 164
301 76
252 257
215 70
262 54
221 134
68 234
240 263
281 112
225 152
241 206
231 68
278 136
288 172
263 222
238 198
68 268
279 222
310 150
292 162
221 174
164 172
171 172
303 87
217 4
257 27
243 70
343 150
241 191
208 87
306 114
250 160
253 179
322 86
240 215
268 217
199 101
234 164
251 94
238 63
284 72
295 92
265 201
63 352
194 179
277 206
252 229
259 153
260 0
268 31
246 159
246 16
220 238
265 56
299 132
252 224
242 168
300 158
229 165
293 105
292 101
287 108
270 135
336 127
238 61
142 204
206 3
254 3
304 155
237 94
292 4
69 265
256 214
221 123
283 60
217 222
231 117
310 162
311 97
207 232
187 74
290 176
317 238
262 36
181 152
277 56
280 56
239 101
232 15
197 11
201 150
266 64
206 205
241 110
268 161
256 185
189 94
232 57
124 39
341 173
319 78
191 157
338 137
203 85
220 172
171 151
282 98
178 48
212 157
262 107
298 65
258 208
242 174
257 167
229 239
92 239
272 66
76 291
162 19
210 106
237 214
227 150
70 266
304 144
193 178
181 172
194 136
294 145
258 57
266 48
277 6
317 120
263 73
95 286
285 131
268 108
264 163
292 147
275 158
264 5
254 186
79 189
296 190
241 256
239 199
199 28
264 166
324 156
300 88
241 219
259 122
84 143
277 207
250 81
19 304
329 186
258 281
286 177
93 236
290 74
261 104
88 334
255 161
274 190
199 123
271 115
296 75
317 115
221 24
296 193
247 49
294 173
245 70
280 66
288 103
304 245
264 65
259 204
257 230
212 154
227 4
120 44
340 190
205 35
249 36
244 1
197 207
58 251
196 120
270 182
166 78
306 76
233 84
329 141
284 64
252 108
329 128
266 241
210 89
280 130
241 163
212 88
545 627
296 158
267 68
214 84
186 36
254 174
261 281
221 20
273 160
297 82
269 231
276 183
196 110
270 165
256 170
239 196
126 36
246 180
296 49
261 5
287 43
200 177
242 102
837 359
326 142
258 129
293 159
280 78
295 75
251 211
291 180
196 148
157 75
184 29
327 172
249 169
186 21
274 151
218 55
249 206
280 107
253 226
272 241
263 27
262 187
283 88
126 50
248 240
261 198
304 85
308 142
212 121
313 133
279 58
426 272
96 298
302 119
318 118
270 129
240 101
289 113
268 172
316 125
299 84
50 285
305 91
306 177
287 172
252 158
1057 57
263 17
262 104
236 179
260 158
212 220
262 127
188 24
231 185
254 221
256 165
279 191
280 161
270 76
233 43
217 163
292 144
267 172
286 201
272 69
205 16
280 185
262 66
324 171
311 167
210 44
324 92
229 16
305 86
260 208
278 214
243 258
232 174
47 319
235 184
275 50
272 158
246 105
287 59
279 134
300 184
201 51
249 33
310 128
232 99
163 157
323 133
274 174
267 7
301 168
264 243
217 180
260 79
326 137
214 124
270 161
311 169
217 196
247 208
287 130
240 1
293 198
229 79
274 227
340 171
272 100
243 78
266 22
235 45
268 99
157 207
275 152
278 14
234 26
310 226
299 53
257 26
328 158
263 168
138 79
201 171
60 345
233 177
228 12
325 178
271 179
236 36
248 247
237 101
218 68
285 196
267 46
299 61
268 178
154 27
258 165
154 82
267 12
244 194
273 196
223 197
174 388
215 183
248 21
253 124
190 69
268 34
234 194
274 204
266 81
272 58
255 15
298 162
292 33
269 224
284 49
252 223
251 157
238 160
306 75
264 153
225 137
178 121
260 64
216 113
245 136
284 162
267 37
226 99
160 41
292 150
241 134
284 175
205 55
183 198
241 161
273 104
307 173
309 144
253 49
261 156
204 31
238 149
307 135
273 177
181 180
254 218
233 171
313 127
276 62
178 187
295 193
318 96
259 49
299 110
204 37
250 14
301 130
264 217
237 67
197 198
315 148
231 41
245 39
301 75
325 116
208 152
254 140
266 230
212 55
286 157
202 75
248 162
252 215
185 35
298 185
272 190
285 69
259 80
192 151
246 87
300 189
82 280
249 290
243 135
898 86
246 58
145 15
264 214
307 59
161 82
279 189
212 31
267 88
283 196
273 43
287 137
268 68
274 135
231 101
254 156
233 7
264 155
187 20
276 121
363 243
258 206
264 13
292 19
281 48
218 23
252 151
287 100
249 7
215 103
265 159
218 181
299 159
290 191
255 235
300 181
295 62
267 167
202 48
284 100
192 25
303 158
281 119
285 58
249 94
239 170
214 23
250 37
274 91
1028 445
247 31
144 182
233 208
341 150
236 76
316 153
287 61
259 185
221 178
209 64
233 126
271 68
259 54
311 154
269 41
208 46
252 26
273 52
164 29
194 41
294 74
274 201
233 16
307 18
262 152
257 120
330 107
277 89
59 263
233 160
243 41
244 133
307 27
248 94
264 192
84 320
290 182
302 84
278 39
249 181
305 109
251 217
209 31
262 20
154 171
249 146
288 109
250 180
226 106
313 177
295 122
259 101
302 102
279 67
295 217
278 61
240 220
262 125
53 295
313 128
333 99
317 158
210 18
259 111
240 31
256 22
196 184
263 49
303 189
262 24
268 183
204 177
43 239
255 170
252 3
566 238
267 96
258 185
256 169
169 66
229 209
308 153
284 117
251 207
212 190
240 85
270 157
285 65
281 31
229 67
36 299
225 36
325 189
282 156
261 79
194 50
267 56
165 195
198 26
264 78
296 96
302 124
272 127
334 187
197 181
289 81
288 132
290 139
246 178
270 139
294 183
292 131
236 259
209 29
219 17
267 34
334 110
179 160
225 169
823 128
992 111
286 147
317 133
323 219
306 189
212 184
253 267
278 20
296 144
70 278
269 146
325 48
191 37
188 2
257 79
102 168
280 81
289 190
277 44
275 48
193 53
46 242
287 39
332 175
248 212
249 67
242 219
247 195
247 156
232 4
266 113
355 187
258 236
198 19
250 1
229 15
67 233
273 183
81 299
282 145
272 133
333 147
231 140
59 160
249 79
288 88
247 211
223 208
241 196
173 140
275 52
252 246
257 48
329 137
277 35
309 137
302 58
146 104
69 295
203 37
301 159
217 31
236 167
251 226
148 166
298 47
305 167
301 150
250 75
311 161
264 90
140 160
254 179
345 164
304 126
337 116
135 151
242 40
287 155
140 180
256 12
224 12
229 125
228 136
104 223
73 301
236 110
311 133
157 29
300 103
252 171
216 50
213 151
209 133
297 74
224 156
265 70
278 129
205 178
156 143
302 77
218 130
342 123
226 150
291 73
220 5
215 54
277 193
76 284
265 206
288 158
267 161
296 127
335 136
228 74
96 314
201 198
87 223
192 32
277 180
189 162
274 82
321 203
273 170
208 16
27 257
276 120
260 160
204 142
260 101
238 218
269 25
311 189
315 172
289 45
183 143
60 236
242 226
164 144
212 171
208 33
260 268
276 153
237 52
267 87
161 121
243 2
231 123
265 46
250 130
248 31
200 163
290 156
196 181
255 47
289 159
169 176
307 145
236 90
257 186
276 187
273 148
323 120
242 160
132 39
70 219
234 4
307 539
245 26
314 97
298 188
302 153
264 72
268 203
80 320
149 147
242 77
147 44
222 28
259 186
306 110
259 78
440 65
280 118
273 139
257 127
304 166
259 33
285 83
270 147
281 68
294 89
265 79
165 159
197 191
241 31
254 54
184 19
90 252
258 227
265 71
311 63
197 169
271 45
213 192
244 57
35 278
239 48
301 155
275 2
268 168
250 43
257 29
256 212
275 16
266 13
278 7
273 155
306 142
170 0
237 189
311 144
223 81
242 11
271 221
277 142
289 183
177 100
215 155
304 111
837 392
284 161
279 204
338 61
251 80
314 157
225 131
203 4
312 171
268 163
288 169
187 197
233 49
246 5
225 174
270 191
269 18
244 60
189 25
226 45
194 30
310 35
231 74
208 34
266 83
254 89
275 238
312 187
205 4
300 176
188 96
287 166
282 57
304 93
271 197
304 154
292 98
233 180
313 47
263 227
345 113
1061 360
276 88
261 228
132 38
264 67
1140 48
275 216
172 169
295 147
283 185
291 182
156 111
249 45
298 90
266 164
185 22
272 172
293 170
212 183
145 83
293 177
311 64
283 77
345 174
80 258
247 227
279 76
157 154
280 43
248 105
235 146
323 157
228 190
429 458
273 190
176 46
268 191
270 174
224 49
296 74
261 51
310 157
344 107
137 68
267 54
244 84
329 102
262 112
301 96
257 145
273 37
208 219
108 332
544 73
256 193
160 7
275 192
285 118
255 229
305 94
288 48
313 48
381 42
81 319
326 140
194 34
261 123
295 86
322 112
289 42
307 110
303 187
231 165
219 21
233 198
268 126
176 2
293 187
1128 183
199 138
217 62
266 152
290 66
156 209
249 40
277 144
197 196
319 151
286 61
294 155
198 172
252 211
112 118
256 178
277 191
267 89
233 161
223 137
282 112
252 127
286 98
236 194
332 186
158 142
317 142
315 186
280 171
81 277
68 280
204 4
208 29
321 72
81 280
168 111
207 145
249 71
332 172
287 164
296 176
294 112
289 88
301 109
271 70
251 87
291 131
159 93
241 109
213 134
249 75
235 236
326 112
225 160
272 44
331 85
232 62
269 217
223 58
257 245
1059 426
211 89
293 139
202 63
296 66
269 179
293 78
196 166
130 123
66 289
251 71
288 69
307 44
285 177
290 59
262 60
270 79
264 209
315 170
280 150
595 481
264 86
277 147
205 220
173 157
256 80
274 66
272 41
122 133
271 147
253 17
71 270
272 243
252 9
349 179
283 87
281 128
278 188
288 41
285 127
286 138
289 151
279 172
239 238
291 69
205 249
215 114
270 151
269 113
186 178
151 92
300 146
287 56
270 2
291 99
132 29
266 257
260 236
266 191
272 198
296 163
179 191
237 99
269 253
257 107
276 164
163 8
246 41
196 190
68 208
716 86
255 178
300 156
281 94
231 175
337 166
329 169
305 197
319 31
259 58
255 36
311 147
278 210
255 166
259 201
225 116
265 64
285 201
216 246
142 181
291 196
166 138
303 110
233 184
310 152
236 232
253 147
288 81
194 67
281 164
311 152
287 193
83 295
154 207
298 126
118 92
321 82
274 39
246 203
201 47
250 80
293 135
297 97
293 138
274 173
229 155
315 89
292 53
77 503
266 72
252 227
288 141
61 238
322 156
259 191
72 282
295 187
313 29
102 147
330 135
234 223
75 279
248 39
180 23
305 164
72 254
297 59
303 163
199 130
233 192
271 214
312 29
278 58
96 313
262 117
211 188
273 176
268 18
245 124
274 47
203 183
254 86
173 90
258 51
261 219
256 58
240 24
939 488
271 46
224 89
173 87
258 126
279 70
269 100
263 144
77 192
294 42
257 169
265 192
219 78
249 212
242 32
150 79
302 43
218 138
280 60
289 128
259 226
191 79
254 190
273 162
261 25
252 42
228 11
222 218
239 214
300 109
216 79
284 126
315 88
76 306
271 92
297 63
266 10
304 39
339 133
667 477
290 76
261 32
308 47
323 92
198 106
185 196
207 55
176 42
252 129
179 169
298 6
277 40
269 83
245 71
270 119
304 160
228 143
252 149
324 148
360 197
289 116
90 267
277 238
306 103
282 106
244 79
269 208
291 40
269 148
201 179
251 10
249 174
283 101
196 142
285 153
123 228
222 88
261 71
279 147
203 12
288 108
296 34
336 166
557 460
293 153
324 137
288 70
279 6
191 44
160 75
183 9
279 87
285 126
222 6
256 139
256 27
274 130
280 35
153 185
802 93
223 191
290 157
196 151
318 142
234 44
234 260
244 139
246 198
231 161
245 97
303 69
259 46
77 279
232 252
247 168
327 202
297 111
252 131
301 91
271 43
272 202
269 21
233 148
146 135
297 179
253 201
289 147
219 102
288 116
295 131
291 81
221 12
225 118
271 222
250 187
175 192
296 24
271 104
78 366
293 62
243 297
222 175
273 88
281 24
289 86
227 46
295 56
242 208
340 94
257 97
231 156
261 28
187 166
78 361
251 53
316 147
306 94
320 120
213 175
176 202
194 154
291 203
221 4
190 45
287 148
290 115
238 19
245 239
243 163
260 24
245 164
91 223
271 29
243 58
309 215
274 155
271 58
306 165
210 95
248 152
1036 658
301 80
229 7
51 221
312 195
337 134
267 140
211 121
293 115
166 132
264 73
278 15
302 141
287 20
245 163
180 145
87 175
291 195
281 135
271 83
309 168
279 208
54 244
299 92
276 208
294 47
288 180
246 129
294 161
34 359
71 333
241 5
238 11
289 165
304 156
297 90
260 1
336 217
301 172
249 55
234 28
219 245
226 58
221 150
267 183
128 227
339 153
201 18
260 134
294 7
306 133
300 179
271 62
292 117
162 174
315 105
313 87
295 99
258 20
240 176
189 22
296 100
254 10
265 193
270 220
236 0
292 100
252 153
266 140
308 167
268 91
296 180
76 243
254 25
257 7
299 33
244 137
263 62
284 201
284 171
248 126
241 270
83 241
245 102
285 171
261 165
262 241
232 156
218 206
91 296
197 161
359 159
291 111
315 177
284 57
291 144
210 146
285 60
299 161
191 149
283 194
647 530
168 138
318 167
272 84
242 140
308 199
286 142
88 323
234 67
278 57
35 364
276 201
261 20
241 193
317 93
244 174
256 136
273 103
279 84
123 297
177 117
277 152
139 40
309 112
265 169
223 21
207 138
308 81
264 220
299 127
306 180
347 109
292 152
198 27
225 32
245 170
322 186
258 53
235 94
289 185
192 13
271 140
277 177
253 183
225 250
278 174
292 214
171 170
253 154
290 226
249 217
272 50
293 58
264 235
260 59
247 154
272 116
159 150
151 53
266 251
635 434
81 282
207 23
234 174
147 105
217 203
263 178
212 149
285 114
249 46
551 687
253 19
223 131
241 160
336 103
202 19
246 213
145 145
320 226
260 156
313 120
295 97
195 95
168 99
313 118
249 50
206 175
292 142
812 497
204 181
262 72
159 196
253 224
192 134
303 174
247 158
297 133
232 6
290 142
267 219
174 193
198 23
241 122
251 130
305 149
188 168
233 114
159 141
294 141
78 292
39 306
213 6
231 204
273 82
332 245
296 69
306 167
296 64
280 55
262 222
260 153
251 21
283 204
245 18
287 90
214 145
254 105
223 136
292 111
270 136
272 157
340 96
241 186
143 148
235 65
275 236
338 170
254 120
325 75
231 105
152 138
286 126
300 52
246 23
261 66
182 170
253 158
260 53
276 175
280 212
243 77
281 200
109 267
253 170
331 150
215 53
301 74
294 66
297 75
242 71
247 159
79 213
279 196
227 167
306 153
256 61
181 467
255 182
273 14
256 33
309 127
306 184
267 42
236 266
236 83
279 88
298 169
285 47
241 142
278 152
200 187
219 39
300 119
244 95
239 5
285 141
297 17
299 85
282 60
270 100
280 119
455 672
329 171
250 41
313 121
682 538
263 194
250 216
324 99
264 138
309 90
210 5
276 90
256 166
251 107
230 10
212 52
240 157
279 50
214 180
326 147
259 151
279 129
541 64
294 90
251 230
305 166
340 184
205 59
338 160
72 199
99 143
276 200
54 213
278 183
256 216
1126 85
178 35
265 178
246 53
294 148
260 190
270 183
290 158
274 236
120 302
293 188
246 181
318 23
323 95
264 168
258 115
293 134
302 144
240 273
92 294
233 157
241 167
290 185
315 184
235 11
294 49
244 228
223 20
305 155
224 159
278 181
238 238
284 105
98 319
330 90
235 205
251 142
303 51
285 149
259 224
335 207
287 153
244 147
241 153
355 146
312 44
233 238
237 25
232 187
243 38
267 1
294 193
204 16
329 164
229 4
291 171
224 108
338 177
282 68
218 166
294 69
988 626
64 276
234 92
233 179
253 63
262 87
275 70
265 209
265 5
347 103
301 239
302 122
297 162
318 124
274 160
91 308
240 3
1192 631
299 39
224 216
283 68
303 47
314 122
283 79
271 155
332 177
246 230
302 115
229 95
323 158
300 195
303 238
263 181
88 292
295 184
245 238
162 70
258 30
262 221
173 14
250 167
307 169
293 102
305 134
221 21
322 177
249 233
299 126
287 161
271 42
332 150
312 164
717 428
271 182
275 262
206 24
296 122
286 178
274 198
237 118
254 188
255 62
261 166
327 211
285 87
230 34
261 60
201 167
323 104
289 193
259 225
247 65
839 605
312 65
283 236
284 186
310 88
281 125
314 174
247 153
237 183
230 167
274 42
721 255
300 212
240 33
292 68
297 130
82 272
311 47
193 3
289 90
263 204
38 273
275 228
205 100
262 106
252 83
59 349
306 121
269 103
269 213
295 52
73 257
247 76
263 223
276 157
102 218
261 178
208 108
335 131
286 63
268 128
277 143
203 90
238 2
265 186
428 381
253 212
255 16
283 133
278 75
233 125
289 7
450 665
273 207
284 164
308 134
213 196
230 165
214 50
306 137
206 195
221 171
272 111
208 7
290 33
293 129
229 169
251 40
256 233
215 13
263 220
101 276
59 274
359 175
231 249
224 55
166 136
283 97
273 123
280 203
332 139
189 164
279 190
305 90
263 34
293 152
296 92
68 269
234 142
976 328
245 28
86 190
327 141
205 135
229 150
256 49
251 244
231 193
358 151
268 37
66 241
216 204
173 187
320 154
232 123
252 235
271 57
268 151
182 13
306 78
296 56
262 12
257 197
257 115
260 140
304 28
298 153
311 230
297 238
227 88
255 118
302 95
218 13
296 39
273 150
206 191
162 55
264 151
317 63
301 62
301 25
258 46
262 43
168 32
914 501
295 79
257 110
283 176
257 162
306 96
318 148
153 216
312 190
277 129
250 202
248 47
205 192
51 303
223 114
313 106
274 202
196 16
271 215
122 27
217 24
228 38
209 221
303 21
281 45
299 51
92 240
302 157
266 52
1081 96
311 166
89 326
317 130
245 91
215 66
199 132
230 132
274 114
257 67
303 177
265 150
301 65
242 262
247 80
262 238
261 215
305 103
87 290
264 83
232 56
254 262
262 80
235 180
275 222
304 117
272 205
269 229
95 199
240 135
237 110
153 87
300 239
284 55
304 67
279 78
289 155
281 151
264 56
250 247
273 186
208 133
245 38
206 19
197 83
296 22
296 146
304 183
166 9
215 19
196 126
240 28
259 48
773 100
68 285
83 325
222 204
265 77
289 177
267 80
239 135
235 62
347 173
207 153
275 64
272 210
252 33
244 187
305 136
275 254
265 154
361 156
265 147
252 193
259 27
298 97
196 162
242 107
317 113
223 218
92 291
78 246
265 35
225 8
97 309
195 100
59 212
299 192
293 91
281 15
279 117
284 103
264 46
257 206
313 105
68 333
318 108
286 199
275 39
329 185
269 153
312 92
271 138
279 209
149 81
235 101
287 183
69 249
269 151
257 54
222 20
328 207
77 306
252 155
258 70
263 189
235 26
259 11
325 151
313 142
1181 167
260 136
252 54
282 14
269 63
331 140
272 56
170 122
143 106
257 143
246 239
71 300
299 206
200 51
341 153
135 134
137 45
235 119
296 68
321 46
237 229
267 82
217 156
179 122
330 113
58 327
297 191
215 26
315 187
328 65
253 132
281 46
220 47
268 251
270 213
347 94
267 92
255 171
268 146
159 77
393 302
287 142
169 135
223 99
234 57
312 235
296 201
255 78
257 135
273 107
333 101
283 41
147 182
289 72
267 142
199 156
237 116
243 65
237 237
333 174
63 279
246 24
158 5
247 85
284 51
161 35
277 184
253 214
267 30
271 206
256 201
250 268
311 114
239 185
329 159
271 186
310 53
322 139
288 182
242 164
144 89
70 212
648 222
256 171
95 295
283 100
315 166
272 121
280 202
266 23
282 162
275 26
33 262
268 67
330 140
284 172
276 185
239 90
296 134
74 276
1194 271
293 160
286 110
286 195
270 48
277 190
329 212
165 175
177 172
277 80
268 205
228 27
186 125
249 31
86 246
283 155
1078 205
299 169
314 175
252 261
293 142
62 353
226 177
335 103
275 18
265 161
42 348
259 193
306 125
258 171
307 154
231 183
269 235
280 222
241 192
255 25
296 94
338 128
253 173
45 284
336 186
275 68
68 320
243 237
536 5
196 0
63 227
253 221
187 22
178 110
260 199
229 112
297 33
280 187
292 36
306 107
307 141
244 218
307 65
308 93
288 166
218 71
257 100
312 114
277 101
234 232
236 175
288 31
313 103
54 280
275 176
291 162
250 96
262 25
287 62
230 134
285 181
274 28
273 193
244 217
290 150
234 106
287 102
299 108
315 61
283 147
226 28
247 139
245 197
1036 361
284 127
256 245
59 230
242 147
225 20
231 149
353 489
315 132
195 78
265 61
272 147
329 204
255 197
213 115
260 213
271 129
253 86
276 161
272 114
288 254
304 138
270 204
205 177
223 89
203 157
265 220
276 77
277 77
218 160
253 34
290 111
298 125
282 30
343 217
74 268
226 107
258 92
248 228
275 184
72 233
281 20
294 149
303 151
313 100
237 159
213 117
257 147
210 137
87 226
290 203
78 335
73 273
261 80
276 116
280 94
255 204
258 190
97 327
297 185
263 149
314 92
292 171
292 177
260 161
294 208
240 126
237 253
265 203
38 266
275 99
279 224
201 1
274 226
215 208
267 203
287 49
220 155
292 110
337 235
180 177
259 237
319 236
298 77
318 191
156 133
313 199
315 228
328 164
244 135
277 170
58 267
64 294
164 206
261 143
253 13
308 44
280 135
276 158
247 197
203 83
161 171
219 130
789 669
328 131
166 178
231 267
291 72
197 168
300 82
302 132
303 170
276 171
317 172
262 237
273 242
285 144
299 44
73 283
323 83
180 126
307 116
307 187
261 207
251 205
291 60
267 171
280 196
286 148
314 187
220 135
244 170
259 136
244 41
296 189
312 167
225 100
283 218
244 186
225 194
265 38
258 202
83 320
302 108
145 129
216 2
230 170
328 231
68 226
290 112
261 155
16 305
55 254
292 133
130 160
268 227
305 58
300 58
210 9
109 281
272 149
252 77
310 170
627 112
298 168
367 154
239 109
274 3
283 63
374 161
253 153
243 172
251 161
299 98
262 98
254 41
244 40
305 87
294 116
297 174
331 151
260 198
215 25
286 215
72 366
240 163
260 150
258 50
200 3
291 156
95 219
282 26
236 219
310 175
257 52
270 55
257 210
267 51
277 188
291 124
241 223
320 69
308 166
309 130
289 66
183 21
262 207
63 210
289 1
270 216
275 203
311 134
292 201
291 197
290 155
259 77
188 134
295 160
62 251
262 174
219 131
185 146
263 124
266 42
262 223
202 68
310 139
234 211
774 472
268 213
241 243
172 193
233 37
235 12
329 153
222 89
102 346
240 174
288 147
241 9
195 189
276 213
226 67
214 205
273 56
74 290
54 230
288 201
309 140
346 193
254 88
233 232
281 77
241 230
281 120
269 135
56 358
237 125
234 219
294 165
300 201
298 163
274 59
264 263
174 170
287 180
253 151
97 288
280 111
90 223
264 129
239 75
224 171
240 268
208 1
205 222
207 199
286 119
212 137
303 109
230 261
250 35
190 162
325 100
298 72
242 169
275 169
297 220
246 89
254 76
274 92
243 141
297 183
316 170
237 1
205 198
52 342
261 6
237 207
257 87
49 196
267 102
276 110
861 443
279 116
323 111
259 219
337 139
284 167
206 166
251 135
151 33
222 205
245 188
252 65
287 141
235 182
203 1
277 161
337 179
277 68
216 209
299 121
172 130
253 29
290 95
208 109
278 121
210 79
235 210
248 242
300 61
90 287
205 95
309 45
320 134
242 146
218 37
288 150
320 29
282 191
273 179
146 176
240 234
232 97
263 59
307 93
338 115
271 152
220 66
325 49
254 37
216 17
281 219
214 7
245 194
65 356
185 186
208 72
158 141
256 258
220 182
297 34
259 56
87 235
190 200
271 48
292 73
260 16
267 236
288 148
314 212
259 104
324 172
236 169
66 147
227 116
265 7
322 118
329 173
315 169
210 113
351 149
143 52
243 21
76 310
312 147
301 142
322 196
291 41
206 9
343 139
237 248
244 153
271 239
272 35
284 176
313 62
277 171
284 189
227 50
282 187
192 99
292 106
240 36
240 78
263 162
197 214
274 166
263 101
222 173
203 165
313 52
235 164
332 52
180 147
216 128
253 50
306 108
185 0
301 185
288 68
316 167
255 256
320 68
276 94
278 135
261 74
290 39
331 123
261 59
172 1
318 213
302 186
205 206
272 209
340 108
159 129
267 155
224 205
280 139
272 139
231 272
347 229
279 142
276 117
309 157
48 341
246 266
310 171
305 178
259 5
228 206
190 211
264 142
261 29
262 14
255 76
263 76
154 31
260 135
328 74
206 73
231 80
297 160
245 196
299 173
221 188
282 163
259 37
299 69
151 81
255 225
258 137
223 173
188 25
238 220
225 126
228 196
87 323
274 86
194 17
289 55
200 220
258 200
290 126
285 35
252 109
784 54
72 265
323 145
249 30
294 172
315 158
233 11
275 25
267 240
142 72
753 193
61 291
300 41
59 265
271 204
277 21
252 242
46 222
294 97
254 128
322 188
1030 125
266 92
303 143
255 250
64 277
311 132
299 189
71 238
261 200
280 241
148 85
234 85
267 221
100 235
244 62
160 116
254 82
43 249
305 105
251 191
276 1
249 118
287 110
283 55
280 79
270 218
50 258
160 12
340 158
289 89
89 259
279 219
239 220
312 80
150 9
79 175
242 224
101 330
252 163
237 195
85 210
259 117
236 210
305 175
266 19
303 150
239 230
291 135
323 208
268 46
252 20
282 74
307 58
225 172
245 172
231 131
264 132
292 209
235 77
262 176
304 159
286 41
266 235
54 298
241 205
292 61
282 229
170 34
318 214
273 221
161 152
187 118
172 137
36 199
29 233
253 190
325 118
430 673
66 319
354 143
68 229
252 165
156 127
284 113
76 283
57 201
235 155
81 310
249 110
305 123
278 203
257 202
261 213
217 98
275 66
279 72
255 252
213 76
259 158
246 125
320 137
241 8
196 124
187 128
292 140
97 450
284 239
1058 8
270 252
212 12
228 150
237 154
281 21
241 210
369 194
247 221
297 138
244 34
283 199
327 96
345 109
257 37
314 98
255 203
99 207
307 103
266 161
272 117
220 190
328 167
277 128
58 259
186 33
206 133
320 149
283 92
223 78
281 39
309 243
334 219
308 129
309 207
307 176
302 180
244 184
256 89
75 209
307 190
259 236
276 180
299 124
241 15
270 3
286 27
88 221
91 318
305 177
244 32
283 89
209 45
294 163
238 64
183 150
116 302
206 163
259 175
68 342
299 93
316 164
275 116
278 96
173 35
257 199
303 160
266 69
321 152
276 93
241 4
234 0
282 157
239 184
197 143
80 335
332 212
290 14
303 57
220 230
273 93
52 278
265 219
763 308
232 12
253 193
346 152
288 106
331 199
238 174
212 155
300 122
260 122
319 97
276 50
284 120
309 93
173 95
295 32
50 235
281 118
288 99
150 142
246 117
249 179
63 281
259 283
254 206
358 606
307 483
328 212
214 61
527 327
340 138
295 135
278 110
182 149
241 145
65 277
295 130
161 11
316 183
207 71
307 192
239 78
192 194
292 217
258 218
314 121
307 282
242 58
328 184
222 122
257 144
204 179
116 226
198 626
248 57
220 31
330 150
289 52
303 185
303 93
