501 534
80 405
1041 539
403 206
952 220
965 63
1271 500
577 11
732 69
835 582
826 577
745 122
761 389
795 319
338 144
290 601
704 302
988 23
776 672
409 86
577 594
191 124
143 157
394 104
323 556
447 705
489 251
567 125
157 31
362 403
377 511
173 35
946 536
310 657
1030 189
440 135
762 657
304 89
617 693
588 523
930 72
401 55
165 170
786 675
230 25
273 525
986 581
1143 163
998 477
1257 559
872 373
1152 11
669 576
628 15
663 93
917 653
1058 207
256 609
552 464
1067 429
1164 444
513 564
485 652
1014 392
605 209
336 217
387 490
376 524
417 477
1266 289
1233 223
281 394
428 123
253 136
1187 8
61 368
1161 433
959 201
349 699
386 560
162 404
663 394
760 205
677 681
309 35
77 297
723 307
335 536
975 306
1215 551
217 295
504 390
849 175
535 453
384 685
842 640
473 334
395 194
460 247
945 114
777 685
1057 181
824 237
688 49
298 196
833 489
199 494
651 317
1018 385
180 474
473 365
478 447
24 481
7 321
345 508
236 553
793 286
715 103
942 108
612 419
923 371
317 199
177 205
295 367
728 477
123 528
365 31
852 117
119 96
301 368
399 410
716 231
