1008 45
1013 711
1016 64
127 177
375 593
953 145
607 153
221 20
1090 285
160 528
244 167
442 453
681 653
928 133
943 679
931 84
299 119
881 574
1129 465
1218 145
237 633
28 296
668 119
875 15
533 92
571 91
947 431
906 113
1194 198
804 315
525 549
815 63
456 480
905 82
180 102
54 244
95 315
913 252
756 687
1185 297
968 554
251 705
533 317
267 31
1002 626
713 690
91 411
800 383
812 348
375 128
808 334
358 399
354 601
144 585
1037 509
78 181
200 258
503 301
316 452
717 261
517 681
773 84
963 75
454 449
751 435
314 545
693 178
729 716
794 592
1265 371
1023 134
295 213
194 492
590 75
343 222
330 250
713 398
630 275
895 679
