948 60
997 53
765 74
597 425
585 544
786 75
1088 411
1185 234
309 421
189 231
375 446
147 66
613 229
813 446
689 665
1109 119
1052 23
606 68
597 95
901 182
330 489
537 420
765 495
758 229
274 476
283 555
537 297
985 701
1085 613
790 191
770 35
204 590
1157 172
264 383
712 598
133 395
460 306
957 111
366 650
962 251
683 40
740 452
518 479
576 152
830 18
1144 217
1195 325
572 496
1247 582
986 604
437 255
570 10
1203 291
1145 601
1046 158
368 650
517 335
380 470
838 387
291 410
383 255
842 377
147 619
630 279
460 103
631 502
963 191
806 21
31 563
506 481
372 328
507 249
277 56
1040 262
213 215
341 466
104 205
506 460
295 139
332 150
1097 103
230 360
617 141
327 56
1043 216
516 280
761 629
