970 86
682 178
831 679
1121 239
567 49
680 222
915 216
719 568
1202 410
775 399
1006 298
860 528
1275 234
115 245
949 252
466 99
1244 651
475 31
328 42
306 637
518 66
570 322
1062 9
276 82
1187 295
577 469
691 215
777 261
991 709
142 101
1236 535
741 509
474 208
774 7
862 710
390 36
662 98
435 490
294 621
989 561
162 325
927 10
1091 19
477 10
550 338
147 10
1052 255
49 225
402 298
1153 45
963 703
679 143
74 532
524 18
742 64
93 183
838 103
853 76
1160 275
438 474
101 283
1004 91
785 41
347 132
554 613
228 679
192 647
997 131
577 321
1180 410
788 651
933 360
