541 90
1102 21
885 603
349 305
212 265
675 465
384 15
387 172
399 619
532 113
356 260
1156 236
919 309
56 537
1209 170
998 27
182 59
228 48
324 195
424 60
256 468
1130 318
106 256
201 577
1042 432
709 176
556 508
1009 99
1035 12
187 153
218 691
171 673
697 139
313 416
1001 77
763 521
905 64
11 370
1187 282
973 512
814 278
41 378
1268 233
768 331
311 2
638 118
338 415
703 272
750 201
98 351
460 201
1058 52
635 118
579 606
634 48
890 459
1017 388
931 6
930 622
707 282
432 661
1172 236
840 637
67 476
582 96
605 38
124 516
284 50
228 644
1059 415
596 377
170 241
769 140
533 257
1090 606
871 159
1239 371
422 191
163 670
788 245
186 501
979 432
921 85
139 194
953 637
958 640
372 12
794 73
768 336
803 124
544 231
431 645
93 284
1031 288
