756 593
754 144
983 267
135 336
1036 89
1018 316
408 668
565 483
486 128
967 639
356 170
343 147
491 660
603 663
130 11
642 642
963 363
456 176
1212 343
1211 157
196 289
441 677
78 443
738 689
670 212
723 226
555 319
48 313
902 41
174 354
516 686
455 242
770 84
564 289
150 73
552 667
849 15
632 536
791 402
1138 423
917 102
430 607
726 107
420 626
460 174
771 573
540 370
124 467
825 127
988 524
1242 405
1169 633
178 357
668 590
919 371
861 145
401 96
152 272
112 288
201 566
125 202
725 710
534 314
184 88
924 391
664 13
1249 168
583 11
801 352
712 274
1013 121
237 569
145 654
453 197
1121 48
807 584
691 685
901 322
706 73
323 326
849 197
807 66
182 633
924 325
307 626
821 1
246 21
804 203
898 6
880 202
693 688
511 688
263 259
956 41
637 121
888 267
692 500
892 13
234 299
563 649
302 250
890 255
1047 418
824 679
489 360
1099 107
531 633
1067 165
410 447
924 431
771 7
872 712
700 232
575 476
448 325
1220 391
1022 61
966 356
1006 72
335 473
348 581
448 7
158 294
902 376
588 489
706 195
903 39
159 682
881 86
224 354
676 162
209 132
164 508
721 257
442 620
1015 68
932 282
583 145
995 370
1267 377
484 663
429 162
94 81
990 496
648 96
650 141
396 705
374 604
642 468
195 307
908 335
1222 158
1044 281
577 11
575 331
262 112
406 547
490 84
172 280
1081 109
1180 57
873 174
333 471
733 295
278 131
