286 707
521 350
1127 129
8 26
611 10
281 532
430 156
560 377
510 675
980 116
1125 710
1217 514
951 252
936 227
111 469
1001 639
1003 657
1130 666
312 278
912 596
981 107
138 486
285 694
621 591
172 67
750 321
820 181
432 274
349 74
180 418
184 676
1228 378
460 228
324 56
1003 657
238 97
769 140
200 63
671 712
178 141
939 82
172 680
71 480
173 608
377 294
129 659
180 305
505 99
1272 1
944 101
989 61
1017 71
405 77
1109 431
472 118
116 225
966 150
1151 625
662 144
655 451
1020 674
78 586
1102 104
1234 270
766 612
883 21
127 534
980 142
525 17
117 76
614 284
1016 268
237 549
769 642
282 286
183 40
590 308
841 414
302 692
