270 669
1023 61
462 468
606 21
772 273
984 182
768 387
1230 661
647 494
74 99
295 2
864 716
658 704
1162 247
622 365
887 95
743 666
772 99
763 319
215 324
607 115
912 579
147 84
405 679
1085 60
1032 265
1164 689
978 480
920 252
1170 680
513 71
1118 229
675 450
196 37
641 245
801 307
10 508
840 21
586 422
1238 273
103 518
230 47
462 421
930 106
250 143
498 49
416 19
332 195
457 455
666 242
531 527
581 693
843 283
509 241
943 549
775 633
641 25
473 259
815 219
156 705
1039 712
1071 686
1076 262
1024 170
954 100
124 679
998 40
105 90
24 322
1096 42
944 73
924 206
952 26
191 125
328 621
674 43
1081 87
611 357
266 405
768 642
1165 222
1053 207
580 197
285 177
350 494
572 277
1142 45
37 660
82 172
997 322
660 617
992 186
785 47
836 408
331 79
835 299
699 3
1136 123
363 172
787 327
113 547
1249 619
484 128
949 34
299 185
186 177
876 262
1001 208
1209 88
644 255
1087 27
987 494
954 429
1220 154
721 229
522 521
1042 1
1181 140
714 373
581 85
760 15
510 509
691 223
1208 524
434 175
