881 517
1037 414
1050 339
97 580
1000 663
149 515
497 203
442 133
793 403
965 143
874 307
450 149
162 227
1012 98
276 24
1029 131
525 131
86 22
253 103
903 108
1050 333
104 348
628 632
991 518
420 49
835 89
814 340
284 617
1242 291
544 591
699 306
65 298
796 111
512 600
546 490
497 389
882 549
304 112
12 262
74 469
332 63
429 430
1247 289
647 607
901 285
761 381
627 256
189 529
872 146
1003 195
770 692
499 406
485 587
817 371
166 25
765 196
1035 129
801 405
131 5
644 241
727 357
900 159
911 133
78 292
1046 171
99 66
332 157
1116 187
368 132
1113 51
780 345
93 239
95 526
515 522
711 700
671 695
287 203
1098 119
731 467
1204 179
940 406
321 209
413 540
1267 129
808 672
762 496
1270 509
381 121
831 190
994 674
523 485
464 395
314 624
969 496
686 54
432 141
415 422
835 459
126 113
953 503
982 633
24 571
1102 218
359 17
420 542
381 650
272 251
182 89
283 150
973 430
502 589
95 443
947 610
507 122
244 483
377 498
559 89
1064 73
686 3
753 434
779 435
872 251
1013 704
99 147
390 365
691 663
506 137
706 473
162 19
719 150
695 151
651 433
742 717
877 28
271 74
175 178
954 134
368 129
804 352
479 636
311 479
592 129
827 3
1076 221
81 430
1024 225
1179 387
676 268
558 702
572 708
162 185
864 493
236 253
