920 225
359 405
1031 170
960 421
561 242
358 715
820 123
1025 597
345 62
1069 299
515 421
1207 189
181 399
1040 460
890 253
1180 243
1145 195
168 226
511 515
314 216
816 550
628 262
1049 192
168 226
637 643
766 65
223 120
174 278
574 317
315 578
405 100
610 241
983 716
963 543
399 268
796 29
1203 159
537 515
312 34
142 186
476 0
117 154
580 118
204 199
1013 719
347 141
830 16
971 627
444 694
468 220
498 604
1135 713
1185 121
872 687
685 129
123 263
1241 303
489 314
762 196
422 41
566 209
900 71
1011 536
973 170
677 216
849 531
351 112
1033 485
480 252
616 696
205 566
180 218
240 69
91 149
72 289
888 71
664 192
686 331
0 54
544 339
253 315
502 359
844 70
1054 236
296 241
644 557
1216 562
770 11
514 646
805 263
846 504
