318 657
1098 68
773 138
762 636
419 134
421 484
983 235
772 442
697 277
448 164
809 676
846 521
1142 696
529 441
847 663
993 46
906 56
551 153
157 181
824 524
391 146
20 256
794 284
1084 107
542 706
294 366
690 14
1041 134
875 527
149 602
1056 320
716 31
722 399
373 645
751 370
527 110
252 6
535 335
369 635
558 329
285 671
516 579
978 241
622 652
398 209
518 697
985 169
457 372
770 216
874 628
643 54
538 377
440 52
208 54
416 499
746 181
345 152
1269 174
1179 528
955 348
967 339
817 474
970 318
665 607
1058 208
280 503
463 21
372 307
342 484
619 531
299 479
904 563
858 5
166 382
337 360
943 106
980 100
848 429
39 708
53 407
520 229
790 289
1005 237
684 98
354 160
465 527
1126 253
1192 131
982 638
