611 185
1015 18
357 600
725 305
226 218
956 263
869 349
528 497
472 363
1212 29
760 288
647 215
1085 677
583 579
79 339
472 660
918 567
157 53
631 463
532 634
1101 300
643 145
898 179
1108 218
1065 203
909 172
801 173
718 35
256 488
1045 437
1032 412
823 325
1089 128
993 202
478 149
996 50
467 86
488 10
375 359
28 619
401 258
515 458
1061 413
1004 63
1071 674
1133 501
375 365
774 504
1042 71
1125 95
826 523
1043 566
286 416
232 647
161 118
302 242
571 485
324 671
1126 55
941 326
508 635
1180 313
565 231
445 174
246 192
122 446
148 563
786 639
625 657
1262 175
1276 507
587 705
146 532
381 147
416 109
1040 591
879 199
145 373
939 352
586 125
920 150
311 99
652 280
703 314
598 112
100 217
471 549
560 639
1184 274
298 458
406 143
868 500
1107 702
654 66
629 158
817 225
1202 708
696 578
666 107
43 173
612 619
1271 278
920 146
1196 719
924 453
92 171
1233 602
128 534
981 113
