110 312
113 166
813 702
821 519
451 241
40 90
160 166
395 617
1110 311
221 1
689 297
208 713
956 17
623 63
554 25
1155 18
19 149
530 277
566 105
350 47
19 441
1181 270
352 710
1153 511
811 239
362 287
1107 672
31 406
298 114
149 461
96 298
618 13
990 678
1054 284
1246 393
798 3
1016 144
1016 274
895 152
441 462
1065 703
1012 148
867 709
578 198
814 262
580 456
338 531
1026 507
1051 192
810 331
760 51
1279 546
587 256
309 681
1012 259
1018 653
396 19
861 657
75 157
638 180
648 374
1175 87
631 652
349 673
732 668
194 488
988 679
770 710
287 468
479 651
455 42
661 456
924 1
184 132
904 71
526 98
1032 155
75 422
440 612
718 544
720 578
998 530
744 438
918 119
1040 233
190 527
367 213
807 125
544 347
724 34
956 125
836 302
80 425
217 193
377 104
384 380
23 414
346 213
650 211
936 93
720 72
487 170
197 598
