1036 313
797 69
619 116
513 572
1205 124
126 444
557 154
168 226
1028 327
129 18
1047 227
962 701
922 341
992 33
281 685
1006 204
638 23
100 306
935 67
43 684
467 48
468 621
316 322
805 60
467 675
899 179
261 391
1015 136
804 650
711 401
1122 359
1016 69
891 19
815 580
578 48
973 197
799 646
722 621
157 701
1033 354
126 649
877 302
747 64
356 263
598 173
43 508
311 109
203 493
508 75
116 500
193 331
224 315
996 195
902 160
962 87
1190 338
936 52
579 460
40 631
909 415
1047 85
489 222
656 493
893 261
679 124
1061 323
647 451
172 165
303 672
296 181
479 513
150 62
714 355
581 657
601 163
914 630
1005 85
1 1
728 40
780 332
565 225
808 163
456 449
1150 642
1018 351
197 713
960 573
416 718
474 530
160 535
995 275
880 177
703 141
910 3
658 131
933 693
794 167
249 541
421 17
123 196
131 99
