123 310
198 382
548 40
203 167
469 659
940 13
696 701
78 523
588 503
604 57
533 253
436 614
874 368
259 463
1165 29
134 501
67 156
478 627
1176 129
539 64
114 480
867 298
882 528
641 372
963 377
53 248
1191 150
1150 97
603 641
219 459
1218 266
1099 659
199 633
1146 9
365 148
958 11
1056 45
542 88
995 28
89 243
943 475
799 245
222 437
767 187
742 554
816 15
859 362
406 350
871 501
1094 81
1214 423
334 674
1014 7
567 642
620 165
944 219
319 25
1115 90
235 306
1119 186
350 56
444 111
61 601
436 143
12 344
712 450
1032 107
772 464
158 426
717 98
355 635
1152 179
876 643
194 692
1042 629
348 296
141 712
649 585
587 533
826 105
1081 100
897 55
602 277
684 400
989 43
876 291
1271 547
210 360
1160 258
193 666
532 450
1126 696
722 37
254 167
277 97
584 385
139 59
303 459
809 104
