698 8
869 631
561 56
1034 349
924 506
923 274
596 53
711 501
715 84
1081 189
471 71
85 284
680 233
990 28
1278 346
728 346
437 463
613 136
357 48
680 27
1196 31
1157 298
705 208
740 56
385 105
459 109
624 519
687 369
6 406
320 12
408 83
668 386
644 509
520 549
543 256
501 200
603 167
629 295
630 229
771 124
451 280
92 391
649 37
715 34
735 40
347 286
849 205
262 669
860 152
1271 561
880 640
177 444
891 490
193 47
832 476
852 420
936 313
1220 213
672 426
856 513
953 163
682 265
187 98
771 440
244 557
360 399
1273 460
696 454
1267 462
201 11
118 55
443 389
376 515
744 497
236 54
601 639
1174 202
158 715
1124 551
1029 151
536 39
921 35
510 531
175 678
939 568
645 107
767 579
259 145
125 20
794 687
89 370
126 617
1060 46
996 24
1120 237
