1088 98
883 57
379 19
1253 274
303 718
84 504
481 710
515 365
649 307
149 114
914 47
199 704
675 534
935 708
710 252
856 463
1032 33
785 665
880 148
1097 1
509 645
724 87
1203 99
1131 255
721 160
791 129
891 538
926 37
940 639
1006 291
870 228
61 145
643 102
463 180
512 539
823 528
937 524
710 615
626 240
311 688
886 36
889 439
266 205
191 284
357 339
1269 353
208 677
680 337
695 24
536 540
613 486
269 94
725 699
706 585
310 494
588 38
140 649
948 589
148 499
865 623
1095 487
1062 599
569 143
806 517
746 12
422 615
786 115
335 155
585 259
930 628
1206 181
283 245
713 134
1108 397
1210 621
1266 322
731 382
