1153 211
554 6
736 431
552 462
785 157
97 200
851 229
763 246
484 698
806 675
802 234
1005 599
986 166
900 11
827 651
971 178
1038 575
1046 518
988 697
883 183
442 621
345 14
666 204
1205 249
920 673
541 635
900 601
48 488
557 710
448 404
3 393
607 126
279 565
104 276
176 64
652 97
335 640
1018 125
354 181
400 59
926 264
750 321
420 471
305 683
895 366
654 700
374 608
91 553
638 180
820 88
1148 522
785 629
1178 451
138 300
253 501
120 101
230 400
1186 14
642 217
269 612
1186 486
786 493
914 409
921 493
938 193
267 708
1271 471
1029 566
947 341
1008 619
883 327
449 637
607 342
203 476
422 463
135 377
309 387
1035 366
467 523
571 101
250 187
428 153
513 529
670 503
333 36
688 70
964 657
506 398
496 192
192 12
360 114
378 664
1156 193
226 477
211 445
119 327
691 75
963 718
879 169
998 114
324 407
1045 180
12 313
121 307
1058 408
334 158
167 449
980 459
269 278
880 458
693 410
872 68
69 69
385 1
