993 122
768 440
358 715
348 315
226 33
330 59
457 457
263 458
84 276
665 125
937 39
967 254
684 263
696 15
1163 98
974 29
67 233
351 266
828 277
140 210
550 142
960 46
1018 273
972 693
110 512
67 338
343 469
193 170
808 706
972 618
706 463
338 67
686 385
593 490
429 40
614 716
719 701
1252 214
494 372
496 224
226 53
224 172
338 93
909 560
864 635
430 639
594 136
320 129
355 213
982 662
655 147
133 503
912 86
733 526
1060 114
320 497
1046 230
639 547
351 612
705 15
552 493
739 30
548 485
290 223
1059 98
876 47
1246 412
1097 525
968 308
782 411
145 21
1183 85
492 127
73 163
471 46
997 53
122 104
939 670
863 350
624 155
1001 630
356 331
