901 34
759 575
565 707
167 679
276 693
828 707
344 486
464 595
984 186
124 305
587 85
882 361
361 173
50 399
322 479
627 263
814 170
1227 329
374 47
93 611
806 496
622 134
741 84
757 472
691 89
664 461
741 150
712 299
93 377
97 149
381 257
959 181
104 702
921 62
128 320
1166 159
380 6
545 225
519 486
1038 83
520 127
64 295
364 246
777 551
44 242
1195 65
233 175
416 117
283 158
453 249
136 216
895 319
4 5
690 528
1225 510
962 639
189 59
913 232
996 504
439 479
241 85
790 298
658 399
815 689
58 1
467 26
746 291
731 321
587 12
906 95
775 614
1116 452
201 140
706 313
1032 30
864 564
94 564
905 111
153 498
362 551
769 676
378 320
154 355
286 519
356 331
1253 434
871 23
