385 117
623 172
426 360
484 104
630 205
645 24
1163 143
804 667
819 252
746 269
629 398
379 690
922 258
53 394
610 392
1271 259
952 145
137 125
571 718
365 174
579 190
723 403
943 69
1001 124
1222 115
253 68
669 550
704 523
908 57
449 536
454 35
302 270
1118 229
157 304
795 210
847 469
1118 229
586 24
563 291
601 513
155 47
1118 229
348 515
679 600
197 540
334 38
798 103
132 280
1146 319
1262 420
98 484
939 535
103 107
307 292
619 547
148 669
1196 630
300 24
910 185
1101 159
1001 568
646 239
1011 125
138 106
1124 443
230 34
948 623
