38 465
465 633
530 87
178 79
686 341
1197 319
479 282
499 37
383 206
814 300
822 635
831 48
1068 175
433 713
1073 155
828 133
1200 209
1158 445
736 279
733 407
387 468
999 90
739 247
379 189
1066 35
621 45
163 102
259 544
858 245
978 675
306 29
93 705
154 248
1186 130
193 130
1189 355
1152 241
561 203
557 269
719 55
681 132
1188 106
294 149
65 539
547 681
813 70
911 407
358 355
819 33
1063 141
394 194
440 467
557 353
1065 229
1278 513
201 629
376 93
1145 217
206 95
210 664
673 180
242 657
743 510
632 379
978 527
307 84
919 91
1162 209
289 671
1157 244
1269 264
886 304
715 189
868 188
1270 409
863 197
936 47
90 251
239 41
379 673
433 354
824 473
597 677
1257 285
131 27
778 425
1115 84
36 419
866 462
926 472
645 144
1098 24
89 201
943 24
434 132
366 20
326 548
1223 66
1226 278
271 407
507 577
229 158
133 413
397 25
819 334
683 25
534 276
163 694
1192 399
297 19
1153 160
191 325
411 46
920 336
559 528
1027 134
1273 402
934 612
184 590
124 305
226 494
1140 53
857 523
941 434
527 306
210 719
