793 620
951 447
158 192
919 420
734 329
620 62
511 313
197 20
112 336
168 479
157 263
661 93
103 260
133 249
728 625
1190 541
297 716
750 163
236 189
768 611
544 261
276 241
630 659
791 711
255 525
395 240
339 644
893 55
827 557
882 99
904 556
658 224
449 402
208 217
814 422
618 660
449 633
992 10
264 137
97 153
527 467
899 368
877 278
582 436
686 217
671 66
492 143
317 451
633 40
888 20
692 84
647 543
1121 83
129 525
443 356
962 632
118 699
305 635
1162 123
1175 341
914 465
1253 502
1259 564
872 17
608 122
992 244
562 467
