323 114
750 358
1023 13
157 258
1140 254
108 711
482 652
694 293
1048 54
720 365
1148 572
381 675
276 697
484 491
1278 379
513 45
933 152
901 539
1036 45
640 68
102 205
606 705
166 518
1158 293
764 42
374 323
648 659
1263 465
599 530
1234 428
1263 610
892 114
862 115
1032 31
1137 580
1226 97
937 644
760 656
919 647
109 254
200 203
847 411
859 636
464 456
57 513
962 225
240 52
317 532
138 558
572 710
1070 51
413 68
823 399
520 230
746 638
371 392
983 581
633 681
668 605
508 170
538 335
1032 673
349 261
382 68
981 178
762 242
374 222
365 177
536 679
