785 76
220 123
727 253
735 369
777 151
795 28
1040 287
590 465
577 706
1021 52
456 701
691 387
724 611
1274 145
736 135
1076 110
292 46
437 482
885 71
737 81
1125 107
86 525
757 626
304 110
1276 361
144 563
139 351
534 629
578 601
777 161
767 241
449 528
1082 391
872 592
687 688
1029 31
877 46
1013 38
690 73
446 237
417 478
978 659
936 535
771 380
864 12
1057 417
263 37
707 655
698 282
494 471
539 249
355 72
549 190
189 107
923 644
833 666
1228 158
938 684
950 461
208 703
1231 127
1193 90
343 2
810 106
730 438
207 279
636 11
950 121
888 336
1144 18
315 531
425 355
61 205
738 282
359 206
100 501
192 491
729 582
502 55
430 113
876 489
653 591
76 297
285 569
709 234
451 307
1123 11
627 153
693 708
180 557
986 117
92 217
226 96
191 152
804 576
1269 248
780 514
759 698
224 54
909 696
418 24
121 203
617 3
1076 61
1015 474
1088 467
423 230
484 29
1001 117
289 571
690 385
774 492
1174 21
886 642
116 194
362 358
689 285
740 257
970 18
967 603
759 385
290 668
282 143
684 340
779 295
251 487
258 47
433 633
691 434
154 666
