896 302
1258 2
71 484
103 253
1007 201
751 66
611 77
990 599
379 280
896 321
907 656
133 664
924 584
1039 517
1051 73
1073 508
222 40
535 279
416 109
158 697
1045 140
975 218
123 184
147 53
577 686
41 412
282 295
316 412
622 618
193 563
1057 593
409 302
959 550
1124 426
378 305
452 93
478 210
242 9
966 27
201 382
1093 709
648 301
443 7
121 427
554 275
1106 198
100 217
387 685
1277 452
653 108
375 234
229 202
706 526
132 453
541 405
777 10
122 279
795 426
799 620
101 220
550 9
54 321
1156 127
887 65
201 655
1015 543
769 38
536 69
382 209
743 19
1022 127
21 426
685 71
722 35
781 168
504 472
1165 513
250 113
1255 191
760 168
768 679
417 61
691 479
1052 265
309 325
86 441
911 162
618 377
758 81
870 96
163 484
701 463
837 665
875 266
222 661
1241 431
774 579
1056 406
354 487
160 692
952 315
2 17
32 327
