297 49
1178 147
997 44
231 118
488 34
681 241
823 668
329 628
1265 537
844 263
370 208
406 529
1166 109
313 78
1078 25
240 623
711 264
1032 208
138 148
635 156
765 171
565 593
759 497
831 93
479 43
721 11
1016 107
742 709
424 515
912 717
206 160
987 351
595 697
143 404
938 397
1056 383
839 14
952 190
633 688
1001 25
923 575
1110 213
1129 15
898 11
850 583
625 209
970 327
294 369
1040 211
188 554
790 451
695 434
955 61
735 597
346 694
1262 248
820 311
329 500
758 175
771 580
146 293
465 103
909 355
1129 598
201 21
360 666
973 500
1251 214
880 226
678 173
89 232
524 586
1267 401
745 483
166 648
167 385
585 56
142 119
993 160
427 106
689 465
1001 38
948 464
815 651
573 528
608 686
556 8
676 466
124 115
889 88
867 519
731 85
173 139
634 254
786 55
484 63
415 33
439 271
1212 173
481 148
261 699
338 104
413 482
969 124
289 578
256 143
440 682
378 56
1146 163
932 108
435 250
162 111
713 8
1276 435
943 149
1040 17
573 53
683 369
699 667
909 699
834 635
41 276
1179 559
539 145
799 219
332 699
314 306
583 515
564 497
420 687
148 553
275 198
876 573
542 686
931 84
395 30
842 99
853 279
380 681
617 543
742 716
1051 142
368 173
892 705
266 637
820 507
904 583
834 12
216 670
370 52
1009 255
378 461
457 165
910 44
813 533
251 157
300 306
712 29
337 82
