533 275
746 284
149 118
1199 505
925 211
765 138
428 515
1273 42
729 590
919 572
993 181
1270 377
604 507
908 441
762 392
675 498
232 242
721 174
1219 250
249 60
1237 121
316 187
899 256
484 437
736 670
168 373
566 554
568 623
304 283
802 120
309 641
957 396
1021 680
604 117
425 38
546 420
1029 618
952 97
510 534
1142 150
122 207
1276 467
1185 12
635 43
290 428
534 461
484 624
475 447
277 138
1112 145
284 218
426 179
419 450
83 500
65 340
988 178
579 275
818 101
354 321
867 621
1021 226
370 163
306 223
147 587
683 107
291 167
296 113
1114 44
911 50
595 581
587 237
480 440
126 604
303 629
882 120
487 60
184 533
