645 25
1052 195
359 443
252 176
1078 56
265 46
49 509
404 493
45 499
596 505
732 575
586 267
145 43
207 482
818 544
424 328
1070 203
103 679
1036 27
1173 221
601 106
224 510
775 641
221 168
1212 196
948 631
986 642
208 610
529 107
889 298
555 617
793 293
362 701
268 439
505 104
33 443
1174 15
1005 315
208 133
1016 29
902 77
976 434
764 715
501 307
744 462
318 269
365 567
642 705
530 244
850 59
450 586
525 489
552 633
1058 367
731 82
285 373
651 658
1081 116
644 144
390 534
395 499
635 595
135 247
365 488
201 117
605 69
163 240
390 330
207 297
677 452
1183 232
225 217
841 616
1188 162
749 681
498 312
181 401
524 577
591 679
1003 224
241 105
759 585
1047 387
438 28
933 645
458 61
474 8
438 293
356 488
1264 551
875 704
1176 60
1039 325
974 240
975 121
1273 157
478 437
353 26
742 521
1077 114
1279 189
1061 571
94 586
693 152
743 142
1254 294
69 243
549 30
310 623
551 281
830 587
1187 467
428 178
778 5
372 8
606 592
1130 88
1263 348
416 171
440 88
888 302
442 206
446 100
952 173
131 78
437 531
1150 78
289 231
136 310
646 229
751 471
756 350
1178 102
562 319
964 127
1110 225
949 428
1032 90
496 258
1145 84
443 40
1028 93
411 301
717 640
229 27
1274 505
406 169
750 416
1167 47
800 288
294 143
174 475
712 495
117 129
