344 686
786 539
123 704
982 132
1229 635
1238 563
461 303
444 323
207 402
789 215
663 92
619 597
1042 149
599 476
642 82
349 262
557 564
187 394
356 522
50 440
554 3
808 354
151 256
105 81
509 416
1039 72
126 96
594 539
140 675
148 503
994 278
793 463
659 255
1129 240
880 177
884 422
238 356
908 29
185 483
694 171
1021 156
480 661
1149 302
964 146
684 558
30 576
936 113
446 681
960 447
822 508
356 131
873 266
946 200
897 177
532 186
710 361
1062 331
1110 504
717 341
1099 283
1063 46
613 63
612 702
1035 368
835 254
354 54
500 642
313 331
815 153
726 255
462 23
661 195
698 243
376 443
133 226
580 176
1196 224
771 55
195 47
842 185
589 269
196 205
917 44
643 397
1210 225
194 648
410 431
1231 243
225 126
488 164
1102 400
592 355
471 82
973 651
122 434
992 714
1173 592
580 287
828 565
378 353
879 494
864 646
463 294
1034 214
883 175
250 704
221 293
869 513
345 128
840 146
1063 600
177 215
168 323
882 463
836 225
321 464
1042 685
996 69
364 317
1078 391
897 318
1176 548
1186 600
297 687
214 382
399 63
882 605
598 358
931 218
1065 129
609 413
697 211
769 295
379 343
269 471
537 274
752 181
1139 387
840 321
197 37
663 109
765 562
533 114
