431 539
73 184
437 449
726 341
327 27
1134 335
116 574
642 430
1258 219
1228 95
1273 598
186 714
169 413
1255 3
941 495
524 481
729 22
1191 159
339 663
16 312
1278 635
2 580
1249 718
52 25
213 714
1241 54
293 664
1208 4
1250 632
61 714
225 139
10 137
1222 707
35 18
7 44
1235 0
728 611
1063 303
1187 624
276 603
567 627
632 32
910 219
1192 7
370 596
0 147
204 673
368 657
1130 193
982 187
408 246
551 709
70 254
623 217
104 473
4 598
808 187
54 0
1231 617
42 2
1242 17
1218 41
2 623
417 196
556 58
340 69
235 499
759 3
121 370
940 601
1271 560
21 61
1088 604
1015 234
57 538
1046 419
1254 662
684 146
1205 635
795 50
487 302
574 490
906 637
58 535
389 160
764 45
644 619
43 685
308 25
697 111
