244 95
540 147
1058 115
711 398
604 94
82 199
691 390
952 88
302 361
699 245
822 236
823 485
438 77
315 145
783 146
346 620
1246 717
276 602
940 614
63 310
40 361
860 361
589 345
1166 127
174 347
925 615
408 364
307 658
105 477
674 387
86 340
511 302
202 387
1234 673
1272 715
687 29
895 40
856 591
363 91
1276 67
3 127
577 631
442 201
869 92
754 584
521 135
1066 553
1272 235
1201 248
988 49
966 32
822 229
392 63
400 15
92 14
56 81
1097 304
481 452
488 130
1259 561
1265 96
301 144
907 239
227 463
945 291
642 153
861 265
745 578
794 585
1271 598
186 239
1262 672
315 578
1204 541
