416 221
671 587
580 410
859 468
609 435
1001 641
877 695
582 690
679 403
1019 428
653 506
621 452
657 567
635 28
413 18
578 13
247 199
1026 610
591 662
361 295
635 76
564 430
894 426
695 34
1075 672
564 293
547 567
169 245
834 513
647 47
625 336
654 586
618 552
617 265
376 129
907 386
696 246
591 388
552 269
594 405
906 682
536 43
875 517
639 695
639 479
918 549
606 675
583 447
654 654
860 689
694 82
647 572
1102 628
635 258
534 224
601 663
801 354
582 516
559 198
1173 371
367 378
855 347
680 399
668 239
589 245
336 156
1002 589
438 72
859 652
627 435
192 232
602 232
225 223
945 7
883 512
620 631
661 709
747 357
796 438
590 553
370 174
551 162
607 34
630 447
639 426
612 457
351 616
631 537
940 660
329 559
908 327
904 305
651 533
339 315
180 179
1018 509
841 545
885 529
853 285
863 510
355 338
1077 275
850 361
526 114
808 659
385 150
202 233
835 570
1104 392
428 299
425 67
825 3
290 36
855 607
600 539
875 432
675 397
354 378
913 358
661 340
1069 340
353 185
880 529
907 619
872 313
595 311
914 294
648 583
864 406
487 704
618 693
923 649
682 97
653 663
837 262
786 700
1164 550
619 291
886 514
814 633
190 177
615 43
399 294
780 680
636 650
559 133
791 320
354 279
897 12
389 73
838 710
780 511
919 279
562 579
831 674
553 332
895 44
563 460
369 708
183 235
899 470
621 580
587 222
911 687
772 561
615 646
908 536
636 65
870 657
809 437
622 181
1107 689
564 281
778 218
348 101
1086 419
700 149
578 313
821 195
674 230
330 552
561 402
640 421
302 418
373 62
679 392
879 586
621 319
848 495
644 646
834 472
634 612
552 466
839 347
660 117
502 113
581 448
599 488
599 187
572 257
847 450
904 699
638 31
917 605
653 566
352 107
622 620
643 413
639 269
633 386
640 661
556 473
555 396
178 245
661 606
618 423
924 705
587 322
583 511
840 403
884 470
847 705
636 546
610 344
878 502
816 416
384 10
655 511
1056 517
1154 625
559 448
641 160
673 648
556 229
637 578
274 446
783 530
653 391
663 417
1120 484
528 480
648 419
658 659
597 379
412 342
784 365
828 695
593 492
646 281
746 461
857 364
614 380
191 133
435 192
691 162
672 689
897 330
417 111
1100 41
565 460
628 555
416 94
181 325
603 666
184 319
756 373
626 592
918 558
574 486
140 201
596 654
565 227
614 707
656 378
872 72
192 122
646 334
895 17
968 505
199 344
390 460
401 31
566 289
216 184
693 128
880 325
682 571
585 499
667 357
628 404
880 387
356 535
598 523
600 530
348 537
771 479
1045 533
422 140
345 207
344 23
638 423
396 49
372 223
833 98
901 534
767 364
1091 611
661 16
800 500
626 498
881 7
858 461
1071 366
586 452
618 279
875 688
406 213
617 493
357 389
409 70
672 14
622 267
865 487
562 5
853 341
370 82
346 97
378 66
845 371
876 485
1190 473
1091 692
794 645
839 414
920 569
902 456
398 335
405 152
632 225
927 554
386 104
822 463
624 706
917 550
856 194
605 381
434 668
405 68
752 513
687 495
379 692
198 237
867 515
850 538
349 581
849 55
803 499
865 547
633 285
577 345
410 399
817 542
388 54
366 115
598 313
877 5
789 84
881 461
724 672
376 78
895 296
336 286
854 378
859 338
395 9
342 3
897 267
663 297
617 574
664 168
627 622
648 671
371 83
895 254
630 619
880 524
579 441
209 261
741 512
396 85
73 404
582 10
174 232
677 51
283 472
882 682
897 313
826 246
662 296
870 607
742 27
907 376
653 295
1148 202
885 389
778 259
914 569
208 145
888 478
866 323
902 700
441 103
508 31
885 7
617 594
740 662
593 435
634 4
860 532
891 555
127 503
345 444
913 351
162 702
807 371
876 494
813 636
562 501
841 664
444 99
883 164
1118 644
648 251
142 266
905 717
792 467
857 245
862 655
433 266
852 678
850 117
886 554
846 282
861 371
901 407
672 443
806 672
817 306
383 79
922 496
387 73
367 442
356 323
908 641
670 645
897 635
1032 565
613 123
411 165
902 429
864 475
842 313
809 355
916 685
352 663
896 513
852 562
294 422
822 480
863 482
678 479
897 325
316 382
332 318
839 702
415 13
366 109
341 96
396 506
877 467
826 273
826 646
603 564
881 436
1188 486
802 466
560 514
867 502
802 537
311 428
901 332
645 456
870 386
341 649
631 538
888 489
603 585
881 668
333 175
812 424
886 699
729 694
599 599
864 599
883 491
613 552
803 690
183 290
850 290
333 476
910 609
881 657
822 281
864 366
788 568
914 568
849 285
706 104
863 695
391 313
418 704
548 303
364 220
342 705
442 359
803 403
766 516
777 300
365 325
880 66
673 677
862 443
355 433
636 405
851 405
521 510
884 369
518 73
420 229
616 649
586 524
403 388
859 5
841 305
865 571
396 625
881 51
941 714
426 363
615 300
405 151
354 540
414 369
384 214
401 220
873 414
230 107
99 597
241 300
189 233
843 607
555 431
71 271
537 475
614 333
798 382
874 63
567 477
360 21
363 340
820 583
371 90
801 331
618 577
899 438
892 370
430 46
812 535
566 215
861 464
428 66
898 422
428 349
791 517
888 566
601 677
416 235
813 680
703 16
750 362
360 432
446 289
412 92
893 291
650 337
434 272
608 631
190 276
636 257
863 696
404 248
652 249
324 211
635 544
629 537
640 495
1082 453
825 475
858 684
429 10
651 471
882 510
1007 70
216 251
702 99
590 309
871 482
1200 577
363 217
864 625
378 93
794 402
265 362
406 209
783 548
501 94
319 83
305 461
402 564
766 522
842 687
375 179
869 498
1149 696
408 377
790 405
108 636
404 110
822 376
429 338
911 385
814 278
611 499
825 409
256 389
631 482
553 424
903 322
342 426
880 647
372 66
623 33
615 437
194 301
429 187
205 167
354 134
412 635
858 477
629 610
626 712
374 660
678 309
575 329
308 305
842 372
173 197
611 458
650 73
317 218
340 617
396 47
675 47
852 567
374 286
599 283
679 31
787 592
852 469
908 384
906 719
806 547
663 449
361 61
892 599
323 518
421 138
882 326
804 347
863 466
646 611
588 272
397 133
734 526
304 421
687 697
418 83
837 415
817 393
907 519
1005 681
401 174
330 452
347 404
908 623
848 483
431 170
674 451
856 382
547 76
606 525
413 218
400 102
872 474
847 356
854 484
909 526
840 444
636 406
901 367
826 345
854 342
412 257
706 269
1104 289
305 511
1199 168
560 339
819 355
766 612
401 87
857 629
876 404
628 291
833 125
808 617
897 666
618 156
402 48
674 59
280 585
893 389
882 561
823 365
157 159
887 258
626 218
632 52
103 539
614 251
378 34
430 355
606 479
779 533
338 239
439 245
877 424
862 609
857 271
764 274
339 333
373 683
931 475
866 390
427 20
336 47
456 335
796 510
881 103
344 365
451 34
331 56
833 657
402 299
905 507
884 540
888 404
302 5
859 619
855 677
398 278
859 370
882 390
423 248
401 237
570 522
870 526
878 601
868 582
829 277
853 375
849 431
584 412
803 173
826 196
432 227
879 39
617 564
893 531
870 612
402 621
952 706
847 711
304 691
439 374
679 273
336 452
888 473
603 506
782 506
354 504
330 145
413 34
390 62
391 58
799 555
659 550
588 529
909 345
606 378
822 319
378 503
824 505
309 424
855 424
601 633
636 518
621 539
894 542
871 244
907 241
196 211
376 172
838 242
820 460
338 88
326 390
641 143
863 540
668 629
769 694
353 245
379 245
194 160
855 512
761 540
419 358
844 500
575 521
346 32
890 435
556 225
626 649
374 561
636 359
346 362
820 70
638 7
606 179
821 418
646 639
393 133
380 35
344 20
679 424
375 548
621 508
391 402
795 557
891 289
756 600
791 692
576 49
641 282
781 212
674 188
824 332
748 475
624 150
537 548
395 505
895 631
867 383
867 525
791 704
897 386
353 127
357 458
443 159
375 630
877 635
685 512
644 296
899 312
895 382
877 422
333 12
581 41
577 248
442 160
889 587
649 699
421 369
303 339
616 445
356 417
607 499
365 619
420 279
795 276
224 295
797 341
1050 372
904 171
632 231
868 18
795 15
832 110
887 694
828 698
933 605
367 387
636 459
828 353
444 151
414 98
299 28
911 593
870 394
861 442
671 665
404 174
411 160
831 562
881 489
360 10
864 425
915 438
867 681
284 342
778 354
892 510
898 514
818 703
355 18
408 247
457 285
833 378
328 694
871 694
792 677
848 666
829 579
883 536
647 569
382 575
889 552
685 184
336 139
334 40
643 44
587 2
819 11
919 350
356 320
850 356
858 290
218 295
892 302
757 296
213 312
384 314
408 271
846 266
379 411
911 706
796 704
913 679
907 699
855 515
749 532
640 112
405 8
246 1
1002 205
809 244
657 242
757 241
413 133
333 348
349 348
813 338
656 333
796 360
635 355
223 354
785 301
375 299
300 428
691 397
750 511
893 491
774 611
854 587
760 669
799 658
666 662
810 700
488 699
1138 718
367 704
822 704
424 113
396 78
883 52
286 54
388 35
368 38
419 19
851 14
778 185
173 226
440 244
857 334
921 357
352 374
431 377
450 277
400 281
868 302
915 492
664 497
573 478
842 452
278 435
771 403
890 575
896 552
113 524
751 522
436 622
787 622
828 629
818 583
124 596
349 682
948 677
931 713
393 124
648 83
869 88
334 89
392 94
418 59
352 245
836 255
403 189
899 356
402 332
842 329
794 275
844 256
781 302
899 315
404 483
894 452
525 438
574 588
863 578
888 604
600 633
758 636
598 538
636 523
857 518
813 515
363 512
896 563
379 552
403 668
849 219
881 219
235 179
367 93
405 103
398 58
375 45
270 9
349 331
838 325
823 339
355 350
848 355
829 366
865 367
888 381
798 271
174 300
393 300
906 300
366 481
865 485
900 486
337 490
366 511
648 503
874 472
870 469
145 464
311 395
813 398
307 385
906 389
368 401
856 414
354 599
810 621
388 627
626 568
391 569
845 521
876 523
659 529
771 650
852 668
892 715
809 719
457 210
424 222
891 239
859 238
392 234
828 233
387 180
459 189
451 166
344 152
650 130
426 129
334 33
395 42
304 40
390 5
325 24
309 22
366 22
299 20
809 76
670 94
375 116
902 126
629 328
862 349
374 358
252 356
799 362
890 361
479 317
841 306
632 303
715 274
401 273
776 282
414 506
900 506
914 502
901 458
751 453
837 452
314 474
370 405
839 405
894 400
808 411
803 397
906 417
828 617
370 600
861 597
884 588
866 578
830 543
910 517
891 561
84 565
866 571
103 544
866 546
772 686
763 674
943 652
448 654
818 645
871 661
394 711
362 65
419 97
432 105
397 119
546 1
292 13
621 19
670 30
366 45
411 42
319 33
676 250
880 254
440 221
841 216
294 157
443 157
829 185
377 176
381 170
621 280
465 272
448 262
823 333
349 320
874 325
407 339
802 336
630 347
96 373
321 371
886 353
891 352
638 510
372 496
788 483
917 468
787 408
121 409
554 403
858 386
1058 386
867 685
895 674
832 644
842 641
843 649
783 671
804 719
622 717
292 585
831 585
860 587
885 600
388 637
382 519
653 512
385 533
884 533
794 567
801 563
854 562
908 552
754 209
514 221
175 205
855 226
377 224
338 175
405 129
251 51
358 48
372 48
615 57
324 32
344 8
848 4
355 25
475 25
381 64
361 72
901 124
888 327
841 326
425 321
909 330
912 328
439 364
764 364
840 364
80 360
892 362
364 381
888 300
872 476
375 462
605 502
859 481
844 489
874 493
356 424
840 420
802 442
577 432
327 401
274 406
340 389
861 588
878 576
919 599
859 634
122 629
852 624
591 627
755 618
839 622
894 609
797 572
795 549
770 550
828 544
858 535
348 541
772 521
892 522
812 525
679 661
655 669
874 669
340 667
875 692
885 689
650 681
636 680
408 679
848 712
408 199
446 196
770 210
364 221
346 250
362 255
416 245
238 235
864 233
900 231
878 143
449 132
346 157
366 189
855 188
412 30
293 26
422 21
403 19
862 13
365 60
367 37
329 122
402 120
381 124
878 114
902 105
348 98
383 82
372 83
383 80
456 95
806 67
413 344
852 350
857 348
877 336
903 321
908 363
332 377
743 377
664 369
369 290
364 293
876 292
837 303
314 313
859 318
437 273
882 286
742 261
840 269
352 265
428 267
909 384
896 385
800 391
821 389
788 392
771 393
849 398
887 397
292 402
301 403
321 401
597 410
854 410
905 414
802 432
886 430
582 429
289 419
782 475
836 473
895 472
876 478
903 476
903 470
867 465
918 448
887 450
892 462
880 489
387 487
911 482
797 509
881 508
842 507
317 502
83 498
862 631
864 626
880 636
333 637
848 632
445 623
870 622
890 621
891 617
766 589
736 576
119 577
896 577
818 594
919 600
404 607
880 548
316 546
346 547
316 545
875 544
877 544
772 553
387 557
596 557
365 556
821 558
885 567
856 561
865 570
773 517
885 517
346 518
901 519
902 514
816 515
783 528
805 533
866 535
832 542
884 541
828 536
841 650
842 650
810 655
349 647
916 644
336 641
662 671
874 671
388 668
787 674
855 673
884 676
1117 680
895 697
849 699
648 703
413 692
901 713
801 712
851 712
876 718
880 719
635 716
275 706
288 707
824 705
315 113
184 114
866 114
352 127
436 122
338 107
409 110
881 111
326 102
342 71
801 68
405 65
901 64
358 67
526 74
370 73
424 86
417 80
363 95
295 89
915 9
389 10
358 15
359 1
873 0
327 7
399 20
835 21
408 22
411 16
321 27
882 25
270 24
366 28
809 29
380 31
822 50
390 51
316 55
335 63
296 57
327 43
907 45
277 38
418 39
833 35
440 198
404 200
395 201
312 204
373 207
400 215
419 215
345 210
364 216
411 219
417 237
834 236
388 232
887 228
848 227
824 243
428 246
386 254
842 250
402 134
193 128
368 138
531 138
391 137
352 145
372 145
358 149
872 151
370 150
443 156
318 159
365 170
452 170
192 173
355 174
343 160
631 163
291 181
330 182
313 178
410 190
878 364
384 365
287 367
785 360
803 360
872 360
869 363
71 358
331 359
185 357
779 355
362 354
368 352
414 373
306 375
867 376
400 377
386 335
100 334
803 331
866 328
858 320
834 343
360 342
849 338
886 345
913 345
410 349
621 268
435 271
871 263
442 273
414 275
838 274
345 278
839 280
452 282
433 286
297 318
879 314
892 315
608 307
893 311
420 289
782 289
877 290
875 299
797 301
881 435
877 437
846 446
867 446
341 418
842 421
296 420
267 423
340 429
893 430
895 430
813 424
842 425
392 401
650 407
831 404
866 404
360 415
859 414
356 412
867 413
829 410
779 388
875 390
353 387
425 385
903 384
326 392
306 393
314 394
378 481
878 480
389 484
896 489
881 490
851 491
374 495
336 505
404 506
563 506
837 507
355 511
806 498
855 500
896 471
632 464
358 479
862 478
681 472
786 474
573 475
893 451
816 454
801 456
899 628
393 626
775 626
822 638
863 635
919 614
857 613
892 608
835 620
608 621
328 623
804 619
815 602
906 604
750 598
872 598
851 596
882 594
599 595
848 590
325 586
890 539
1235 539
907 540
265 530
626 531
797 529
889 533
305 532
1041 527
406 524
358 512
612 575
108 573
839 572
908 562
361 557
642 559
311 558
300 544
855 544
859 546
789 551
815 550
366 668
900 668
806 669
815 670
443 665
897 664
817 667
329 666
943 656
362 661
854 662
831 642
895 649
842 654
831 678
601 679
820 682
881 698
845 688
914 712
884 716
402 103
847 102
290 98
885 96
400 106
462 126
350 124
421 115
411 80
199 81
394 31
1095 23
411 2
372 7
356 54
307 52
870 50
893 50
358 36
333 39
388 46
371 183
385 180
332 177
165 152
418 138
889 225
896 228
637 232
420 242
395 241
868 252
189 254
400 195
329 199
372 211
886 368
603 371
760 375
662 372
347 383
426 362
790 367
674 341
790 339
352 335
411 335
475 285
361 287
748 262
580 313
852 294
861 427
67 417
83 419
863 438
271 445
858 399
819 483
608 495
574 511
889 453
843 597
880 624
330 534
392 672
349 82
356 113
645 56
200 145
787 683
340 594
547 450
406 254
476 628
643 675
629 349
561 387
183 181
618 166
92 487
898 486
711 303
643 304
665 237
578 52
821 609
418 4
535 20
640 555
653 642
306 436
623 612
883 669
425 16
204 262
300 89
656 58
621 367
375 68
399 617
338 61
826 208
924 361
4 337
843 650
397 702
800 443
893 554
810 617
691 16
647 462
910 715
318 364
761 482
215 233
654 274
809 628
678 714
695 121
573 364
690 39
418 200
670 49
767 283
916 390
356 19
293 314
334 78
648 88
201 102
795 560
670 495
873 422
847 17
630 170
856 375
906 504
393 213
652 330
633 346
357 675
920 659
84 172
606 458
666 77
454 216
786 713
907 337
658 642
318 80
565 352
884 613
909 545
656 500
828 672
443 144
882 713
410 496
644 590
674 551
647 286
619 305
342 134
604 595
663 656
875 328
659 693
668 294
651 587
691 36
871 341
767 393
620 537
899 341
384 14
159 143
818 397
767 522
814 409
897 409
905 76
658 347
908 311
876 595
911 695
861 589
385 63
1201 569
877 200
380 216
936 693
553 314
200 200
888 630
392 65
852 291
394 643
571 397
843 532
350 133
606 564
840 354
845 654
602 533
306 689
1020 585
841 269
929 706
643 85
761 270
198 256
177 258
658 80
55 290
354 31
613 413
348 582
424 124
624 586
661 657
405 195
654 161
580 212
345 155
401 54
582 530
218 321
808 328
410 143
766 383
858 25
169 170
833 592
657 285
672 594
922 264
404 189
387 52
324 165
441 248
875 326
593 597
401 36
783 261
620 664
899 539
603 434
828 369
862 588
697 112
370 55
465 206
896 564
473 223
641 705
574 310
850 301
564 445
651 623
777 418
571 317
920 712
844 569
927 78
414 498
354 4
907 621
648 562
188 247
139 184
210 87
780 373
142 174
804 570
387 138
457 112
775 565
893 26
658 576
608 291
777 306
845 47
531 478
659 647
549 350
610 426
639 365
683 170
850 15
382 28
211 285
697 257
894 475
762 371
305 477
856 504
565 39
556 480
880 238
217 376
448 202
890 588
823 89
401 520
503 687
204 493
915 460
907 652
911 663
338 557
73 313
413 96
302 304
166 220
647 305
351 114
343 298
190 193
433 654
388 479
636 580
792 550
616 1
917 661
779 532
575 497
797 568
597 184
646 35
680 4
667 372
637 262
596 296
650 17
597 603
593 611
641 529
436 265
129 244
335 47
665 517
579 518
576 534
546 16
587 617
910 295
844 455
369 331
612 168
548 530
841 389
789 519
680 185
869 555
578 593
695 129
605 537
196 149
764 414
631 594
612 289
239 170
664 495
648 224
792 514
610 190
601 427
312 489
589 413
561 373
242 263
547 152
510 468
895 387
394 301
539 74
586 433
637 604
1066 374
642 353
590 327
635 294
177 263
592 302
641 688
684 473
647 648
626 312
669 486
679 516
605 560
672 39
588 449
659 696
622 474
638 388
617 33
615 271
1091 176
626 307
891 503
584 376
656 650
388 605
202 377
695 136
905 418
640 632
608 454
663 535
360 168
618 53
597 287
636 24
675 487
645 110
892 575
813 677
183 100
629 543
882 715
812 380
543 63
831 673
615 313
316 13
962 11
1135 470
1023 435
161 207
187 287
651 482
179 243
853 644
637 545
653 379
653 562
603 120
654 405
375 712
717 129
655 620
883 680
512 466
863 531
847 531
657 306
601 266
610 397
879 616
399 3
926 614
603 2
469 689
689 27
678 713
454 329
656 565
621 675
892 674
366 681
922 337
644 496
683 82
899 689
268 161
759 699
922 190
588 443
677 591
870 697
886 611
660 612
420 294
627 286
199 195
587 564
641 436
799 462
590 388
371 357
185 240
405 696
700 3
904 526
409 190
672 502
881 595
846 623
914 511
691 203
173 218
599 605
625 664
379 172
795 527
651 437
762 311
347 449
149 184
383 335
865 396
850 194
524 437
577 365
613 605
918 93
340 52
613 688
630 99
606 401
613 377
893 488
855 497
643 7
820 60
765 525
447 197
843 321
672 684
422 131
1119 453
562 429
391 11
656 0
804 630
185 168
811 458
662 54
812 225
636 432
593 445
655 684
780 549
653 579
914 468
489 237
593 451
663 221
537 408
614 601
675 530
653 361
649 154
628 300
1027 707
1162 684
820 259
228 520
887 315
860 240
180 101
692 264
576 444
160 511
599 504
1032 624
634 578
595 419
711 287
1124 508
640 257
178 336
599 12
407 341
775 392
645 222
652 220
665 220
875 358
1048 358
627 417
874 366
581 22
154 161
628 10
665 592
600 284
653 605
364 91
377 415
639 273
597 585
591 531
554 476
1169 562
674 714
905 714
651 678
167 229
646 396
1087 698
579 397
368 343
629 390
795 251
723 281
595 289
584 570
873 331
851 510
697 391
364 620
437 102
658 124
205 224
562 224
261 199
385 0
637 351
215 200
629 251
653 282
702 260
828 316
579 361
589 272
617 640
678 131
610 683
624 291
639 419
640 327
637 576
867 319
185 277
653 151
863 300
680 246
187 213
613 509
883 479
601 555
641 312
425 591
636 352
653 366
584 40
911 333
896 283
418 29
886 284
324 51
568 202
635 630
680 442
630 607
575 496
413 98
599 270
867 41
589 560
540 404
679 51
625 584
679 139
646 672
587 303
345 417
397 9
575 547
632 375
607 597
659 658
183 204
642 321
898 686
565 341
591 472
618 461
630 717
569 205
175 191
681 346
625 424
600 9
640 419
582 36
556 190
653 35
632 409
619 567
384 77
656 385
616 623
214 33
621 261
709 291
574 561
185 191
635 382
578 335
670 565
685 263
236 269
363 20
1113 437
654 232
816 318
182 265
903 340
564 342
610 495
1181 308
848 338
591 517
636 469
702 44
168 123
654 351
647 19
411 155
578 423
1147 391
885 481
595 367
453 362
209 237
821 544
626 482
626 178
583 104
649 665
601 566
590 432
382 110
654 511
416 182
203 162
587 457
399 88
641 691
645 546
777 267
368 83
1083 352
259 228
849 280
668 471
574 544
653 435
862 648
559 393
360 5
233 222
912 480
572 11
644 116
535 63
422 60
660 365
514 76
652 442
588 379
666 82
414 488
667 499
463 140
879 344
375 501
655 363
591 32
679 23
794 475
578 594
680 143
662 354
179 106
619 579
589 256
584 418
897 536
613 593
580 623
624 212
663 319
645 463
627 715
655 191
398 29
669 702
884 550
595 585
619 433
641 477
629 489
713 272
542 70
397 55
822 536
841 618
641 656
786 617
657 295
728 13
556 287
807 445
457 224
890 547
392 211
705 307
1161 156
653 680
661 572
350 608
395 270
557 216
177 65
1130 439
838 562
916 425
144 181
859 500
630 190
202 204
793 505
577 15
660 475
816 386
883 386
856 472
594 498
593 436
201 208
598 58
602 16
593 619
765 532
681 59
408 37
664 570
614 180
634 557
874 250
339 127
572 539
632 218
686 213
223 220
630 564
660 375
525 8
619 617
229 203
609 265
571 448
1054 159
653 75
797 507
450 215
908 350
604 565
665 491
553 3
634 162
1073 592
540 407
639 10
558 184
625 509
403 224
668 212
648 346
216 437
641 393
600 479
446 719
659 602
615 714
673 505
656 293
208 106
324 109
828 653
190 84
415 115
616 121
622 654
765 654
414 242
883 510
205 87
691 79
639 110
327 440
1057 267
785 530
467 259
626 175
234 212
668 222
218 415
708 16
1165 599
1116 525
643 552
629 202
656 473
655 514
278 19
585 387
339 615
184 227
320 523
538 200
914 38
359 27
627 542
680 317
1021 664
594 459
880 389
159 226
426 204
945 707
649 88
553 364
187 161
583 661
678 25
698 24
605 568
897 540
348 308
788 557
320 36
568 12
677 63
723 207
378 243
883 633
584 446
432 288
786 568
688 204
636 312
324 548
687 320
796 215
662 690
567 431
558 319
363 492
855 365
578 602
173 186
611 199
646 194
194 250
841 271
627 225
676 437
825 655
423 646
562 20
665 679
877 701
617 494
778 578
811 399
592 550
431 654
863 650
568 159
1017 43
842 440
617 432
587 423
605 395
802 398
894 454
594 330
665 551
781 530
881 515
914 671
895 715
598 712
852 310
913 311
891 485
608 400
580 396
615 562
628 584
673 705
273 386
607 407
828 321
570 163
591 229
372 514
672 60
901 240
904 287
646 499
646 122
835 473
374 78
190 93
551 576
355 558
590 404
676 173
892 613
329 49
401 718
870 367
828 478
646 476
910 399
946 682
830 512
615 19
559 40
692 299
573 499
890 499
618 432
214 216
647 473
636 645
821 503
582 574
600 526
585 329
568 6
625 360
545 528
370 163
662 387
1043 442
619 501
562 276
912 429
236 565
563 113
817 483
695 237
632 413
1018 557
633 49
602 498
144 168
770 385
602 402
657 14
405 134
618 592
605 651
359 20
379 239
896 679
421 308
906 380
623 685
397 339
926 364
610 437
564 520
623 592
629 265
639 141
671 511
601 471
707 45
840 560
647 573
1138 53
889 251
1058 551
244 259
705 107
904 564
674 409
673 124
856 342
208 344
410 49
897 1
889 579
576 378
212 459
457 309
689 414
614 456
582 453
446 83
401 170
357 87
562 245
690 146
807 376
844 301
607 508
327 670
355 689
633 388
687 202
188 175
1074 684
622 634
576 294
603 618
416 224
932 672
432 320
664 366
860 362
810 422
554 508
696 568
625 590
650 525
604 669
616 646
575 498
583 427
790 388
859 409
326 40
896 571
480 243
659 352
669 398
845 398
813 348
578 425
910 703
305 198
160 168
605 435
567 407
818 382
582 557
631 469
184 138
588 16
934 707
945 690
436 66
548 480
787 437
575 419
799 645
654 9
623 474
105 597
344 2
656 532
648 467
599 297
367 178
1044 144
905 614
357 594
858 561
563 298
827 510
1017 679
644 367
830 163
392 124
611 649
217 297
588 389
161 121
184 153
406 129
634 692
649 119
827 715
1176 349
592 69
425 197
801 715
625 606
573 355
850 585
579 1
554 418
589 226
204 136
901 527
647 272
642 374
648 529
336 131
246 662
619 568
642 139
628 431
177 296
310 172
212 227
823 247
213 485
626 186
803 709
1180 120
1068 536
613 522
328 60
1127 215
841 451
161 214
596 1
882 274
846 372
863 580
576 202
625 455
222 174
627 121
587 54
379 98
619 335
591 418
551 123
811 495
653 540
596 539
375 144
604 463
661 306
834 545
226 142
816 614
186 140
574 179
646 367
661 15
912 325
567 525
638 627
733 566
626 400
220 256
355 98
362 107
346 449
662 153
634 158
817 509
862 639
760 247
288 152
879 311
609 549
674 437
1075 17
558 12
852 595
617 436
786 373
664 250
429 248
875 498
213 246
906 514
307 557
630 428
351 86
542 493
204 229
914 488
597 332
194 297
381 92
181 273
352 637
825 501
347 409
655 18
881 293
160 295
867 369
799 407
368 166
605 173
547 34
320 458
616 550
350 66
330 409
852 144
406 58
613 635
845 434
560 481
897 627
894 348
546 202
676 476
699 449
674 331
1143 493
629 199
830 223
625 601
648 232
598 698
792 337
342 405
452 172
472 230
671 609
888 488
233 283
918 493
232 126
422 160
600 70
828 689
554 439
652 599
406 176
832 413
794 562
408 51
580 703
360 186
638 490
647 355
691 31
1007 31
619 423
588 485
532 469
662 514
651 211
666 378
843 445
632 181
344 198
806 254
359 126
647 280
809 505
890 173
534 155
854 697
673 260
881 376
902 248
376 333
763 175
735 717
900 583
873 583
590 202
367 109
594 200
808 673
1076 639
376 90
344 167
564 427
666 685
602 488
488 448
628 494
670 454
288 76
640 697
647 146
602 407
358 325
1090 404
838 419
865 446
441 535
349 566
190 191
678 365
312 317
551 185
399 633
557 193
865 690
609 379
892 699
659 670
173 187
819 404
672 405
859 540
828 549
803 700
660 644
424 93
431 125
398 2
642 264
610 519
676 706
1101 32
268 68
385 187
292 489
860 472
921 537
898 483
180 337
799 523
751 606
542 0
408 134
607 605
647 640
373 470
324 264
876 409
860 380
368 107
421 246
640 47
351 8
264 418
817 458
604 580
551 46
606 442
375 402
865 464
881 358
616 366
371 349
598 325
861 618
608 87
657 81
315 143
922 494
333 454
584 12
640 50
908 373
638 29
859 13
605 139
893 335
285 577
592 513
745 518
858 247
607 166
829 670
841 459
880 436
908 5
417 28
220 75
604 704
634 130
871 1
901 123
549 179
564 400
589 568
832 296
378 199
894 458
638 605
921 495
591 545
618 697
786 697
653 181
731 134
205 115
447 221
820 559
909 701
337 609
881 651
329 469
850 423
857 519
833 676
890 409
664 612
806 612
282 52
620 38
889 508
790 691
623 657
913 687
903 488
872 593
547 316
655 477
748 488
384 189
623 505
415 683
875 331
560 135
651 257
395 64
666 315
1034 387
637 269
887 494
883 369
875 399
698 262
830 588
796 712
370 464
687 25
801 526
530 11
606 159
920 391
438 111
362 370
202 317
926 530
384 7
846 520
429 175
436 283
450 202
904 566
358 93
414 619
196 218
655 516
912 306
560 590
394 108
585 556
891 281
594 340
855 327
672 659
356 442
609 487
742 336
598 289
632 102
196 108
844 511
219 253
211 243
312 684
922 339
383 202
902 291
584 284
310 411
605 392
838 358
390 393
628 657
894 579
1048 342
78 409
643 493
906 62
310 146
350 341
897 435
678 105
428 216
813 347
619 503
333 129
605 713
872 382
868 304
624 354
411 87
891 556
595 680
688 168
138 181
870 387
338 479
430 66
369 567
1117 623
527 83
232 76
552 141
863 520
660 52
384 195
785 697
619 425
645 28
338 22
640 709
224 190
616 456
139 204
860 470
895 637
613 614
553 427
474 327
1026 548
516 463
29 512
649 195
875 337
432 163
883 619
592 291
627 291
678 443
373 34
581 626
1062 373
856 501
176 199
849 622
319 30
373 367
362 327
633 244
698 83
382 49
743 528
648 25
1019 525
619 302
383 447
700 202
622 597
624 690
357 656
884 709
563 252
409 68
850 363
441 225
655 429
868 315
578 320
635 680
811 526
782 224
877 224
203 387
926 528
371 315
131 193
591 410
1162 301
633 16
199 302
444 285
633 630
791 495
641 683
674 457
634 435
854 431
856 405
897 28
387 439
538 129
675 679
172 225
660 490
908 471
620 493
851 490
461 117
310 47
637 379
410 4
850 270
314 77
597 15
606 15
670 63
840 614
666 190
824 334
210 255
665 43
832 595
653 7
1138 699
869 698
1018 525
638 290
238 285
354 157
853 664
888 567
623 183
177 323
693 213
667 305
608 542
609 496
603 534
805 369
618 291
220 458
599 381
642 604
589 515
380 5
579 530
188 284
642 215
899 13
564 199
180 122
635 72
619 368
539 450
596 617
622 300
377 379
680 467
182 149
667 489
1081 394
640 46
598 385
612 117
590 529
559 585
662 609
688 267
903 566
869 488
160 162
679 364
818 399
383 283
599 310
846 503
614 154
563 322
648 598
637 698
626 479
577 474
616 311
1081 434
629 448
634 231
600 409
386 162
670 669
581 438
239 560
687 148
671 575
808 163
397 184
566 311
689 371
628 634
649 290
619 621
1057 491
680 34
155 206
227 206
616 636
837 249
820 413
176 209
888 507
527 75
867 683
682 51
1147 715
859 628
644 525
881 470
621 464
565 37
1026 714
633 384
368 341
656 347
594 476
606 668
907 366
596 548
380 2
994 612
907 259
1077 644
347 23
307 37
619 15
609 495
212 356
593 356
808 353
673 650
629 256
168 129
702 35
776 667
632 311
825 524
602 698
450 223
840 469
387 585
795 612
568 140
831 533
565 466
657 499
165 154
152 224
633 517
778 378
561 421
681 421
290 5
676 143
634 529
869 82
435 199
356 651
907 533
582 541
920 323
628 365
150 198
375 297
863 615
684 523
828 615
902 549
701 160
559 643
680 418
423 34
582 14
854 385
675 345
599 531
406 17
629 221
444 240
556 0
584 502
538 167
391 654
823 586
586 440
1174 600
533 9
919 329
589 309
593 381
909 379
857 443
867 138
881 312
876 611
601 496
669 653
775 422
647 64
884 267
380 8
775 525
166 112
861 410
885 275
473 687
653 18
404 152
610 136
595 546
157 188
337 256
56 404
842 712
650 462
822 83
875 295
664 407
821 312
405 361
556 39
879 655
815 596
625 268
620 693
836 128
694 47
1169 490
582 315
218 62
208 349
629 471
419 120
275 91
787 708
233 230
398 718
914 345
382 157
191 190
835 635
613 71
716 71
775 150
818 494
886 495
796 676
424 701
815 41
869 306
927 513
558 77
678 47
637 301
411 718
830 395
639 443
403 190
775 693
840 717
858 254
602 621
875 424
859 632
573 474
654 615
820 398
604 509
447 719
829 665
881 462
336 92
559 232
301 283
627 245
547 99
898 63
905 681
438 53
412 112
222 225
644 435
442 269
667 383
788 638
373 513
879 541
347 203
174 86
383 125
905 52
413 7
286 91
441 190
852 317
876 493
898 661
874 320
142 619
447 300
873 589
162 483
891 464
583 188
364 155
740 681
765 699
828 509
371 408
814 398
349 271
881 375
555 60
313 22
843 126
419 96
382 628
803 601
896 714
822 277
621 256
703 309
1060 309
905 374
279 423
411 399
940 61
813 6
413 29
68 231
606 587
905 606
293 542
866 652
744 458
865 261
370 177
572 203
639 567
894 544
625 515
829 525
160 288
454 294
597 313
560 323
843 384
637 387
572 162
348 150
391 96
354 88
839 649
760 654
749 664
900 584
629 625
460 340
906 371
374 259
311 498
919 451
864 401
866 45
330 49
413 70
466 165
599 200
851 233
876 522
561 525
424 620
916 679
909 443
892 387
620 468
797 492
856 500
858 500
361 0
855 53
400 69
427 238
384 244
405 150
563 142
438 178
918 615
887 578
788 599
889 572
879 520
620 519
841 533
770 688
824 687
906 677
843 427
756 509
775 490
1117 495
884 450
65 286
383 258
844 383
340 344
336 77
420 84
591 3
393 42
318 61
460 55
673 212
886 215
331 210
228 137
774 189
305 580
561 552
470 700
766 354
749 323
402 264
860 264
811 410
330 402
310 384
807 421
672 507
878 486
863 489
311 495
525 475
574 459
198 110
342 110
439 114
609 18
428 26
813 25
858 57
446 224
467 249
683 245
400 219
357 204
462 197
210 179
393 164
436 153
419 157
432 635
767 611
787 585
668 564
887 575
793 571
902 556
895 713
887 717
350 655
417 655
869 664
759 684
891 411
313 407
670 425
857 419
841 443
759 458
852 462
420 490
612 488
905 499
851 508
831 333
465 323
881 339
337 367
858 366
801 358
850 369
434 370
819 382
435 315
340 297
797 290
457 259
871 280
878 99
437 97
859 100
379 115
425 127
426 120
393 75
404 76
536 6
230 7
381 11
423 56
392 63
668 53
346 36
476 238
433 233
349 228
886 255
866 254
848 252
320 253
393 248
850 201
359 206
158 162
463 163
383 184
313 177
878 178
447 183
149 131
304 139
404 139
403 151
402 616
798 614
882 612
888 638
862 634
372 626
417 631
294 587
652 586
802 585
578 516
787 517
295 515
635 523
328 542
649 541
899 538
904 533
661 531
815 531
911 559
925 548
345 564
619 573
893 572
914 719
909 707
848 704
886 694
910 688
920 700
780 683
823 680
780 687
862 674
925 671
633 666
341 645
427 643
117 654
911 655
335 328
288 329
824 330
357 335
298 322
387 340
863 342
872 362
311 363
428 367
823 353
781 368
359 373
801 379
370 257
94 270
458 281
692 281
875 395
351 394
871 399
871 387
824 386
779 385
352 389
767 412
339 410
820 408
70 404
902 406
902 426
814 430
752 420
425 416
345 418
859 435
373 433
858 438
596 504
863 504
811 507
853 509
354 511
895 495
877 490
381 479
886 478
349 475
364 465
879 464
606 462
432 57
377 60
306 54
825 39
343 38
669 38
355 14
309 13
903 13
320 26
353 20
332 23
378 100
819 103
826 98
409 104
363 106
366 108
375 120
628 118
439 115
826 92
418 94
387 84
386 76
748 209
628 210
564 219
857 217
352 235
354 232
792 250
364 255
807 254
351 180
237 182
831 177
373 170
378 153
404 145
330 144
825 128
840 138
893 627
856 637
844 639
845 632
824 615
807 582
860 582
863 579
894 603
888 600
342 599
877 596
856 527
824 521
405 522
800 516
938 512
832 531
331 550
827 558
327 559
667 566
800 560
897 575
846 646
894 651
356 664
446 656
855 691
356 697
793 702
895 682
900 675
946 710
867 717
632 714
902 355
632 365
853 361
832 376
871 382
352 370
243 371
266 350
389 344
902 336
432 339
884 342
894 343
871 329
856 328
926 328
684 327
874 290
435 303
871 311
871 305
366 262
323 261
344 259
390 257
435 267
445 267
901 276
830 272
343 284
375 386
927 439
755 426
831 474
860 475
587 455
832 455
761 459
911 506
307 505
790 488
612 491
794 491
859 490
381 32
769 52
369 50
403 62
857 26
364 16
530 6
348 66
324 64
368 76
624 88
372 94
354 107
358 239
473 250
639 215
213 208
313 182
450 177
413 178
390 190
380 187
587 166
909 608
846 615
503 629
886 573
826 547
128 527
324 522
915 529
877 539
792 703
842 715
891 358
877 362
619 360
918 383
458 324
81 347
302 285
861 286
343 296
851 435
797 441
340 431
619 400
897 413
867 509
887 505
681 38
845 46
388 95
597 93
439 144
420 254
789 528
326 517
881 564
385 571
600 571
911 571
619 670
890 648
799 699
831 392
844 396
825 385
560 450
832 350
815 185
369 241
856 236
654 545
916 620
833 641
907 427
860 505
361 22
857 538
886 605
877 613
448 699
873 712
950 151
390 661
826 610
373 23
638 196
899 440
860 372
889 515
590 262
845 200
173 150
141 607
662 665
773 450
794 500
870 297
394 78
819 574
852 597
905 305
580 47
576 462
863 112
892 357
795 444
821 208
389 30
743 526
886 670
418 263
915 676
375 678
338 596
908 503
347 381
681 546
845 34
395 81
54 87
891 359
887 528
880 315
1147 569
649 535
205 279
392 134
749 714
357 169
779 522
927 353
833 531
334 518
609 585
823 183
671 207
108 639
817 477
424 199
625 226
884 464
844 269
362 122
283 425
864 543
355 163
872 707
364 406
354 243
681 4
371 58
803 484
339 24
335 197
401 359
379 287
679 319
386 69
879 87
421 209
384 207
598 637
398 61
809 238
908 355
401 410
665 326
883 585
1188 576
867 469
376 504
453 379
368 694
85 183
309 381
654 634
841 437
707 244
845 652
610 309
539 107
418 374
813 368
915 703
901 25
944 714
106 381
386 226
595 267
954 679
408 231
808 399
842 422
96 568
669 673
415 91
358 163
866 332
837 353
865 575
810 506
898 492
980 434
947 718
849 652
773 401
863 419
873 545
878 292
839 621
462 231
438 107
229 241
801 271
887 714
873 204
891 465
660 521
622 666
412 140
342 593
888 267
85 570
840 695
917 317
438 276
776 162
346 33
245 0
362 275
409 234
887 570
887 512
836 494
680 297
365 163
416 290
831 529
816 398
995 111
597 510
385 239
889 466
882 562
852 352
892 51
356 93
867 247
898 519
875 518
435 191
846 332
404 355
803 361
822 392
651 547
622 173
311 490
846 474
416 101
315 527
432 650
899 415
788 7
883 370
893 607
943 708
387 478
682 93
829 501
846 632
842 614
343 219
480 255
871 413
576 388
441 196
888 232
583 707
691 102
855 212
562 6
429 132
858 485
908 670
775 710
831 310
900 493
675 504
287 309
402 229
337 87
882 580
1166 616
337 378
73 447
835 606
351 239
338 227
877 52
469 323
78 364
815 335
218 302
615 695
293 6
792 691
464 175
785 543
577 616
649 438
781 543
373 121
416 28
894 503
882 321
300 353
229 167
655 487
910 318
833 416
1211 289
887 94
409 85
155 176
662 714
380 152
919 712
545 210
432 328
306 116
392 118
881 394
334 7
867 463
674 293
589 49
330 63
882 365
775 223
805 370
829 401
594 457
331 40
572 470
379 325
644 684
601 53
884 556
353 605
597 559
573 497
824 713
622 477
808 558
894 688
798 439
815 642
81 277
878 235
892 386
565 391
936 41
777 654
842 588
914 407
416 686
871 386
86 234
390 88
672 48
393 209
374 443
350 161
185 144
637 55
830 536
678 657
299 13
866 320
870 585
865 530
796 612
459 206
845 533
596 364
796 363
346 8
809 577
636 635
623 299
409 345
580 474
364 82
617 484
600 178
550 106
810 430
859 578
842 483
850 606
826 474
854 33
329 243
586 444
608 283
891 467
332 475
899 403
609 441
188 150
820 516
873 469
579 499
883 526
389 480
305 390
838 262
869 641
379 489
889 346
874 523
208 293
654 682
454 223
415 95
848 421
871 542
860 27
860 670
735 484
595 330
563 412
826 505
841 32
854 691
872 48
645 558
677 242
368 25
873 244
672 344
651 447
335 305
579 424
576 180
851 487
635 379
840 597
905 290
601 467
660 561
873 617
613 473
876 316
673 21
326 403
911 80
823 413
356 355
841 183
934 440
395 55
824 538
635 628
420 101
883 424
745 630
364 705
759 641
419 43
603 401
625 399
376 337
895 539
585 133
452 698
614 389
96 374
388 111
930 22
816 424
622 598
602 461
175 63
205 193
871 9
784 512
635 518
131 588
803 377
396 24
356 152
693 305
666 503
750 372
389 82
790 325
781 669
880 451
642 367
822 240
866 711
922 29
436 289
449 211
885 521
574 70
855 271
547 9
598 481
906 660
918 322
620 649
640 677
754 584
458 267
323 175
886 526
672 173
883 456
794 485
851 591
914 536
648 333
627 549
751 706
551 321
648 24
346 207
493 645
385 212
648 606
617 535
930 48
821 241
898 497
596 400
672 654
645 249
681 430
508 28
399 176
636 706
556 231
358 27
541 324
859 545
651 691
894 85
644 0
201 241
888 617
912 565
1109 595
920 708
606 68
571 368
883 655
575 336
619 317
425 272
603 452
632 690
812 17
206 229
830 228
600 434
402 257
676 399
422 32
637 475
831 532
644 284
608 48
375 481
397 174
1094 167
597 353
589 458
222 273
399 520
820 703
912 493
563 544
230 482
358 38
560 426
1229 285
675 30
643 704
844 271
690 97
786 562
675 177
842 682
864 347
843 267
181 100
422 222
907 532
900 590
660 298
642 211
673 565
648 582
702 129
634 647
1170 525
605 40
665 187
659 623
904 345
615 325
332 554
676 554
790 497
351 672
556 403
854 519
879 713
885 676
217 119
899 283
789 685
661 509
414 513
599 673
817 513
193 284
612 308
783 246
388 340
639 539
621 582
215 231
531 134
838 416
218 263
620 444
192 335
804 639
585 411
317 314
458 224
841 239
767 261
874 414
656 579
862 695
800 664
902 271
324 262
555 410
686 56
616 242
391 55
650 94
916 513
621 50
158 251
1204 251
609 436
886 300
919 479
193 67
908 344
844 517
887 598
402 173
639 385
867 680
824 571
757 429
803 394
437 201
887 533
882 551
896 697
795 104
331 588
871 501
824 617
929 600
399 365
296 38
914 532
886 431
612 585
681 35
643 117
861 392
454 257
766 631
431 173
686 19
691 470
665 459
867 490
806 712
614 519
411 40
342 443
894 367
881 630
816 381
904 432
101 553
430 157
906 34
864 402
874 542
209 415
289 447
866 596
458 280
405 259
936 564
545 309
873 415
796 426
349 232
842 367
932 699
873 635
413 61
885 169
449 228
379 561
676 545
383 697
903 408
371 438
588 481
897 375
442 167
349 26
468 614
909 643
610 662
915 665
867 385
902 389
804 380
206 258
408 71
615 10
158 238
411 161
900 555
314 393
276 294
771 455
417 717
897 439
145 493
788 373
423 286
882 664
621 131
588 440
641 600
657 310
412 97
414 91
444 206
202 214
891 470
888 420
900 648
796 579
875 527
886 354
897 477
878 660
454 108
653 373
617 348
195 135
911 523
338 51
458 287
74 306
574 482
422 150
361 18
362 143
640 666
857 405
863 397
813 675
639 652
816 665
328 369
876 566
384 245
767 271
339 639
639 43
406 134
616 404
774 646
884 379
930 719
319 222
194 312
838 542
607 79
834 371
414 80
905 389
360 426
911 439
893 357
871 574
312 522
850 613
377 600
431 39
370 215
881 660
628 195
839 408
227 270
618 225
362 653
668 521
985 204
688 8
377 138
648 543
533 387
916 100
807 531
565 67
929 704
572 476
621 476
596 338
446 269
697 386
642 200
632 287
798 611
683 74
819 479
854 638
869 637
374 125
553 132
668 110
432 108
931 538
395 108
608 310
535 277
400 448
851 412
635 458
643 458
851 413
885 403
579 212
818 705
319 68
918 513
436 317
603 486
686 191
798 444
829 523
365 428
405 168
901 499
569 389
685 58
860 307
592 689
352 221
858 317
433 332
914 572
865 541
339 643
901 717
576 664
342 677
824 227
362 420
361 461
614 101
594 470
649 527
821 472
591 445
592 445
599 391
113 615
645 142
612 4
612 359
635 212
856 294
598 7
1059 104
643 270
856 396
365 454
687 397
875 671
670 555
757 211
389 241
837 611
393 108
616 706
431 333
628 36
888 547
1096 484
806 592
882 234
849 472
867 587
911 304
881 569
878 715
574 164
1166 476
914 524
278 403
868 480
331 2
920 371
669 514
176 247
586 483
859 544
421 68
604 652
654 257
835 248
817 371
795 455
852 563
681 20
866 667
466 638
414 236
410 271
464 119
907 95
198 243
316 512
401 4
302 462
882 479
766 578
896 640
815 664
542 12
164 170
860 309
774 528
622 221
417 263
350 95
896 2
572 425
432 47
857 599
631 718
366 35
883 604
442 74
548 496
327 165
899 573
810 14
888 328
880 536
860 644
331 363
388 14
439 258
828 342
117 527
799 714
611 687
396 638
756 609
229 321
766 701
585 314
406 93
860 396
665 572
379 492
658 661
371 542
607 21
812 335
900 98
832 303
665 94
361 60
186 259
624 504
372 101
607 467
394 269
294 435
92 478
429 273
558 370
807 48
155 270
878 301
341 453
760 520
765 632
919 265
445 113
890 43
638 706
362 13
613 334
903 303
366 78
152 147
368 98
869 469
681 68
889 519
331 593
387 35
899 372
893 431
322 394
847 613
385 659
871 604
624 223
828 523
866 505
284 306
862 646
304 470
318 334
443 149
872 620
307 611
844 700
296 410
775 595
878 615
289 399
125 59
432 124
123 630
861 573
873 496
856 451
907 423
889 396
637 308
405 628
368 455
871 711
342 138
375 160
418 27
698 286
897 710
428 335
779 541
397 96
374 244
369 446
342 228
824 684
546 183
781 700
776 429
348 41
194 172
739 505
868 454
575 500
621 132
410 236
659 194
1204 591
634 426
624 568
387 34
810 24
616 519
585 675
274 564
1145 280
331 213
410 47
656 291
818 316
398 155
323 448
913 558
911 697
902 470
878 412
605 434
391 390
419 302
285 424
859 514
613 713
607 40
914 37
1107 438
410 614
640 213
595 525
605 643
686 513
656 511
815 712
229 211
201 153
761 200
651 633
654 590
812 637
908 498
617 452
789 494
808 42
396 36
641 286
440 92
888 296
636 674
382 99
812 694
496 41
663 500
703 424
894 353
423 373
872 368
227 344
808 344
551 519
305 487
861 667
591 544
446 605
881 590
855 715
886 310
794 72
235 277
401 128
878 655
92 438
909 591
1024 457
900 537
607 212
918 391
119 619
860 325
384 64
654 13
787 298
808 439
347 292
408 274
420 51
853 550
866 550
933 669
635 293
824 317
932 585
412 576
551 92
811 350
908 389
838 529
381 185
421 15
883 577
898 287
283 482
803 711
333 221
890 360
750 692
422 16
907 688
747 556
901 408
898 488
812 690
602 388
398 0
385 178
321 626
421 164
444 323
624 215
770 521
356 77
849 650
924 266
910 458
403 207
877 397
809 695
615 443
307 13
858 157
781 316
860 441
648 684
776 341
670 475
796 544
662 527
799 632
467 261
819 136
828 519
415 535
284 536
761 231
874 35
441 707
888 303
636 705
789 274
355 103
837 434
100 296
770 490
807 675
184 101
897 558
883 558
322 113
876 164
408 220
331 509
439 675
911 715
887 437
835 360
243 264
386 194
628 337
153 173
732 361
576 415
359 203
887 15
284 162
896 66
869 513
476 159
674 547
387 20
408 67
594 402
476 264
826 211
363 391
900 350
831 328
361 170
455 196
404 195
731 607
882 555
398 5
1231 232
428 644
918 300
673 487
351 102
810 535
881 27
290 60
867 649
849 438
378 181
399 167
641 318
765 684
749 216
444 229
800 499
356 310
813 337
615 579
886 598
904 718
812 452
893 316
875 366
326 587
416 562
573 531
298 709
583 411
332 426
580 494
887 477
282 472
194 337
869 347
841 363
358 207
431 199
299 52
922 633
382 548
841 542
688 445
345 330
345 7
339 2
416 141
870 135
361 158
907 362
655 407
868 232
866 230
775 690
913 324
895 344
857 30
886 27
794 196
415 204
855 541
368 547
911 605
886 267
783 314
424 296
255 299
821 366
892 366
459 347
663 435
390 451
318 97
377 105
400 91
660 10
875 2
428 54
328 61
342 35
347 165
938 532
881 535
892 527
123 522
901 588
921 438
295 434
426 388
831 477
741 502
833 306
592 311
367 288
463 293
359 358
447 110
837 116
429 67
356 45
413 0
360 194
342 240
854 706
434 707
441 645
742 605
632 523
876 568
921 549
894 309
303 311
872 258
588 369
858 411
845 430
623 442
856 494
625 499
855 510
825 473
390 86
919 107
387 27
629 131
826 251
822 629
640 616
879 567
780 516
859 305
892 367
916 346
908 342
895 504
914 497
883 488
812 408
392 71
352 81
665 81
441 126
679 116
196 119
903 4
804 1
893 162
926 245
209 193
421 205
832 630
828 618
929 551
845 540
877 328
300 347
886 360
392 357
631 273
857 262
259 443
862 439
794 673
329 41
388 320
812 349
816 535
414 254
660 46
873 319
592 683
398 83
402 6
350 145
899 292
898 16
295 519
434 636
451 348
784 290
883 391
905 482
858 475
348 60
420 234
425 229
865 244
944 716
423 718
889 493
655 288
1064 288
889 344
382 7
906 31
370 123
698 140
874 152
852 525
879 521
353 502
906 372
387 163
898 568
854 349
871 13
339 119
366 555
313 70
935 649
864 15
904 341
308 181
396 21
761 591
893 352
436 48
449 682
775 657
888 487
325 242
892 660
435 321
857 314
612 446
400 505
810 629
421 177
328 130
193 109
369 120
367 64
859 340
909 291
340 293
853 696
404 106
605 61
416 289
547 468
571 451
710 30
330 397
428 123
394 387
342 531
832 480
604 175
868 621
921 310
929 322
395 458
909 507
886 397
436 143
188 231
346 564
355 206
629 608
897 602
838 717
685 264
838 493
320 478
291 693
382 40
341 235
403 358
891 353
361 499
836 521
297 0
323 20
386 17
813 75
377 94
405 171
830 396
434 338
634 636
851 634
905 533
840 650
357 49
222 226
230 149
921 511
898 430
923 395
305 596
920 527
887 547
819 551
898 680
896 685
894 642
804 321
575 376
309 380
424 179
890 132
814 150
105 90
638 519
894 529
807 572
873 631
842 610
864 661
458 225
352 239
547 419
885 418
357 310
419 297
926 695
788 584
890 609
669 160
393 101
342 433
101 305
900 361
311 579
470 623
457 231
389 207
862 188
434 115
312 79
411 67
818 445
863 505
798 361
648 48
380 1
379 233
461 253
811 600
306 12
426 42
430 183
904 405
775 640
368 228
862 495
806 656
414 293
306 602
410 31
366 41
881 377
313 509
573 403
828 631
1004 46
895 608
370 633
413 219
877 600
576 486
811 679
639 623
898 525
343 381
860 482
655 254
383 309
376 348
381 169
888 271
373 327
849 510
369 108
869 354
383 53
883 560
626 66
357 42
611 229
834 57
431 4
778 500
394 23
841 517
454 78
322 130
746 591
832 530
398 91
897 436
453 237
359 599
888 627
892 417
347 387
374 531
369 565
1216 307
858 263
372 614
299 17
320 659
116 571
922 478
837 433
91 557
774 653
375 155
322 29
891 186
116 372
32 581
902 716
850 303
1229 218
361 473
865 707
753 689
755 251
292 347
404 15
856 663
443 222
818 181
348 182
855 686
337 641
634 334
1191 470
751 647
467 271
787 562
787 682
358 557
853 580
881 413
930 430
809 442
776 645
423 131
338 321
625 31
899 700
902 583
860 710
836 129
349 480
803 469
383 172
846 422
1046 230
700 60
684 286
344 590
834 489
791 585
692 336
675 227
921 80
829 613
398 136
649 709
864 652
814 675
905 13
460 139
801 210
726 655
634 552
837 506
322 19
385 152
426 407
592 423
892 505
613 585
578 389
427 142
923 707
867 430
597 548
892 664
890 625
605 549
562 473
869 263
868 559
258 34
358 166
657 581
1019 234
624 621
858 499
881 575
675 29
391 28
643 576
849 281
691 106
566 436
588 516
894 259
724 694
616 571
795 358
245 652
867 431
599 564
644 53
604 489
754 515
677 195
618 256
325 466
581 29
616 559
642 208
437 329
647 668
870 540
890 656
241 248
696 11
628 547
662 439
894 323
917 281
647 719
857 477
182 109
878 197
641 500
820 507
914 378
354 115
862 558
896 335
188 260
861 548
331 294
78 345
393 60
642 518
840 518
419 90
634 614
608 309
210 137
451 703
328 44
356 20
366 267
710 299
839 619
662 549
609 56
548 138
586 66
854 607
619 105
620 488
845 536
413 100
883 10
632 550
655 415
884 335
287 606
762 597
889 719
596 594
865 293
693 153
651 21
654 279
1094 282
203 297
520 35
825 466
901 635
410 212
604 349
791 662
632 200
874 340
338 351
618 479
689 350
222 228
391 133
861 382
624 712
558 17
614 99
1172 531
1108 514
899 339
582 250
625 591
921 672
690 51
612 452
584 450
872 355
854 231
627 553
598 495
673 349
661 249
1156 604
187 140
238 237
218 353
661 273
633 686
626 631
187 141
606 226
634 631
532 127
677 359
213 281
652 484
336 82
303 31
418 302
407 394
344 577
648 669
594 337
639 343
893 420
607 436
635 473
589 459
683 292
888 587
309 583
659 409
657 55
675 106
841 606
595 572
641 270
820 347
599 487
656 692
690 278
829 509
869 700
664 620
614 462
190 150
1081 678
911 11
229 226
645 645
610 448
651 536
423 174
823 342
651 335
638 473
798 603
602 343
897 714
848 387
859 668
889 477
622 718
391 46
619 406
314 428
206 289
891 672
870 248
598 184
609 105
862 12
180 270
443 201
911 280
240 223
584 441
433 694
424 169
332 5
349 35
680 123
688 89
891 73
798 400
627 390
603 674
360 375
583 591
667 677
561 18
908 313
583 253
325 61
671 65
1146 124
601 522
1082 346
163 138
375 128
605 591
568 433
590 433
849 423
404 357
581 624
663 275
418 318
605 693
663 316
390 121
317 517
650 372
561 69
899 711
406 73
177 160
907 393
635 715
624 576
755 534
798 594
359 66
576 474
850 692
605 391
281 478
808 563
311 195
889 325
704 68
202 194
1154 346
393 262
386 22
679 439
1185 410
596 36
435 363
611 291
660 651
604 514
842 303
590 405
894 666
632 390
604 401
563 145
881 294
694 55
317 230
864 700
602 446
435 74
604 519
678 330
673 269
679 634
367 681
360 524
832 603
628 319
410 657
456 311
894 563
366 615
540 78
639 671
642 229
654 630
164 171
178 171
602 580
202 290
618 690
638 254
388 12
669 622
596 475
660 692
629 434
1112 698
580 141
679 701
631 270
580 509
610 500
692 188
669 599
569 4
693 4
549 410
544 69
223 332
1201 442
642 1
181 138
573 53
597 366
238 685
1116 28
847 509
686 145
616 377
617 390
617 716
632 477
650 477
875 640
623 699
556 47
665 705
611 253
344 547
1129 220
599 269
440 191
1063 535
593 504
667 697
672 490
788 211
152 170
591 429
437 103
539 99
632 583
426 517
188 310
664 637
638 703
674 529
671 180
582 513
212 184
911 524
602 177
304 67
172 198
309 187
618 496
205 109
688 467
673 490
840 389
569 518
547 496
1134 707
866 556
307 29
1135 524
156 192
613 416
638 452
349 656
908 321
649 476
243 246
590 103
646 216
425 217
633 469
867 397
310 403
1030 27
1080 286
187 115
651 115
169 168
138 179
617 610
545 177
631 282
608 273
566 448
613 641
204 148
630 586
624 38
674 174
654 646
645 660
619 279
814 509
614 182
639 3
679 36
639 616
618 424
597 388
229 295
554 29
446 105
568 500
1160 654
1203 450
190 255
638 552
608 414
622 716
673 608
601 458
919 526
590 31
196 95
653 85
661 679
647 557
661 450
650 161
592 384
635 660
658 218
372 220
663 592
571 465
615 74
699 131
230 570
603 713
1087 708
231 174
1055 370
632 718
837 354
893 606
665 410
686 366
849 505
862 482
637 88
378 178
898 7
631 666
698 94
1197 314
584 521
201 263
602 349
618 24
592 640
563 177
429 708
616 254
675 315
595 416
894 652
615 497
599 280
650 523
601 297
409 273
211 252
1025 663
590 453
673 644
610 533
659 7
606 539
172 300
535 448
346 51
648 298
693 33
624 498
691 401
599 523
897 78
1098 483
594 693
671 697
669 240
565 495
615 350
611 376
696 253
1204 235
1158 499
614 51
559 401
654 88
688 127
838 228
523 57
644 671
632 704
632 106
638 626
569 593
656 691
660 213
1193 311
600 425
618 632
283 120
581 533
593 210
626 433
646 139
978 403
624 454
577 227
184 175
1169 183
1032 686
620 479
799 427
224 311
214 75
611 331
635 471
935 699
226 221
628 405
167 219
636 421
842 571
702 349
230 496
554 178
656 605
618 698
200 389
511 44
640 337
1037 632
602 302
427 707
225 174
646 572
914 472
959 712
632 575
650 622
639 576
590 4
699 46
232 190
703 263
655 715
426 374
596 199
245 265
623 372
812 592
598 364
327 332
364 42
774 502
690 92
565 504
620 343
176 256
621 521
622 651
655 172
687 514
1009 589
641 264
588 424
628 283
584 400
430 9
173 140
872 160
592 386
595 690
205 228
683 571
610 186
226 238
631 74
638 256
216 247
878 241
551 351
577 536
522 43
632 100
600 333
670 717
632 555
187 157
627 523
1111 573
623 233
348 486
629 353
645 469
631 62
644 618
657 557
667 266
1197 258
638 494
315 248
910 656
899 248
488 18
572 556
436 198
672 11
1126 500
1055 598
165 179
657 373
610 605
587 595
1062 7
558 460
663 141
658 517
662 307
189 333
659 303
612 467
567 426
225 399
228 551
662 570
637 613
675 539
660 440
637 438
531 113
192 328
659 612
697 255
717 266
954 688
664 45
605 292
623 329
674 25
433 167
773 232
660 639
585 279
709 340
238 148
1169 518
577 341
618 119
327 116
563 338
624 702
1081 17
597 126
337 478
170 238
836 247
621 557
682 102
601 469
609 91
808 517
680 114
647 647
1145 647
670 86
196 210
643 513
611 274
696 274
690 33
865 538
213 263
651 127
161 216
596 15
617 19
634 390
658 383
1097 679
1112 570
175 233
577 34
573 267
626 449
191 310
840 390
438 240
676 44
1157 464
693 227
598 421
625 511
650 674
664 370
597 663
714 293
593 560
667 43
88 349
853 406
656 248
166 134
620 230
659 404
617 302
600 602
175 202
612 673
679 570
601 683
208 233
677 365
211 670
617 315
897 670
629 654
205 435
645 65
636 455
651 469
604 167
856 557
577 504
547 532
372 573
875 278
640 377
673 437
276 197
684 119
665 461
659 135
624 512
608 1
579 149
585 430
612 652
517 10
608 250
566 220
889 594
681 309
643 299
632 406
656 406
208 66
554 21
638 684
1052 529
332 536
361 156
182 202
633 532
662 544
634 649
652 686
1154 484
460 239
704 173
384 234
646 437
360 238
691 72
908 271
168 269
631 275
610 481
575 159
681 14
203 331
650 396
404 207
226 326
313 248
641 675
197 114
661 164
901 696
847 392
559 30
1014 703
918 451
340 2
230 579
550 284
828 564
613 451
874 21
676 490
1139 669
706 251
331 339
908 125
630 297
587 11
410 153
619 485
811 512
303 391
638 587
420 26
167 292
398 3
635 217
880 688
1054 576
656 493
930 426
197 294
296 302
219 189
591 598
813 241
386 21
896 537
865 330
394 658
605 455
1101 299
878 310
429 356
618 593
626 593
195 225
322 33
340 72
828 389
882 487
900 289
583 312
345 261
668 528
683 549
322 79
422 18
641 607
332 456
873 507
390 74
419 66
396 241
619 550
444 603
607 633
788 649
915 44
171 116
362 116
365 116
379 140
188 218
68 322
890 336
791 363
897 371
228 262
938 442
580 534
841 551
864 677
352 700
626 235
409 167
901 190
192 125
422 320
679 376
391 317
99 509
570 393
846 386
833 414
669 554
583 572
644 565
389 513
890 512
661 516
292 602
860 712
871 671
907 648
1118 675
678 139
818 241
847 402
853 402
861 497
907 330
873 381
641 289
868 525
380 575
896 632
443 179
668 279
404 284
838 304
368 396
758 416
862 416
880 459
832 657
402 691
863 693
621 516
915 535
721 79
380 86
567 17
631 21
406 202
418 243
869 350
683 343
355 324
847 371
526 379
839 286
614 500
812 488
323 464
832 423
896 446
631 436
383 415
903 699
408 676
741 680
858 713
420 705
417 93
409 116
883 57
419 6
924 29
211 227
476 254
685 249
306 150
448 128
422 173
810 307
315 289
393 349
414 356
650 366
781 372
900 453
627 473
612 420
840 569
671 564
915 537
668 517
791 583
394 596
358 617
866 619
838 622
895 632
455 657
629 666
919 700
920 698
823 684
414 682
881 714
862 710
469 182
483 176
673 184
427 162
890 156
426 142
408 245
361 223
367 217
863 219
412 193
994 119
385 105
656 109
339 72
874 60
862 57
895 1
927 351
794 336
386 337
823 371
767 376
895 309
371 288
801 294
624 267
342 268
368 260
850 440
875 442
900 445
867 434
800 427
381 424
930 489
772 496
890 508
619 504
606 473
395 541
902 534
401 514
801 515
341 517
1162 560
929 565
873 597
819 606
889 582
338 584
790 609
769 610
897 625
762 639
894 646
904 652
863 659
1043 685
932 686
451 681
385 708
908 711
415 64
417 73
673 78
336 98
849 123
390 13
444 213
391 192
366 197
444 207
373 234
201 232
424 229
684 246
915 250
420 129
673 129
322 148
388 158
849 377
355 369
804 374
448 353
411 325
810 313
866 312
859 291
694 281
663 446
568 430
585 418
810 400
842 407
78 496
603 500
910 510
609 448
644 461
812 469
816 471
1080 615
913 618
803 626
861 526
664 523
932 694
754 654
304 650
835 223
826 242
383 248
316 231
357 67
275 94
354 456
891 280
914 371
841 550
406 34
318 56
1093 3
898 18
394 93
552 286
1094 677
675 11
74 485
362 392
799 411
120 617
869 697
641 684
329 706
591 28
413 233
80 264
350 466
345 25
923 5
906 368
855 402
889 394
820 603
569 336
900 529
872 638
869 381
323 603
390 687
971 84
876 355
867 644
826 264
871 197
157 120
889 479
406 171
896 352
781 207
852 600
915 405
648 383
940 697
426 179
583 505
262 376
878 258
799 574
453 598
869 601
534 46
829 40
391 36
837 29
212 200
413 229
816 235
556 160
415 274
887 329
821 496
53 467
68 430
807 428
438 404
672 645
867 642
883 653
868 654
730 570
831 561
870 538
757 526
313 519
892 623
370 588
772 601
830 90
385 107
891 12
349 44
649 150
427 145
800 327
808 320
913 328
564 332
648 349
832 362
294 355
1081 444
412 455
332 500
359 496
849 544
554 582
339 89
425 76
394 270
861 302
354 288
913 428
851 406
817 537
868 578
896 587
653 644
448 183
440 155
799 230
360 329
683 402
204 189
853 363
600 24
673 431
577 335
619 623
407 93
331 13
567 264
358 399
789 613
318 423
673 649
861 638
678 437
342 5
573 113
837 342
569 289
651 708
601 476
626 682
638 444
614 160
908 425
907 428
776 539
889 359
881 334
794 545
527 49
867 554
893 569
436 144
362 401
681 128
412 27
686 488
765 602
301 422
879 588
177 155
611 16
191 305
618 130
426 425
392 528
895 269
642 664
749 595
762 585
906 312
606 547
846 532
875 515
896 343
388 273
570 141
654 353
771 626
316 60
866 686
621 312
322 395
612 192
859 509
592 437
580 507
395 98
906 479
769 684
571 226
897 601
907 403
861 117
859 532
855 672
672 677
77 231
646 676
603 300
299 391
378 177
583 514
396 711
876 285
383 68
352 405
906 486
661 195
421 158
345 64
559 48
894 89
457 290
670 145
887 289
602 320
403 256
886 537
822 580
634 455
904 469
329 442
1159 355
1197 427
644 489
142 43
681 1
747 595
544 117
553 0
639 670
353 663
913 411
881 351
194 202
1075 503
377 75
933 452
597 303
386 32
189 321
586 343
893 497
852 579
561 301
856 245
662 86
894 360
591 389
906 27
628 586
422 71
179 245
1108 323
618 417
902 255
906 629
645 196
657 16
846 35
635 578
183 301
583 701
849 541
425 59
611 269
676 24
878 379
618 136
331 378
354 41
591 518
681 428
944 90
1109 484
784 626
658 601
511 149
829 520
206 389
667 639
758 518
855 584
814 388
309 19
637 615
615 298
644 275
196 191
789 605
805 366
564 202
592 488
586 283
902 697
357 225
880 274
572 570
647 359
80 677
596 372
635 315
400 269
410 681
635 605
795 125
878 674
848 419
606 141
508 50
531 42
399 285
426 75
852 504
904 332
424 177
561 206
572 316
576 80
690 242
903 653
846 397
678 90
410 401
104 247
280 40
628 649
915 434
892 651
888 268
860 277
899 407
763 686
921 20
898 269
909 456
899 461
878 328
196 184
663 1
778 109
909 553
730 644
825 351
930 447
869 635
886 447
880 531
633 575
407 46
884 221
164 117
641 105
374 719
867 282
212 198
886 471
903 495
795 555
442 55
658 243
648 650
649 53
698 284
903 533
586 352
794 360
387 417
615 171
620 357
357 322
554 138
341 24
350 532
198 297
817 520
627 510
349 415
623 117
296 87
534 434
669 412
668 275
351 267
642 68
665 528
379 409
902 63
906 454
911 473
403 17
155 267
603 392
878 662
786 667
818 667
828 688
809 584
859 538
633 647
398 60
760 616
538 169
893 577
880 590
320 390
599 687
930 471
922 509
906 4
861 555
346 364
1023 632
821 436
887 396
619 657
330 630
315 350
878 602
208 299
694 252
806 331
594 315
905 558
352 299
903 546
672 137
618 431
614 631
666 606
402 44
902 516
867 357
633 296
865 566
857 136
612 37
431 181
640 235
549 276
594 390
590 164
630 560
661 218
809 493
666 66
818 411
680 326
405 210
548 147
649 74
358 138
605 619
410 273
826 515
281 31
419 238
862 485
649 569
178 47
670 703
911 684
856 399
208 127
329 448
621 383
617 387
1035 600
923 691
656 571
686 10
425 249
623 15
321 127
636 321
893 416
754 617
316 387
192 189
438 251
892 571
859 434
653 505
645 690
596 530
685 638
644 323
605 561
776 593
665 329
668 388
895 396
874 321
893 524
1187 549
639 646
878 716
600 441
587 444
879 589
922 664
230 204
958 221
161 147
659 585
412 148
875 698
189 160
757 524
391 495
861 685
176 132
217 140
608 560
560 43
883 388
593 181
817 700
473 290
767 615
436 67
383 361
398 127
796 456
839 495
1119 660
869 39
855 238
600 592
204 119
573 429
356 433
323 604
907 683
401 224
796 574
670 422
871 681
421 135
386 601
369 632
602 641
763 584
609 483
580 661
678 157
361 112
558 243
391 639
906 287
685 668
273 403
324 16
876 295
904 691
784 101
782 365
826 390
628 616
405 703
394 79
647 290
653 615
1177 615
786 368
1040 268
653 281
893 552
905 703
388 180
879 528
663 704
828 384
73 612
194 243
371 92
867 154
860 510
856 635
886 585
875 256
873 259
332 52
879 478
889 503
339 439
616 679
544 79
643 681
887 468
379 53
653 665
234 242
919 370
894 370
873 531
642 268
193 330
641 625
669 607
562 556
304 37
152 699
866 394
626 269
762 606
860 607
295 713
762 513
864 552
846 529
915 361
414 159
361 157
684 15
548 450
813 406
621 534
857 600
854 408
854 262
366 32
873 413
892 223
634 508
900 676
423 170
576 482
862 28
678 87
323 708
921 300
164 217
417 102
876 407
887 268
374 88
677 174
383 46
906 393
885 679
799 445
862 582
664 215
429 364
419 68
192 59
800 322
580 417
914 322
378 128
828 573
675 670
110 621
931 664
686 330
1164 244
658 660
390 2
670 405
871 324
692 592
874 528
381 127
912 48
846 261
678 75
628 76
411 71
681 216
745 522
903 528
646 403
539 445
419 40
878 247
783 469
615 542
884 577
909 534
403 200
910 263
399 289
869 636
921 297
383 25
858 39
622 113
317 129
846 341
678 402
802 629
358 29
877 457
397 671
620 123
579 388
862 636
824 244
831 449
667 473
642 468
887 263
270 449
891 616
896 472
334 417
581 352
276 41
914 523
912 86
572 579
831 15
897 599
600 335
159 172
757 525
354 715
324 210
888 305
882 388
399 544
346 259
819 571
799 491
682 591
656 550
644 439
607 225
936 89
874 628
649 623
837 332
872 378
598 37
592 198
348 421
1150 514
643 241
634 491
207 189
900 9
647 423
884 506
563 70
574 199
578 295
624 307
559 12
581 344
866 20
676 122
631 457
622 352
657 646
181 218
875 427
669 660
645 302
593 576
556 139
931 680
662 193
381 19
912 455
573 420
345 49
568 444
385 302
442 216
587 541
440 35
585 379
677 28
877 335
416 1
195 194
834 518
808 554
368 7
792 594
686 223
548 86
794 481
1144 566
887 687
809 629
620 277
555 429
329 385
639 494
829 418
755 437
690 371
859 478
659 105
342 447
570 19
686 347
636 115
712 33
900 411
367 138
287 525
73 322
840 441
583 388
602 681
676 174
621 509
617 523
1161 463
201 320
1204 577
950 654
226 251
711 257
639 359
617 401
584 391
594 445
603 468
392 297
1044 662
180 162
875 603
1006 417
377 458
656 276
640 416
215 271
404 88
796 377
852 639
925 684
353 459
888 468
887 625
634 167
422 126
781 575
375 270
610 74
646 475
797 523
391 303
651 227
673 263
207 147
829 506
941 709
904 473
360 117
616 510
200 283
862 571
886 331
369 9
778 527
586 72
671 272
871 692
632 586
317 609
833 648
238 665
856 407
565 432
373 75
571 389
182 355
393 325
681 666
400 67
425 41
865 679
894 1
874 370
636 77
619 146
919 450
672 520
1203 543
1148 650
623 551
839 205
619 38
629 694
869 694
803 552
432 275
652 296
888 569
965 702
597 140
895 488
877 237
922 663
831 409
832 633
220 262
359 262
304 110
836 683
608 122
344 348
78 330
329 139
303 589
93 508
865 60
654 160
327 511
842 511
114 589
632 711
910 419
759 278
593 10
385 7
863 244
682 44
227 409
450 114
943 358
898 15
646 548
364 66
867 368
705 25
876 439
904 662
840 483
836 636
373 666
538 500
797 225
373 71
351 445
874 597
810 416
207 81
360 201
871 614
429 304
891 392
402 189
901 511
871 53
423 130
842 600
891 387
624 687
391 296
793 369
872 510
657 556
891 526
426 180
427 137
654 639
910 653
289 465
895 477
643 427
873 380
331 170
850 26
379 41
830 612
897 579
925 524
889 535
600 478
377 494
707 342
451 276
801 637
308 539
810 345
384 396
298 30
902 10
917 689
857 495
899 368
354 205
810 515
445 620
44 371
903 557
866 460
840 351
205 131
368 609
906 364
898 307
880 294
666 25
809 347
383 73
900 543
325 128
861 267
834 334
829 678
823 426
903 453
449 352
839 400
406 489
387 101
824 30
831 684
539 355
653 212
839 404
912 635
63 317
349 673
626 573
875 348
802 698
320 18
914 83
825 407
774 576
674 656
860 237
624 401
832 651
910 359
617 622
394 273
386 315
433 90
875 609
408 266
884 330
637 183
836 514
113 284
890 466
850 461
922 519
810 532
339 132
365 195
340 168
412 358
327 177
913 309
453 93
390 654
80 397
879 514
775 411
832 316
437 246
364 33
901 555
427 25
346 294
384 263
923 422
372 585
428 103
763 620
441 187
791 220
877 289
384 119
839 271
355 423
568 239
904 677
605 601
658 232
822 198
812 260
342 414
596 623
433 78
846 355
898 389
407 346
802 373
1096 530
74 257
368 22
408 62
400 223
417 223
409 40
885 513
340 193
913 554
828 290
320 30
86 283
874 363
91 441
469 233
413 293
643 277
416 280
207 243
843 388
671 101
602 695
909 344
929 708
448 226
624 263
886 351
869 476
786 418
785 630
402 40
338 1
874 688
942 715
891 355
866 383
334 64
881 588
873 606
911 650
364 150
903 602
210 318
378 63
863 558
362 628
889 686
325 138
629 709
362 82
338 18
821 497
837 485
630 584
406 45
813 415
407 2
860 24
331 160
402 224
898 158
927 545
71 204
905 541
874 272
873 714
881 517
878 679
744 633
872 479
384 486
891 542
901 589
407 185
838 575
893 395
904 391
793 691
379 204
859 424
331 561
935 31
792 596
807 286
345 310
1101 311
575 332
396 613
380 196
328 447
888 474
886 111
321 153
845 667
826 315
865 555
383 517
602 344
330 78
881 664
213 173
413 68
753 583
824 403
114 547
335 108
881 703
607 136
550 457
645 102
171 122
433 257
357 371
806 441
355 111
850 518
270 16
556 249
869 590
830 591
643 676
76 351
318 501
872 270
358 387
369 16
551 505
812 581
416 20
896 41
869 424
799 389
192 196
276 433
832 446
236 615
882 566
413 164
346 229
278 2
708 15
904 24
438 58
834 579
875 653
447 325
478 379
654 379
901 269
873 475
870 419
901 446
909 243
447 226
364 143
777 81
433 87
887 655
429 690
727 538
53 318
854 289
408 278
894 355
371 379
778 396
406 23
867 513
830 527
834 645
905 683
838 336
410 193
855 598
754 581
369 670
381 121
398 64
336 142
644 291
441 324
870 477
393 172
346 30
878 309
861 530
811 68
805 647
701 44
894 580
414 212
901 496
381 261
877 413
889 553
665 475
612 456
355 101
676 473
699 16
350 511
884 712
865 478
666 571
646 184
395 19
612 271
455 227
833 655
584 401
892 714
321 651
310 123
903 649
901 654
661 55
949 504
657 300
381 572
353 392
378 556
816 459
68 338
903 619
393 230
896 538
915 462
1098 250
893 409
400 409
898 712
920 332
560 549
377 93
865 479
912 389
363 153
912 682
358 311
625 412
396 230
798 714
907 27
787 591
869 562
190 232
866 258
550 147
921 293
739 599
652 314
421 244
890 463
636 559
456 258
678 449
397 204
403 73
592 263
915 562
895 304
347 238
397 49
789 390
640 357
824 254
381 637
848 582
888 288
96 112
413 104
866 713
637 1
860 570
601 517
553 465
201 198
888 476
622 388
645 512
360 120
840 502
895 399
852 57
876 529
432 688
870 563
865 381
869 259
700 241
878 365
868 183
383 243
692 76
332 623
783 364
397 118
796 65
157 166
890 714
802 407
348 469
869 317
875 287
339 323
105 517
826 534
862 704
387 208
393 14
774 410
348 324
901 528
261 518
387 386
898 289
811 591
350 527
880 205
859 675
839 231
906 663
468 143
574 467
845 695
795 372
894 260
442 718
861 543
72 276
396 26
823 7
907 12
443 712
297 26
882 498
671 465
408 287
897 318
591 582
829 688
392 133
830 137
360 153
354 162
891 4
891 67
307 467
372 463
913 434
422 280
898 280
896 572
773 513
787 633
352 588
856 577
417 679
949 672
293 419
353 464
406 29
897 76
361 226
676 530
835 628
458 666
657 461
387 257
836 332
66 331
395 366
861 143
832 197
811 411
364 511
607 560
919 560
387 65
790 690
387 15
351 540
404 364
905 531
423 292
883 647
430 265
51 91
429 369
864 410
871 410
864 530
771 560
883 593
791 236
865 13
421 206
327 397
613 501
908 481
862 552
828 611
847 313
874 373
358 488
793 512
873 524
898 539
857 528
842 358
401 326
849 307
393 269
58 431
688 415
867 456
921 472
884 601
328 636
811 610
891 670
385 73
427 68
409 46
392 145
888 287
911 428
791 538
772 537
332 542
774 521
851 521
866 598
915 675
1170 477
847 461
876 508
828 507
900 430
867 419
872 339
69 321
302 308
418 270
913 36
364 32
374 35
319 48
858 158
459 217
77 238
861 239
848 531
729 516
803 618
835 616
335 590
904 671
359 703
607 708
669 454
282 470
918 481
844 485
364 488
878 429
901 273
778 256
895 317
829 371
310 76
349 107
166 122
422 41
803 165
418 163
800 228
154 667
346 669
752 662
939 651
891 521
910 525
834 590
884 490
299 410
414 421
56 383
370 354
439 323
676 251
809 229
415 172
886 175
349 190
435 190
397 146
344 51
908 36
332 90
928 697
652 690
868 603
883 546
772 333
905 335
760 345
417 1
781 223
473 247
407 157
425 183
780 688
460 693
807 667
796 713
873 706
762 530
841 537
861 565
127 607
856 448
807 488
147 490
887 445
449 302
338 268
373 328
62 325
800 336
301 373
401 226
870 245
411 220
864 210
430 129
372 47
901 80
393 93
789 538
849 526
901 566
402 585
815 621
918 668
584 298
913 318
387 282
810 341
907 321
372 370
383 478
837 419
751 434
396 173
359 185
883 176
425 142
848 547
904 532
749 540
799 524
770 667
898 655
378 272
873 345
905 363
573 504
65 469
838 427
433 46
852 610
881 554
918 684
469 277
904 256
332 432
835 415
338 17
891 83
816 238
345 224
340 249
330 212
435 166
855 538
419 535
923 697
945 13
438 376
91 355
592 511
879 496
891 487
820 490
384 468
744 463
776 616
300 619
922 615
918 574
356 566
898 555
327 557
366 150
436 146
905 133
895 175
889 178
829 199
840 216
868 209
877 208
432 247
876 253
337 5
434 20
905 47
401 34
911 108
288 331
827 322
910 348
478 345
758 342
225 336
799 373
379 352
464 289
893 260
49 401
331 403
867 384
765 396
870 443
850 432
362 429
603 416
691 473
829 478
781 461
298 506
355 508
832 509
910 484
324 649
859 642
318 646
874 656
828 666
930 710
864 623
660 603
348 590
886 587
788 571
780 572
905 572
887 560
828 558
887 513
907 515
325 518
863 532
596 4
357 37
371 36
375 84
313 88
847 76
376 156
405 154
300 145
838 133
343 185
317 181
863 211
423 221
424 245
829 338
885 321
863 383
782 378
884 359
849 415
360 410
871 406
898 433
827 422
894 500
901 486
853 494
875 454
915 448
885 690
833 712
337 555
879 554
868 547
916 581
658 97
417 119
338 52
595 12
371 136
89 308
400 285
855 258
871 258
417 581
383 570
869 527
832 649
853 665
396 74
378 144
408 214
905 279
413 393
304 43
401 57
157 253
916 372
868 623
383 507
869 327
873 346
840 192
856 16
897 347
914 387
871 403
216 217
161 163
320 686
934 14
890 535
829 511
846 607
352 547
872 20
162 221
575 34
176 246
387 86
840 573
636 608
605 17
315 196
674 62
421 178
658 524
613 471
805 435
394 278
801 649
170 216
843 602
379 203
608 75
149 104
858 531
75 175
416 255
817 367
319 297
900 484
413 15
796 649
368 104
576 440
358 256
377 38
890 571
416 154
836 624
820 443
857 492
792 555
638 572
643 81
779 401
325 293
322 120
923 259
906 584
920 304
404 138
390 354
373 366
832 13
337 452
897 699
83 280
328 186
238 108
569 94
144 438
56 311
882 581
351 135
890 342
418 347
314 550
875 257
792 460
663 118
864 520
666 480
657 593
664 278
918 414
822 570
359 13
909 506
371 393
201 262
663 157
412 99
875 453
625 501
323 414
231 216
619 599
792 545
628 625
641 15
781 269
817 475
608 622
586 391
925 713
613 131
438 88
391 222
662 675
870 312
631 460
623 466
853 393
229 663
402 329
665 246
216 231
619 607
402 363
647 524
79 336
391 526
672 653
227 243
871 247
472 168
334 184
632 412
425 143
620 637
158 123
227 300
601 587
185 329
600 203
739 389
872 560
897 503
767 427
874 430
347 141
899 419
662 626
636 44
563 180
692 392
839 482
1229 499
380 124
918 479
320 122
382 41
846 421
535 71
620 572
623 603
357 539
353 272
386 646
918 366
830 492
619 294
914 673
844 564
224 275
834 623
852 496
389 450
631 475
931 566
782 636
784 359
844 521
575 207
719 51
338 49
634 652
625 7
369 128
863 322
894 29
586 558
646 690
637 194
460 676
855 251
449 292
871 398
182 203
624 205
632 703
173 175
556 253
882 370
851 461
408 120
643 533
433 171
324 241
454 198
855 557
445 245
365 10
673 716
194 360
843 365
859 586
679 652
594 16
603 384
910 349
357 77
819 596
821 649
1046 655
624 573
835 412
913 686
894 471
837 570
860 349
339 138
384 155
603 603
915 691
883 506
817 564
660 11
924 671
387 57
870 480
384 91
315 269
854 671
640 605
840 585
640 490
194 239
616 540
680 255
877 242
848 459
707 120
1236 575
191 139
687 464
177 184
430 240
557 470
768 716
555 356
179 329
451 176
342 230
781 557
900 474
630 484
232 267
656 170
883 280
677 405
315 239
359 501
861 491
803 374
850 426
860 360
650 692
414 65
355 26
647 533
814 257
910 388
833 541
911 711
662 449
585 569
348 37
800 696
553 163
818 599
583 619
720 10
420 328
610 339
268 404
816 655
612 527
869 512
453 148
349 559
613 441
437 230
910 631
704 5
842 365
1005 599
914 10
439 213
445 280
840 509
392 55
878 506
770 535
861 295
846 361
97 361
368 158
863 471
659 507
909 689
157 243
706 276
561 141
832 165
890 325
586 245
561 489
646 446
812 707
641 317
352 661
669 679
599 652
905 478
893 533
463 347
884 702
843 397
602 143
587 70
845 638
574 203
378 36
794 622
673 704
879 712
830 718
850 288
201 238
666 273
619 572
598 650
441 96
609 577
420 306
1014 326
679 409
1060 327
605 366
291 62
903 418
906 481
409 680
702 29
710 118
414 198
920 6
879 309
279 389
609 328
866 264
865 291
435 515
414 662
864 526
352 381
898 369
601 424
422 29
590 64
74 486
135 194
924 363
889 319
633 485
219 110
662 26
353 312
643 621
809 197
197 127
539 478
831 326
624 543
402 62
619 199
627 133
935 674
329 232
586 506
634 456
910 1
636 471
846 418
490 244
646 279
255 14
300 392
644 515
176 126
882 349
338 420
463 213
836 390
858 476
708 244
615 698
604 508
379 238
630 431
634 309
563 233
435 184
560 466
916 89
831 12
908 279
905 573
653 447
885 606
184 257
913 470
581 241
634 343
217 149
626 263
611 463
784 377
402 357
584 499
904 695
615 167
388 218
277 15
590 482
384 221
577 128
346 481
686 246
542 97
630 94
184 146
1129 20
629 406
916 700
679 449
860 415
809 61
678 172
671 113
877 344
233 195
660 363
685 244
347 192
176 194
627 500
651 261
664 670
221 272
667 81
417 25
696 367
634 405
603 482
604 625
639 512
603 377
896 375
628 466
934 652
272 396
568 361
1041 675
443 315
700 58
327 398
901 603
351 97
156 166
795 296
670 267
839 120
759 507
329 309
598 683
916 455
595 390
569 365
623 305
836 581
301 179
891 527
359 244
457 238
753 648
931 506
822 424
371 51
838 461
362 440
402 3
378 466
694 260
628 579
913 483
897 290
597 238
804 338
622 375
861 585
889 551
878 418
401 295
431 207
187 257
611 430
703 28
806 419
845 507
418 26
633 275
561 458
900 689
1011 658
629 216
881 662
925 290
409 88
201 249
316 388
1065 704
876 436
630 70
692 86
654 716
665 514
843 487
90 572
847 335
356 222
643 218
356 352
437 269
865 520
858 105
652 530
897 523
659 701
565 262
565 485
888 495
181 154
849 640
447 198
663 238
189 145
324 634
862 372
667 591
599 320
899 494
418 69
145 158
613 550
318 382
776 491
863 251
629 438
606 2
710 187
803 167
316 706
653 706
349 420
917 314
662 640
576 148
773 574
385 174
805 422
839 321
75 215
928 634
411 127
965 205
101 267
920 558
877 558
935 422
592 598
652 637
380 695
832 386
623 241
418 3
346 616
662 432
450 570
401 41
202 362
926 14
809 419
799 354
636 462
166 531
373 373
667 525
888 395
577 315
887 685
934 452
355 494
846 450
558 501
784 605
840 575
418 128
686 387
864 663
196 282
185 149
770 682
392 507
857 287
858 353
866 583
859 406
917 509
919 59
849 326
812 483
645 486
772 204
857 510
390 26
680 117
618 61
421 172
764 544
375 97
422 317
835 308
1198 559
734 710
556 516
906 5
357 412
329 419
367 419
385 421
628 66
546 67
689 274
667 487
853 562
615 163
953 133
868 536
902 252
651 596
857 508
282 525
879 530
390 127
692 106
890 412
293 379
372 30
1089 480
757 618
286 703
909 497
171 269
810 524
611 411
603 311
709 26
863 420
682 264
567 51
798 443
608 557
829 658
382 105
902 405
910 558
661 581
663 416
759 439
545 154
212 302
889 586
667 523
937 447
522 79
1106 53
602 614
870 378
846 695
608 8
428 501
411 293
367 545
297 421
890 328
268 37
353 139
562 433
406 615
343 102
858 383
605 347
642 167
657 146
849 48
770 581
787 611
815 598
923 714
916 546
380 254
907 531
843 539
812 243
830 586
899 525
895 460
830 392
913 439
935 315
1089 524
633 619
661 121
625 694
238 84
268 361
830 397
387 409
330 25
653 29
915 624
703 214
656 660
689 305
913 287
861 660
397 673
648 597
838 464
671 291
408 75
878 380
832 318
600 529
877 270
672 530
765 530
656 519
821 574
683 259
71 456
798 537
331 7
553 476
62 302
879 547
569 373
219 278
352 494
381 207
896 227
908 165
646 369
362 293
185 202
622 544
382 608
913 655
352 194
447 283
623 572
626 305
826 384
883 715
561 444
787 544
681 297
578 209
807 482
670 680
798 600
861 314
756 369
646 166
313 400
709 298
649 685
213 270
869 631
693 402
783 588
394 98
575 308
519 82
369 25
839 508
842 148
366 143
666 282
824 262
776 693
486 354
399 500
415 140
789 213
401 522
905 12
916 717
222 280
900 36
901 512
813 15
619 553
781 400
855 351
807 640
649 13
1102 151
878 306
52 347
890 267
643 112
779 674
315 128
841 516
373 32
883 614
303 108
651 556
404 710
351 401
841 547
343 283
837 110
682 212
853 585
318 15
641 166
151 194
887 8
885 377
907 342
704 357
380 126
674 92
909 34
662 410
788 387
1177 387
425 339
886 276
630 56
132 503
1159 568
1038 290
806 256
565 468
197 267
378 380
929 1
833 605
917 516
914 402
632 297
348 124
621 77
842 527
646 693
354 370
810 194
630 307
890 442
775 242
875 280
401 0
712 60
332 358
833 503
277 12
864 251
343 171
902 529
869 603
864 379
849 312
835 475
302 0
558 163
892 688
857 680
883 467
566 11
634 532
590 565
340 361
339 307
847 295
1071 471
921 504
347 444
903 29
717 16
390 254
909 583
565 512
796 561
385 691
812 695
355 661
853 370
344 376
393 359
324 339
859 268
816 260
369 281
388 474
828 468
367 453
898 453
879 398
775 416
372 35
823 37
336 22
354 92
372 70
427 247
639 195
409 133
131 628
899 611
902 604
882 577
617 578
865 523
857 569
839 295
900 383
818 379
904 358
925 357
449 338
356 348
799 351
855 504
868 506
370 510
883 486
870 396
402 386
921 424
403 36
275 24
376 118
385 153
394 226
888 230
400 696
823 694
867 672
852 680
814 643
368 659
644 704
808 533
908 533
728 529
804 608
865 588
821 590
903 309
588 325
673 331
391 335
314 361
921 368
843 505
1172 502
907 482
164 491
903 493
361 410
285 31
414 56
711 42
381 41
335 86
786 85
331 180
339 144
294 204
453 206
448 197
468 209
865 223
652 638
761 622
644 600
912 602
816 526
308 540
886 530
877 570
892 568
236 561
594 671
797 661
387 681
659 686
770 707
893 709
878 717
934 717
928 715
873 382
353 365
785 361
449 340
815 262
86 261
427 271
855 280
392 312
877 302
836 384
806 386
315 390
770 390
829 388
932 398
285 395
851 408
276 413
638 401
899 401
340 406
279 425
844 418
575 437
368 478
860 503
889 504
839 71
297 79
399 89
834 90
370 34
373 50
425 5
857 15
416 130
452 131
431 129
467 175
798 183
860 244
437 241
837 252
374 196
420 203
888 577
909 587
841 605
754 595
906 619
755 636
857 555
898 569
891 528
902 532
130 541
848 538
829 513
852 654
417 651
760 668
855 664
915 674
820 680
816 700
1038 692
423 691
823 715
881 718
797 291
901 310
806 309
346 314
408 319
652 258
802 258
769 269
794 269
649 270
1247 275
853 273
887 286
597 339
913 341
850 343
395 351
369 358
850 359
810 355
781 354
861 396
781 387
836 415
752 409
612 435
266 436
615 426
902 427
77 489
84 508
348 465
307 470
814 478
766 453
304 461
876 26
291 28
316 21
880 9
356 49
898 37
415 72
578 70
385 126
405 155
899 157
397 147
407 138
189 134
352 182
364 182
456 177
699 162
378 166
909 172
451 232
867 255
824 241
436 217
587 533
792 538
651 517
412 516
818 520
566 570
885 570
367 574
869 556
877 559
880 546
369 549
865 603
863 592
750 623
385 690
802 694
911 685
871 656
926 663
886 650
351 300
811 305
812 268
346 258
890 280
805 276
862 336
817 348
762 350
608 328
914 328
52 323
411 380
895 487
863 490
875 414
849 406
817 400
871 401
384 421
901 425
417 60
295 62
659 59
935 6
366 29
614 30
964 114
416 131
637 145
616 203
328 202
849 231
851 552
328 572
641 712
935 707
205 326
877 321
886 342
917 355
308 274
429 139
900 234
322 35
177 68
660 608
894 418
817 453
482 686
658 486
846 398
94 169
900 314
901 520
810 287
869 410
871 328
312 348
844 267
214 254
627 557
95 261
404 508
863 493
801 536
902 591
347 487
633 616
844 63
428 163
613 163
752 387
474 337
308 60
159 142
877 519
660 417
805 208
914 703
443 695
798 547
428 86
386 478
884 703
890 468
768 329
902 559
391 146
382 115
634 447
613 544
292 443
776 379
338 86
807 383
614 417
192 117
763 656
342 565
520 521
770 347
297 335
594 197
636 453
835 681
663 350
864 540
402 101
665 335
566 347
679 46
637 589
353 668
637 450
876 712
914 218
902 577
857 525
905 17
625 556
300 19
827 656
849 560
873 454
649 466
622 34
655 512
617 608
791 371
362 24
464 256
632 494
278 392
557 51
597 329
769 591
641 592
601 707
876 659
879 339
639 541
603 189
628 654
365 135
601 528
906 337
607 610
187 61
210 158
608 468
865 584
575 249
654 687
433 75
423 167
889 538
679 277
839 374
209 197
903 555
661 284
894 280
909 641
891 486
320 128
334 432
864 409
392 450
657 282
681 336
593 12
379 256
618 530
863 704
641 563
358 183
406 208
656 99
694 220
605 398
694 123
666 339
824 434
374 497
925 298
600 432
476 131
683 180
601 403
1106 655
1184 512
908 504
782 434
881 444
638 554
367 553
424 214
443 165
625 410
572 555
213 377
666 156
373 335
168 147
561 289
890 676
627 436
348 383
574 202
647 285
615 209
599 314
379 273
588 357
166 141
619 619
583 462
914 359
620 406
607 615
676 485
647 679
660 381
1031 521
580 503
157 178
761 703
594 463
670 278
681 527
591 519
822 358
705 34
589 439
302 322
381 469
330 612
541 463
610 546
907 439
690 19
611 465
180 318
202 101
974 600
647 706
421 268
622 594
550 430
630 516
208 327
620 587
598 502
593 380
642 56
659 292
620 667
378 465
177 269
178 149
808 382
221 368
307 433
214 51
662 590
687 240
544 135
161 230
352 457
171 156
626 442
228 309
581 475
601 569
682 180
676 200
890 598
898 421
629 616
591 442
667 268
630 671
566 473
648 73
180 126
575 510
664 638
583 467
640 371
1128 553
660 183
686 39
658 585
701 409
909 50
1021 210
784 507
621 490
163 213
851 689
573 48
1163 48
199 88
605 626
571 364
662 4
692 127
634 697
683 39
597 524
833 608
187 123
669 5
574 332
593 3
695 202
632 706
418 10
684 172
870 474
625 528
613 600
649 388
677 388
600 412
694 72
629 197
639 262
872 495
1015 443
611 651
189 331
594 618
474 244
667 575
414 295
557 132
373 179
641 170
407 711
294 62
424 230
611 518
642 49
693 17
870 357
655 67
629 585
1208 578
871 481
798 509
628 694
880 507
1142 507
908 330
590 255
653 233
435 338
675 191
391 152
651 251
910 410
768 538
672 542
1188 402
635 434
648 674
899 112
865 598
878 440
373 354
613 154
866 524
392 61
836 607
819 603
608 658
582 535
666 544
866 620
615 603
420 689
600 292
893 697
608 259
1054 596
781 301
410 397
637 288
875 27
697 128
945 708
620 88
893 248
558 13
620 555
341 66
623 470
663 483
620 675
169 172
908 647
637 169
322 380
655 515
360 46
888 29
816 352
364 371
797 532
587 438
676 225
579 321
669 506
591 635
681 9
865 234
435 310
559 211
564 49
808 483
635 10
654 496
631 697
166 237
793 386
868 555
392 191
447 270
612 316
639 434
676 575
688 354
587 145
617 404
247 279
856 703
696 20
605 572
845 265
897 491
919 692
913 689
663 100
920 413
346 202
853 706
430 354
664 415
888 650
882 563
1035 255
401 88
388 230
718 600
623 185
1083 585
596 497
665 454
413 147
926 717
194 140
462 150
605 540
616 117
549 155
670 159
621 347
207 262
594 39
893 269
1125 439
634 164
664 518
676 172
709 11
650 128
677 220
556 256
642 447
144 281
1151 498
648 565
642 70
634 678
583 85
494 248
716 141
621 255
381 157
618 294
568 552
375 639
589 475
868 449
644 399
910 714
625 216
669 179
221 191
647 525
890 524
700 169
672 592
857 524
835 661
910 678
677 87
587 489
651 226
715 4
394 118
578 286
328 289
612 660
836 375
659 384
569 172
660 708
850 337
398 17
413 43
651 681
1030 254
658 114
872 520
690 127
849 425
1040 556
415 75
486 259
684 364
556 525
620 128
413 4
842 448
1134 513
765 399
430 622
644 697
637 706
854 315
663 494
876 302
417 114
257 413
587 388
443 143
597 324
784 482
690 124
661 113
669 717
672 511
634 450
415 122
840 601
679 352
620 250
399 112
898 576
221 303
835 688
381 26
116 600
347 26
576 615
817 505
643 598
582 444
606 444
830 264
899 437
441 185
607 281
849 349
1167 363
558 447
415 135
797 531
304 119
593 457
742 606
571 194
960 249
635 225
618 518
823 515
558 510
807 645
664 104
880 350
605 507
1092 22
1087 16
622 636
208 185
548 437
629 362
617 448
627 160
651 426
328 0
1185 181
868 523
790 202
606 55
837 481
855 545
922 508
626 268
749 506
658 554
594 429
708 299
655 612
864 275
374 633
672 45
694 287
384 86
169 103
838 360
350 114
785 710
322 13
438 285
877 555
473 175
885 16
878 531
767 33
1082 524
614 467
578 551
203 82
872 389
803 305
374 21
842 436
183 287
433 143
357 445
331 38
483 703
290 413
808 172
656 631
374 385
182 135
911 417
575 352
386 204
835 301
856 3
868 497
596 358
895 358
576 419
888 319
657 537
343 448
906 715
847 593
534 305
60 300
1148 218
625 526
615 405
419 289
885 350
564 492
909 433
904 481
78 298
775 292
824 552
877 387
596 502
1139 558
566 428
604 390
692 82
885 525
916 483
414 183
611 109
390 65
1074 485
399 463
404 166
881 123
666 15
1093 712
659 537
388 5
690 0
843 38
710 90
315 125
858 242
222 210
180 149
189 175
859 419
853 420
665 424
884 444
593 392
833 476
912 363
1133 264
389 303
297 559
924 563
631 572
1158 542
896 530
906 581
881 637
804 631
416 323
868 353
881 267
439 269
262 388
853 473
334 465
385 147
326 139
180 247
171 218
346 4
340 17
364 48
351 70
392 516
825 559
405 668
626 669
813 481
416 370
371 228
882 250
604 539
602 664
846 658
298 640
175 680
867 351
277 322
862 359
877 310
903 315
415 487
614 393
860 437
807 681
609 244
316 243
851 155
372 139
338 2
364 389
375 277
861 357
877 381
826 372
870 692
887 709
787 546
666 599
456 235
817 33
339 16
882 111
816 367
894 483
847 520
541 64
774 499
879 630
422 310
393 491
630 424
821 460
355 167
888 636
940 331
789 242
878 635
902 598
599 417
658 335
353 19
615 190
335 636
825 265
925 225
917 552
145 276
920 329
394 683
906 471
568 484
626 484
689 369
394 353
324 135
872 345
636 442
579 456
884 353
390 356
924 0
640 434
603 588
363 502
569 299
901 530
678 596
440 327
414 514
344 477
892 27
617 218
802 6
632 5
834 598
359 122
600 300
286 410
816 527
678 707
846 345
623 170
868 532
591 324
654 317
651 365
442 296
433 139
908 515
404 9
621 311
864 511
633 505
555 13
669 22
862 586
399 171
791 346
643 562
892 497
873 362
642 545
852 477
808 694
218 479
608 491
615 316
815 483
663 267
355 319
886 525
911 576
649 687
312 511
608 561
424 123
316 277
605 513
663 302
371 336
214 247
895 100
608 300
593 148
404 21
913 26
717 254
360 565
608 481
810 278
377 343
609 268
627 277
620 410
834 164
880 352
829 642
449 623
902 99
667 555
305 205
619 649
787 386
915 297
657 714
622 311
874 526
900 23
875 7
818 467
239 230
855 318
875 356
324 607
171 88
565 417
541 4
1147 125
631 35
214 278
878 571
1113 603
874 596
625 220
403 222
673 425
850 522
628 270
660 14
398 81
167 184
675 38
647 619
624 148
421 347
1209 460
134 146
582 152
866 425
651 320
902 518
591 466
605 326
879 340
653 189
614 655
988 583
794 519
392 185
893 436
961 124
448 297
649 668
876 228
905 646
621 556
719 230
664 683
613 634
432 309
888 389
679 136
901 575
525 93
671 555
645 698
599 226
884 49
344 52
869 233
870 702
363 490
597 495
769 344
859 404
646 571
559 39
657 582
831 332
791 209
623 451
705 113
374 288
866 629
608 547
404 95
625 549
880 564
676 335
646 527
579 485
870 524
360 65
1060 546
654 309
657 436
679 640
613 645
902 645
647 537
591 132
623 605
663 165
637 636
665 268
650 502
442 283
458 322
646 677
173 56
426 173
638 364
192 113
857 457
651 328
674 275
463 209
340 382
819 645
569 344
595 385
591 624
776 511
584 424
177 142
626 283
564 136
634 363
698 473
693 72
593 513
585 523
839 429
698 268
844 662
865 576
829 479
348 229
940 705
606 487
616 457
876 289
616 612
671 407
642 566
864 22
558 249
571 506
889 593
354 687
650 573
398 40
562 386
822 715
401 361
878 656
779 231
626 499
175 141
328 301
398 73
574 218
900 532
57 235
354 147
582 426
859 422
659 709
594 266
608 651
425 181
628 171
421 636
642 467
884 341
421 112
635 618
867 572
1063 11
654 150
599 478
630 478
665 35
557 409
868 511
432 12
816 295
675 291
707 74
172 109
667 415
498 19
675 23
882 482
862 502
619 71
655 703
567 453
648 696
190 124
379 641
861 346
754 606
650 361
715 12
610 350
635 619
655 275
894 508
629 323
411 8
1072 488
174 96
337 118
868 642
440 714
931 675
871 318
656 97
816 611
577 137
583 583
358 699
679 591
358 434
669 555
632 478
620 538
641 682
822 599
857 593
594 278
595 455
621 492
296 73
829 349
699 155
383 223
843 640
910 569
1064 565
644 444
533 71
637 67
1138 412
558 445
650 559
1119 665
599 74
418 645
552 339
875 691
636 213
423 363
398 154
545 7
670 152
660 517
817 501
674 106
340 523
664 504
840 276
667 670
356 166
210 183
621 290
607 180
846 287
890 21
784 539
893 391
302 36
620 52
670 591
668 40
925 1
406 586
900 478
586 10
581 19
610 447
379 133
202 57
578 291
651 79
665 567
627 260
815 677
608 466
844 7
769 543
304 381
888 302
853 622
899 302
1107 444
639 532
623 479
456 155
920 519
634 618
389 391
684 349
712 41
641 473
833 104
194 108
668 284
648 219
508 22
254 245
369 17
384 58
673 686
658 615
539 54
637 630
638 249
640 696
651 156
603 558
574 226
646 692
890 479
192 265
222 203
795 415
568 317
188 192
610 21
619 251
176 198
579 538
555 498
1131 710
370 443
685 446
665 550
194 193
662 692
629 530
785 499
678 266
662 84
222 218
906 602
610 314
549 210
208 264
867 575
795 411
574 10
629 582
704 271
657 700
648 637
705 177
653 715
1204 295
219 247
658 607
1037 454
640 541
900 344
547 26
616 660
585 51
677 112
667 98
674 231
209 276
588 460
686 9
397 427
362 193
660 714
654 413
803 521
672 313
581 474
358 11
626 420
915 163
601 477
768 372
417 135
421 667
598 506
364 670
293 78
606 453
617 480
344 609
605 438
318 122
635 511
934 3
604 79
563 308
1044 111
402 112
550 181
180 148
669 138
368 30
613 505
352 157
191 250
585 36
1090 286
557 355
620 511
409 692
963 703
872 353
619 600
385 135
391 251
845 464
556 54
617 54
577 594
653 217
686 276
822 444
359 331
1037 512
895 371
699 287
639 132
545 45
597 345
631 2
918 331
693 7
600 383
796 657
883 250
587 215
1114 353
611 454
435 249
897 640
644 543
870 402
306 603
528 68
292 87
658 608
1005 389
616 142
