1278 50
20 229
1205 53
4 249
1221 698
501 563
2 665
1031 641
1260 116
20 664
986 567
1244 636
947 583
929 283
1144 647
28 190
1270 574
1268 623
751 221
1230 135
114 392
1247 45
37 20
608 455
1211 14
46 703
1270 523
684 173
557 184
1223 57
25 692
1089 70
941 23
1236 82
84 384
223 149
53 532
390 116
12 412
1056 80
48 103
562 253
126 644
839 385
945 648
455 705
1064 140
17 697
654 283
979 35
169 52
39 298
1 618
1191 29
851 436
17 125
364 407
972 618
556 170
111 533
669 611
26 134
10 576
8 655
31 678
15 602
6 682
669 463
29 36
1278 680
17 10
25 717
912 138
1265 80
811 436
1239 73
1090 127
299 685
1244 68
771 109
30 709
4 628
13 89
2 137
662 119
1279 632
1239 79
1279 151
88 20
1185 10
1115 426
1262 695
51 70
1259 557
211 599
19 94
1242 655
57 713
520 693
824 298
24 677
1033 90
917 70
15 8
648 647
153 185
393 483
