432 26
720 247
428 38
702 177
319 634
915 282
644 201
1190 451
673 13
732 76
1026 265
940 697
719 16
611 42
944 45
635 358
291 437
702 565
684 637
707 43
267 717
601 430
690 686
883 417
441 219
413 179
623 275
844 527
445 330
245 131
625 240
623 326
594 473
718 89
873 598
672 682
603 436
711 373
913 302
1132 605
680 553
438 99
813 509
404 113
826 481
609 97
447 40
922 465
621 346
692 196
240 212
665 539
635 414
1102 557
699 413
674 566
642 35
937 521
683 132
245 292
664 361
949 496
1101 624
695 596
220 164
255 221
633 186
672 567
694 196
675 45
435 86
692 445
680 457
622 17
580 71
585 526
178 65
617 426
700 177
246 87
637 198
930 415
647 237
661 651
682 422
678 370
643 320
707 189
704 506
609 5
682 5
820 651
589 140
215 152
1121 225
621 570
606 332
655 606
688 263
676 508
650 56
926 12
664 432
685 169
926 372
616 426
699 26
637 98
718 150
663 595
712 207
646 1
837 340
582 6
381 51
635 195
258 573
906 361
704 257
640 133
622 398
623 398
801 433
676 519
665 428
702 125
682 456
657 401
659 682
632 339
615 287
1181 521
650 414
663 414
654 668
679 229
230 148
250 194
683 160
616 245
610 166
663 593
628 592
709 196
896 624
716 140
623 563
647 197
640 370
576 17
708 635
598 73
671 508
683 231
914 391
655 686
557 55
657 524
929 460
692 439
672 551
1188 319
670 637
674 347
1134 556
676 709
666 468
591 329
643 54
611 278
940 23
628 162
702 291
281 596
675 564
1032 323
652 327
582 174
862 444
855 263
717 477
644 39
700 245
929 505
262 296
703 104
649 365
683 391
1093 536
669 325
548 19
590 43
695 107
632 533
645 413
223 180
690 577
681 706
869 569
843 656
889 484
348 385
659 217
959 646
698 682
945 607
1039 582
577 14
569 73
966 624
817 578
687 296
229 69
386 10
633 61
1180 338
608 148
604 17
687 312
612 414
874 676
232 288
613 487
680 97
684 241
734 131
618 173
962 431
231 259
879 600
640 480
957 311
681 451
637 85
1070 532
683 430
704 25
702 120
953 553
608 479
637 343
1170 561
390 108
645 471
654 441
692 512
673 528
696 496
684 408
655 23
690 88
889 695
1037 502
720 153
942 392
366 22
722 319
1033 505
256 318
609 372
237 149
673 434
675 249
647 438
398 5
625 581
676 578
677 193
976 668
904 220
647 450
685 14
362 78
710 153
237 239
959 473
251 182
1041 266
635 226
236 205
159 639
591 24
613 197
676 117
636 498
679 405
655 380
663 360
635 483
1072 696
701 191
696 569
635 547
915 420
683 705
664 452
698 375
1089 156
656 339
680 384
634 424
702 23
266 191
1085 617
346 124
495 279
1063 480
668 272
639 417
958 417
1037 620
356 658
673 308
665 381
440 154
690 154
596 29
213 101
708 64
992 589
386 101
410 253
459 679
853 676
670 686
467 61
679 503
689 126
510 170
645 360
848 474
829 689
919 123
658 199
935 600
645 63
675 165
650 408
548 52
697 683
462 182
106 377
958 542
499 228
421 165
627 346
665 267
894 432
945 406
731 16
929 256
77 372
673 180
423 111
925 374
796 344
989 681
685 651
938 357
635 356
940 376
699 92
934 456
854 642
643 444
638 414
934 583
911 519
635 168
622 22
649 294
627 287
682 349
174 464
627 393
606 162
119 341
642 454
930 471
1138 424
1120 714
632 89
687 94
912 288
955 396
875 705
943 639
677 58
595 48
723 53
882 401
884 590
460 130
597 517
932 559
684 507
942 524
872 582
648 369
923 464
968 446
926 67
717 68
645 123
471 191
945 530
660 411
644 20
642 254
587 183
1150 183
843 612
625 274
657 502
255 265
678 393
529 630
675 532
907 435
1100 496
654 432
901 606
426 190
574 160
944 557
917 649
608 506
666 689
822 290
477 309
839 263
383 123
696 123
703 251
961 554
256 195
1009 93
431 163
95 223
876 540
388 21
684 88
404 141
963 512
967 543
620 492
966 39
963 444
652 494
627 369
901 471
970 395
919 406
943 6
848 447
825 458
862 589
684 343
892 583
679 463
678 560
870 397
329 77
445 307
868 246
657 57
642 546
949 375
653 364
663 33
197 75
1166 478
679 428
702 428
662 145
409 198
382 232
934 493
691 152
913 434
249 154
171 490
628 131
700 707
867 513
626 365
945 445
438 169
629 77
847 382
475 95
795 370
643 20
661 477
917 502
686 463
1181 478
682 455
680 240
638 473
729 265
897 323
672 195
214 115
712 283
684 552
647 77
912 493
904 494
661 3
949 355
715 275
682 428
391 415
212 90
233 162
435 88
392 12
915 12
986 699
958 486
952 483
946 668
503 123
621 10
683 147
919 641
623 85
888 11
681 583
832 416
644 536
967 675
711 470
682 563
830 601
685 217
917 282
696 262
615 97
846 613
384 40
935 40
983 294
268 701
524 330
709 230
437 606
697 491
898 605
377 143
846 600
919 532
404 117
709 258
974 698
522 14
469 227
1121 661
659 273
702 273
877 598
623 486
927 376
689 448
610 488
828 373
953 421
1182 517
912 237
227 46
668 568
193 513
613 19
606 39
1052 503
663 209
883 672
357 88
875 334
628 189
917 353
380 318
807 214
679 21
647 0
415 77
801 628
899 522
965 588
441 632
392 241
651 453
674 170
608 464
1252 362
937 324
388 89
978 644
1065 615
783 516
455 73
219 205
652 536
662 48
647 622
946 318
931 628
685 640
590 36
810 404
963 443
580 152
625 173
654 555
469 157
388 389
869 298
830 522
688 146
881 517
1159 678
934 646
705 194
655 84
935 558
643 412
950 341
925 571
625 481
653 165
179 526
77 369
653 477
672 537
405 50
363 135
643 439
942 540
671 452
390 317
343 103
158 476
935 352
663 584
411 242
937 36
384 663
974 564
258 717
666 47
910 652
214 285
686 350
943 354
677 127
501 155
633 234
630 432
686 313
925 260
704 472
672 383
454 696
271 651
625 235
149 492
1147 565
476 73
524 237
929 673
628 29
388 312
689 295
95 366
720 34
887 551
931 542
682 525
407 550
903 258
915 464
362 360
916 380
231 117
378 343
715 444
803 380
656 259
926 452
833 493
936 512
723 430
408 479
858 236
941 7
833 394
896 279
128 271
509 256
644 425
845 473
279 574
907 675
386 598
885 328
663 625
398 480
666 600
592 111
399 61
687 478
368 614
832 705
678 223
719 257
633 57
454 265
348 38
927 532
698 167
874 664
366 196
922 341
666 462
1063 487
492 248
729 83
697 695
890 481
851 583
840 282
631 139
1045 621
937 428
644 538
711 54
691 541
946 269
253 183
644 455
696 23
883 346
339 198
895 660
649 288
1157 338
855 534
607 89
653 572
607 92
868 564
828 475
923 492
905 555
630 5
454 9
718 29
469 171
956 390
691 422
874 438
676 565
423 83
326 67
472 98
389 340
837 324
855 377
1162 443
148 547
632 556
658 603
397 115
639 31
312 14
559 46
1186 529
885 402
668 464
194 71
161 512
442 102
652 118
836 588
814 467
188 524
488 628
1088 196
638 365
970 490
587 77
886 549
670 625
262 689
478 234
621 153
895 297
953 392
425 51
918 246
943 309
715 171
642 480
715 113
636 568
944 262
938 513
1044 681
649 203
397 433
342 208
599 71
965 680
971 679
700 6
663 443
638 252
661 279
657 634
717 99
691 437
731 24
215 198
219 256
203 53
247 271
582 13
934 441
670 564
670 199
1150 619
646 366
674 582
938 106
448 39
693 648
1067 644
670 236
672 315
683 193
567 32
441 11
1203 574
973 443
569 29
681 593
839 680
941 459
701 478
665 576
719 60
706 12
557 528
670 52
616 312
678 452
630 673
945 393
641 618
1108 526
941 355
243 272
637 42
1124 71
627 453
471 190
676 53
735 94
878 490
696 137
641 199
961 694
623 317
668 613
666 366
634 330
669 280
964 578
700 475
712 697
709 698
642 184
227 103
376 716
904 391
688 15
646 182
122 344
698 66
263 116
692 633
867 519
659 46
611 541
249 159
646 121
655 390
671 225
915 225
697 48
700 591
698 123
621 76
723 308
636 570
712 654
698 13
404 347
670 397
602 269
664 357
995 116
1155 471
949 565
210 155
636 155
890 305
666 286
652 278
581 678
1081 683
620 120
115 308
661 325
371 10
701 42
387 379
184 144
719 76
830 691
416 417
957 406
962 555
664 706
948 377
677 452
917 44
669 551
360 616
944 420
879 558
419 64
933 573
946 529
848 441
885 355
921 348
817 603
504 232
672 664
388 537
649 384
872 428
1196 586
690 452
599 101
414 68
399 292
635 641
673 678
972 647
892 525
380 347
270 629
108 239
834 583
715 59
501 135
612 112
673 216
792 518
959 389
397 394
895 333
936 393
186 85
634 514
629 425
61 301
684 501
1105 522
1045 671
777 520
952 654
284 699
182 100
585 136
643 178
194 57
937 660
938 573
684 277
704 250
929 431
698 649
942 266
225 123
693 368
972 688
871 580
640 565
979 203
593 150
848 505
712 657
614 13
612 381
398 130
602 124
847 638
699 311
610 144
689 319
399 142
696 451
615 32
1035 559
889 297
853 365
644 219
244 109
261 680
343 649
924 655
242 158
658 443
686 232
700 484
127 437
513 222
825 299
1203 389
662 77
658 490
929 551
673 335
425 26
616 470
680 477
650 332
691 332
947 522
233 148
226 72
643 278
668 45
473 271
683 414
659 641
833 424
1186 348
629 587
903 421
655 578
656 111
417 100
669 193
850 238
618 385
690 244
199 76
646 170
872 696
690 531
439 14
295 626
657 526
883 587
707 666
655 440
842 533
593 9
674 614
639 382
872 675
653 716
1212 346
596 50
669 576
213 141
585 37
585 12
654 308
624 140
636 413
637 432
634 433
851 672
699 601
643 56
941 602
646 365
697 277
666 353
587 38
874 697
814 642
696 629
708 144
388 29
675 53
400 262
656 3
921 416
1064 371
166 565
647 509
642 384
713 55
651 380
699 548
969 301
942 523
601 155
651 402
1104 628
678 663
794 367
656 717
184 539
686 227
258 286
241 148
706 70
425 25
692 241
132 607
589 314
939 433
678 475
706 212
380 36
603 30
661 323
1082 584
698 50
720 77
650 569
674 403
383 30
224 264
863 470
906 388
943 507
857 506
641 374
707 177
653 188
935 338
204 97
906 301
668 371
686 192
689 526
715 91
940 393
591 50
650 615
945 399
877 478
975 647
690 580
584 0
682 10
618 171
238 310
200 106
645 167
194 72
1102 42
857 376
737 6
230 122
1185 460
628 215
958 26
653 564
683 59
676 622
667 435
690 397
640 245
153 433
611 20
332 27
657 278
257 113
1024 582
648 32
876 492
680 691
913 275
659 485
908 461
606 414
668 515
664 581
688 3
676 657
653 359
460 165
819 225
639 383
679 585
606 62
267 178
689 294
690 490
348 88
852 233
690 362
680 526
937 4
919 432
105 459
828 714
1071 186
659 329
681 670
685 81
1057 560
707 295
236 181
409 19
634 28
218 127
942 583
863 401
686 557
690 550
954 440
908 487
710 513
806 418
639 268
643 311
673 511
601 103
195 87
651 163
908 593
681 475
1183 560
641 321
713 47
612 375
1061 442
678 344
620 423
693 412
708 370
403 556
680 172
907 161
887 513
159 363
932 565
571 440
669 537
1095 300
630 249
687 113
488 262
677 569
596 156
622 338
449 80
891 683
638 47
705 531
678 69
595 139
653 648
592 266
659 350
654 133
262 303
699 460
706 263
869 596
680 693
695 225
653 237
416 162
1080 559
572 16
659 20
708 432
606 48
676 114
695 367
599 127
588 146
592 502
632 356
717 256
609 55
626 234
694 210
651 193
682 29
596 8
668 621
626 393
653 129
1033 631
619 213
695 124
892 570
632 60
684 362
687 518
1152 459
669 594
440 52
702 275
1099 388
600 386
665 563
629 393
654 203
672 582
670 699
221 186
844 596
848 479
642 334
381 18
650 460
641 646
721 57
661 105
675 404
501 286
215 287
682 690
639 190
719 83
603 254
601 209
420 19
645 391
237 314
142 471
955 490
683 650
674 485
598 100
651 233
415 107
663 693
657 19
632 345
186 65
641 504
637 7
840 687
406 54
211 109
660 489
916 483
679 291
713 246
646 402
686 567
695 110
671 604
634 306
231 330
224 120
712 30
883 530
681 696
626 458
585 72
644 272
663 624
631 368
901 706
696 333
414 646
889 519
615 217
657 612
657 260
490 315
656 76
541 23
639 625
896 492
635 205
663 106
702 522
700 253
820 2
385 448
654 112
689 301
652 435
954 358
615 211
835 590
245 541
655 345
657 716
659 346
692 346
658 309
506 260
127 323
660 497
1073 618
429 100
1024 275
703 631
868 614
663 61
410 222
393 519
266 690
962 495
156 584
1030 299
647 540
432 103
970 658
704 226
1129 660
263 169
794 685
926 648
921 716
592 428
874 619
640 98
429 181
657 493
616 231
847 558
435 230
619 470
663 411
930 291
1090 677
702 208
885 528
658 472
613 202
376 91
674 337
867 517
326 371
984 347
342 477
924 457
970 560
639 267
855 267
1107 426
420 187
994 676
652 598
409 22
634 381
601 199
678 42
425 218
901 295
798 423
257 203
698 400
615 465
630 247
256 260
888 207
972 578
702 217
983 530
938 557
873 502
682 100
396 132
107 449
690 355
466 125
879 381
608 410
605 82
704 199
638 227
691 494
816 402
382 557
669 508
392 147
925 450
919 482
940 377
931 347
671 2
728 119
916 254
952 367
676 1
706 111
817 195
654 110
703 369
930 538
649 425
207 59
939 322
662 443
874 426
927 36
570 428
111 390
240 243
608 243
227 203
395 120
920 702
96 339
773 396
968 502
694 164
414 76
908 622
910 502
952 706
936 577
852 536
970 546
856 380
708 251
725 283
969 461
419 110
896 354
947 655
906 279
886 703
970 297
669 130
351 21
950 401
948 356
972 320
867 684
423 31
175 416
881 385
680 287
697 76
1115 79
1132 563
662 462
852 672
672 40
944 510
663 370
452 319
605 203
647 225
166 237
639 706
666 349
676 550
967 310
518 167
118 226
266 688
395 644
972 643
927 511
939 564
923 78
459 140
933 378
247 290
932 540
648 527
914 691
987 675
357 494
903 638
826 531
181 533
630 313
890 561
407 672
998 691
838 318
960 305
932 42
844 422
684 532
687 303
980 677
873 568
676 621
632 367
984 297
427 154
280 577
914 432
643 1
331 156
799 556
1177 466
691 10
404 631
943 587
923 696
235 215
478 184
432 122
627 48
1068 637
951 522
867 718
882 302
941 328
721 362
523 230
191 143
244 128
864 576
946 594
365 18
628 95
799 238
415 264
390 304
907 369
807 348
283 489
962 509
902 451
370 570
894 514
397 127
666 127
439 33
925 168
408 369
905 507
937 507
940 508
303 603
937 546
824 679
437 18
929 22
339 190
652 206
869 331
897 317
78 309
575 473
658 504
771 504
928 444
406 400
913 406
877 388
925 589
260 634
939 524
245 527
129 522
886 515
602 187
450 162
933 243
865 213
374 119
481 124
946 0
445 63
814 347
828 341
879 336
823 363
900 314
806 257
829 265
925 409
396 386
380 417
943 427
928 478
670 460
956 630
954 625
864 636
960 634
867 576
651 583
701 583
920 573
311 560
263 548
923 554
926 524
807 541
281 534
913 534
132 653
939 679
656 678
659 695
305 89
110 93
468 112
397 20
334 18
938 12
937 42
386 60
390 58
860 254
954 254
451 249
807 246
483 221
114 209
673 209
439 210
389 160
398 169
226 139
395 138
487 294
508 295
913 313
950 287
813 374
930 371
883 322
889 326
959 334
854 333
1096 330
872 348
793 337
948 418
944 430
359 426
398 445
916 411
161 413
820 393
927 453
959 462
674 461
882 464
948 470
953 502
951 503
926 609
404 635
888 632
856 576
692 556
938 555
683 569
824 569
945 561
890 565
663 539
931 537
937 536
898 522
908 522
913 519
937 680
920 685
952 676
840 678
873 675
265 674
380 702
952 644
415 646
870 652
953 710
636 711
869 711
970 714
930 713
388 28
322 23
428 21
372 32
347 56
412 122
1014 123
472 105
441 65
426 73
183 86
409 224
402 228
933 239
442 214
246 198
450 201
493 129
493 142
349 164
498 183
393 185
898 281
632 283
92 273
900 273
489 262
903 263
450 267
111 303
239 302
948 298
470 293
917 291
810 315
407 314
63 304
831 362
78 361
394 361
147 366
1249 367
921 352
462 355
963 357
969 377
914 370
372 369
920 344
379 346
939 346
399 343
886 337
347 333
910 429
882 425
88 423
217 423
945 422
946 418
778 394
899 392
893 388
777 385
826 402
930 404
963 408
700 461
671 453
860 471
929 465
952 477
686 505
687 505
884 507
427 509
964 499
907 498
890 501
865 502
930 495
840 492
958 490
837 531
925 534
922 537
959 536
181 540
277 540
903 522
952 524
779 512
146 558
851 558
979 553
158 552
867 549
220 551
646 561
877 562
943 565
173 575
366 583
891 581
954 579
163 577
837 588
908 589
957 586
934 607
493 606
947 597
357 631
862 624
362 639
266 633
387 610
343 613
890 617
788 616
371 622
1078 621
154 688
153 701
962 681
484 675
307 676
969 670
349 664
355 665
835 665
964 661
756 662
864 657
910 658
912 641
443 642
891 644
637 647
859 650
886 652
860 707
926 707
938 706
905 705
934 717
891 716
395 9
376 0
425 1
471 5
550 16
358 55
336 51
419 60
968 40
700 37
627 35
468 123
478 127
363 118
356 116
350 115
428 96
914 96
454 105
603 65
682 65
423 67
460 91
462 88
461 86
392 187
362 182
484 177
648 177
353 166
415 173
438 135
403 130
458 130
966 129
529 143
456 244
416 242
850 248
363 251
493 226
368 224
375 231
843 231
1016 231
465 230
450 237
120 234
446 194
427 193
468 207
421 204
847 202
515 201
864 219
403 218
66 217
32 284
928 287
947 283
469 273
643 268
675 268
491 269
612 265
89 256
362 263
369 302
919 302
928 298
914 291
895 295
899 293
844 318
401 314
382 311
853 305
415 307
879 368
701 369
941 373
889 374
934 375
897 376
703 365
142 364
824 366
918 356
939 359
887 358
434 333
681 334
915 335
422 327
952 345
942 344
69 350
311 348
939 348
840 339
918 338
419 341
338 439
844 434
932 433
945 444
232 443
142 441
946 420
874 418
914 416
922 401
117 400
868 407
822 406
180 405
846 405
895 404
46 413
790 409
666 397
931 397
885 389
888 391
782 385
158 384
134 459
964 449
899 450
867 473
829 477
935 502
413 501
945 506
371 507
359 511
676 509
154 487
869 486
1119 486
189 481
367 493
868 493
948 492
181 495
143 491
956 490
393 489
752 536
870 536
925 537
847 533
791 529
950 531
929 523
950 523
949 522
190 525
885 517
816 512
837 562
688 560
144 572
917 574
881 559
684 558
917 558
891 547
653 545
807 638
937 625
969 628
908 620
898 603
688 602
808 600
918 606
1080 596
255 715
981 719
941 708
455 673
940 674
416 675
848 680
435 698
502 694
794 688
974 659
683 649
252 119
701 119
945 113
969 121
938 105
852 92
496 62
400 61
678 39
703 39
967 4
318 1
374 15
410 12
491 23
949 19
363 27
384 129
669 131
702 134
460 142
423 183
839 160
453 162
919 246
486 244
471 254
390 227
686 233
186 208
870 282
944 280
816 273
451 278
935 295
378 292
864 302
930 303
904 297
943 298
861 324
930 326
73 346
964 337
375 365
179 375
860 380
384 430
925 439
678 397
814 389
151 414
367 503
264 502
953 509
837 511
915 494
868 490
893 491
941 449
144 450
199 538
901 542
842 540
948 520
832 522
944 512
898 544
635 575
273 560
854 627
875 636
903 623
847 615
814 693
855 694
505 691
809 665
949 656
919 643
862 707
908 718
962 717
929 80
442 71
432 65
400 122
584 96
438 11
455 143
669 221
852 221
811 192
461 232
844 244
122 301
865 300
142 302
879 295
965 283
1185 258
641 339
341 334
131 377
317 356
366 427
923 429
951 417
970 444
865 435
828 402
963 407
1091 407
919 414
985 511
341 502
961 481
898 492
946 493
170 525
968 513
957 571
942 569
329 563
928 557
926 555
929 547
932 605
934 596
874 648
339 212
466 139
396 146
425 190
645 161
658 64
879 380
909 381
800 371
913 365
947 365
643 307
890 276
903 508
410 482
598 401
874 616
448 632
959 517
858 537
836 540
941 560
974 707
428 225
334 178
424 21
185 490
672 275
832 275
191 644
819 591
219 170
435 7
940 641
925 716
911 524
839 262
896 484
862 335
450 42
911 400
481 677
949 358
379 433
666 435
817 408
481 5
840 284
945 308
980 22
921 272
626 380
910 461
836 395
451 39
862 26
915 312
436 205
901 476
934 424
624 376
882 319
360 522
799 371
997 663
929 540
877 339
856 0
954 451
829 230
889 580
911 583
937 401
807 446
677 491
930 342
303 12
835 575
803 632
877 267
945 330
378 12
864 653
869 406
893 482
795 558
919 455
894 373
970 710
857 403
965 447
953 312
442 146
874 533
920 579
916 539
817 681
835 418
940 79
973 580
431 68
931 626
957 691
519 222
68 186
613 39
896 399
391 293
439 161
433 65
942 507
689 532
918 532
982 665
445 281
120 326
902 396
855 627
898 628
616 29
652 516
898 681
835 519
666 236
891 648
913 592
960 52
637 250
682 534
910 647
930 422
678 3
228 144
912 244
192 582
946 412
945 652
729 38
384 137
653 234
160 453
905 654
960 679
244 93
624 485
714 29
851 299
369 209
802 319
628 238
104 271
680 42
411 103
858 598
75 601
700 173
904 517
164 411
149 380
899 481
945 332
313 420
311 283
870 557
639 480
850 239
68 330
982 641
798 674
913 595
700 257
1099 584
594 86
963 547
816 668
417 392
829 341
353 400
952 559
867 317
947 558
1032 395
975 692
654 534
934 691
883 16
923 674
436 202
928 675
287 87
873 671
923 689
656 700
988 12
411 135
969 587
450 117
920 527
442 83
920 474
193 670
939 353
840 606
686 621
928 574
605 556
930 309
840 699
690 249
873 344
977 645
939 447
336 537
646 33
643 500
617 249
909 459
254 299
372 155
908 365
658 195
429 119
473 124
717 269
918 479
669 215
955 452
829 391
948 337
884 425
918 316
940 627
660 703
709 148
351 500
370 17
934 27
346 63
652 260
671 319
694 274
915 631
642 216
431 111
915 339
941 537
871 660
1128 625
868 704
949 316
694 706
927 480
858 680
985 673
905 135
651 529
679 581
795 333
937 699
432 529
893 663
944 341
1153 207
853 499
480 157
701 40
884 235
838 473
474 204
956 22
476 333
902 334
939 627
686 622
898 449
622 386
700 344
965 453
488 152
942 306
957 306
901 401
94 379
697 394
972 581
940 654
967 410
362 212
939 101
442 479
691 6
922 478
379 99
424 440
924 103
918 471
669 121
87 262
465 373
919 356
413 126
666 108
465 289
784 594
167 565
898 661
941 340
100 267
530 269
399 175
468 92
932 552
928 407
966 367
323 295
922 558
449 646
622 57
350 143
373 558
882 330
626 271
714 20
840 654
956 537
933 383
910 426
428 80
915 392
348 436
430 316
890 493
909 259
942 631
929 399
624 457
477 130
920 676
146 435
818 504
861 526
945 492
868 346
833 513
513 175
194 632
861 665
934 619
370 421
909 554
432 162
881 502
969 523
889 353
969 529
915 340
959 78
90 309
429 542
705 43
246 182
895 561
949 718
309 636
405 1
664 296
450 118
979 533
911 604
105 384
839 696
613 566
949 505
936 544
450 111
362 35
465 379
335 40
889 55
955 679
793 366
406 18
952 302
418 668
431 2
863 159
884 426
861 592
282 584
828 656
817 434
398 194
864 578
714 192
317 153
939 360
860 325
927 313
361 417
536 266
1125 288
733 165
674 446
424 263
938 471
937 671
235 200
219 123
1039 253
928 389
909 237
962 341
954 294
676 99
932 410
412 114
956 299
123 652
919 250
458 194
346 418
422 165
962 391
954 497
374 346
937 19
481 263
929 687
326 376
924 395
402 152
193 87
904 522
869 696
997 685
931 307
887 638
938 400
153 355
848 381
408 0
823 597
371 260
461 496
495 211
478 186
923 430
440 285
405 20
809 585
848 321
568 30
440 1
416 80
614 181
482 212
448 204
644 398
895 453
676 277
1109 634
609 166
811 551
934 76
669 437
933 477
398 403
631 367
476 275
161 480
909 706
811 456
858 22
241 473
837 577
878 495
512 197
377 614
897 304
915 308
901 393
216 66
955 511
272 529
387 247
988 712
961 397
624 40
686 660
110 272
701 132
935 629
709 217
252 213
710 459
703 373
719 19
1088 631
603 101
627 185
430 382
648 374
913 629
896 711
645 4
841 394
660 648
666 143
407 504
925 331
1147 629
633 229
660 453
933 662
712 344
649 393
672 281
671 311
677 399
256 191
705 233
837 265
639 465
237 189
930 683
232 201
726 201
925 587
664 360
1072 413
701 151
461 209
439 381
148 509
168 49
914 472
672 271
706 278
698 114
865 338
702 69
632 468
616 537
118 381
857 243
835 419
852 275
711 286
673 451
695 276
931 475
596 54
651 417
865 687
666 224
870 715
733 32
836 214
232 320
239 242
658 242
944 502
711 156
675 313
926 667
578 51
713 151
846 293
629 128
656 491
687 76
702 32
462 106
341 29
225 289
679 147
660 186
925 350
233 201
633 307
661 374
606 67
901 281
642 209
694 81
877 391
902 543
665 258
706 227
375 298
412 144
677 336
677 630
669 528
647 548
880 485
951 715
665 358
688 463
403 21
613 306
688 662
493 238
638 339
904 570
839 419
465 355
687 496
389 180
944 396
820 397
599 186
81 241
935 86
934 609
893 522
898 677
641 333
702 113
377 69
655 497
534 569
430 294
677 245
880 612
705 28
919 333
665 448
645 582
495 177
908 390
891 650
466 383
834 383
923 487
875 489
632 175
977 366
944 498
437 141
660 34
858 503
946 369
719 231
674 19
900 541
676 625
940 457
386 90
957 700
391 97
905 269
908 104
963 38
929 337
695 236
709 137
198 153
422 13
234 190
861 672
964 355
862 532
842 532
386 62
1145 414
572 88
450 659
656 529
897 539
841 312
784 391
410 154
986 392
417 604
861 345
883 244
877 15
935 382
610 88
464 67
592 67
629 285
892 326
164 598
970 571
462 201
574 97
907 502
946 125
945 428
915 295
865 428
813 659
323 540
1083 392
485 253
644 535
474 325
924 282
665 298
622 103
810 218
865 574
918 545
377 104
703 12
670 390
956 92
359 250
592 174
279 675
335 418
932 527
905 296
621 200
629 413
850 413
701 8
662 224
954 662
482 315
922 462
909 268
914 660
1121 322
788 242
934 28
920 433
661 530
461 124
444 76
344 282
6 378
950 646
674 598
960 8
257 524
794 640
428 12
450 11
857 175
363 682
111 532
638 567
402 29
949 31
910 288
470 248
1085 500
432 506
956 154
938 427
889 218
868 691
888 643
931 440
644 596
701 203
871 553
838 695
429 4
669 429
667 480
1052 201
924 448
684 292
927 531
407 33
451 22
971 1
100 137
870 398
674 546
345 60
940 6
929 510
924 560
943 365
937 637
890 471
525 623
925 367
948 457
217 503
914 555
906 542
849 528
669 162
300 159
888 393
936 287
923 264
872 376
948 329
862 708
851 667
941 513
255 633
225 67
438 75
587 115
354 26
711 5
900 432
161 429
809 401
931 271
80 325
810 614
957 577
284 596
906 597
290 519
161 535
864 546
960 714
684 657
866 682
904 500
921 476
900 409
898 406
828 329
618 342
928 337
945 363
703 17
897 41
354 123
697 69
415 81
427 87
704 170
887 623
868 633
968 627
515 695
272 697
931 330
429 335
942 322
900 355
494 365
875 369
795 286
827 264
186 484
66 487
698 509
667 506
902 471
839 394
412 385
434 199
118 218
236 230
672 184
359 176
380 44
223 47
905 624
910 629
956 629
921 622
888 595
527 516
866 646
680 718
173 713
838 257
924 279
939 466
417 95
903 203
829 210
939 222
657 588
870 515
862 699
934 263
897 351
938 477
954 606
256 526
412 642
866 368
900 506
393 452
851 387
621 175
956 708
739 24
531 667
965 313
387 4
686 449
697 539
384 142
473 213
884 561
245 187
414 294
967 683
636 51
886 574
468 93
200 212
962 685
472 220
819 329
879 550
975 642
1113 111
897 109
264 571
462 257
874 367
952 322
886 544
174 520
681 624
224 259
418 25
482 199
949 615
811 343
353 138
620 43
613 292
667 628
355 617
371 164
427 71
922 536
954 26
483 669
935 399
973 409
629 319
415 242
436 693
925 403
559 223
939 554
683 328
322 149
495 60
690 60
377 95
947 448
640 63
960 481
477 91
712 552
864 332
950 683
913 359
896 576
840 658
910 322
457 273
296 599
904 541
609 279
905 162
805 345
960 676
882 407
76 218
322 187
222 151
950 55
452 41
921 712
898 60
309 509
662 103
257 349
272 656
651 4
1067 338
185 120
914 404
424 67
404 380
722 94
417 265
386 2
904 248
633 178
889 361
972 490
387 169
638 540
924 703
1138 300
854 218
893 603
801 544
939 422
672 619
481 150
978 657
456 93
380 112
950 678
972 661
955 681
946 323
940 579
401 621
699 441
632 139
848 529
229 509
647 570
975 710
652 320
640 361
626 23
435 35
866 127
717 109
684 605
395 34
672 86
477 249
901 527
435 58
648 148
926 560
889 497
651 407
377 279
955 378
453 57
919 575
925 504
832 224
664 182
677 300
950 554
247 241
237 197
1138 248
868 590
290 415
847 329
414 568
954 446
886 483
264 531
879 396
405 513
928 342
215 511
872 605
197 504
637 284
667 389
431 17
675 616
411 338
671 11
948 557
672 577
626 427
628 527
655 5
674 47
649 538
852 645
685 213
713 218
983 449
647 625
604 101
591 122
649 615
700 334
679 709
925 655
645 481
681 227
192 95
277 572
693 238
62 419
399 197
977 638
144 313
374 187
673 236
699 43
351 53
921 475
984 659
256 214
935 246
1131 654
690 564
685 425
88 383
944 273
206 234
1176 620
378 372
960 583
658 579
302 125
907 479
838 522
221 51
462 654
695 205
894 150
971 475
626 358
684 547
248 248
951 82
846 371
909 327
870 417
618 326
94 232
868 397
819 197
650 509
616 414
675 597
665 382
939 356
665 385
690 122
695 148
634 152
412 243
656 110
933 390
681 50
809 426
687 705
450 183
240 598
676 166
210 60
908 348
443 56
668 492
671 546
712 475
52 372
934 650
461 39
863 50
619 455
652 455
652 369
581 120
687 343
705 256
1177 622
680 557
634 340
942 671
922 247
664 514
666 229
246 289
632 163
858 605
865 508
972 459
981 593
604 36
117 353
365 148
868 137
818 574
920 349
648 119
909 687
909 499
667 615
892 685
470 707
648 580
931 247
959 703
820 299
878 589
382 14
714 442
61 316
669 339
880 567
854 548
453 243
861 201
667 538
948 58
380 405
960 432
519 208
919 599
657 156
870 329
868 668
802 338
914 362
888 3
659 122
664 545
203 27
695 391
925 23
153 486
880 467
263 683
337 101
439 286
681 663
808 547
639 4
815 542
859 350
231 141
461 283
684 456
365 177
378 483
967 525
89 382
401 121
635 487
1038 334
802 509
653 500
649 530
926 274
912 659
862 318
653 484
664 645
684 675
941 457
658 502
489 145
668 496
955 453
455 142
688 296
871 350
434 282
836 663
681 559
222 200
275 526
944 404
909 423
850 639
857 372
845 486
685 172
573 42
942 605
660 501
929 306
641 373
1129 176
709 96
967 648
653 427
403 603
641 487
958 628
900 16
876 500
915 484
950 463
907 703
610 114
910 377
946 696
246 523
348 128
439 708
854 327
685 267
360 707
1046 650
668 184
270 387
966 477
885 241
670 281
801 431
953 716
650 224
921 550
946 419
884 581
862 540
937 318
220 109
655 8
885 651
694 598
413 278
677 523
680 411
228 597
686 490
960 558
641 400
110 374
923 434
907 549
610 35
836 386
467 209
497 243
679 20
456 71
712 42
669 1
957 483
698 549
673 298
639 628
684 515
902 631
920 560
835 549
872 576
676 546
944 390
205 108
875 516
907 353
965 624
632 168
644 103
581 106
667 535
635 35
802 573
931 485
955 692
488 546
929 18
419 291
357 8
660 388
859 316
588 201
226 156
945 540
661 170
597 169
687 332
803 502
817 515
921 502
686 91
669 589
923 401
255 176
668 246
847 667
693 79
869 614
241 91
949 473
680 28
829 400
835 547
846 626
144 488
157 529
795 540
257 614
957 675
660 232
78 420
600 137
849 179
438 482
724 59
673 114
449 200
939 16
613 470
922 531
401 35
249 585
687 297
412 145
234 135
314 553
488 190
150 673
223 99
936 584
916 270
325 548
947 415
808 489
1125 535
844 296
914 474
873 641
371 620
910 531
954 659
978 520
689 197
243 187
637 424
683 488
945 331
896 509
636 511
500 92
107 276
607 378
941 435
355 153
925 473
608 372
972 587
642 343
687 625
927 705
396 142
932 466
696 141
378 127
241 188
400 394
703 46
622 200
939 486
849 566
916 287
765 369
978 716
925 326
670 455
947 89
1067 621
426 184
412 493
1055 579
849 254
921 495
846 528
835 571
659 432
685 442
899 492
516 256
936 631
377 237
899 460
787 381
669 522
808 144
930 130
398 14
860 494
417 197
446 257
922 702
679 446
865 332
481 366
444 15
641 32
449 103
845 702
265 632
439 20
699 242
638 390
649 368
786 612
147 476
645 193
972 151
886 614
967 401
666 691
407 36
91 356
378 258
916 520
885 561
425 632
890 586
889 707
338 481
443 238
406 138
312 80
942 539
901 645
865 701
927 327
339 457
944 406
813 428
466 143
405 3
894 623
952 535
686 545
970 363
412 375
888 380
430 262
196 471
910 510
964 439
722 146
509 171
209 185
900 214
456 74
718 21
982 536
879 531
862 514
158 526
865 522
940 563
919 558
932 629
964 624
903 674
642 496
124 504
800 495
922 336
899 349
815 330
859 630
913 680
521 162
860 66
927 443
940 417
907 511
787 358
957 606
912 707
726 97
940 352
694 27
902 637
617 388
680 41
870 661
944 413
955 441
926 449
371 113
600 268
1121 593
931 671
274 143
686 518
918 85
470 205
629 372
651 485
948 387
463 178
80 457
806 453
882 246
687 323
791 511
837 371
936 522
453 110
394 317
937 654
275 76
940 669
845 387
896 218
419 101
642 481
465 670
452 347
907 482
408 331
957 516
605 421
643 713
190 520
644 378
383 150
945 434
805 666
221 198
358 451
319 231
394 165
975 671
266 659
930 314
944 149
162 558
621 251
455 334
422 44
912 593
949 410
814 402
140 525
655 70
1074 704
623 467
699 195
965 535
476 178
684 294
605 400
947 322
456 43
862 394
944 37
633 12
1037 549
1085 20
344 532
979 257
457 241
860 597
677 582
879 413
693 530
916 667
917 306
428 68
950 588
297 662
802 423
962 672
948 449
841 699
954 699
463 196
451 100
201 61
884 589
833 544
605 308
697 308
806 388
916 528
213 135
959 530
925 40
457 115
963 529
946 626
280 670
922 355
448 315
876 519
423 545
859 231
940 486
74 290
933 534
343 174
925 33
892 230
951 386
674 440
886 675
917 58
392 181
260 307
108 318
660 476
273 623
679 25
970 668
248 204
463 126
890 418
521 286
976 493
964 706
622 290
294 580
932 442
419 589
487 244
899 651
868 391
862 408
866 379
940 331
420 303
263 571
915 54
917 448
429 158
652 450
697 428
657 647
657 662
956 306
179 504
878 523
937 529
963 712
888 241
628 180
412 215
979 688
695 257
909 495
818 607
946 676
188 91
909 377
956 399
919 574
256 189
412 467
382 458
958 556
374 156
925 536
884 417
604 149
751 396
373 183
671 445
857 698
196 691
940 406
357 388
971 456
522 237
952 476
425 119
897 507
956 283
653 180
822 377
605 527
649 258
709 336
903 17
912 16
810 518
690 671
934 613
766 87
497 171
879 561
918 497
1139 582
702 94
713 261
504 174
470 66
951 411
778 601
666 677
912 270
941 475
910 378
901 657
670 151
668 345
447 137
602 60
509 355
675 531
684 636
955 55
680 249
416 20
646 522
196 143
927 301
905 470
931 513
668 688
963 414
641 588
820 346
249 201
382 177
141 322
586 135
941 323
608 335
153 542
893 210
713 353
405 123
681 668
860 405
179 531
217 522
697 220
640 491
899 491
598 32
219 95
673 397
686 535
871 579
826 661
212 104
472 121
391 66
623 89
862 326
676 410
931 435
918 553
666 617
630 504
674 321
907 490
865 448
963 620
141 511
297 546
903 469
1185 331
477 170
951 314
846 246
593 495
713 259
425 72
194 168
1164 463
381 43
937 252
910 710
185 480
839 713
973 604
846 470
916 541
636 530
848 328
915 362
313 573
561 38
446 16
883 599
667 22
830 553
402 111
716 99
904 487
480 34
953 718
685 308
454 260
793 667
605 134
710 77
963 515
684 666
369 119
937 346
974 15
855 679
933 231
925 580
137 574
946 549
634 23
905 75
656 593
959 455
935 489
914 643
864 675
987 677
282 678
891 678
436 125
466 28
657 250
672 250
945 480
902 491
1013 259
885 526
924 647
863 710
442 98
725 24
719 447
142 422
956 423
914 642
659 659
880 409
870 240
983 90
781 628
813 581
985 662
644 443
822 473
712 11
839 633
935 372
442 161
897 389
895 4
390 31
939 606
863 429
427 269
1190 564
986 705
389 39
922 320
427 579
941 460
124 415
406 538
924 235
972 358
888 690
890 543
595 301
410 75
254 286
837 209
927 687
833 272
937 334
948 341
664 433
901 511
943 488
692 636
946 588
469 242
969 714
631 612
1030 524
437 41
626 679
691 444
903 538
981 610
643 213
628 371
650 417
932 658
909 257
677 665
695 115
441 273
872 643
876 545
242 230
686 14
902 623
133 555
495 295
680 520
635 383
303 71
937 562
940 518
957 603
688 487
634 40
974 673
413 19
648 602
927 538
582 55
846 318
651 277
976 705
926 278
641 276
613 507
832 354
953 571
665 449
410 650
446 46
208 45
256 535
926 334
617 92
641 117
675 602
637 448
843 204
958 63
816 263
840 256
777 72
645 304
376 12
760 75
412 638
396 122
967 443
880 657
617 158
945 297
641 235
665 319
589 33
690 28
51 353
695 170
841 379
858 628
421 81
659 437
476 157
892 565
651 600
642 125
927 355
382 567
630 16
683 376
628 227
904 707
686 386
409 377
611 65
685 624
94 478
870 221
632 21
949 531
952 458
1078 331
912 489
248 279
987 582
950 414
703 581
850 321
927 660
678 588
239 123
438 128
170 502
942 374
604 357
910 695
650 560
943 592
721 7
992 710
435 52
931 462
319 551
362 103
661 627
818 545
366 43
644 456
962 331
529 31
864 298
496 188
1025 486
198 63
792 535
237 186
813 247
824 488
955 481
645 619
475 250
468 180
847 361
878 683
669 542
952 317
711 120
467 151
918 570
150 484
912 387
949 603
922 586
1201 262
788 542
933 257
489 219
654 86
931 714
123 280
388 299
932 545
953 389
649 483
677 534
590 21
896 489
673 170
879 519
914 356
954 592
677 217
799 388
441 662
654 354
630 25
645 675
265 688
276 615
626 633
310 624
955 8
939 341
610 99
895 269
983 482
982 527
680 289
1119 635
396 186
833 342
448 634
862 538
934 684
460 261
457 502
930 413
894 473
804 644
440 250
971 464
917 513
948 364
835 355
905 436
396 496
178 499
354 234
422 258
111 284
648 412
889 674
970 645
488 565
691 385
854 307
888 649
414 102
946 389
74 489
416 336
944 317
342 541
251 631
857 454
897 486
312 237
651 9
440 6
938 387
810 499
847 311
234 177
546 8
933 510
802 209
504 171
459 154
669 259
834 481
929 468
954 531
425 310
916 245
898 476
972 717
787 198
612 24
507 238
936 438
881 458
934 446
297 531
129 387
899 375
267 143
945 404
928 126
945 415
905 119
956 643
960 409
465 39
970 647
346 374
954 565
631 384
286 433
882 564
468 224
921 337
926 365
937 43
1006 679
931 399
958 535
942 548
921 422
892 528
962 667
880 226
357 22
929 325
950 364
923 499
366 423
938 415
851 601
237 569
978 566
687 672
930 207
898 216
877 217
706 253
860 242
415 184
919 447
951 447
919 378
882 523
935 549
979 686
473 36
422 62
594 60
656 149
426 130
657 172
67 305
817 464
894 489
167 596
629 590
909 584
700 715
955 715
1243 307
934 556
368 182
879 643
948 367
494 656
250 651
720 234
1060 234
892 630
805 662
697 191
354 420
443 233
336 61
915 515
946 524
618 176
673 147
949 341
653 322
800 678
432 42
921 44
939 259
637 564
885 564
852 130
614 28
869 332
910 479
510 213
873 548
625 456
563 407
251 535
957 416
952 337
945 696
222 248
886 355
936 437
686 616
130 522
933 391
854 302
192 659
949 558
908 538
181 554
472 159
942 654
458 105
465 140
463 132
328 426
937 431
161 406
971 355
970 680
429 696
115 329
954 433
648 460
472 154
1034 396
935 478
876 514
399 166
909 494
987 668
463 48
948 402
955 327
93 211
413 394
995 715
851 228
439 385
682 546
893 701
953 624
661 205
902 579
609 51
121 201
851 357
950 397
932 653
916 712
833 699
161 255
845 417
352 578
778 525
1017 65
660 637
954 465
899 55
387 250
464 275
184 427
957 604
933 380
511 134
960 341
665 175
922 323
911 690
348 141
501 295
584 137
472 581
932 627
949 654
847 501
954 482
272 255
923 521
687 373
1140 135
824 537
435 107
894 246
912 286
844 300
420 411
853 711
897 393
413 171
905 111
77 171
354 27
945 554
440 200
708 72
980 664
963 6
402 456
75 273
109 598
837 654
650 9
223 77
879 619
665 347
731 13
441 314
407 261
685 639
912 713
386 148
862 544
830 526
797 214
903 486
977 668
476 240
836 356
984 719
939 572
924 620
703 224
868 514
946 612
321 427
946 353
895 592
665 136
661 316
444 299
902 329
981 291
851 598
775 406
422 491
814 420
368 134
433 101
815 518
839 298
640 254
948 584
445 59
935 461
442 57
966 657
143 392
514 632
414 147
431 140
704 559
679 549
654 63
842 389
632 401
450 173
166 554
682 516
702 516
658 105
671 83
453 112
857 498
435 40
617 184
261 536
104 310
808 228
876 273
962 345
411 334
909 522
498 300
628 436
853 652
841 594
183 586
654 54
374 76
936 492
921 388
903 707
470 282
943 88
795 403
283 510
944 504
892 642
622 589
796 419
442 186
956 521
895 540
918 357
952 81
418 149
919 484
944 407
953 304
382 535
864 352
366 235
505 242
481 189
772 314
246 168
81 364
302 266
411 282
881 635
440 178
764 422
870 639
628 140
409 95
405 13
894 510
836 396
655 316
638 294
875 34
634 123
926 719
606 440
113 377
623 278
864 570
371 43
917 239
460 216
911 349
868 322
624 456
952 444
893 520
869 542
820 637
847 302
929 406
655 0
205 86
413 176
892 620
940 519
805 489
928 481
385 678
56 370
352 581
88 332
889 663
553 17
759 354
863 436
772 226
692 507
319 702
652 53
948 505
399 220
941 515
860 438
687 539
675 697
866 590
370 8
213 104
163 479
891 311
423 236
263 572
882 374
938 664
425 198
603 66
929 7
811 604
796 682
419 19
1187 596
421 582
934 425
654 93
932 688
450 194
935 402
489 76
675 321
887 622
197 409
925 299
192 23
626 511
659 282
431 279
937 470
347 374
867 269
928 657
403 37
820 501
970 486
942 560
420 251
813 699
671 97
831 217
386 458
925 381
462 665
959 705
374 404
930 219
682 194
679 635
907 341
928 121
968 383
893 680
959 500
468 83
689 18
460 162
459 188
929 566
93 145
895 555
640 704
947 427
870 694
452 292
373 1
232 124
1001 709
413 87
482 151
405 91
868 138
426 231
957 629
825 707
991 374
382 347
890 396
378 509
410 175
941 385
952 526
860 608
68 210
50 352
414 49
922 570
414 620
953 432
641 396
875 472
458 297
762 300
472 197
681 288
406 31
1196 307
871 468
655 373
946 669
893 667
929 457
951 649
604 243
947 75
903 676
730 289
941 416
415 25
659 51
693 515
242 194
274 622
367 454
1135 286
955 572
911 383
892 540
353 109
142 361
73 446
267 415
821 433
382 143
883 166
296 587
931 564
69 429
952 354
372 12
625 541
672 352
915 369
464 294
902 514
495 326
964 699
852 332
423 285
900 431
448 339
815 323
960 531
374 70
902 462
660 570
437 44
450 356
674 405
931 386
795 678
995 682
639 457
240 275
924 331
345 45
344 574
476 145
616 20
921 489
420 670
690 170
887 640
956 82
913 665
435 105
604 87
870 242
690 652
485 115
1235 199
702 31
893 570
967 439
467 20
695 279
949 518
939 91
634 355
691 471
945 392
364 192
691 360
394 445
828 667
367 3
377 59
829 66
630 89
866 616
147 499
948 652
425 124
429 54
592 117
638 232
395 100
670 165
939 643
326 548
933 485
946 502
99 428
105 328
61 350
345 3
908 42
109 80
846 249
918 566
818 300
865 573
855 361
409 460
912 512
945 701
670 313
625 186
523 657
452 82
380 116
950 651
408 209
876 548
388 101
512 285
811 555
75 503
913 388
788 469
800 464
806 408
135 412
946 458
909 326
358 454
953 711
972 665
248 195
360 33
957 552
831 373
924 544
649 68
948 516
821 319
913 344
667 583
858 658
466 93
651 442
443 451
130 333
969 385
876 518
610 0
362 323
405 25
895 337
441 349
898 716
950 332
848 613
684 419
901 23
960 404
982 550
610 11
88 331
870 499
107 421
439 221
405 5
840 692
847 448
798 659
941 334
946 701
438 129
979 612
916 647
913 60
364 213
998 714
906 652
860 648
905 392
1061 459
78 452
682 644
423 138
635 108
967 322
903 550
813 286
882 508
272 715
465 166
121 505
893 587
263 210
129 382
424 489
149 500
977 698
901 9
904 634
827 389
387 177
959 302
870 346
679 214
265 665
681 484
826 209
904 300
977 358
377 190
944 648
841 463
893 270
315 30
642 230
849 379
488 249
921 331
912 569
935 482
683 200
359 57
914 419
143 377
875 553
837 292
920 556
289 610
888 422
411 7
653 711
922 591
453 56
825 653
408 3
999 636
889 348
951 551
861 338
663 405
667 445
885 582
134 262
393 61
593 6
953 454
883 489
415 9
916 446
472 48
972 714
358 705
849 689
607 391
902 80
135 473
969 258
953 643
633 357
811 643
260 659
826 636
899 344
928 719
823 205
144 383
945 485
491 173
944 476
893 581
392 239
149 337
453 359
374 419
455 52
899 710
963 697
913 80
1185 519
906 524
508 325
496 286
891 717
953 440
951 409
936 573
453 200
891 365
860 223
861 554
900 266
927 329
946 605
327 31
848 301
915 644
956 701
844 377
857 285
922 498
702 158
876 345
413 107
974 650
931 18
699 494
936 551
954 249
821 632
672 703
906 391
391 161
642 526
722 38
931 474
340 229
357 314
700 182
942 706
842 593
924 604
745 62
914 491
854 593
874 506
353 333
441 365
431 162
469 315
886 647
564 64
850 279
861 702
334 412
947 470
670 610
645 347
494 234
800 659
930 636
874 417
713 326
646 350
363 35
937 415
962 57
343 506
127 579
666 481
872 627
345 406
699 491
659 99
952 613
702 448
957 304
431 351
694 406
864 291
851 326
938 352
470 197
927 577
408 344
868 574
578 19
700 263
948 399
958 502
868 429
935 51
618 165
932 592
820 412
192 421
663 560
623 50
945 405
358 14
930 589
436 18
357 453
594 152
892 675
169 481
78 194
692 444
650 264
442 234
951 354
593 368
891 304
378 294
880 639
499 171
878 461
267 520
325 487
859 714
403 394
1255 402
917 316
885 597
884 547
822 234
935 462
166 517
896 616
438 386
841 290
826 230
646 487
918 25
947 350
96 323
898 437
649 578
391 277
848 518
982 713
945 532
930 565
883 306
943 636
343 375
649 217
924 476
613 114
955 623
805 578
361 309
835 537
876 579
900 20
630 493
451 15
969 694
894 702
695 84
664 378
826 533
415 151
440 609
452 38
665 371
945 674
388 485
372 292
930 483
946 531
894 505
659 611
893 665
423 346
932 398
420 82
865 635
358 130
798 640
562 613
868 348
337 96
666 399
853 663
450 22
1000 716
450 159
860 522
899 325
908 534
819 589
922 493
940 660
959 393
826 216
939 307
922 307
689 109
901 312
761 316
856 258
953 521
469 317
925 435
986 33
501 245
814 387
425 42
141 423
337 28
660 243
331 137
910 315
885 611
944 313
857 679
837 679
916 372
351 547
443 295
922 422
922 407
712 447
360 295
962 674
813 593
841 677
921 521
927 489
355 420
893 560
873 535
709 208
960 465
667 182
811 528
498 194
476 95
962 702
872 398
474 199
835 512
801 216
398 558
1004 684
240 668
837 496
965 471
714 322
963 533
110 323
947 687
948 702
374 214
383 492
394 175
215 108
909 342
223 107
900 243
943 41
298 361
376 575
336 18
435 130
127 314
680 572
642 115
498 277
481 133
938 209
336 316
476 538
939 31
912 425
371 310
883 421
521 227
910 509
857 294
480 171
341 350
447 152
662 269
886 520
1089 686
961 522
965 438
350 166
484 165
400 33
456 112
104 457
419 105
831 424
960 5
890 83
874 269
950 494
683 68
917 457
823 570
454 104
81 295
359 350
424 478
951 426
703 151
915 699
444 32
409 497
904 468
458 337
711 445
416 421
804 489
1247 278
727 280
927 350
399 37
881 233
258 658
942 466
613 433
877 326
398 124
446 20
438 655
849 418
909 506
448 663
341 637
964 160
919 87
901 13
801 446
813 686
630 589
913 324
971 427
885 694
80 430
931 310
846 281
829 517
617 380
654 482
869 391
63 205
663 381
899 20
471 198
803 701
895 5
965 652
865 328
836 420
934 108
911 321
974 576
931 708
853 548
984 631
689 311
843 335
941 593
591 64
116 250
390 212
989 710
411 54
774 520
964 229
854 426
310 512
608 456
914 345
317 392
607 384
216 194
904 607
1022 505
691 306
676 617
672 192
917 663
821 598
638 455
968 563
638 508
426 35
651 366
904 381
871 709
670 458
245 330
461 224
924 362
914 248
941 453
653 150
61 221
390 371
822 227
941 709
588 59
414 264
917 446
402 174
236 82
1169 427
956 428
889 468
949 396
129 429
668 511
652 211
462 103
446 158
511 273
918 473
369 155
461 198
852 651
910 677
945 414
1168 437
933 456
392 114
935 409
1103 70
928 608
940 428
493 186
1015 242
985 718
936 660
705 495
957 677
825 259
522 220
660 178
827 497
650 432
829 340
687 192
702 269
603 0
284 623
939 258
677 629
684 447
682 538
643 353
948 411
385 478
792 474
848 615
222 72
452 0
689 464
1000 3
654 67
609 226
730 111
724 257
83 543
687 654
909 478
648 389
255 310
454 34
935 530
664 522
894 558
664 354
687 665
705 163
403 361
901 74
415 551
666 461
460 57
639 463
259 189
656 94
155 675
623 194
825 634
880 401
659 502
451 48
895 391
966 371
446 203
965 506
960 38
826 353
444 680
463 643
904 267
868 522
615 504
860 653
675 468
438 153
616 90
671 237
651 382
583 508
152 400
680 55
863 261
689 696
213 6
892 245
667 239
846 375
977 707
561 17
662 262
889 354
875 318
138 383
215 160
819 539
402 248
926 639
585 431
711 244
717 251
889 706
891 426
662 195
915 195
870 708
280 651
774 300
217 163
897 92
841 401
452 132
931 554
662 621
231 198
401 145
958 557
180 64
659 270
901 505
917 464
962 395
921 209
608 92
662 393
947 178
979 461
662 420
832 232
916 147
889 393
941 84
659 548
715 149
956 527
245 56
808 715
928 488
855 276
936 241
707 35
865 463
650 549
682 116
158 472
688 320
672 555
626 373
923 517
472 223
839 378
384 668
662 151
464 56
611 189
347 262
957 418
727 256
882 605
655 633
596 180
870 514
393 173
480 483
145 278
366 674
674 132
820 524
1082 446
620 531
663 531
679 715
356 576
225 157
645 276
604 45
470 57
460 201
666 505
666 513
429 16
653 336
679 481
944 574
619 391
619 194
668 679
383 109
667 637
917 322
1121 571
876 503
969 4
1058 706
349 105
454 267
656 253
705 75
696 434
708 270
644 606
651 175
1066 558
942 88
360 47
871 396
889 491
671 688
638 477
655 183
898 233
624 438
697 305
249 255
670 175
413 625
639 550
774 268
651 500
844 617
680 364
486 264
1143 490
1067 191
662 589
706 468
715 65
606 582
661 377
705 305
284 492
678 189
375 572
778 232
244 217
197 500
642 301
346 232
700 439
611 0
685 347
637 418
929 452
156 553
347 14
882 344
696 636
981 517
220 98
921 364
687 393
640 78
712 478
666 627
714 70
639 292
919 289
680 120
708 264
658 414
826 506
622 127
674 701
820 263
678 243
711 206
944 388
484 170
907 633
674 506
662 624
964 490
905 587
917 699
1200 398
657 706
645 323
211 31
606 61
231 319
190 171
487 176
444 46
703 133
437 6
934 69
678 0
658 262
1036 463
621 43
678 583
632 376
629 286
1150 631
664 588
914 77
645 291
648 343
637 312
952 515
135 514
1188 563
873 446
164 432
704 432
665 3
632 334
678 341
908 39
937 259
890 292
670 125
346 624
390 136
221 72
914 497
885 225
854 669
792 395
417 430
215 104
941 684
676 500
168 140
951 460
902 298
688 455
265 619
696 443
145 497
603 89
209 40
899 571
262 572
205 231
617 213
669 262
697 284
964 231
951 372
916 210
902 294
875 656
222 108
361 19
426 266
346 221
678 629
626 363
631 189
409 121
946 306
867 695
680 441
646 414
894 431
599 56
917 329
679 390
942 501
969 664
880 541
578 41
738 34
946 636
626 571
676 450
458 663
938 15
667 205
679 454
602 215
659 573
696 477
657 494
453 30
704 73
662 121
642 37
698 40
934 632
340 141
976 673
692 85
971 378
815 399
631 222
712 113
102 284
677 301
1117 233
938 606
699 499
875 678
657 386
640 402
698 589
638 483
695 198
676 282
944 444
944 454
492 245
621 453
669 471
637 467
633 445
238 142
426 20
681 498
225 182
789 398
638 234
990 588
663 623
596 87
650 4
667 159
597 372
588 93
216 83
374 30
967 390
836 222
227 104
642 201
658 651
918 343
659 715
880 369
669 10
692 28
659 582
657 510
762 523
661 587
624 496
302 638
819 380
679 471
250 426
675 594
957 435
695 485
681 259
686 38
686 60
231 167
219 143
616 518
987 307
242 78
621 94
708 208
905 697
632 296
383 111
1092 44
658 426
1056 377
697 350
981 549
1245 706
713 206
628 182
250 250
928 541
597 408
829 528
950 413
382 108
915 482
901 128
670 444
127 308
410 343
693 519
934 289
679 662
981 684
685 404
645 33
840 655
685 270
810 367
647 178
646 325
853 624
678 64
701 7
227 65
631 592
456 446
236 130
617 4
964 64
937 532
679 220
894 378
477 238
703 238
413 516
612 28
691 348
967 472
1190 465
698 254
895 498
697 268
701 416
159 562
620 412
461 78
660 357
679 372
384 42
662 216
1034 506
956 282
671 81
882 632
431 185
448 193
692 39
684 563
887 310
672 585
617 220
857 560
745 48
618 72
400 182
900 454
473 624
634 177
977 658
669 674
484 122
418 107
383 199
438 191
848 401
875 407
1145 650
875 587
420 100
914 482
853 488
460 232
819 510
669 443
669 451
918 478
668 210
892 585
654 104
262 201
971 693
606 427
950 627
968 543
905 701
912 479
323 286
841 266
595 40
389 1
663 122
237 174
399 594
942 511
708 458
181 403
872 373
908 539
937 622
895 99
622 86
672 396
676 548
684 503
1176 484
684 139
704 397
891 417
449 358
390 106
690 213
404 99
681 352
144 365
888 472
938 469
694 475
911 678
991 568
276 592
607 159
620 129
616 342
466 60
672 43
685 426
687 319
881 426
708 202
622 395
939 694
905 486
938 21
963 631
377 529
686 265
942 547
790 509
933 492
647 645
609 247
258 223
591 95
217 105
921 6
718 23
777 610
589 87
957 337
606 370
955 16
945 358
663 590
908 444
85 331
843 364
981 313
717 282
847 562
629 57
681 383
598 239
679 300
891 559
627 316
243 509
851 365
655 33
637 457
848 236
846 439
407 40
640 353
912 418
674 623
342 40
415 61
664 305
1080 567
858 486
811 423
923 328
450 533
499 119
438 255
879 719
942 340
688 47
824 690
564 32
675 318
796 698
485 588
691 49
660 20
653 195
958 440
405 166
232 63
852 518
437 683
602 76
666 618
467 183
960 710
835 289
872 6
666 202
933 111
641 640
711 11
963 364
401 144
938 367
925 216
985 705
963 375
1115 709
941 502
644 410
940 526
890 504
736 102
677 115
141 358
412 474
76 366
860 423
666 171
656 352
714 289
922 384
249 220
897 381
891 475
639 461
282 577
497 223
957 687
636 347
242 211
113 278
967 704
915 467
812 587
974 703
1067 655
82 394
809 637
695 402
1090 46
671 479
879 404
662 623
729 256
837 423
418 63
975 447
417 566
626 71
868 638
653 446
392 159
476 100
910 616
661 296
959 450
898 533
907 276
100 327
470 95
891 582
678 195
692 173
867 505
875 568
410 356
447 223
418 346
951 513
851 577
634 645
651 98
472 108
381 355
910 373
981 574
641 88
940 414
667 493
944 338
636 516
667 295
1102 13
615 403
819 556
351 307
456 83
617 125
704 128
863 313
635 463
1057 683
953 447
918 505
806 571
679 355
904 270
263 196
877 281
661 719
929 11
434 212
950 464
437 151
919 618
668 523
708 66
455 379
730 18
949 602
865 623
920 414
247 109
884 584
229 143
361 53
638 53
687 533
840 355
799 197
662 67
680 198
478 221
647 431
672 233
890 621
163 648
1113 439
883 349
868 496
471 202
643 429
626 277
646 6
407 16
988 719
650 484
842 397
868 511
706 537
702 266
941 583
375 246
171 483
657 620
224 205
893 363
238 284
445 284
652 164
672 533
861 533
957 297
506 232
1201 348
371 76
693 145
598 63
322 271
948 417
936 98
920 461
861 501
687 668
691 375
694 153
707 289
627 293
435 187
640 155
865 629
884 657
703 573
925 425
647 314
637 709
625 468
663 484
953 140
819 707
1191 280
683 232
661 488
399 6
866 473
905 671
847 306
692 328
582 44
662 204
192 105
802 358
911 378
636 2
455 93
677 93
1127 93
605 270
476 498
726 60
950 293
666 404
684 537
846 653
620 238
670 658
706 4
647 151
402 55
610 15
730 15
928 569
611 313
919 499
686 618
661 571
659 134
676 317
702 274
654 223
672 69
554 545
706 435
680 497
637 11
416 127
353 129
706 420
588 21
179 517
680 153
945 353
676 620
712 299
904 463
1008 699
1175 627
435 608
224 234
688 21
645 541
341 550
1105 217
840 515
621 9
891 537
591 85
965 663
688 195
959 366
240 233
695 323
332 447
887 531
877 454
574 3
680 9
679 706
614 466
910 301
679 379
848 305
630 455
984 0
641 111
655 80
866 411
646 361
687 406
905 546
670 340
638 437
635 148
975 716
169 631
678 421
642 369
620 404
445 168
679 531
711 106
692 384
574 40
676 40
320 51
651 252
242 273
710 19
629 194
233 309
910 554
467 125
899 381
494 341
889 335
626 11
351 497
695 444
616 449
865 264
1086 251
239 175
872 586
673 544
1121 394
638 286
889 294
522 550
666 274
674 108
604 9
213 189
668 30
801 292
382 19
705 158
219 128
661 499
703 330
475 207
231 171
855 407
624 362
606 236
720 52
683 55
715 119
680 128
1177 326
1108 306
825 594
626 114
942 215
943 553
938 325
663 664
681 249
675 442
846 346
559 438
375 485
923 573
583 73
506 133
635 415
637 13
682 617
621 392
502 186
1098 475
958 392
666 222
596 501
684 519
657 420
830 675
703 234
598 38
696 122
938 543
470 333
667 564
617 385
635 390
635 391
1272 332
169 477
891 310
607 221
788 412
472 279
674 717
713 281
1065 524
221 18
670 461
666 625
820 349
940 366
1255 450
673 656
709 302
1050 367
350 576
841 522
224 241
684 170
644 80
466 263
698 280
418 111
396 3
648 455
585 86
655 477
1093 544
190 59
653 22
958 386
677 79
326 242
696 548
408 96
613 61
464 302
1122 306
696 259
1098 178
885 413
1099 655
638 327
331 37
594 53
715 244
934 471
1092 49
913 21
1056 512
670 323
847 648
855 548
452 333
917 418
423 181
945 591
572 22
687 9
221 126
436 162
667 518
619 166
669 566
911 597
247 301
677 643
906 17
711 702
679 458
882 361
596 23
698 419
475 298
854 319
919 494
904 439
641 460
245 217
695 37
1180 228
646 667
655 631
990 681
1041 517
648 535
652 609
604 264
947 49
580 50
926 311
801 355
614 81
710 51
939 8
682 193
683 86
636 418
433 421
230 230
673 435
599 134
967 548
630 222
938 329
661 118
481 125
627 416
234 192
664 510
650 397
569 96
650 511
854 488
186 659
698 67
370 389
935 683
608 160
957 94
600 21
789 277
448 103
505 165
447 338
921 457
657 351
891 713
1097 40
1077 522
666 641
443 194
711 499
900 638
970 566
670 366
914 522
660 289
938 523
608 173
976 350
114 237
418 429
633 219
915 603
1154 645
921 684
918 274
882 340
617 392
426 243
881 306
909 717
693 93
694 469
604 462
138 402
710 255
927 477
665 260
199 94
986 431
705 425
660 566
617 540
70 463
897 418
624 216
296 697
700 452
661 26
674 26
1213 119
865 176
717 72
934 683
652 9
933 347
936 53
403 10
683 285
865 675
656 440
693 92
879 297
453 225
622 163
739 95
600 524
845 454
708 427
694 126
905 213
881 397
680 429
890 710
728 101
395 200
592 116
634 486
863 575
962 691
919 716
898 413
81 328
642 420
884 435
692 135
668 566
692 214
670 10
807 549
911 423
622 165
817 379
697 79
924 599
954 410
239 237
668 633
660 251
634 133
166 61
934 416
958 510
841 570
401 19
952 508
682 303
854 517
912 392
402 117
687 225
662 693
618 169
883 514
473 209
655 113
901 694
960 606
321 66
667 361
896 591
232 142
387 16
875 445
654 374
602 23
312 616
953 704
717 263
383 163
617 483
965 702
892 273
696 561
996 708
409 163
700 319
777 692
951 713
931 402
630 457
705 240
698 435
810 584
893 712
609 45
916 280
668 466
165 513
940 663
547 10
441 495
683 436
890 468
850 381
617 445
889 489
219 219
471 164
239 143
670 710
932 669
679 237
635 90
497 150
1061 387
942 366
147 453
369 454
257 578
671 266
920 497
708 408
680 110
376 608
376 404
686 472
928 472
643 395
424 257
873 562
506 596
671 475
920 384
714 309
959 42
841 460
869 427
1065 673
685 283
683 236
715 100
657 621
673 599
812 515
712 221
933 540
815 571
608 22
955 544
641 197
670 536
893 499
651 425
220 87
654 25
659 416
664 347
685 134
629 201
687 585
194 65
696 89
313 467
378 5
889 532
963 495
85 289
913 709
1066 444
948 396
384 498
712 355
604 403
237 87
676 653
914 550
889 669
661 206
844 509
414 495
592 424
666 184
942 312
896 418
547 419
687 91
1060 434
152 302
639 86
483 63
904 692
813 335
218 191
408 348
651 413
882 408
326 229
950 601
650 516
447 259
232 337
474 176
337 244
634 214
1130 283
442 130
706 411
771 428
701 644
932 260
603 111
926 435
578 563
489 148
692 425
593 158
982 677
698 512
394 304
882 515
959 532
318 376
948 439
918 671
296 430
660 135
895 238
1056 457
636 172
821 521
606 83
87 309
413 416
912 342
74 363
844 631
710 591
874 362
629 380
917 420
711 319
815 366
677 396
983 347
865 587
848 361
680 232
274 530
764 402
900 280
895 251
976 670
853 272
614 337
128 364
626 25
662 416
843 456
962 456
816 588
921 17
656 120
703 461
641 159
711 483
925 3
647 595
1090 370
685 218
943 617
534 298
928 447
836 562
934 523
935 554
1065 471
809 506
710 357
851 239
267 208
955 405
962 69
227 97
451 97
574 16
654 2
632 315
915 322
888 358
176 562
827 503
873 456
437 361
871 570
229 195
827 399
170 321
883 359
667 441
166 520
242 169
682 715
239 350
701 406
228 62
831 680
645 349
423 641
867 625
674 679
643 331
853 340
651 213
469 247
665 348
692 481
966 691
640 74
622 518
693 707
917 684
678 54
646 497
400 188
681 209
1094 183
707 709
606 0
852 528
384 371
962 513
882 487
931 685
680 476
78 351
626 98
671 365
1209 497
226 207
966 669
967 461
1078 337
220 61
1096 334
116 443
699 108
321 612
644 309
140 455
393 47
894 381
626 354
891 126
810 338
951 664
805 360
949 537
876 542
677 314
720 465
966 14
677 618
663 175
222 211
934 506
953 371
193 69
201 99
626 128
877 708
646 258
442 120
875 375
621 101
223 151
954 620
850 255
935 541
907 422
901 271
410 709
821 382
648 78
869 577
596 225
881 650
886 303
684 514
949 372
490 117
958 558
633 429
965 591
934 518
927 479
682 512
422 2
906 424
942 642
642 124
852 671
829 514
333 404
394 279
949 503
642 412
654 550
241 228
595 27
962 564
283 702
810 376
873 654
727 94
841 433
862 716
652 582
344 9
960 437
426 85
640 291
451 258
667 55
686 574
916 346
685 250
911 426
469 318
685 475
415 70
375 537
510 643
855 503
321 177
686 482
224 107
445 613
891 24
237 183
905 25
692 15
613 45
850 471
956 583
453 699
969 639
676 341
614 170
416 200
236 244
967 509
890 225
952 93
947 717
959 510
398 219
497 162
504 311
919 521
945 395
926 582
683 630
480 198
662 23
926 2
903 484
639 283
349 176
382 329
689 265
691 279
353 458
676 676
363 627
637 557
596 56
700 56
654 290
708 315
614 183
928 308
618 373
574 80
635 41
638 132
682 585
223 162
902 465
683 357
646 457
939 46
588 117
224 40
218 102
692 452
960 621
927 588
661 163
689 581
103 601
420 20
668 674
945 388
657 374
627 299
642 552
941 487
714 237
1089 568
635 124
200 65
938 426
692 516
954 330
627 54
809 475
716 36
1034 587
400 149
263 107
695 44
837 528
807 481
394 434
942 334
414 278
710 114
677 183
475 190
956 652
954 269
255 155
667 189
445 80
1148 339
869 458
109 88
867 514
857 421
383 5
677 123
1104 702
855 521
626 172
686 2
322 58
646 32
632 473
688 594
590 57
245 254
438 15
678 170
663 331
697 419
703 691
68 343
675 641
856 391
639 435
964 685
664 108
707 448
694 30
673 577
948 654
720 147
726 71
692 553
1105 412
661 158
883 527
611 23
649 601
672 710
631 350
954 518
889 276
872 442
263 151
905 256
719 10
673 647
384 30
805 386
645 293
205 37
850 202
1060 634
622 495
717 106
575 58
672 186
218 145
321 390
668 520
707 209
417 228
732 89
690 274
631 302
674 265
605 357
657 336
944 351
343 583
690 660
425 150
1058 239
936 483
674 416
651 658
1134 650
468 155
951 555
658 304
680 298
643 110
631 417
221 38
193 54
648 247
669 346
934 411
678 494
922 332
980 21
927 487
608 119
727 516
181 83
632 53
701 496
822 425
628 217
896 474
821 431
643 463
850 501
671 669
633 348
897 506
671 44
632 393
696 393
1181 613
931 447
181 72
205 89
656 62
497 94
712 652
823 705
656 516
885 636
1154 324
924 645
901 386
664 87
600 414
650 422
607 146
605 171
844 635
381 379
617 376
663 618
889 18
716 456
880 480
714 292
234 56
720 347
685 672
662 321
609 412
940 539
956 151
667 337
270 618
421 98
934 348
840 511
938 391
581 86
619 681
701 217
946 547
617 247
631 326
695 76
656 237
680 99
237 173
704 251
949 519
1058 232
673 497
365 14
674 0
649 208
1038 611
650 179
244 174
669 671
875 655
965 699
95 254
265 650
686 630
649 56
689 206
356 351
953 631
371 361
636 467
636 82
1066 485
819 393
682 463
237 324
965 539
237 251
624 56
390 18
456 279
340 279
636 230
77 487
598 31
940 439
678 686
643 486
700 632
668 565
683 201
284 601
147 470
615 354
627 85
862 455
665 652
683 578
606 136
677 306
901 103
677 553
705 494
662 72
816 253
258 614
979 716
690 234
720 414
228 215
679 440
701 387
579 501
925 640
1069 660
218 125
692 125
942 512
624 472
904 698
656 361
960 383
690 704
560 13
649 340
430 513
598 21
1163 689
671 347
901 201
865 569
424 72
907 37
706 168
439 165
692 197
855 341
711 160
171 670
919 295
852 694
935 576
929 527
438 264
918 499
972 508
868 505
785 489
414 218
929 697
819 540
935 298
930 364
327 162
1086 73
164 398
447 3
960 544
680 406
1117 286
645 386
678 107
593 71
792 598
406 118
845 420
338 342
935 393
653 401
927 474
910 456
659 113
716 264
898 352
347 439
953 411
969 718
398 541
408 49
653 207
822 176
688 561
625 303
91 146
437 328
364 570
649 446
212 220
677 361
698 297
669 380
703 356
640 175
837 522
685 221
636 424
675 295
165 404
968 689
907 432
673 616
583 8
1105 323
965 651
640 465
396 487
677 715
879 318
200 148
215 167
695 72
1081 690
605 34
597 586
391 92
1071 654
945 283
233 156
694 41
365 226
917 343
944 477
590 124
962 329
634 446
686 144
913 618
660 97
678 6
260 83
687 582
242 188
590 65
975 306
924 416
592 53
903 504
1148 475
1032 388
815 533
586 605
971 703
897 697
650 436
670 336
678 644
934 406
690 484
631 18
1139 642
873 407
933 407
693 339
1145 68
1163 604
961 62
899 233
939 578
699 435
914 653
614 108
686 99
406 496
948 308
928 682
644 304
957 530
712 137
985 671
872 512
188 538
933 498
903 533
485 264
642 40
668 117
682 347
505 213
872 213
699 309
645 186
655 479
1093 190
640 317
625 203
404 133
223 96
645 532
640 439
680 495
932 698
683 442
298 579
616 85
714 85
1050 471
720 238
430 261
424 160
471 227
419 250
969 488
944 448
230 173
667 310
680 569
218 74
958 546
653 306
717 9
653 203
228 98
413 36
1042 586
918 80
673 275
232 147
636 169
1179 207
1155 535
855 690
684 466
912 538
660 325
626 505
687 409
590 463
1093 592
915 263
635 418
672 665
624 135
944 93
891 39
137 609
625 156
685 716
405 8
686 59
865 320
947 244
384 164
927 516
667 35
617 342
676 97
1076 490
655 177
449 186
679 495
645 573
588 27
602 133
184 71
680 199
699 104
257 333
646 287
886 33
665 553
1149 454
550 594
934 719
657 364
555 63
295 75
893 537
809 460
637 365
956 409
869 455
644 259
896 470
693 228
914 675
694 157
1151 421
906 509
688 544
434 90
923 318
102 359
672 200
594 411
259 204
715 78
668 705
660 128
851 565
198 114
979 694
926 417
333 184
695 669
197 131
955 377
614 146
919 316
933 571
1094 329
680 454
398 95
886 530
321 536
691 572
581 111
643 449
658 505
433 661
982 615
875 383
900 528
122 550
848 646
896 351
650 71
693 360
683 117
704 153
961 293
680 586
838 497
632 221
679 615
649 322
393 5
457 126
174 528
682 633
691 345
936 103
443 113
657 418
918 673
679 541
905 561
662 315
669 254
616 458
190 77
205 104
365 611
648 361
1058 560
485 236
927 464
899 226
622 218
920 413
929 398
615 506
694 486
452 355
635 249
665 534
633 476
415 84
696 84
633 150
665 486
630 357
687 552
141 586
721 435
208 110
1191 431
699 229
379 12
690 375
1030 194
628 18
710 296
700 15
407 45
605 156
672 562
946 707
637 454
966 373
707 46
835 682
663 569
66 236
683 565
800 683
240 259
646 267
934 579
906 341
676 658
906 487
920 596
1067 596
448 314
727 254
650 255
980 656
258 509
665 522
659 205
634 358
720 504
475 344
671 132
1211 584
617 2
497 92
703 278
682 529
960 467
661 357
634 50
691 222
250 203
597 36
869 689
613 352
691 533
639 527
716 64
931 520
912 267
682 618
616 325
648 246
280 593
622 407
148 489
684 378
608 56
644 256
687 675
606 116
705 9
954 536
699 2
923 394
690 498
900 331
341 62
643 222
695 278
710 455
946 559
613 207
684 150
657 466
235 229
658 567
647 102
440 443
886 638
591 127
650 354
940 312
401 24
639 162
666 247
1056 562
496 360
279 579
636 234
396 617
681 140
1165 358
690 481
1117 63
641 192
680 410
1148 402
668 442
1096 52
718 112
651 386
690 507
695 462
77 317
651 147
886 434
1022 607
227 88
621 128
231 191
932 225
711 348
636 576
658 181
670 385
676 23
641 367
704 27
668 226
662 471
280 658
623 518
933 473
654 102
707 415
679 478
618 133
569 17
649 33
598 163
628 401
1134 585
679 533
1131 490
887 607
221 90
623 106
582 268
690 367
726 63
686 470
929 519
235 235
945 622
229 305
852 259
652 541
689 541
955 328
819 468
682 409
697 409
694 422
661 321
674 29
718 66
961 210
413 377
593 78
651 543
1162 537
645 233
948 717
967 504
620 224
117 544
1157 707
646 509
1089 367
695 127
496 137
695 603
688 126
1193 573
720 4
600 59
641 150
631 11
571 69
648 335
964 354
899 556
649 470
945 417
607 103
679 473
696 119
927 530
601 128
700 708
640 391
690 55
699 518
217 134
612 440
654 542
888 469
582 46
672 493
652 467
1209 572
672 647
667 254
642 320
1029 316
218 176
933 614
939 514
354 513
693 421
967 354
674 522
674 459
880 687
905 226
676 542
658 628
212 134
437 21
640 85
951 425
656 463
622 196
634 496
685 693
177 41
653 108
627 495
212 194
642 463
695 222
690 9
666 653
635 410
1045 555
691 717
667 4
257 529
659 362
629 88
226 73
215 130
622 524
883 304
692 50
229 303
1058 584
697 4
668 84
667 198
634 494
665 470
661 430
961 620
677 600
934 668
498 129
679 361
649 265
694 460
682 418
1185 621
670 521
676 564
1112 581
242 74
627 116
668 50
665 518
613 346
687 475
655 375
645 419
566 184
701 6
204 69
720 271
668 325
1080 688
635 141
689 456
644 289
692 492
249 287
354 349
569 37
1183 518
1111 603
712 118
234 218
1115 352
725 26
692 596
695 50
1085 520
733 318
711 20
717 277
702 218
715 163
679 174
673 551
631 456
185 57
689 444
186 90
597 143
579 100
657 463
252 126
712 191
713 120
686 36
675 223
678 595
679 545
1164 502
560 118
712 108
248 258
1149 456
697 215
634 136
644 363
628 563
628 346
712 484
600 122
637 362
665 549
1153 134
708 316
657 127
1099 612
252 214
676 214
636 300
198 53
634 536
702 174
617 398
812 378
630 327
962 327
688 393
244 232
576 41
678 561
625 539
680 341
421 207
638 467
222 61
630 162
1160 484
1063 516
644 145
680 606
644 431
641 131
622 505
673 244
935 644
669 285
685 85
1153 682
618 259
620 371
614 598
867 598
635 206
210 215
611 406
664 690
705 391
650 670
617 307
1135 539
646 300
643 359
992 676
679 82
677 410
616 198
228 83
632 318
680 492
1154 610
588 148
648 382
656 337
968 688
614 408
674 389
662 246
700 280
671 115
701 71
707 336
678 508
673 553
691 159
599 108
641 382
687 715
1092 530
659 61
681 392
184 201
949 684
635 36
685 667
662 332
645 522
691 142
675 156
686 498
664 288
634 229
669 425
690 683
690 175
373 79
632 475
662 483
594 186
694 412
337 21
593 100
658 409
728 19
782 238
678 460
579 95
665 315
648 282
689 462
705 290
1080 699
790 535
628 499
677 372
700 212
198 58
871 469
445 661
245 281
493 158
690 192
686 561
701 412
697 475
425 116
577 18
610 157
691 398
643 10
639 275
590 125
918 528
635 150
229 91
179 42
629 404
678 648
665 630
225 46
1078 270
663 477
657 635
971 381
704 240
848 358
635 209
615 471
709 32
210 132
674 491
655 59
683 36
667 130
875 603
685 582
878 239
700 431
647 66
634 212
664 402
677 366
701 360
697 700
609 285
841 364
589 105
597 29
962 448
638 353
950 719
221 66
902 459
1064 349
923 382
671 256
664 563
681 654
272 243
667 451
669 530
603 21
617 298
636 390
685 225
926 387
699 69
602 80
1089 670
851 256
932 320
606 242
700 446
970 630
680 482
900 530
660 28
700 28
1149 582
1200 445
905 262
245 474
664 266
643 332
617 173
672 129
690 525
627 278
659 422
651 240
676 240
965 80
241 207
1174 345
633 336
856 593
726 259
948 410
705 350
1212 522
630 166
669 699
625 154
605 172
609 11
624 53
221 255
692 419
794 540
642 15
651 405
938 548
1171 529
607 137
656 137
243 60
685 49
615 332
1184 648
695 209
692 21
683 208
483 167
697 292
589 116
614 427
662 427
934 529
242 293
700 196
713 302
622 579
685 298
200 69
196 107
937 465
624 458
674 619
662 500
187 58
932 438
666 372
608 452
252 155
668 205
628 522
1087 473
905 510
693 327
585 64
648 195
428 176
1115 688
614 66
666 96
872 421
727 239
649 561
673 45
653 423
703 171
470 302
699 214
382 82
1171 578
242 200
1202 400
665 159
685 478
248 260
674 467
640 16
635 431
617 462
692 685
576 74
668 716
363 1
253 275
912 716
239 292
924 406
714 50
665 536
676 28
1184 534
659 457
726 135
626 8
238 219
1176 505
939 330
1044 657
1025 468
836 668
641 203
605 161
687 576
174 596
631 451
623 485
936 443
637 291
1063 710
666 528
200 117
655 175
682 142
600 255
601 480
711 356
664 530
646 290
892 718
630 42
706 140
689 216
1096 609
592 28
655 294
687 489
395 467
614 179
933 504
654 396
666 328
596 13
657 248
665 640
609 177
128 335
601 0
349 365
871 404
701 389
890 673
942 21
859 590
670 388
923 388
849 275
652 616
658 106
689 256
700 513
610 160
616 172
228 192
929 653
713 167
240 249
653 541
634 318
272 511
961 494
659 403
228 222
662 266
945 78
819 680
699 70
900 613
935 707
686 319
221 101
698 131
931 563
911 464
621 456
935 491
900 558
900 490
203 157
846 596
590 12
236 200
899 549
364 250
227 80
642 21
702 21
680 605
980 707
1052 216
695 321
656 651
649 673
1090 181
715 184
942 519
685 189
660 382
660 55
688 635
704 312
664 85
687 630
727 101
670 482
534 425
677 486
628 2
693 362
683 339
678 176
533 288
588 444
663 503
670 369
644 334
1126 655
595 447
927 510
671 333
724 36
677 461
646 545
644 371
690 703
697 150
650 236
768 405
699 103
1154 543
1036 532
241 267
685 662
705 45
685 341
884 307
1039 486
649 77
701 354
669 449
688 448
682 699
575 33
730 12
649 61
1143 587
648 480
681 280
911 399
979 691
882 551
705 82
648 311
670 530
608 473
936 384
972 585
956 660
684 478
676 713
235 191
692 256
932 387
911 547
704 318
643 144
688 108
689 89
804 366
675 505
621 85
190 99
700 51
1188 198
692 536
1115 488
940 231
210 295
916 11
683 497
1088 662
652 159
695 447
688 443
692 420
667 143
663 41
252 156
656 302
672 604
695 269
624 393
1068 393
636 88
878 278
646 392
1034 618
666 12
250 208
1073 581
486 341
911 441
919 312
1123 524
683 5
973 503
664 118
389 638
663 315
662 635
1064 386
672 449
955 456
680 66
947 627
649 227
593 191
654 670
843 459
246 226
848 253
920 395
692 236
242 61
228 159
1148 495
689 258
211 50
655 658
703 237
608 54
696 574
253 155
959 506
725 131
109 378
640 256
709 240
613 176
662 222
691 212
660 250
656 143
419 304
924 562
428 191
664 580
898 330
940 429
967 348
1030 578
187 56
279 523
875 344
588 2
592 183
629 19
418 49
695 345
653 402
627 591
662 467
404 180
615 244
644 476
662 80
641 594
919 540
356 364
1087 568
481 686
697 333
674 266
928 477
966 386
652 591
705 10
889 554
648 375
236 55
642 318
647 340
1084 400
1193 615
653 31
928 476
200 253
894 449
948 380
667 7
672 95
641 678
887 641
945 459
663 114
705 228
963 663
907 594
378 35
158 545
596 206
462 47
958 711
644 508
955 370
371 615
863 326
899 348
964 698
930 466
930 662
677 77
1195 514
661 74
1103 35
931 510
962 663
406 49
875 600
816 349
618 30
654 12
470 147
612 258
230 281
654 335
924 361
1207 452
422 82
371 574
657 642
872 24
607 25
630 20
654 289
657 7
342 290
264 649
763 380
634 90
648 170
694 165
915 702
241 568
669 468
150 469
613 499
151 325
952 414
443 479
293 563
949 481
639 245
906 389
471 252
948 464
891 522
87 386
687 428
954 428
1019 357
314 92
681 610
640 467
679 467
918 467
953 46
1073 624
438 114
1098 448
190 103
847 658
618 263
588 1
490 321
135 286
667 444
1064 574
830 487
965 647
960 675
427 37
224 87
693 561
903 281
692 30
371 375
707 204
817 401
869 318
657 247
692 78
944 368
476 260
696 180
971 660
916 277
225 192
672 362
609 365
213 202
1147 375
787 489
203 92
847 511
935 391
936 404
922 716
893 409
339 62
668 164
397 461
206 122
277 234
692 374
958 52
171 573
472 311
230 298
520 238
881 639
1051 565
737 46
341 15
675 387
868 387
667 610
608 184
394 246
915 518
859 524
1191 524
168 378
608 43
819 646
144 241
1122 637
947 422
921 581
684 46
640 544
1095 523
612 22
687 472
645 263
701 276
424 589
936 518
602 516
87 387
501 132
947 458
884 672
488 263
927 682
575 25
674 112
898 541
308 628
866 252
929 438
707 280
672 583
684 177
931 144
960 503
460 144
399 59
676 523
130 463
969 365
812 608
412 614
483 82
691 381
930 386
936 614
142 325
921 297
645 205
169 651
644 412
959 412
977 669
851 304
861 594
615 127
857 389
861 705
670 155
424 62
455 48
463 13
930 523
817 655
862 378
422 53
467 455
132 457
648 57
668 619
957 407
396 206
920 485
431 642
416 25
961 480
963 437
924 528
681 138
962 542
944 662
657 263
635 71
909 462
867 259
699 168
921 519
95 253
691 253
964 463
477 280
914 536
1043 539
386 47
958 340
935 524
347 81
684 284
576 35
231 563
380 262
471 213
714 101
896 420
668 410
934 477
375 656
1181 667
926 646
819 602
932 233
972 338
851 368
657 142
913 483
618 10
938 319
912 497
1037 446
905 399
394 543
936 630
858 697
831 657
907 250
859 392
810 624
803 235
925 424
849 577
869 461
833 395
826 708
956 336
429 206
815 584
988 571
833 250
480 131
918 472
664 562
834 667
956 353
453 178
943 375
583 26
418 168
891 439
926 566
833 626
922 84
679 664
629 186
834 347
1159 199
681 437
952 341
680 264
473 188
659 553
1159 553
946 483
849 659
1072 572
845 705
902 363
364 169
895 590
137 633
892 678
984 677
707 7
651 219
885 398
867 424
858 482
261 554
717 15
671 159
597 84
867 113
946 480
962 664
503 606
345 35
226 51
930 430
961 412
974 646
926 371
787 321
449 132
886 498
921 452
867 675
473 206
851 597
791 525
1109 408
847 506
959 328
930 280
664 78
925 696
277 682
951 373
867 397
189 65
894 272
760 283
350 336
398 66
625 367
288 553
899 475
653 11
962 369
969 710
862 518
867 395
849 503
946 515
863 530
901 480
408 25
831 335
864 533
878 406
460 44
439 107
832 407
214 548
818 699
905 636
716 453
942 284
612 399
956 314
917 587
858 532
855 542
406 28
912 648
429 63
800 211
246 245
642 245
978 669
845 494
896 312
916 312
949 66
956 498
834 549
462 502
474 113
939 538
673 509
957 509
947 714
422 285
133 393
959 350
133 428
956 403
887 279
915 446
660 142
943 528
966 348
905 480
570 25
372 394
245 719
922 303
447 500
949 542
349 379
312 707
375 377
975 380
77 443
510 171
919 282
838 255
697 433
84 201
405 454
863 647
217 261
646 303
257 249
382 90
695 414
438 233
955 648
900 681
877 564
955 295
918 558
990 718
949 247
941 562
960 361
465 58
956 447
403 482
924 536
1185 521
198 505
682 620
936 329
164 508
952 67
931 534
941 341
133 484
646 494
679 86
700 168
648 217
964 400
606 350
648 4
1089 657
517 197
374 198
917 131
669 450
966 634
312 78
467 244
611 177
646 540
938 495
833 501
666 240
954 298
937 344
783 668
900 567
807 601
445 42
950 558
907 192
389 26
884 308
1084 11
916 587
395 322
964 446
710 246
611 447
919 367
968 705
387 143
257 675
878 382
948 10
892 544
355 425
913 149
668 447
657 561
436 374
680 303
690 199
371 61
895 252
717 41
931 647
913 401
912 523
958 371
858 313
826 423
284 0
399 211
647 97
836 675
658 643
439 189
835 337
945 412
977 556
957 699
659 208
439 294
648 409
847 409
909 658
685 393
436 357
414 103
941 111
685 434
208 285
905 579
926 696
1034 569
923 649
708 164
584 77
605 33
949 321
609 87
614 373
930 501
951 463
843 648
1088 684
481 226
940 718
700 703
958 427
267 559
829 255
433 197
958 329
124 209
921 641
661 234
960 687
696 505
727 18
892 331
451 389
670 409
915 384
672 491
947 461
301 689
920 448
901 424
277 582
1117 608
672 62
406 151
944 704
958 45
649 134
1097 644
943 684
263 564
650 25
879 240
265 499
652 279
692 430
110 259
941 576
680 704
836 688
849 380
877 324
1095 4
119 213
895 565
1050 667
945 550
856 385
969 281
764 506
625 519
932 354
431 82
461 116
859 635
249 301
712 225
861 558
688 488
416 278
872 365
926 21
1102 419
859 485
260 556
948 532
636 293
247 183
863 183
544 409
918 493
943 489
321 585
901 502
936 626
220 616
967 621
971 504
939 294
642 581
90 237
831 516
935 435
677 289
955 368
919 431
698 532
152 490
634 93
682 184
367 689
913 543
215 171
955 652
485 145
242 593
910 485
366 113
171 710
908 677
672 312
940 577
830 516
688 137
695 571
133 620
443 101
942 365
380 281
910 476
659 345
960 633
406 463
548 544
427 373
106 325
967 349
1032 628
793 534
620 103
902 494
637 6
359 164
623 277
963 387
646 634
476 87
389 165
902 597
948 489
1129 477
671 359
671 79
462 252
461 22
547 539
871 558
416 202
445 164
680 599
985 716
919 430
404 318
917 62
963 581
328 152
969 601
442 108
334 131
426 574
926 260
258 664
663 601
910 536
402 57
911 683
975 9
522 522
672 422
913 231
642 72
696 462
968 672
830 69
249 107
471 327
927 400
158 492
927 476
876 476
857 634
451 541
690 626
858 550
187 132
954 641
611 370
468 223
903 541
880 414
681 75
627 59
647 198
848 561
940 544
842 704
953 538
896 555
973 601
869 693
964 277
602 259
913 631
873 234
881 357
964 372
861 547
691 64
848 585
653 93
716 282
636 123
639 403
892 325
872 333
883 326
969 467
911 446
958 455
574 48
912 480
433 282
962 326
981 666
652 308
1043 498
415 451
645 489
919 478
938 624
885 356
399 52
914 506
834 235
949 342
950 449
857 624
907 361
984 429
933 251
930 542
220 543
933 545
880 552
1113 610
708 709
971 649
834 581
448 162
820 437
974 488
1047 645
62 138
947 637
331 162
930 423
896 292
941 292
442 278
400 429
914 551
900 604
914 524
881 606
89 250
383 414
612 328
465 203
466 161
800 629
410 14
642 432
448 127
609 559
662 503
943 535
143 483
895 292
413 39
330 502
950 674
906 449
919 485
952 308
347 288
450 226
396 33
959 594
685 255
892 240
934 606
962 464
1136 498
67 303
942 343
980 384
851 486
451 134
955 631
1130 488
929 713
668 549
959 637
935 556
647 176
267 665
918 464
951 511
795 375
848 679
901 482
451 367
488 463
929 450
866 437
877 605
692 672
874 480
507 105
674 434
943 611
865 314
615 114
394 40
869 368
952 431
923 432
920 428
871 432
404 4
868 4
503 584
435 3
475 569
660 236
915 558
987 689
333 204
842 634
665 177
143 347
876 555
631 135
967 282
830 267
842 258
921 381
902 613
385 28
337 22
436 6
951 400
868 385
113 484
937 490
874 562
971 674
430 72
869 380
942 406
138 391
816 601
886 635
1183 519
482 150
922 364
802 291
892 393
964 566
873 323
683 508
962 433
874 535
871 510
897 517
367 204
865 628
359 544
881 432
962 409
885 324
853 277
942 16
910 0
855 696
284 649
872 711
811 596
282 606
444 13
424 116
414 92
422 400
832 400
833 380
634 291
863 630
958 709
913 708
906 686
950 702
914 688
372 113
851 91
901 79
393 71
621 67
942 25
477 24
365 30
868 220
809 224
471 138
488 162
881 403
935 422
892 416
941 442
865 437
931 335
946 337
859 346
402 359
455 278
897 294
899 514
891 523
870 528
946 535
327 601
902 622
877 640
291 659
977 676
998 692
607 23
369 19
361 169
495 144
896 214
496 251
465 226
709 322
902 322
933 333
965 348
670 363
990 362
832 304
869 304
518 301
768 298
923 293
934 454
129 456
333 461
99 471
962 472
163 494
257 493
632 395
883 397
954 423
693 426
897 433
855 547
920 554
895 560
934 567
940 541
816 529
272 515
465 518
863 524
853 527
811 636
983 611
908 609
275 595
922 711
899 653
469 671
668 669
819 683
1000 680
372 692
423 190
438 187
526 165
362 147
485 154
479 134
904 217
390 251
906 7
136 18
408 61
956 62
401 33
949 73
660 75
485 76
388 102
410 319
659 308
848 308
911 305
874 293
459 259
777 258
684 271
774 270
670 382
939 383
413 357
892 352
871 367
914 350
922 345
836 469
389 475
450 455
119 496
946 509
924 492
909 491
622 486
872 444
942 418
375 411
869 402
892 388
828 385
368 397
903 553
996 561
952 571
278 527
908 527
679 532
913 535
316 603
377 631
934 624
957 632
680 620
932 678
917 675
969 675
819 699
201 691
933 667
900 719
938 707
300 161
442 153
348 144
887 236
366 237
78 252
120 254
439 208
536 221
380 64
950 73
876 86
340 98
476 124
920 24
912 43
692 59
456 49
952 373
890 380
905 357
933 294
840 305
862 426
377 417
947 420
824 398
272 485
690 504
650 461
649 549
267 555
260 557
970 538
115 529
835 514
877 699
872 678
863 664
682 23
453 19
358 3
729 12
422 50
426 41
453 127
438 74
924 21
927 520
923 679
654 369
905 569
927 441
910 566
688 329
861 204
856 317
974 553
663 357
667 661
433 27
447 512
676 512
705 224
695 640
119 566
945 689
170 395
862 233
978 607
590 54
918 428
397 535
640 253
435 208
961 384
487 164
825 530
982 676
932 679
941 436
115 299
693 468
247 167
906 718
818 507
432 89
841 168
865 199
949 337
643 157
936 231
918 415
925 585
157 369
835 625
647 239
424 205
658 268
369 362
951 520
936 454
653 121
802 589
696 225
893 623
985 597
304 563
293 477
278 574
803 576
672 401
177 511
684 359
854 505
907 487
10 450
942 527
457 363
65 315
603 29
408 1
231 85
965 690
930 504
653 557
704 339
666 352
882 414
396 45
933 468
923 313
400 38
446 189
634 520
654 642
873 216
1178 582
192 383
699 445
967 495
796 207
424 239
619 109
696 624
914 604
696 375
677 492
962 583
926 225
176 527
170 501
637 487
905 350
218 1
459 244
394 409
959 292
430 43
685 641
452 209
957 681
409 53
921 373
727 31
653 396
175 516
956 514
505 235
952 549
890 427
950 466
615 139
401 233
898 621
913 718
1240 477
984 549
430 340
852 248
456 107
850 318
773 241
846 517
960 577
873 358
388 196
1107 619
852 492
462 352
793 200
914 304
841 688
938 392
914 363
705 247
461 208
398 235
419 27
902 568
930 336
670 375
931 597
915 532
903 343
899 359
942 495
1132 712
323 111
707 154
452 136
649 185
659 606
938 547
963 373
181 568
190 505
1116 505
952 332
436 215
628 379
955 565
910 64
612 237
946 526
650 616
435 144
866 235
915 475
928 595
873 389
888 486
864 512
373 277
937 233
881 478
878 524
922 430
885 541
795 269
916 341
448 238
929 378
869 174
889 373
848 430
648 8
879 613
879 220
593 51
322 349
885 288
900 665
374 518
377 36
872 29
957 485
462 99
899 357
138 456
894 676
474 645
880 372
641 417
190 528
372 64
956 421
677 444
844 473
641 359
951 419
402 665
678 712
812 391
497 240
633 213
877 711
677 92
485 233
657 694
669 416
879 431
953 660
458 192
882 481
864 565
672 357
486 32
809 216
844 361
242 229
352 13
389 9
385 148
316 581
438 55
937 450
727 74
918 672
902 31
650 198
940 591
413 11
652 139
875 619
878 425
247 211
442 227
498 254
933 601
411 41
642 345
902 552
615 479
953 264
383 661
893 429
894 509
360 223
371 240
959 301
312 434
956 671
654 227
878 401
901 358
106 315
229 108
953 697
858 644
719 11
433 9
941 486
266 486
98 335
277 499
973 43
541 60
881 577
910 627
673 460
854 693
282 669
454 352
951 35
905 386
380 46
888 493
895 401
190 52
918 419
960 649
965 439
893 536
935 326
800 534
921 534
991 711
636 564
458 29
218 618
378 16
891 632
669 477
947 497
433 563
951 536
708 310
911 495
848 569
949 713
808 485
879 422
379 515
912 279
923 393
946 444
419 300
440 354
892 551
647 242
976 341
638 253
435 18
85 329
839 628
142 363
717 13
832 383
900 585
955 487
972 503
382 512
533 220
657 406
630 605
905 641
814 513
657 113
924 637
672 415
935 496
887 539
470 122
695 353
1087 715
701 61
512 311
828 613
626 497
491 156
500 265
406 433
414 30
811 561
247 231
823 439
393 599
345 244
305 297
1079 565
443 481
647 710
471 69
1088 255
1081 711
678 524
327 387
628 396
402 479
619 269
789 439
885 347
720 278
917 368
886 642
716 372
660 358
155 339
829 297
290 131
619 40
618 148
500 216
1113 458
396 34
607 298
719 32
389 97
236 247
890 444
948 385
929 543
425 88
912 373
925 377
667 509
1080 390
1113 147
689 340
649 614
699 488
699 382
643 86
619 47
671 672
659 576
342 186
621 332
879 373
751 105
704 526
681 611
675 676
694 676
694 443
239 505
670 279
685 208
676 551
946 585
684 490
683 682
1142 391
622 114
682 145
679 679
668 648
671 533
677 337
669 482
697 242
618 480
580 37
656 657
683 253
676 152
670 391
661 173
684 187
1087 625
845 637
705 512
654 450
234 171
667 176
646 62
841 224
687 283
632 13
243 590
432 239
702 466
435 217
949 468
941 559
224 136
946 574
226 157
812 357
656 292
664 190
605 141
823 580
651 173
648 254
925 427
863 368
481 482
954 529
626 205
954 403
658 599
145 374
594 23
872 595
666 684
454 284
635 25
676 305
984 675
964 124
868 405
961 676
941 539
663 524
954 600
461 11
668 75
661 515
910 383
407 396
850 604
967 695
963 341
898 358
975 313
907 519
816 389
945 370
214 42
366 229
677 628
960 447
237 497
710 280
942 561
269 537
647 491
401 96
904 456
701 704
844 619
904 552
515 684
838 586
818 496
939 696
344 36
849 488
949 589
914 527
1128 566
947 481
939 521
607 359
820 591
518 330
679 574
937 413
660 244
365 514
485 181
446 177
250 187
497 136
232 60
278 237
403 30
973 510
903 654
275 625
683 517
375 371
933 549
312 519
844 528
884 573
911 330
801 260
692 6
968 430
851 665
957 558
211 111
204 72
895 524
964 711
259 427
811 427
485 344
936 550
660 367
944 585
940 86
144 360
1119 411
697 39
617 93
675 236
101 343
911 468
666 536
936 500
983 678
264 101
912 625
445 67
688 717
985 717
656 492
203 72
427 120
628 179
635 81
388 81
714 226
863 310
673 392
974 477
674 515
929 520
924 355
713 109
