545 655
1091 691
923 207
687 428
530 491
578 580
1006 16
910 505
798 361
926 299
992 141
562 499
477 115
797 165
1047 665
299 5
460 424
287 309
477 489
351 103
1077 703
969 65
423 152
395 208
693 315
585 426
470 105
552 403
512 240
540 62
721 611
534 38
907 7
224 477
750 486
593 231
1048 694
520 415
781 540
874 63
1139 500
484 405
495 17
375 105
365 411
599 254
535 525
552 66
848 154
966 236
522 181
548 237
511 129
1021 694
1159 387
218 2
1042 532
1126 457
666 4
644 342
1071 518
755 429
434 96
645 663
525 424
453 456
748 350
677 31
547 549
1146 92
296 686
525 176
337 170
1101 577
484 367
816 400
538 19
567 228
484 61
991 704
466 115
902 107
456 497
1001 674
522 51
503 212
446 420
1128 438
448 197
499 89
474 427
1135 524
1161 368
976 37
775 123
510 254
197 284
641 129
631 236
374 59
908 106
315 22
950 211
754 317
239 483
527 568
530 507
1005 173
1017 246
1036 101
1037 84
130 46
633 285
598 399
550 522
931 205
483 413
826 153
525 112
585 37
541 254
734 424
920 140
212 632
656 11
339 271
387 75
1011 129
631 88
791 88
1015 19
753 368
387 193
476 277
1027 102
355 277
800 516
698 5
913 16
470 417
923 198
656 66
408 239
720 322
1185 119
1100 543
1002 299
530 255
940 7
526 17
568 39
554 61
417 198
1136 561
1043 48
891 82
430 49
1057 709
1083 445
344 100
893 653
935 29
496 376
954 200
831 86
1045 642
952 283
624 450
552 71
609 370
941 97
622 202
461 144
806 617
644 152
633 372
1062 322
585 638
536 43
1135 558
420 315
354 397
925 133
764 354
812 152
452 388
990 57
177 549
463 228
1044 642
906 240
1143 591
1053 95
992 252
898 619
1214 337
1170 340
1219 442
559 635
602 406
518 36
521 455
906 645
1012 670
1059 673
505 227
1143 584
1052 681
720 291
559 229
774 129
317 419
466 157
836 671
839 146
402 109
349 138
1001 0
470 52
789 383
633 231
549 159
599 333
828 508
821 18
1034 501
648 159
572 644
498 486
1220 370
846 642
950 183
1226 290
863 77
431 162
1127 433
449 158
510 230
967 262
1147 57
655 304
358 68
574 113
566 367
520 62
485 579
1039 717
585 82
1044 662
390 125
486 184
638 231
464 194
289 85
989 110
434 85
484 194
567 649
604 57
1177 262
1044 699
386 94
1106 576
1029 715
555 79
658 256
990 8
902 153
491 535
591 559
532 81
765 401
379 478
905 242
402 392
543 150
467 133
714 589
984 271
393 206
464 13
697 665
573 179
1023 626
694 312
452 630
452 187
1110 607
325 247
519 266
1074 416
634 635
661 104
804 610
554 116
550 139
510 131
580 600
621 423
1077 494
1023 617
706 408
482 338
665 51
1100 493
392 153
1088 451
632 4
1130 571
642 271
465 92
337 28
490 230
871 47
563 239
883 282
1146 563
377 45
495 392
696 17
788 373
371 183
610 128
466 513
1171 356
440 364
555 29
1149 377
724 395
446 217
627 607
1080 526
911 343
591 505
1170 434
680 212
564 58
249 33
529 26
1067 697
505 547
503 313
302 289
498 280
1090 509
833 499
1204 483
382 4
639 25
439 18
581 79
605 77
590 145
929 673
1081 685
586 532
724 330
452 343
570 286
1090 418
486 424
828 427
1202 427
1053 497
478 465
443 107
532 15
444 56
570 60
441 61
976 53
816 43
617 176
358 188
553 165
707 219
662 211
411 193
591 229
1029 705
1111 600
492 581
588 589
839 589
535 609
953 639
1111 547
771 305
686 299
667 279
494 328
996 328
409 332
1192 382
497 438
506 401
1110 471
615 83
362 120
1010 10
591 144
510 174
726 244
491 230
553 238
1039 640
998 654
270 285
1124 313
449 356
835 482
1078 392
1148 40
478 164
1189 526
598 619
919 689
1083 684
361 30
1090 23
912 6
299 98
553 437
724 337
460 332
1143 369
1223 289
525 290
891 703
1034 659
1055 708
865 612
1142 555
846 534
509 122
474 138
686 414
780 422
709 284
579 546
475 648
428 132
934 181
1006 8
855 57
453 228
502 157
721 528
1046 663
89 520
523 176
1065 364
845 55
612 659
519 7
563 243
446 408
1023 691
518 228
480 193
1084 339
532 75
590 581
1156 448
305 202
577 532
440 456
463 153
488 265
433 261
893 694
623 86
898 95
1127 401
642 680
456 564
494 49
499 50
448 178
184 532
436 272
465 501
1222 294
228 58
805 512
469 450
384 356
807 376
383 199
736 403
895 452
503 59
924 234
811 131
702 357
607 309
498 141
604 541
533 5
682 421
310 671
310 110
395 27
667 81
582 258
558 495
572 119
481 336
548 532
491 681
483 80
878 140
590 259
971 50
475 79
282 69
306 123
987 187
457 564
667 405
486 22
991 117
413 424
820 641
495 66
629 201
720 214
408 125
820 532
1154 360
574 678
432 412
379 99
610 115
491 398
534 474
680 115
520 418
559 82
651 351
815 543
998 127
866 525
690 93
628 170
532 69
1012 284
1046 636
1033 701
564 48
1028 7
664 400
818 40
505 109
996 57
518 451
681 297
183 517
818 636
839 136
971 250
269 147
422 262
551 17
878 102
555 613
488 423
462 412
1015 37
809 137
827 499
606 690
294 33
932 148
643 204
382 385
855 157
612 0
282 73
259 175
639 247
476 188
1073 387
989 286
445 249
512 489
1142 403
992 155
435 342
1197 513
1002 694
1153 459
938 85
436 22
521 629
476 245
883 601
1114 475
809 649
996 622
548 718
438 163
568 5
556 8
561 210
524 147
634 700
602 213
594 212
905 438
862 291
637 252
1014 195
619 247
759 386
289 45
745 539
542 11
711 161
798 105
1223 304
961 114
405 31
512 530
647 694
965 232
715 283
371 315
518 178
640 322
540 228
998 269
426 266
1157 315
1030 706
559 126
544 145
887 570
800 406
815 77
548 514
1002 647
727 323
858 613
562 209
1019 599
536 289
769 386
607 716
941 118
560 628
879 16
527 523
636 133
313 146
455 234
525 99
1023 84
269 156
394 415
1152 485
463 594
403 526
588 256
533 638
757 525
466 64
1149 452
879 705
1057 634
734 428
483 182
665 409
502 596
833 3
1185 534
1192 436
444 183
1044 694
1039 32
1170 489
563 651
457 134
236 662
600 110
1050 435
921 310
308 262
341 151
293 358
378 521
674 597
1014 261
1146 402
1001 58
478 187
218 624
1060 667
507 706
1159 95
543 48
383 205
1001 617
768 307
547 374
1072 505
683 175
436 95
327 56
580 590
1131 477
1000 41
495 264
372 231
919 99
491 258
699 377
447 298
848 66
1111 470
389 72
534 7
775 380
539 211
933 220
320 60
306 34
541 436
440 368
484 195
1057 643
658 392
1107 310
1059 518
406 523
1029 654
393 457
757 380
585 336
518 395
786 468
413 309
603 406
939 703
468 605
576 5
1126 588
634 100
669 52
1169 357
264 69
1090 496
462 528
1175 537
631 652
1117 371
462 42
480 145
308 145
607 597
428 403
1010 641
511 232
534 624
1053 516
1110 408
403 376
899 188
729 388
429 317
577 28
894 33
1019 214
1042 717
612 628
598 296
584 110
1008 645
615 702
616 220
397 188
487 223
413 269
1167 530
885 519
504 162
531 555
479 531
749 557
283 82
705 263
733 221
663 645
476 22
573 111
520 556
1091 351
1091 706
536 626
1066 454
650 594
492 299
927 300
664 234
1174 193
863 535
1113 451
528 525
391 31
405 173
1007 632
749 300
417 35
835 375
504 185
620 218
424 323
417 267
308 172
370 39
1042 680
1124 551
584 659
1110 571
521 427
435 541
1042 625
538 165
617 697
1133 442
739 337
690 217
1029 596
798 636
639 411
432 43
912 192
987 288
416 426
1089 468
1075 477
543 56
289 120
732 374
546 136
565 702
664 413
805 506
625 197
959 160
938 264
920 233
385 51
915 680
556 42
965 31
482 561
622 224
1110 562
1160 579
508 491
1237 377
1009 664
543 180
618 94
514 471
490 500
567 697
1020 178
1142 475
297 690
1078 703
1218 244
460 417
567 231
740 518
827 692
374 128
503 554
366 446
804 621
398 486
1172 365
1126 488
841 67
993 173
1026 114
328 144
729 538
434 549
491 171
429 340
624 282
747 525
1201 426
328 117
607 311
341 168
1093 415
506 535
541 30
875 330
544 42
1109 537
242 172
397 368
595 25
481 191
555 123
1195 393
1086 377
1001 645
853 18
1010 683
962 638
441 258
906 48
439 447
860 677
206 503
503 505
432 529
785 394
583 512
524 38
468 83
946 293
568 458
573 115
1003 101
995 157
1041 627
1142 512
467 493
856 39
908 243
1025 170
833 167
834 589
966 98
990 658
890 42
484 73
239 257
546 116
1009 705
1046 649
157 525
507 195
816 540
911 280
866 112
225 55
1025 642
500 72
354 158
1032 59
271 52
434 32
622 354
1035 245
1045 245
964 204
422 529
326 168
530 20
1120 490
884 684
769 307
775 124
851 541
863 93
739 553
431 65
402 251
923 69
1214 305
1055 85
552 136
367 447
836 395
533 195
877 142
486 394
935 24
988 15
905 152
491 485
884 139
811 489
528 179
904 85
473 193
1123 487
429 31
1138 560
1028 184
261 685
866 75
1049 483
232 3
736 505
586 252
925 110
898 179
571 537
420 118
1024 211
884 106
901 245
404 307
662 410
363 12
939 67
563 152
495 129
722 238
553 256
315 63
1233 363
962 95
1057 700
464 508
454 86
607 489
432 223
939 694
871 1
533 237
777 369
448 18
500 566
493 395
874 187
443 28
1114 301
1095 449
806 692
1005 80
508 274
438 73
475 27
502 49
775 454
754 503
460 284
1002 684
1223 403
951 645
1177 249
666 28
1033 665
1037 676
526 339
829 27
801 372
286 402
789 693
591 309
955 39
782 531
1049 713
981 212
940 340
419 123
1091 566
856 650
403 114
514 54
367 272
814 106
495 163
1030 120
606 74
1163 420
266 82
496 217
1161 392
530 275
519 262
607 191
875 709
479 132
1076 488
1009 103
1004 84
932 25
242 493
819 141
1006 346
862 60
454 307
1019 184
1115 520
871 125
1041 682
359 177
978 308
975 147
545 510
660 322
187 525
639 24
992 163
956 260
473 447
954 88
657 363
938 67
598 329
941 196
925 245
800 129
832 104
987 192
935 268
1116 591
939 127
868 36
1007 55
1039 476
494 173
949 267
986 256
1027 13
921 142
602 672
221 634
703 344
1017 276
817 81
1016 249
1214 364
525 56
1047 71
999 64
928 242
154 650
885 62
555 209
1020 174
498 206
919 243
1033 18
991 113
1025 183
685 338
1023 189
976 63
949 59
905 7
470 34
1019 158
431 547
1003 247
870 56
1065 157
386 30
1214 311
1014 243
551 207
185 447
695 221
863 19
988 58
1061 183
326 146
753 122
1028 76
1150 477
613 704
397 476
946 269
986 35
758 407
937 284
1225 240
999 273
208 19
923 12
1009 170
955 93
404 81
966 7
1221 435
1025 151
999 251
1228 251
996 270
835 193
953 76
546 144
373 144
855 680
152 549
1010 29
848 16
961 200
254 161
1053 88
833 131
198 530
1127 480
1034 172
899 296
1217 472
605 34
798 199
824 48
909 22
870 126
1223 307
611 308
867 60
963 64
915 93
883 91
237 509
251 21
438 112
930 97
1028 182
241 424
1155 542
236 47
1009 673
948 123
777 121
942 196
877 59
786 52
908 42
537 195
973 17
894 273
366 32
753 291
660 28
884 259
992 34
980 179
983 114
411 20
1026 44
1039 659
903 138
219 504
410 374
1045 704
952 117
1218 401
440 191
951 134
887 135
883 229
897 302
711 368
881 89
62 334
893 230
1093 472
765 392
946 54
888 169
1003 168
193 660
422 48
557 256
1107 545
765 649
1128 325
407 249
997 677
910 209
1148 513
523 495
596 551
413 400
891 0
935 74
665 210
376 22
159 536
454 169
1222 225
875 248
947 689
960 0
1099 564
883 519
817 120
1036 673
1225 374
473 231
1215 284
950 42
892 186
1186 293
894 37
294 583
454 44
874 566
423 284
966 212
466 402
905 603
688 51
634 268
501 106
446 556
885 201
925 12
835 505
825 148
267 13
421 421
471 31
327 192
489 406
1116 467
523 211
928 147
1004 250
523 254
574 255
800 125
624 15
241 668
625 97
261 65
562 87
434 475
995 28
534 538
348 208
399 147
391 231
888 697
552 401
925 718
1004 280
325 234
813 110
611 543
864 45
867 20
1011 329
208 480
1001 303
1179 507
457 38
658 213
451 128
624 65
636 92
1026 92
547 698
838 115
911 115
675 153
915 221
523 26
575 689
1038 112
602 708
892 168
669 701
811 406
1066 358
857 80
620 699
590 315
513 3
396 343
423 568
555 183
902 40
429 43
991 90
894 506
603 641
545 692
1154 547
370 556
928 48
1009 683
485 350
528 278
909 298
536 241
434 73
1007 692
793 649
630 299
655 237
1168 122
362 161
749 357
442 6
1080 557
753 549
615 712
1221 387
923 641
802 96
1199 447
316 118
990 167
807 561
670 523
474 330
936 252
480 555
572 219
540 296
368 237
849 195
569 92
276 2
623 85
656 265
868 235
843 57
422 60
912 94
1013 316
463 354
824 369
503 417
816 437
591 585
501 116
812 116
886 116
379 280
590 580
486 132
571 145
592 63
711 376
383 135
551 241
875 50
1123 598
591 237
556 595
407 209
434 414
573 342
872 215
1094 550
384 71
478 44
416 41
534 39
524 487
486 170
993 147
618 229
468 37
918 598
901 632
914 564
698 330
369 375
753 364
375 291
360 266
521 224
489 10
898 548
514 641
411 384
640 193
490 149
1004 717
851 718
488 552
354 461
653 276
417 20
295 48
316 172
499 160
909 718
430 441
1155 350
665 22
465 237
346 169
918 287
531 258
682 447
523 266
626 326
1037 642
829 654
810 538
558 195
445 114
658 289
452 236
1172 379
463 103
941 103
1025 205
490 245
538 261
598 36
563 12
448 547
507 599
382 77
945 651
924 68
641 404
775 302
1107 560
554 529
404 156
1116 487
953 17
719 470
548 68
506 126
516 173
418 198
543 679
584 264
801 91
1033 679
709 73
477 246
840 484
530 433
588 259
526 277
424 545
616 559
552 634
390 191
532 449
1001 688
647 326
265 88
568 57
412 167
503 210
731 398
457 391
464 16
664 218
1224 234
445 689
256 402
646 165
968 247
940 284
494 242
852 137
385 201
638 67
725 401
900 206
210 65
495 419
431 273
731 603
362 72
994 647
408 152
813 107
207 191
1001 304
478 397
406 192
1169 539
198 665
646 712
842 654
707 390
900 574
474 108
1135 574
546 54
436 75
1052 514
693 309
436 263
555 407
394 300
477 443
795 363
629 42
563 73
1087 458
1047 697
543 417
687 298
958 709
1080 520
1017 169
375 61
825 657
559 146
484 395
927 278
188 504
892 40
1022 202
1011 702
272 708
434 437
586 366
510 43
440 266
466 431
599 690
1035 64
1003 642
994 213
864 15
472 631
668 126
913 150
890 276
476 205
586 185
929 654
800 7
583 139
547 31
243 175
1003 28
926 77
1013 670
588 148
653 32
482 379
1124 481
386 105
307 118
559 34
443 370
882 138
654 247
590 534
997 197
594 637
945 208
445 532
874 697
904 238
642 420
1006 2
315 123
840 163
870 27
332 69
992 50
887 18
830 3
412 348
606 513
559 155
703 411
792 103
680 401
752 392
519 189
922 241
870 692
571 1
921 61
476 84
945 125
689 381
534 422
950 71
973 276
189 547
1021 547
483 452
596 23
625 394
1214 442
437 558
1123 371
1023 229
1065 530
940 138
1012 140
852 441
987 69
983 174
992 80
966 86
900 8
932 81
1166 398
782 99
528 657
945 124
895 248
489 217
586 96
621 244
392 347
833 15
1083 419
698 352
1042 364
282 87
116 477
795 635
946 39
1153 534
1179 491
321 164
634 596
909 122
1074 514
907 294
983 204
823 167
924 189
969 624
941 206
660 276
623 673
784 159
798 173
412 374
906 19
997 242
982 92
408 85
859 24
492 9
1223 215
883 121
926 248
853 4
568 150
861 224
374 91
196 675
1193 493
1045 118
1016 240
889 17
911 71
304 718
802 33
938 75
869 237
352 157
317 434
1030 109
983 262
1018 700
982 323
833 123
874 221
1228 455
1046 671
1014 679
1217 354
978 25
1018 182
817 74
929 241
851 645
681 520
973 655
943 116
894 555
830 60
153 528
868 245
874 50
896 43
427 400
933 122
779 160
574 696
857 139
374 206
983 36
887 232
961 235
888 86
923 151
959 118
927 181
929 178
853 141
1057 63
193 485
920 272
859 158
1025 42
1007 289
226 641
975 248
1233 296
557 49
900 208
1002 272
951 291
828 149
915 97
873 672
1246 415
788 108
881 148
997 239
620 559
988 29
990 263
942 159
863 318
810 135
562 279
917 247
478 622
945 328
154 480
497 161
940 143
938 176
962 34
985 146
465 438
894 25
529 82
1003 321
910 276
1001 123
371 390
1012 94
991 177
882 714
528 515
945 219
1064 88
1007 36
253 666
1036 114
464 659
796 358
998 257
368 301
903 85
865 206
512 198
239 607
223 682
915 163
1028 144
1002 285
139 539
1125 377
537 419
902 550
738 318
864 225
1151 519
831 162
1026 715
940 166
949 276
1237 335
849 111
1007 672
675 377
459 29
917 252
924 352
626 252
473 439
860 178
1004 0
538 543
973 61
535 85
499 180
669 153
859 146
508 55
655 360
999 283
399 221
466 43
1017 718
531 535
898 89
1004 241
553 285
1045 632
429 285
1173 514
1080 141
587 142
450 479
846 62
664 200
838 218
931 203
843 79
1011 95
1222 352
944 164
912 608
376 374
927 84
515 198
883 631
511 639
437 132
1234 269
1176 520
1021 689
417 172
338 8
1126 558
1148 371
204 491
293 185
630 38
1212 340
898 304
500 236
1220 348
131 330
1010 677
603 603
1059 634
544 26
453 55
977 171
420 152
351 358
422 412
962 645
273 44
909 15
278 9
368 160
1012 216
596 273
356 430
948 51
389 63
845 41
274 33
575 149
468 242
493 557
1008 672
1079 651
1043 657
663 403
431 393
371 453
631 328
1083 346
967 113
536 22
623 36
462 170
780 140
950 136
924 146
485 626
925 619
794 502
407 351
350 333
427 376
793 83
316 60
932 63
319 216
839 216
999 145
274 143
494 594
502 527
910 525
1133 549
499 560
1041 686
643 681
419 404
384 396
893 102
338 121
541 91
912 168
893 181
507 246
591 575
356 438
653 314
862 12
486 250
411 188
848 150
1039 538
1076 527
872 169
762 541
924 76
402 52
358 251
1009 202
1151 534
849 122
484 151
258 167
523 431
1169 383
759 621
1155 538
633 135
431 452
716 392
1150 519
989 190
475 294
663 438
626 260
367 320
1073 697
665 359
334 436
859 517
1224 292
996 700
287 107
564 41
528 652
465 227
667 367
653 714
1004 342
215 632
941 686
953 85
427 399
618 577
351 372
648 119
550 40
543 199
1090 694
738 342
455 454
478 498
452 37
339 168
870 168
576 579
526 351
1222 510
593 664
449 580
495 178
639 85
546 205
279 571
976 167
631 1
670 543
482 87
372 439
752 357
945 317
408 433
1132 473
1089 702
669 317
680 330
334 361
535 5
622 36
901 40
490 64
311 124
644 333
650 526
537 32
831 127
513 108
1025 696
603 401
285 438
928 624
636 695
906 211
493 53
240 74
309 156
1059 683
604 136
307 34
670 60
514 101
1156 558
1029 656
501 284
731 335
858 166
996 239
555 232
757 192
511 679
929 706
259 626
830 639
754 605
658 521
1072 542
838 536
1134 544
723 395
470 388
487 354
398 110
319 39
304 51
642 57
384 2
490 4
537 19
731 131
565 140
642 147
585 207
979 214
582 665
1022 715
843 512
1053 524
468 548
141 549
499 484
1184 508
723 468
554 415
628 262
630 287
736 284
417 329
688 340
567 102
934 100
437 96
501 67
313 78
465 82
460 80
491 44
516 41
505 59
988 6
782 1
530 18
866 25
1134 25
411 218
560 536
1190 518
1019 636
1026 629
735 623
1022 705
1058 704
693 715
992 680
1049 679
642 650
1046 650
845 644
851 657
805 661
432 498
412 510
1090 484
1054 494
633 467
691 464
1109 463
630 459
1096 435
1143 403
668 387
536 389
689 393
795 374
724 371
664 383
430 376
718 378
656 359
750 358
576 364
687 326
636 278
503 270
594 310
623 306
673 316
442 303
332 296
551 294
512 127
443 122
907 122
307 116
891 102
989 100
361 87
407 84
606 70
659 71
495 77
188 57
394 59
1161 42
641 26
251 17
155 16
538 9
679 9
677 11
410 5
485 176
965 176
550 178
508 181
389 183
465 190
457 191
545 172
412 166
381 137
435 130
456 151
275 154
358 209
407 208
415 211
576 213
384 222
426 216
426 203
420 199
519 245
893 250
495 248
519 224
609 228
742 239
383 234
575 596
765 591
1144 578
876 583
644 635
1033 635
553 639
501 611
996 613
592 615
1148 512
1185 518
1047 526
762 532
878 530
366 528
553 529
590 540
550 549
416 551
666 546
1119 554
510 553
599 559
1093 575
537 574
1179 573
431 561
575 567
935 707
1043 710
1049 717
798 716
1029 719
659 692
900 695
1055 695
1066 689
1022 699
1043 683
983 680
906 687
1022 673
914 675
493 674
493 645
1002 652
922 648
1028 669
1072 665
879 663
1044 657
438 330
274 327
598 345
767 343
496 378
616 374
612 290
672 294
1115 298
739 309
687 310
699 305
574 315
588 318
347 265
1016 265
560 259
771 279
605 285
675 393
705 395
630 399
794 390
474 387
794 400
1177 407
459 406
1142 412
1182 427
454 429
406 421
493 420
1042 434
1021 492
535 489
763 481
472 480
532 483
538 498
932 498
1144 496
446 501
512 500
477 504
1180 456
1035 458
493 465
1169 466
215 99
904 103
1164 106
369 115
708 120
668 124
495 65
945 70
694 72
219 79
445 82
443 81
622 41
987 43
239 45
664 39
912 35
550 50
625 52
403 53
534 59
507 60
470 20
1131 20
249 17
454 17
384 26
1011 26
158 12
111 13
959 15
593 7
444 0
1230 251
594 250
1219 250
417 252
879 252
635 254
479 244
447 224
470 227
413 230
491 235
573 192
570 196
501 199
501 201
645 201
383 208
493 209
498 174
658 172
597 173
388 171
596 169
521 167
467 164
408 161
556 183
371 182
562 181
341 190
527 191
397 132
586 134
396 129
393 141
200 143
473 146
440 144
1037 609
1028 612
850 618
551 627
840 633
1133 591
568 579
845 578
559 602
681 538
1076 536
481 537
547 543
444 540
1180 528
807 529
553 532
921 519
856 524
553 523
436 521
1061 552
1077 552
616 554
898 556
1145 550
1072 546
1159 561
408 565
1113 567
834 682
1070 683
1050 672
518 689
1054 688
1093 690
1061 693
580 699
1068 696
605 702
539 658
279 663
902 663
936 663
1012 663
949 661
1027 669
636 705
894 706
762 708
793 713
1001 714
1080 717
494 363
789 367
762 357
483 352
495 370
775 382
707 381
1103 378
799 376
341 351
640 342
719 335
624 327
363 304
604 310
1218 297
442 261
661 258
663 410
808 413
738 412
836 404
1223 404
416 403
391 401
364 384
486 393
1051 427
608 430
440 419
500 445
557 498
488 496
772 503
710 505
807 493
1155 477
1136 479
83 473
763 466
410 456
488 459
1152 459
1122 454
826 83
577 85
348 76
404 78
888 68
467 126
642 101
476 111
792 111
517 107
497 58
648 58
918 58
936 58
420 63
997 61
381 53
663 50
571 51
616 46
520 34
488 35
769 39
408 31
976 30
977 21
418 20
908 22
540 16
918 16
265 0
1014 5
574 7
605 9
592 224
847 227
705 231
669 234
562 242
221 252
307 192
452 194
376 195
344 218
898 217
681 222
346 211
456 176
965 191
1059 190
441 185
1005 168
896 164
452 141
505 131
1024 613
552 615
827 609
994 621
615 632
1023 630
719 603
490 585
786 519
1041 515
1158 536
1067 552
476 556
834 559
1045 678
797 689
845 694
1023 706
460 405
238 479
562 354
674 363
996 276
477 258
457 80
919 82
558 79
460 127
969 120
841 26
945 24
842 55
510 506
603 199
424 224
470 308
845 104
1018 645
399 205
400 490
923 171
940 303
994 61
577 578
816 59
479 480
776 82
837 209
1064 567
403 252
790 114
624 275
1015 20
932 310
374 355
513 91
868 169
659 48
1004 195
1017 645
519 44
345 192
568 96
1027 96
599 406
519 9
538 31
628 658
595 649
1119 529
539 622
557 232
447 50
717 330
630 11
1027 672
951 147
889 101
384 196
575 539
559 703
397 235
895 233
955 81
890 202
1048 59
1064 424
938 193
543 100
870 100
1061 704
594 616
575 349
187 91
572 232
1168 499
622 129
615 343
945 183
378 45
1098 404
771 377
569 450
613 671
1081 95
252 649
534 487
978 257
488 421
982 237
984 40
513 265
478 1
382 350
458 245
933 320
1010 717
621 190
944 7
916 685
487 272
416 455
569 558
717 242
438 613
770 303
310 223
999 267
900 258
870 116
786 526
650 336
383 229
182 647
1033 52
1006 150
681 307
650 143
1070 711
1075 569
1225 310
489 70
389 387
1055 448
492 206
515 347
524 681
535 276
643 15
481 23
801 525
447 343
1062 533
589 241
780 134
1075 545
1031 512
466 390
962 50
980 66
396 371
838 307
235 391
528 8
466 82
478 491
1065 681
370 13
795 498
1123 558
540 132
826 82
464 119
548 129
347 472
1216 296
939 166
175 49
1047 504
565 600
838 679
468 97
757 563
625 278
928 333
1024 86
407 498
514 550
328 10
628 133
734 547
638 485
516 185
761 363
1044 545
471 9
1006 663
246 73
756 513
359 314
841 66
409 45
479 203
767 519
988 204
967 36
470 643
856 178
323 499
977 84
629 280
367 34
1009 622
1033 649
1022 203
551 138
654 55
477 51
1061 521
755 305
476 546
1219 402
1160 482
740 385
469 80
1037 685
668 131
832 105
383 404
969 174
206 261
995 6
615 313
476 462
320 175
821 111
508 350
907 250
328 159
513 338
515 399
919 40
459 634
569 638
905 183
494 561
231 667
712 433
1052 126
684 403
370 221
596 685
340 191
703 420
996 195
430 629
590 404
648 236
819 33
517 149
953 262
829 129
587 2
760 374
334 323
233 29
1002 87
177 113
897 296
723 297
501 157
937 238
216 641
820 652
1014 194
949 264
554 118
624 56
640 6
625 277
1027 687
383 421
934 17
478 441
402 188
417 71
796 416
1227 240
482 64
755 286
451 67
300 84
192 520
974 177
748 653
952 193
520 134
1223 296
1033 106
641 41
674 3
840 143
1007 210
549 531
393 556
970 179
546 622
607 589
1046 113
462 29
1102 366
462 544
1041 190
963 292
366 408
831 611
387 221
624 24
940 269
753 269
899 352
677 46
949 152
1019 705
275 52
1022 36
1163 525
367 211
941 184
1016 219
559 51
909 708
774 140
1105 582
283 73
575 122
1011 302
969 13
1051 507
769 116
1053 713
278 302
1017 87
971 41
978 21
1146 427
883 310
573 104
976 161
1237 360
499 184
533 440
1015 472
898 131
921 82
891 69
768 608
546 25
551 528
890 504
1227 453
1009 160
868 170
507 189
847 135
712 498
1229 341
977 669
1016 10
509 407
971 22
1214 282
892 246
1025 6
857 612
1030 707
1017 264
557 434
166 521
499 539
1151 565
834 716
581 221
439 561
501 82
445 56
1118 410
811 23
936 43
907 152
993 333
972 179
869 563
382 208
302 222
261 162
713 338
371 105
510 121
647 266
474 151
507 334
989 46
1007 589
755 418
576 640
738 499
704 297
647 607
608 25
459 107
285 155
350 382
657 421
1110 492
861 516
531 554
790 85
750 351
399 556
529 537
689 353
576 219
562 166
822 66
1011 605
1066 670
501 263
527 52
1050 512
1023 675
521 131
284 60
1003 682
563 700
599 262
1070 674
469 550
648 394
542 165
585 526
1037 667
362 333
1023 693
1012 145
658 76
667 12
595 579
1232 396
956 698
509 165
644 64
750 431
1222 293
800 50
574 683
1197 310
1034 506
1010 287
705 430
888 118
622 338
1131 473
556 21
914 259
475 107
491 82
573 584
926 33
749 285
545 110
351 486
1030 693
977 236
846 516
604 339
1053 537
497 158
1145 410
1110 517
885 284
1056 708
650 299
336 7
376 409
546 37
967 272
1226 332
1073 549
461 111
471 312
510 413
815 344
729 345
303 43
507 182
889 182
787 67
649 275
910 129
628 289
598 95
862 52
534 627
470 470
1221 329
757 354
584 254
243 169
852 39
910 685
1188 459
329 44
204 505
927 117
647 678
720 338
481 288
440 442
435 161
823 479
471 583
1022 176
353 0
672 304
741 579
496 279
477 92
365 234
477 140
1083 559
810 634
1149 395
900 352
521 297
971 18
590 99
587 101
255 87
408 66
563 213
103 176
1082 559
381 563
388 524
1041 680
844 644
988 711
907 290
1196 478
669 119
858 84
1057 708
729 319
642 373
529 449
970 117
292 18
1090 344
526 125
380 17
892 695
949 706
897 528
1170 576
500 226
1040 130
483 402
1000 707
1060 709
693 331
440 577
991 104
561 179
1162 52
719 318
507 136
467 160
871 314
636 194
507 460
640 278
535 563
523 92
367 24
734 390
119 342
847 612
1025 701
863 174
1029 683
608 352
560 191
1107 513
540 689
510 258
205 646
500 149
1179 304
956 257
470 220
518 127
375 195
1219 362
968 148
648 269
1156 570
882 496
473 227
639 374
862 518
467 404
696 386
841 105
620 490
1104 509
204 627
800 104
499 26
666 271
608 270
688 371
1140 531
621 174
682 10
1176 539
485 428
1001 282
377 501
500 379
1169 349
880 171
421 287
321 206
362 4
423 281
456 471
866 548
528 420
726 371
910 714
611 679
423 380
635 12
478 87
541 537
845 659
580 66
1144 507
1142 531
456 94
547 70
507 164
451 179
813 528
970 59
624 54
636 14
1131 367
997 269
727 249
1024 698
522 518
448 61
1023 8
880 201
465 247
930 129
738 317
1177 373
635 528
1159 520
618 607
589 197
612 197
381 88
536 235
1025 96
1088 518
1107 527
353 100
253 68
494 228
1052 537
974 709
496 55
525 146
1041 696
1048 711
1081 711
383 243
696 344
517 15
870 510
473 427
764 405
574 294
648 349
458 46
201 69
393 92
872 701
634 618
517 274
523 146
610 151
1100 15
635 50
429 38
314 80
283 76
884 589
902 542
1038 539
1090 535
513 532
1082 529
1085 559
477 547
469 548
724 560
1045 647
1017 661
1106 505
1061 479
1011 477
676 411
404 415
443 398
717 342
764 349
701 351
754 347
745 379
593 377
657 376
755 363
641 267
439 266
649 276
777 275
529 206
490 212
583 253
568 238
502 0
551 1
349 5
379 15
420 10
635 10
903 28
909 27
528 44
524 39
413 121
634 120
998 122
627 126
529 107
288 79
226 80
276 81
1057 544
767 556
433 539
578 538
786 520
556 522
1069 514
1115 517
750 595
770 615
908 714
1062 714
1072 712
898 669
491 670
1003 666
620 697
474 682
631 320
688 322
808 373
523 273
482 283
565 487
1126 507
1042 510
418 472
1039 462
502 416
293 420
542 423
769 428
458 433
749 413
739 412
834 384
1154 387
683 391
423 395
438 171
439 175
472 188
87 159
373 149
556 129
482 240
619 250
476 252
403 192
438 62
572 54
565 53
497 35
222 44
207 26
440 26
542 25
676 25
682 20
931 1
1171 92
628 91
597 83
559 86
671 74
611 66
579 112
384 116
527 122
542 126
469 124
436 96
770 543
454 525
850 525
1182 545
627 546
444 600
564 604
511 597
626 586
868 588
795 577
500 628
500 624
813 618
806 616
832 615
1049 718
619 707
1013 689
626 690
1032 694
801 651
564 263
443 272
554 304
419 360
823 359
597 354
576 378
749 323
768 328
331 334
575 336
793 488
1114 497
449 511
515 457
391 404
490 412
495 411
427 394
387 384
814 390
1199 430
401 435
589 123
432 120
979 120
836 115
347 118
462 116
281 86
489 82
445 79
645 50
624 55
1151 56
528 34
481 10
865 7
563 1
429 24
916 131
388 145
705 161
559 189
657 216
444 217
469 208
733 244
738 235
782 532
1161 540
1111 539
846 515
1173 520
1093 574
1188 571
1155 564
489 562
549 554
862 544
815 616
833 606
579 708
802 656
614 667
634 678
389 280
592 268
572 307
675 309
689 319
1171 369
810 370
679 377
655 378
580 367
691 367
408 365
771 361
668 347
415 325
730 402
406 403
546 410
1157 414
773 435
480 462
1169 448
450 455
530 469
395 89
501 92
1175 73
439 117
525 121
536 26
634 6
544 5
673 12
496 49
304 136
968 144
355 147
323 157
535 178
472 176
510 185
1164 191
614 162
1003 237
453 246
907 247
971 251
558 254
437 198
1028 195
514 193
377 205
371 209
480 211
413 212
951 704
623 706
871 710
1028 713
1026 678
1038 677
964 673
999 702
831 659
501 657
1025 660
1038 647
1009 640
899 538
1162 532
511 524
564 545
1101 551
1124 556
1135 564
1022 572
1046 634
866 632
884 617
1230 587
486 590
541 283
614 280
533 262
546 292
401 317
491 330
717 332
742 336
773 379
348 377
668 377
742 375
1046 443
383 441
1141 446
398 425
748 427
765 390
362 391
1121 384
587 385
1174 387
480 398
470 415
479 413
482 411
1088 402
533 400
677 405
1113 452
1163 453
448 466
989 466
1194 466
452 498
853 501
1105 504
856 505
875 507
738 487
481 491
449 102
415 103
521 103
671 97
617 98
637 105
508 121
510 122
646 126
641 124
506 115
502 94
402 92
266 69
911 68
410 77
603 52
522 48
311 56
347 63
304 43
631 35
252 15
421 12
605 0
668 2
542 24
413 30
549 18
664 19
1080 22
506 134
371 132
591 128
426 142
416 137
503 154
390 156
660 147
1027 160
465 162
546 162
555 168
217 174
484 191
219 184
568 184
373 185
562 201
369 202
528 204
289 194
319 194
513 196
461 197
581 209
380 210
499 211
729 215
560 228
471 226
587 224
296 238
685 234
460 247
654 246
487 558
1119 552
1123 546
716 550
572 571
829 567
1153 566
278 563
1165 513
853 514
1089 521
1146 520
514 522
1138 525
1175 533
837 532
687 535
1176 535
573 536
457 540
520 542
585 635
520 634
1048 636
589 639
646 626
881 630
830 618
827 616
477 600
836 607
562 588
458 591
877 584
1092 576
538 675
604 675
1015 675
573 674
989 673
607 677
999 685
598 699
1030 699
422 698
1031 697
1090 702
909 689
1013 691
997 693
1016 694
1035 661
1047 662
1001 666
1037 665
864 664
979 671
612 650
897 652
1027 708
1056 711
1051 710
988 705
1016 717
439 264
542 264
978 265
600 269
952 270
464 261
567 261
566 283
716 282
755 285
595 296
746 299
601 295
539 292
353 288
353 307
575 319
734 316
714 313
537 322
940 328
432 339
725 336
626 341
623 340
627 349
432 347
681 383
1122 379
370 378
394 376
574 374
662 372
474 371
776 365
1197 360
710 363
456 358
594 353
747 354
748 438
1081 439
760 437
564 445
1116 444
1075 442
691 443
472 429
502 425
753 426
335 420
760 420
656 422
567 418
665 406
700 407
826 407
803 404
1065 403
1129 408
796 411
568 390
481 388
534 385
686 387
349 394
1124 460
498 462
495 457
464 452
1175 450
405 451
734 471
493 464
522 466
802 479
791 477
1153 494
1112 492
562 490
714 491
547 485
759 482
537 508
1047 508
871 509
569 504
752 504
884 503
1076 497
532 110
390 111
1156 111
275 108
337 105
435 105
351 102
1040 102
514 97
399 99
564 117
438 115
545 121
474 123
611 122
1177 127
547 124
501 74
525 76
702 65
837 65
527 66
493 69
652 68
274 70
1038 93
621 94
452 95
508 91
674 83
679 86
206 46
472 46
302 43
253 42
300 34
915 32
513 37
440 61
503 60
253 53
632 53
625 54
418 16
195 17
411 21
837 22
896 22
216 28
408 29
406 13
215 9
504 2
521 1
351 4
583 152
636 152
529 154
503 159
327 157
989 156
887 147
485 146
323 144
465 150
450 148
481 128
483 134
267 139
415 137
1022 136
452 140
929 140
495 185
443 184
374 191
365 188
446 177
336 176
677 179
571 183
298 173
474 172
300 169
293 164
578 164
467 207
492 204
436 195
454 195
601 195
602 194
54 192
573 221
560 223
555 211
388 213
651 212
496 238
617 236
614 237
564 229
565 230
710 225
502 253
675 252
627 244
514 247
457 246
474 554
719 554
561 552
359 559
627 558
541 556
571 557
586 544
426 545
410 546
510 548
534 572
1136 569
1131 567
1080 566
1106 566
396 562
582 561
1142 513
880 512
820 514
815 522
1105 520
1138 527
909 525
1181 533
1113 531
855 530
1030 540
1188 585
744 591
858 579
529 577
597 599
931 593
590 630
581 633
1140 610
1086 608
532 615
938 653
1039 652
883 654
1053 654
1028 650
568 651
942 648
1020 645
1068 643
801 662
910 663
1038 660
991 656
906 659
1066 669
565 671
614 666
822 665
562 679
219 678
948 673
1057 682
1066 687
892 698
1034 701
1063 688
1092 688
774 689
1085 691
1029 695
1033 714
803 712
1025 719
1060 711
487 104
590 105
855 105
1173 108
523 111
396 102
264 121
497 127
630 64
218 68
251 74
535 91
435 92
533 80
604 86
626 39
999 45
977 44
526 46
687 41
918 43
422 53
398 49
535 58
597 61
513 7
548 3
410 1
645 1
521 13
650 12
325 16
1010 18
893 147
550 159
385 141
983 137
636 185
601 187
945 177
523 160
500 167
587 168
506 196
291 219
542 227
705 286
647 283
922 282
719 277
616 276
438 279
631 273
425 262
654 262
739 260
1009 258
417 271
599 314
412 317
640 305
599 307
525 292
612 291
347 290
687 297
488 296
741 330
703 332
694 334
644 325
437 326
629 321
638 323
619 336
1107 341
551 348
378 346
317 379
744 379
448 378
744 377
734 381
773 381
294 380
468 383
748 368
622 370
725 371
679 375
668 367
501 365
582 364
495 406
505 400
1066 400
470 409
642 409
666 399
1127 389
1119 416
1179 419
469 420
379 421
806 428
539 427
613 426
1083 438
1170 432
1173 476
505 474
1053 454
1042 462
488 458
1099 456
555 484
779 486
580 492
718 489
511 509
1186 506
719 563
270 567
522 573
595 572
443 552
1140 553
823 555
750 521
811 523
1064 517
543 615
607 617
547 599
1165 576
1074 681
840 680
1038 653
1013 655
1012 650
525 661
888 663
1081 719
1033 717
1060 706
692 291
923 268
588 286
754 331
1133 418
219 97
634 102
466 110
804 127
422 121
935 120
427 114
594 72
853 86
160 91
622 33
561 37
908 45
476 27
535 28
450 22
512 17
653 11
345 197
547 203
551 214
925 210
926 251
608 241
491 183
460 185
1020 185
516 186
468 154
262 652
812 652
561 519
926 575
854 386
1012 96
1145 25
499 228
532 58
181 109
492 180
588 9
365 403
969 215
494 43
527 599
758 397
358 71
554 127
442 400
264 242
553 145
707 588
341 37
593 109
556 467
471 544
869 168
748 406
746 335
1012 15
508 68
652 344
1145 393
590 248
456 70
482 175
517 468
718 327
316 95
673 22
563 385
344 188
901 168
941 163
390 365
905 243
395 458
529 287
705 10
481 199
874 114
819 697
902 134
454 56
305 135
427 121
530 268
743 372
886 639
411 76
580 648
1016 715
659 323
265 121
246 469
574 204
1087 355
1075 661
995 660
469 204
570 61
632 371
212 169
316 36
420 136
486 247
725 513
565 642
428 463
1183 511
966 134
840 621
935 155
979 249
917 154
249 53
920 259
581 666
599 681
1011 697
807 709
515 282
448 465
978 269
565 7
550 138
388 400
634 85
1117 480
420 172
1028 706
602 628
1028 700
543 68
833 118
1024 674
563 572
934 19
886 81
431 405
450 530
992 180
787 519
459 543
760 401
941 295
466 92
1027 111
910 47
341 127
478 240
694 211
929 122
401 231
441 211
642 328
1154 570
818 110
1030 689
1055 653
1054 131
512 66
463 142
406 23
1162 490
732 331
1166 495
801 351
406 116
676 319
999 54
834 30
879 210
1015 710
447 472
1217 292
566 434
374 31
481 387
434 265
560 324
225 49
982 188
911 510
819 51
176 527
126 489
478 522
1010 637
1014 713
1023 103
951 36
392 261
810 112
863 185
561 571
195 59
531 548
62 354
496 375
670 274
1188 532
955 32
1029 659
909 24
1108 401
1007 16
1027 118
723 538
472 524
975 160
589 232
935 76
954 217
537 514
440 479
398 23
340 15
1001 318
645 258
976 681
1022 62
447 96
405 153
401 162
445 121
544 135
955 265
1123 542
801 53
276 133
354 218
259 74
1076 679
404 182
988 130
919 274
521 145
552 264
422 143
831 618
528 417
1137 475
1027 659
656 669
946 688
297 147
1000 493
188 677
417 93
1064 120
455 146
554 275
862 75
462 565
896 148
975 20
1010 129
589 263
997 342
562 218
1051 682
540 450
614 575
546 364
511 271
495 191
440 256
471 274
1005 116
782 88
657 79
412 568
526 220
992 198
941 213
280 711
1224 357
604 393
1048 48
343 177
923 697
1090 717
803 62
897 130
1218 439
546 371
841 525
983 261
563 240
646 86
950 107
892 670
1059 713
690 451
699 352
567 266
572 652
1236 298
1001 270
1061 680
823 21
613 34
1225 354
527 489
988 662
990 245
814 159
867 204
730 231
778 89
496 578
996 114
881 256
439 424
916 15
952 236
598 639
1101 514
493 90
651 388
744 304
483 290
600 139
509 72
661 246
872 58
546 249
223 38
975 87
1014 697
507 30
259 713
801 115
896 435
648 59
1054 44
987 127
983 168
938 220
1124 457
508 232
589 61
1223 261
1004 256
1011 219
511 57
852 133
926 80
954 201
483 339
863 108
527 44
897 605
969 51
516 366
807 525
848 24
491 13
922 201
563 221
971 166
850 495
1046 111
752 381
350 172
699 249
889 249
1048 669
537 41
965 195
628 161
617 300
1191 195
883 193
1006 106
718 502
356 366
1226 401
832 137
802 101
1236 392
467 392
1017 43
476 69
1008 196
642 32
419 185
934 3
1005 606
884 281
920 104
994 271
524 538
985 7
1083 91
852 170
668 289
307 704
911 10
557 89
156 300
556 539
627 208
606 301
891 334
537 477
615 117
387 54
681 133
1013 263
1230 392
390 5
689 398
490 526
951 27
457 368
465 197
310 23
1015 15
1157 536
965 256
493 473
1110 586
860 32
889 433
585 312
781 355
454 566
477 228
598 244
810 156
399 412
581 84
799 594
1091 448
370 354
520 381
682 33
881 437
875 648
860 120
790 658
925 691
658 306
538 89
612 126
268 54
1071 696
573 146
922 254
436 540
600 478
963 212
1037 700
653 689
434 248
498 215
541 97
501 103
559 590
431 52
907 52
1130 567
473 694
451 96
463 176
293 160
596 151
627 369
464 375
432 278
509 390
371 389
728 430
526 443
1000 668
1151 552
459 574
486 235
601 234
316 191
440 183
438 154
719 295
1137 313
924 261
1145 464
403 404
559 581
708 682
1082 678
544 713
602 203
947 173
378 169
273 165
479 182
502 182
390 185
343 103
640 119
369 457
1135 467
1138 568
1101 585
1064 644
593 708
592 9
374 21
974 53
927 45
232 139
436 290
992 343
445 491
1028 459
1186 414
420 555
551 557
1097 574
599 630
1015 603
1035 686
645 702
563 694
934 75
318 70
476 109
504 60
437 62
661 20
220 11
700 189
515 186
425 170
325 160
498 243
983 251
543 229
463 200
377 218
1010 213
510 396
344 440
459 484
1156 497
548 383
386 350
422 289
508 256
606 550
515 555
453 573
505 519
770 512
1136 584
860 664
667 673
870 717
1135 102
272 116
814 127
452 87
600 89
381 77
480 9
863 15
948 12
389 0
613 21
831 41
636 48
1154 131
538 136
1016 136
894 146
441 188
906 235
539 238
641 219
649 211
465 213
505 197
503 195
474 361
727 371
378 381
883 327
459 350
702 268
442 279
880 283
401 319
507 430
476 412
1040 476
1018 489
405 551
424 551
836 569
714 562
448 526
90 527
498 530
1090 603
1142 596
544 590
1002 718
624 707
601 655
1081 692
992 674
1147 27
230 19
380 15
941 39
493 67
402 212
554 211
906 219
916 192
542 198
445 236
434 226
459 252
643 156
684 152
665 323
676 349
1216 268
505 282
475 411
460 387
1060 438
464 434
1061 472
1083 507
1008 661
1037 683
782 614
502 611
1134 610
841 584
780 569
1038 546
464 526
447 88
471 93
415 72
530 104
577 107
632 99
394 112
573 5
243 2
400 15
1029 47
523 130
423 168
475 164
671 211
540 198
333 405
610 409
439 395
484 447
690 466
395 483
1165 505
658 377
1186 368
462 356
644 351
1226 328
592 326
927 269
480 601
1114 593
611 630
1015 638
795 556
1074 665
1013 697
491 117
407 86
864 86
497 70
452 38
590 41
630 53
445 189
995 182
436 384
454 415
463 427
457 474
343 352
921 694
1002 645
828 613
447 231
587 203
584 222
264 64
547 86
493 100
982 23
998 31
585 391
1168 401
416 496
1144 490
953 630
569 236
557 83
681 92
293 124
498 667
695 539
632 293
1182 454
320 178
618 188
961 150
395 199
508 226
496 39
461 521
903 708
472 155
546 138
1031 473
562 351
1171 368
574 305
1009 682
1055 691
917 615
485 532
1030 544
656 57
512 24
317 153
325 186
411 222
532 213
687 309
375 304
1177 367
766 496
1024 707
612 61
519 223
594 662
557 557
317 429
1184 503
365 194
567 688
495 99
688 379
467 237
251 31
896 652
1039 412
995 353
596 282
470 347
564 65
1133 481
1020 58
578 529
455 165
1176 212
823 105
555 655
1108 528
596 559
378 275
1006 297
699 332
709 417
970 684
566 554
425 29
243 78
644 254
717 230
521 211
543 157
743 345
797 391
1023 662
1013 675
1026 718
469 592
516 596
488 611
511 554
496 67
552 90
537 86
401 81
660 17
291 25
541 53
526 207
990 213
557 230
458 499
774 496
759 484
682 404
354 396
449 385
555 434
477 436
675 340
350 338
452 320
692 369
593 312
530 683
551 635
1060 552
368 551
1077 546
599 543
516 264
665 319
275 505
504 452
380 417
1055 441
1202 432
429 113
463 113
428 115
513 96
541 83
424 72
451 21
482 26
389 9
455 4
1043 39
437 170
357 190
386 159
439 134
259 130
584 227
543 251
580 241
435 196
288 193
452 192
1010 704
1012 710
557 717
1007 640
842 681
1022 695
616 697
1087 532
462 543
784 569
444 552
412 353
741 353
426 383
619 300
624 300
610 296
1115 296
619 273
717 286
1192 459
517 510
1104 482
479 424
628 439
480 402
282 60
489 60
648 57
342 59
516 34
589 25
370 1
680 2
618 7
528 15
509 99
645 98
347 105
488 110
618 110
623 127
599 74
491 84
519 183
351 191
460 169
469 220
508 198
363 196
595 206
508 249
952 246
99 593
526 584
496 627
717 633
584 619
562 541
915 542
803 520
483 683
993 682
782 691
1070 660
877 706
1012 716
772 289
395 306
483 309
715 316
523 275
651 284
542 280
465 378
429 381
1088 373
827 363
645 337
472 349
787 345
814 422
766 433
1156 447
415 406
821 414
884 504
591 483
1021 485
1041 486
420 488
1085 488
464 453
664 12
299 8
623 6
180 23
257 51
485 53
491 32
664 114
467 124
522 120
394 102
192 111
1051 66
285 71
458 72
262 84
535 128
545 135
497 157
543 187
344 200
576 246
493 243
611 254
495 528
1102 534
1155 557
1152 581
791 597
1031 615
418 632
1063 652
877 643
749 660
996 698
402 714
878 713
1044 712
894 719
1040 704
481 44
533 44
562 108
332 111
354 111
280 237
501 195
478 175
89 171
412 376
283 379
689 379
666 370
465 371
643 373
897 281
942 285
923 307
747 305
544 295
488 439
624 402
1171 465
1193 503
871 502
572 500
1110 509
1180 595
758 513
494 526
333 530
429 556
1113 551
923 709
187 651
408 203
564 226
355 188
235 146
344 12
468 385
1044 667
1077 518
602 199
421 402
847 86
1029 69
546 708
791 336
669 345
701 413
591 617
523 439
965 197
943 269
363 547
158 495
1165 575
364 203
358 1
564 582
674 12
469 221
916 537
1004 309
633 353
880 693
1041 604
758 293
687 278
901 111
869 54
569 194
795 111
496 101
943 121
479 231
265 429
364 38
223 1
492 181
455 398
466 187
386 420
250 633
1068 673
1103 498
1083 703
511 137
507 543
1026 675
790 93
426 57
1043 671
659 155
513 197
560 104
291 160
670 496
672 214
750 297
478 155
1177 503
517 78
1179 370
981 672
1195 375
667 42
1055 416
263 84
923 53
573 349
845 111
906 116
674 236
934 538
1149 115
631 510
968 206
1014 137
703 519
584 639
144 484
897 203
542 515
777 302
676 324
287 712
1133 535
832 550
485 246
864 703
1166 523
725 504
628 72
476 232
306 328
559 33
1063 665
1036 687
257 75
503 32
1049 628
1192 522
542 237
1009 678
490 233
1103 719
501 147
915 157
459 458
308 415
1070 543
420 112
632 3
603 65
553 105
1029 675
424 148
388 525
881 692
997 208
376 2
331 174
999 150
743 379
496 88
601 590
916 262
499 418
1040 682
874 98
1109 518
819 410
483 400
425 325
769 301
872 198
455 79
822 380
784 488
953 138
973 128
475 561
842 595
806 529
650 534
1152 450
542 88
452 224
778 177
1161 541
696 336
918 44
1043 439
1001 302
809 21
643 329
1068 99
1030 667
1024 703
696 313
1034 66
592 15
308 174
871 34
1217 365
933 237
576 298
395 81
441 63
935 121
480 63
613 399
561 245
554 147
790 95
492 332
838 137
803 32
1001 160
999 111
927 26
458 357
492 152
401 395
448 234
670 377
1140 333
1217 374
938 108
444 51
439 223
974 92
359 48
485 80
1025 82
1082 681
936 245
581 492
1200 404
643 402
975 96
833 150
547 240
769 695
857 34
430 200
1023 100
741 311
631 272
1014 718
423 65
474 514
499 56
209 108
886 225
865 671
965 678
484 381
654 332
592 130
1003 204
370 222
441 218
653 262
868 116
563 577
1087 201
763 300
911 250
1018 39
362 347
483 206
585 396
785 499
574 442
294 138
868 273
430 20
855 43
916 79
530 176
572 75
1192 270
496 463
438 541
950 156
1002 701
298 28
835 49
934 228
539 206
568 487
807 151
906 201
386 5
479 101
375 179
793 402
1052 194
661 253
478 549
788 393
887 163
153 457
897 234
883 159
1008 109
393 199
863 70
842 133
837 59
659 401
525 165
286 92
728 539
510 198
532 192
1039 77
1002 258
1048 496
515 442
547 354
983 146
919 37
850 30
277 172
421 212
480 478
896 321
730 273
820 159
1045 653
816 134
855 108
395 24
583 574
376 231
1155 389
573 12
185 539
787 88
1051 709
478 253
658 44
994 33
288 132
496 298
458 59
579 665
192 47
857 55
903 689
599 6
491 91
171 654
813 102
984 260
725 318
1012 236
670 24
524 262
583 231
449 216
176 529
741 617
940 571
899 42
1030 624
831 683
943 83
416 33
1016 620
981 21
192 240
1228 235
234 315
437 433
595 698
996 45
1012 252
628 183
1163 499
749 301
865 138
1030 469
832 79
261 81
989 284
954 108
899 17
850 174
652 1
544 518
960 99
812 91
938 117
787 111
999 269
998 204
211 644
157 530
718 272
1003 2
820 382
582 336
890 204
927 140
768 355
1005 169
476 93
857 43
1034 100
617 256
825 21
1221 448
1032 40
990 48
482 194
207 458
985 44
1014 35
1087 551
956 61
541 519
731 419
920 36
529 550
1238 356
976 225
508 263
1012 267
523 236
981 204
871 105
452 230
908 306
811 92
850 506
252 192
982 164
1002 307
229 711
571 200
1221 207
465 98
947 180
973 691
485 515
854 65
865 45
827 46
897 292
954 184
985 1
499 297
1012 247
968 264
657 122
992 291
298 657
886 443
984 77
984 7
793 114
940 192
1221 303
837 72
717 569
777 88
980 265
842 69
186 508
978 86
778 163
834 221
930 198
1215 266
987 103
873 7
1043 58
947 204
179 465
142 284
829 121
174 282
808 54
517 298
970 24
1026 24
870 285
854 86
798 83
223 620
1028 107
800 113
920 4
831 64
994 280
979 238
771 127
532 469
875 225
796 36
993 70
1147 511
978 229
882 6
944 258
1036 90
167 529
496 37
549 641
536 145
926 69
802 390
1004 321
879 152
408 81
378 413
243 714
724 438
961 36
964 135
973 251
894 40
652 80
613 222
268 405
1026 587
869 185
1018 43
879 238
1044 70
491 476
1020 619
900 13
340 553
975 172
168 635
865 99
596 636
970 53
585 225
948 290
170 465
887 26
433 545
922 40
565 710
928 152
859 49
544 267
188 634
218 665
891 194
917 21
660 278
563 536
808 73
389 379
459 378
1005 54
915 169
508 361
853 68
1222 384
1225 305
506 534
1174 443
866 60
912 112
203 634
519 583
895 16
1043 81
414 30
845 175
1036 36
398 181
858 82
890 47
1056 665
917 207
917 25
637 87
911 192
652 208
849 202
895 203
916 107
778 112
952 110
923 133
719 349
876 169
876 204
992 204
1108 549
1236 395
410 405
822 585
931 330
313 139
1058 672
728 301
781 84
925 167
649 691
1097 705
1120 482
672 555
817 110
344 195
513 592
504 27
666 213
494 81
391 377
929 286
460 409
1180 477
311 125
1201 356
890 58
1076 696
421 65
984 126
1037 719
1029 233
280 211
447 32
1218 261
1222 218
509 3
1103 443
376 144
126 244
539 119
328 4
409 561
1016 194
796 418
509 164
281 200
1036 200
460 318
416 430
683 406
850 558
354 197
451 143
1222 331
927 21
904 292
514 151
1065 665
262 152
747 583
417 419
604 271
591 140
926 169
577 91
868 178
1220 379
399 108
413 136
877 182
997 663
1064 702
997 220
989 192
893 695
1040 516
601 283
600 615
927 276
833 116
1181 453
457 14
947 130
1000 683
634 317
860 89
886 0
820 662
722 237
1004 679
739 287
909 189
446 459
1013 222
888 202
1133 563
797 103
1016 706
1027 26
903 59
383 165
585 157
1009 662
837 156
1023 241
874 256
990 173
884 197
950 196
646 201
671 140
709 434
448 180
1202 444
782 63
894 337
677 115
821 138
911 300
749 302
1028 79
589 244
585 23
1021 582
463 464
973 162
469 360
533 539
561 521
1000 312
672 364
441 654
1217 216
907 196
993 11
674 49
921 137
582 131
961 255
1069 692
911 29
843 80
1006 214
1031 530
1217 398
624 376
1196 496
388 20
652 26
918 60
416 558
877 58
1002 1
487 398
639 324
954 153
521 200
802 635
428 540
615 407
545 528
906 216
851 717
993 80
855 222
1028 665
422 190
1023 149
1035 90
297 115
911 181
528 529
969 170
592 643
1066 84
995 225
830 95
940 44
925 33
851 21
540 11
930 242
966 288
300 706
531 13
533 559
998 303
657 240
1019 711
876 162
1146 395
957 256
533 115
634 420
1152 556
590 317
302 634
1067 712
983 40
566 87
1017 230
1072 684
917 198
251 128
461 16
506 257
881 242
814 594
1230 292
587 55
557 591
534 221
584 691
900 104
893 196
436 255
309 127
642 131
295 124
599 17
512 47
318 554
589 242
1157 400
783 353
431 72
409 200
1007 667
1109 542
938 184
427 30
437 138
518 547
675 75
486 327
981 44
532 134
632 389
1113 580
469 161
1044 685
962 38
867 238
886 217
340 104
670 400
841 91
1001 152
927 37
1008 674
601 282
448 396
1077 690
375 19
857 173
609 380
740 380
969 155
47 325
1018 639
545 18
929 657
987 120
1192 452
609 382
1032 659
862 114
832 147
1036 715
297 417
1064 84
456 263
1040 693
530 53
437 627
240 703
931 287
176 469
963 130
885 149
502 180
1004 30
434 151
375 461
959 227
475 59
657 14
912 66
284 18
1082 474
897 694
961 107
563 501
956 175
915 255
1219 330
948 193
918 709
872 171
653 318
943 313
493 119
806 124
888 201
859 197
594 630
1137 611
561 619
994 63
961 171
524 254
413 165
512 259
110 494
802 343
250 105
758 371
451 199
675 100
926 309
906 42
887 311
856 130
430 166
887 326
418 101
838 42
708 186
741 301
543 53
992 53
1140 368
633 16
317 170
1101 578
476 18
633 403
931 264
975 35
442 214
438 485
575 560
928 6
911 511
398 399
699 315
848 228
582 231
866 208
590 164
429 93
551 45
333 182
776 524
1028 677
417 257
472 573
344 208
677 50
627 86
1027 686
465 432
570 249
1158 535
1018 170
1156 93
968 161
841 45
453 158
564 51
887 378
594 100
547 74
996 204
1087 541
1081 688
1014 590
655 532
238 65
779 536
583 175
473 423
477 400
713 508
1015 668
280 109
661 229
422 263
928 717
526 290
545 155
448 358
804 389
1161 517
617 233
845 124
1155 362
528 574
655 658
524 275
819 24
630 255
1198 456
489 62
584 591
380 38
904 534
154 489
404 384
619 227
1004 100
848 96
393 123
619 657
998 637
1154 513
517 441
303 269
494 199
702 19
501 33
546 108
814 103
515 656
423 538
468 555
527 89
365 56
444 12
745 604
876 652
323 102
1066 451
446 99
967 25
967 5
612 581
443 255
149 541
352 149
340 281
917 239
882 529
1118 499
559 62
542 418
481 392
696 407
429 361
940 296
655 225
923 57
534 224
823 148
560 260
333 417
398 536
1067 707
1006 324
956 172
650 62
693 303
504 465
597 313
1002 263
792 78
201 485
1024 632
323 212
1143 555
475 409
650 425
910 239
674 645
595 674
1022 638
538 186
526 329
969 134
860 159
239 74
165 546
286 410
720 245
553 87
768 610
466 180
911 501
418 125
654 642
391 164
555 11
501 253
1073 571
441 109
638 306
479 538
540 162
429 57
486 154
1069 486
535 179
1105 437
456 256
905 156
1012 79
823 160
517 267
1017 179
371 87
894 461
564 544
518 17
1027 164
471 650
936 131
488 70
655 9
1045 686
830 504
1007 286
426 558
925 38
552 524
635 185
675 306
1219 343
795 108
598 647
875 48
580 262
910 53
472 97
933 190
1080 365
1002 717
495 498
956 63
1017 690
879 148
978 134
956 140
527 577
366 209
457 115
1023 688
916 689
1022 108
873 187
905 174
550 653
997 202
737 525
1159 529
557 577
1083 537
1003 297
791 64
1043 649
658 327
321 425
436 312
961 38
1025 253
1007 147
998 335
925 282
945 46
985 164
798 112
360 207
301 107
855 84
662 47
616 82
802 199
501 569
683 386
915 61
920 78
952 276
1220 342
996 252
937 250
627 404
1033 59
938 138
631 641
520 291
1223 375
462 563
972 228
993 301
801 134
696 327
466 405
1216 376
959 0
211 670
851 99
993 26
993 143
995 46
129 457
984 124
356 138
934 243
416 82
993 39
689 85
832 91
976 228
1025 184
921 144
1020 99
531 50
1048 170
911 108
1034 671
966 213
1220 362
1020 273
907 99
1230 254
824 157
881 252
851 72
1041 108
1046 521
111 473
825 35
710 311
830 146
565 314
1087 564
762 284
662 225
1002 116
529 514
1010 12
812 94
1011 22
1224 310
958 124
752 411
818 196
874 254
886 58
989 33
623 266
780 456
845 63
952 214
946 90
150 541
520 18
950 152
630 119
984 192
508 73
601 353
486 233
999 128
895 665
922 41
1218 272
1214 269
1228 365
814 113
216 30
528 79
625 384
494 249
575 572
1000 39
1005 204
262 664
1222 472
800 49
1064 484
661 313
805 610
272 78
823 159
1218 370
965 241
115 530
962 628
960 176
800 339
1034 453
846 539
977 145
1157 484
1064 676
664 109
539 12
489 211
931 273
697 443
459 580
972 29
1041 167
995 316
857 98
1012 68
1216 427
982 1
943 169
878 340
1006 83
341 30
960 26
965 206
815 114
495 165
583 547
1005 36
418 413
934 182
1000 296
911 112
960 280
981 18
942 248
967 177
922 615
1224 403
927 252
943 146
812 96
924 153
1234 312
948 152
1005 274
1022 217
1004 60
569 23
946 714
1060 41
989 42
868 98
977 173
807 104
895 184
491 22
472 66
852 160
987 57
975 150
820 96
274 634
900 26
996 182
955 254
954 186
981 267
271 609
834 39
951 8
980 88
840 42
413 19
170 492
765 429
864 124
968 111
839 710
1044 60
967 1
475 402
901 290
964 14
318 136
998 344
915 69
786 13
966 187
992 20
961 254
791 179
802 360
997 184
945 168
1218 321
886 22
833 631
942 201
920 265
959 108
1026 220
932 280
660 273
811 31
955 122
885 35
976 155
941 277
989 59
926 268
983 156
552 413
1216 342
1219 228
1014 152
918 276
923 100
1018 13
1016 220
1001 176
1006 283
1049 644
979 51
855 41
1016 170
824 95
983 259
966 110
570 109
339 0
967 229
138 455
795 370
934 290
166 515
171 277
882 90
1222 346
977 136
396 490
827 174
954 132
821 148
943 187
829 201
864 203
839 39
860 53
965 53
914 111
722 465
942 42
940 185
813 136
1000 397
828 176
639 45
480 27
916 205
1025 118
941 123
938 73
936 158
456 572
892 119
926 204
951 142
1007 66
945 180
769 26
965 144
259 675
845 83
583 185
895 74
1025 103
276 704
533 18
202 671
593 674
894 439
1008 135
855 176
524 510
1012 218
448 195
877 271
953 241
1012 666
1004 257
937 80
740 215
1015 21
994 184
1145 553
951 32
1004 102
1219 276
517 135
841 62
1222 467
346 133
839 47
930 122
203 482
958 139
1221 288
852 119
1010 119
830 27
803 79
843 38
955 243
943 134
828 142
331 10
771 123
976 123
1224 431
930 128
969 49
895 40
867 124
194 504
791 95
641 382
836 219
896 174
873 60
1009 184
870 87
963 277
619 117
826 159
869 160
849 189
301 174
788 115
954 128
921 251
1104 466
926 285
838 70
926 70
1049 70
1023 196
998 300
973 140
608 59
1030 509
539 546
644 671
978 213
931 143
963 209
934 66
889 432
902 241
998 179
469 277
905 18
610 29
823 22
1047 37
788 202
615 625
886 215
1025 159
875 148
756 309
931 291
828 71
876 295
941 677
951 64
933 19
839 171
924 50
534 103
830 214
890 3
894 236
495 480
984 218
1018 192
766 693
574 250
618 702
581 536
972 150
686 400
1220 229
1005 268
1018 61
1024 196
345 120
852 74
901 310
935 234
495 212
286 666
875 91
188 488
864 223
876 244
499 480
1257 635
276 209
1001 202
925 157
959 21
437 119
560 247
864 103
958 91
1220 343
929 277
822 162
1028 631
1044 32
928 84
903 171
1222 296
162 632
926 98
1006 105
944 240
1022 216
166 549
822 92
879 243
959 270
929 235
696 79
1016 11
486 221
827 45
911 45
978 153
884 278
977 80
511 12
493 242
901 115
924 89
822 143
983 30
1215 363
898 273
946 278
1225 402
478 524
915 214
547 4
972 249
988 249
274 709
851 19
1043 117
993 349
996 163
940 12
1029 142
1223 364
896 138
167 450
1175 349
916 167
926 61
399 106
979 60
982 197
495 206
897 219
813 138
931 215
947 51
883 207
956 15
994 13
892 156
916 240
138 322
936 256
1029 28
1010 59
311 195
998 84
192 662
996 89
837 147
831 14
922 35
987 83
909 170
929 50
950 280
298 187
949 177
1223 382
847 200
215 646
558 567
957 108
967 243
302 705
864 161
938 178
277 703
972 77
942 203
1241 432
891 115
919 145
1030 52
887 204
927 120
905 206
488 291
257 696
427 154
1167 462
951 60
797 100
917 50
889 53
565 124
818 157
502 225
907 512
910 54
876 23
845 137
903 245
917 236
939 258
599 267
201 682
231 270
934 85
910 71
124 483
876 42
1071 149
895 88
987 93
872 125
713 240
867 636
855 60
996 185
939 274
807 20
893 3
494 556
950 266
613 98
858 120
948 295
441 59
911 276
975 184
1062 491
563 45
555 529
690 536
518 51
645 313
1084 710
1183 486
850 68
702 197
916 153
823 393
239 17
1054 336
484 409
875 53
677 343
441 123
576 32
547 246
648 19
304 215
1013 240
474 166
1037 678
899 58
784 356
1190 380
719 383
709 342
662 403
613 51
700 389
1051 695
475 100
455 104
372 168
845 122
639 539
704 374
921 29
641 232
539 45
1187 404
438 186
608 325
612 404
380 96
1000 315
419 181
922 165
1047 540
600 563
1001 119
717 446
859 515
660 244
639 273
910 57
388 628
933 641
1144 596
1212 432
1175 491
549 165
691 360
1070 467
521 197
456 98
519 393
810 526
1034 637
542 123
713 557
340 87
881 685
560 244
555 680
634 258
971 247
407 70
332 423
885 456
739 539
987 18
1047 717
1053 655
925 145
495 348
530 36
619 21
796 87
1158 487
511 187
919 121
923 132
464 232
1100 453
786 91
943 91
797 400
1053 355
1026 185
879 702
953 144
906 202
582 704
932 271
734 280
566 189
827 529
832 595
411 631
952 73
509 583
1004 618
737 329
434 564
992 2
461 535
466 421
1037 44
631 445
928 248
1002 661
210 70
1007 675
530 133
524 127
800 415
643 276
790 171
1075 488
708 698
371 68
943 272
897 568
629 242
476 520
1087 547
998 62
984 116
1025 116
988 91
647 234
1001 689
852 624
350 108
914 23
419 432
772 330
497 491
579 617
442 425
1072 530
1023 694
238 42
543 46
912 243
868 141
1057 661
470 573
690 368
762 482
406 391
577 209
359 218
520 222
375 203
419 0
1040 698
1044 702
1016 672
514 551
493 461
702 319
425 288
1178 369
941 193
499 189
331 132
451 34
390 62
431 89
567 116
194 520
865 550
304 407
675 404
1191 413
1084 393
689 394
577 468
1187 468
614 472
669 294
874 274
332 383
458 372
575 610
760 528
543 533
1061 712
781 707
684 686
1060 673
1003 671
398 115
523 114
488 122
593 104
498 97
293 76
677 64
386 34
907 32
504 62
555 48
197 51
550 4
527 3
526 19
509 30
582 226
557 255
587 247
463 206
671 201
430 189
453 503
1029 460
1062 407
1246 355
435 375
936 716
1028 661
1024 666
1043 647
667 684
1032 683
524 676
1003 698
807 632
484 548
1138 561
421 567
339 33
560 28
487 114
500 122
443 86
472 88
857 73
457 186
1047 162
300 133
970 142
507 224
700 337
457 326
748 295
694 315
690 400
552 548
443 608
969 670
529 494
1175 529
509 48
1012 643
486 364
825 564
746 428
386 527
223 166
581 620
373 117
1106 468
881 45
943 45
491 174
824 175
600 381
646 143
511 193
412 192
455 19
726 283
635 85
1022 677
772 465
417 86
404 46
338 89
1025 625
598 361
422 550
550 275
917 103
946 103
499 281
306 409
226 9
452 413
467 66
507 51
773 378
487 84
1139 544
402 226
1111 177
404 293
659 305
752 384
1063 119
608 394
1054 50
494 141
977 689
587 582
797 69
1062 514
557 127
423 92
585 269
624 366
556 530
380 74
795 605
873 628
541 135
384 200
318 15
468 27
540 621
411 464
430 349
1103 493
538 104
493 497
215 653
379 184
628 699
1063 61
1197 422
1083 679
1045 710
1157 347
1215 347
298 252
813 120
387 182
1078 719
272 172
1018 185
686 314
576 126
476 172
786 571
444 249
527 462
420 478
534 55
938 310
470 176
429 409
190 516
296 49
696 338
648 644
525 51
1058 464
400 375
890 515
871 104
530 259
102 537
852 61
946 183
995 25
604 353
529 41
810 497
593 35
924 11
922 647
1023 3
1215 341
441 386
380 177
715 261
715 326
1059 687
876 125
905 135
1120 502
775 633
940 70
954 15
723 252
726 335
568 398
1134 575
535 98
1193 474
435 487
917 241
425 0
996 334
948 349
913 536
451 87
1091 539
877 667
850 83
637 135
575 696
1025 18
932 708
627 284
910 228
857 31
1011 495
446 68
1226 303
463 251
507 261
949 76
446 145
1094 523
517 88
720 316
476 492
1035 395
913 700
520 286
477 181
536 500
679 36
1046 546
403 431
323 415
686 153
756 418
1021 622
537 45
997 97
496 277
1019 141
510 563
533 432
491 147
634 140
260 54
1171 479
345 198
442 346
233 26
562 64
1022 213
902 149
662 284
466 625
408 376
526 601
474 429
571 291
659 291
1006 146
677 17
573 42
535 2
350 41
982 684
855 529
591 595
1039 117
927 273
928 215
440 171
284 16
422 145
957 275
829 24
814 518
206 88
642 416
432 14
482 128
614 275
838 52
464 227
601 702
796 671
478 435
460 239
1126 559
916 247
984 285
529 695
675 23
505 556
1226 280
538 115
474 507
765 273
606 199
1162 513
476 218
528 29
909 692
249 86
243 30
663 521
947 261
378 525
898 178
1020 226
598 344
327 177
1021 113
453 364
682 413
877 18
107 474
1091 453
509 559
320 21
1006 107
529 253
413 494
1016 696
1178 434
409 351
1152 576
418 175
630 182
1039 73
470 243
1086 542
1036 453
890 655
416 46
495 169
639 405
520 245
633 208
953 338
555 140
533 613
1061 522
509 1
164 564
406 30
590 552
1013 717
671 557
925 63
785 660
848 719
1051 400
589 198
1109 460
489 322
507 72
576 79
160 537
485 54
539 277
837 539
974 187
1221 256
1077 556
611 250
210 71
978 237
798 533
513 686
1144 528
688 47
171 508
409 23
964 65
507 566
478 431
1163 78
445 126
429 386
497 234
791 391
524 559
995 682
433 77
619 684
832 183
881 282
278 142
538 116
897 83
465 412
653 156
774 472
488 284
482 47
1218 362
646 218
523 599
676 127
532 644
193 549
499 61
528 276
807 66
980 69
424 9
1025 177
865 626
874 103
638 307
527 441
749 662
862 49
757 502
307 406
864 691
449 93
608 301
990 279
358 12
613 168
759 464
738 517
500 133
1053 708
485 58
433 386
518 64
775 112
839 94
812 7
1162 517
504 529
679 24
550 31
902 218
516 526
496 500
1215 392
1087 87
360 489
1016 138
1147 316
1025 681
500 197
750 365
541 599
665 347
1089 575
927 156
1066 711
863 557
404 2
606 269
436 405
449 392
640 118
867 692
1016 88
862 21
1151 567
613 108
477 203
171 539
673 347
498 435
845 14
970 270
393 224
756 673
856 215
572 3
495 160
437 169
1088 549
528 510
1115 505
865 183
526 527
462 461
949 199
515 502
594 197
444 379
254 8
359 40
670 532
432 473
479 80
581 643
511 235
926 249
462 38
701 404
463 78
489 399
1260 161
1019 44
1222 404
832 413
460 48
730 430
1220 423
545 37
996 176
706 181
296 176
241 27
831 527
846 141
927 201
899 151
854 616
499 532
369 195
446 38
528 108
1230 291
523 33
529 69
760 272
1123 497
590 48
1043 126
534 578
505 213
242 32
1040 658
722 314
1082 551
397 252
446 361
511 561
944 26
661 362
480 616
834 591
397 92
499 139
996 184
560 113
897 198
1100 519
535 123
870 704
919 547
428 267
411 340
751 328
1199 452
868 512
495 18
353 552
1112 510
932 246
952 47
514 545
972 46
1047 344
556 236
367 425
984 5
557 100
188 610
515 455
950 86
452 82
1180 419
399 56
191 32
654 675
1066 523
415 74
472 92
502 28
1014 85
809 414
465 128
621 367
370 391
1148 528
450 243
1047 688
1142 450
598 227
905 22
950 47
532 88
687 556
827 96
642 6
807 4
513 264
472 36
595 607
563 529
608 50
436 382
300 215
697 378
566 122
1014 714
339 250
533 130
446 184
436 137
938 205
479 238
432 592
1231 415
594 567
707 532
639 65
944 178
848 171
411 556
635 28
557 84
1197 359
1058 712
1138 373
1005 165
446 40
576 388
518 402
314 18
369 201
631 97
408 546
326 211
640 94
728 322
77 198
996 318
1108 492
719 522
1118 440
867 297
631 582
1059 525
1008 248
335 346
366 95
525 339
854 624
199 40
560 209
797 357
482 257
496 208
683 537
1181 99
771 553
718 393
982 25
507 34
987 73
521 405
1063 77
619 561
633 116
804 672
543 211
1062 540
1145 547
641 370
1028 588
496 196
451 394
694 307
464 550
395 53
671 83
528 476
461 520
303 92
508 547
301 153
921 597
275 647
628 94
533 190
872 607
577 19
364 13
350 132
487 62
470 189
278 377
1120 523
1018 694
449 426
621 333
1112 586
693 520
314 47
531 497
408 373
1088 719
486 678
445 15
1197 441
450 377
1029 694
652 608
453 47
474 107
396 488
421 382
730 409
406 408
978 93
483 233
578 250
492 495
758 294
560 626
364 236
863 103
544 564
657 427
460 600
354 74
550 14
743 528
928 158
1064 684
279 42
281 118
487 422
699 341
1044 452
887 33
434 19
646 312
482 412
473 208
376 232
848 518
397 214
1093 348
523 371
1087 392
1176 186
344 150
656 109
625 113
559 564
675 290
616 268
634 411
469 222
329 197
494 248
522 587
637 701
347 99
389 124
400 4
568 615
456 431
466 126
548 75
553 4
485 588
625 705
339 353
438 407
1021 663
478 551
316 305
844 85
1003 99
579 598
533 40
1012 203
480 377
896 66
518 33
969 678
464 265
899 63
1229 245
390 230
555 191
522 190
764 611
579 667
1034 702
845 496
1187 438
769 54
405 186
1161 530
422 175
558 180
319 84
506 542
677 322
336 44
577 154
421 43
549 19
1053 696
457 212
962 204
458 573
644 397
372 141
612 124
1003 663
568 42
276 57
527 559
520 516
565 647
616 30
543 626
484 392
537 160
529 224
430 233
502 558
1097 556
329 38
466 247
543 196
422 384
402 395
1128 395
428 406
749 276
777 357
874 616
1090 590
862 524
442 531
454 37
368 43
1129 5
544 12
419 16
362 88
500 121
428 453
529 450
1033 662
1034 589
392 566
583 551
428 316
1173 364
511 52
173 2
601 73
800 166
441 233
506 251
555 252
543 515
615 549
554 619
445 676
1063 497
1193 465
1168 263
614 1
1033 26
668 101
504 98
485 172
394 242
361 234
1013 637
550 265
291 291
609 338
567 381
561 17
711 568
495 514
1017 697
1066 660
647 65
561 121
672 2
1052 522
524 563
1059 709
1129 452
764 389
635 301
695 315
1047 644
629 26
524 30
465 90
289 97
1067 682
557 609
573 544
617 396
378 190
615 148
587 221
839 655
887 677
1203 570
1105 568
680 332
496 342
767 374
759 295
1001 281
717 399
471 416
870 127
420 84
814 29
923 38
294 161
775 536
536 272
1089 459
421 3
629 37
688 513
484 500
1061 419
475 295
492 266
1198 502
1046 709
613 388
821 587
1227 436
1063 697
689 429
561 178
486 523
485 412
542 383
477 194
506 504
434 70
821 70
527 685
1174 108
722 511
1043 379
469 531
332 173
430 433
691 355
548 39
335 61
562 17
490 443
838 655
1041 658
235 53
903 109
855 65
574 270
1011 682
448 12
967 253
681 212
841 209
545 283
1137 336
499 442
625 63
546 211
495 38
1176 438
484 148
1087 716
455 415
491 92
1090 351
646 290
857 240
444 69
1106 575
643 78
545 180
476 371
768 427
504 388
783 597
176 493
376 507
484 179
307 673
557 116
582 333
1158 449
945 45
657 315
679 328
508 550
903 167
481 368
580 149
608 23
458 512
670 278
352 329
410 361
962 80
547 175
557 596
522 612
494 349
1147 464
530 40
400 48
571 49
549 257
1021 653
1061 66
558 417
203 254
234 621
1084 482
509 468
790 370
589 651
595 43
477 83
959 193
1220 337
1006 149
517 363
839 545
290 50
1220 408
1194 411
454 230
487 255
1001 705
1011 689
1007 266
697 215
645 7
1008 250
507 672
223 632
517 549
923 583
1012 54
887 83
909 120
887 459
308 355
992 206
601 238
824 191
533 189
875 514
990 46
851 78
970 251
1033 715
583 624
562 190
864 622
509 694
1019 2
917 713
882 137
572 73
553 15
1221 242
914 173
1049 502
527 48
1101 587
856 70
939 251
668 24
1039 49
956 72
409 73
330 56
782 283
1051 234
1032 692
582 255
999 285
528 527
530 242
545 709
859 21
1216 310
579 328
815 115
904 60
1005 236
962 227
889 320
519 441
963 99
625 49
834 36
546 115
1092 139
1221 305
924 191
1006 691
386 375
863 8
905 319
533 200
1035 655
928 25
1226 225
671 422
299 7
475 69
241 643
976 273
1028 682
520 489
1020 44
599 532
1215 243
741 392
922 166
842 148
976 145
815 100
593 328
1024 700
416 356
800 91
664 344
506 558
1009 142
868 143
838 139
995 75
944 31
923 297
851 210
525 33
878 239
552 555
1024 88
486 377
343 81
851 188
878 249
900 128
735 643
1124 314
931 24
993 225
842 16
615 39
370 85
1233 8
913 268
496 207
380 420
989 18
1224 271
757 306
938 211
550 87
300 623
820 701
368 408
935 580
602 57
1017 71
504 53
645 404
939 76
627 151
1027 5
1045 689
951 553
518 639
428 282
927 87
890 102
955 197
1061 361
581 75
445 367
422 387
479 56
433 74
288 142
428 576
205 116
909 153
944 34
730 460
937 187
939 242
926 99
440 196
941 702
1093 369
1143 504
500 48
452 263
925 280
993 88
761 383
530 508
513 163
623 43
199 531
1056 496
915 282
610 190
463 133
265 563
360 95
632 695
983 715
509 126
422 311
460 527
1015 712
658 301
891 527
1083 705
969 209
633 299
977 53
384 354
587 713
637 33
905 682
607 559
826 511
1020 22
582 37
983 199
1170 514
1051 489
359 180
507 422
851 40
526 103
549 9
1031 85
790 527
911 159
338 13
344 242
678 419
835 511
557 102
459 269
565 594
663 222
803 132
497 262
465 222
947 156
761 516
866 691
597 610
498 587
427 254
763 348
565 588
909 61
1215 218
1034 483
457 209
711 261
778 119
327 215
438 40
417 228
558 48
955 322
605 234
882 65
961 287
942 118
923 163
867 689
539 73
1060 532
854 233
1024 662
797 70
931 674
411 77
523 56
584 193
1186 507
1004 290
527 194
467 61
478 20
1159 507
1003 144
993 37
646 29
663 345
943 212
509 261
1056 709
540 480
880 45
539 28
640 702
299 34
582 567
875 85
580 553
438 63
598 528
494 105
591 159
1232 447
488 352
981 104
463 95
953 29
963 189
388 573
403 181
1053 712
1026 646
473 53
470 85
473 170
484 201
678 337
1009 649
578 559
1134 518
447 58
242 15
453 0
1146 65
370 230
571 225
253 163
527 164
549 560
522 555
1023 639
295 699
1040 667
1036 708
455 348
316 323
497 374
622 261
725 269
1200 487
1049 496
1050 441
441 395
1106 395
989 31
1029 31
394 40
546 43
676 42
847 49
372 84
562 86
287 117
519 126
468 214
642 217
505 198
550 194
881 135
827 184
946 184
537 189
520 540
477 539
1075 571
454 574
508 566
533 579
590 604
676 268
518 263
484 279
736 283
738 321
796 511
722 498
758 488
769 483
493 469
807 33
463 6
479 29
630 199
303 231
955 159
588 145
1090 531
573 534
1188 523
880 554
752 558
513 572
1145 584
500 700
1076 699
423 265
651 275
1002 274
412 289
654 301
644 314
626 319
448 353
608 372
344 342
1080 453
734 444
436 443
1185 436
500 397
628 19
336 48
896 88
1017 187
954 154
735 211
1165 529
855 523
542 566
1124 553
629 632
811 666
1017 681
487 261
949 280
943 72
642 41
260 21
421 141
598 142
271 136
311 230
505 604
1020 545
550 559
1041 523
366 190
1037 655
520 1
406 9
669 392
487 485
520 480
709 357
1018 41
372 215
1006 709
483 397
959 65
652 32
922 321
462 451
507 208
666 308
844 168
666 60
664 216
473 112
644 154
890 198
396 106
1015 706
571 650
1195 324
740 325
1010 192
1094 190
1075 682
1036 665
539 87
441 182
853 532
510 238
569 129
495 633
1110 539
735 397
948 168
625 103
615 662
1147 344
515 504
449 4
871 73
463 253
1023 197
881 621
523 17
1027 715
595 699
1063 412
421 17
579 206
1091 378
947 346
680 705
1170 519
605 229
1156 512
589 317
738 511
749 525
566 143
522 220
458 533
219 81
587 409
576 379
405 33
472 383
543 80
999 137
366 717
586 44
1171 209
1103 555
267 53
795 527
527 263
897 176
672 250
635 11
527 596
546 616
664 329
623 342
1008 319
443 412
577 485
468 190
1008 251
629 71
1087 516
1082 537
807 592
1012 349
1095 349
787 396
739 398
588 206
819 152
1023 654
914 599
808 555
692 308
1182 396
289 114
861 650
756 285
474 141
518 126
655 97
566 78
536 10
1089 713
1009 670
815 633
533 575
992 261
418 496
298 505
729 420
660 12
535 7
614 59
394 568
1097 549
608 606
517 588
605 617
1027 674
1011 664
233 642
1015 713
638 214
324 144
506 137
437 23
266 126
412 423
1222 441
524 445
407 409
1187 407
321 398
802 530
356 626
263 618
626 119
891 119
344 87
523 173
661 249
550 368
723 353
444 291
617 299
1005 267
1140 524
864 574
1087 546
1012 61
239 73
845 107
538 213
598 215
481 246
391 242
435 142
1162 335
380 371
925 290
386 391
509 608
580 605
1088 569
877 658
1068 659
920 694
999 678
1024 79
413 98
559 238
624 247
497 210
286 192
594 182
955 160
459 134
1118 449
664 327
420 372
747 276
594 8
608 14
673 17
620 58
848 62
1025 628
611 615
899 525
503 523
996 68
402 63
570 63
537 18
903 22
449 214
401 211
1187 204
538 464
647 395
519 416
464 270
760 300
289 333
1099 578
569 78
673 178
484 250
705 236
429 228
607 214
490 473
653 329
681 320
731 350
904 713
581 105
424 66
486 225
494 266
531 265
1187 399
536 596
1065 652
535 189
436 70
641 173
506 616
591 211
450 502
501 126
1201 533
380 207
443 93
1047 718
1047 458
707 224
298 96
381 384
287 140
519 560
384 75
1094 693
387 53
724 543
970 44
488 154
507 337
368 175
945 40
517 46
868 574
452 494
606 214
735 315
623 400
391 120
1027 650
620 22
886 688
681 61
1096 543
1040 712
532 508
802 139
384 32
416 147
1071 707
449 373
514 380
958 688
395 374
242 48
562 480
363 164
496 168
1024 604
452 386
1004 150
743 349
447 527
1034 121
484 528
559 595
1067 708
685 369
429 541
530 555
604 703
503 259
478 527
443 215
529 23
1086 533
482 206
591 141
607 17
1044 653
459 126
1093 497
897 667
795 473
972 219
441 525
558 514
433 185
1003 35
1068 479
496 125
261 38
672 35
1028 687
668 263
1007 74
516 9
242 141
538 148
512 222
509 628
426 384
473 258
569 25
501 10
616 242
523 540
489 409
504 578
1136 512
366 165
464 180
636 54
681 49
635 637
535 565
416 445
449 414
350 220
503 200
1051 700
1052 709
1179 513
536 545
487 500
541 485
728 431
500 424
593 381
398 55
529 29
665 26
576 4
486 109
373 97
386 120
656 80
557 130
404 150
577 146
948 194
552 241
659 671
1035 648
953 646
563 571
1141 557
486 535
878 587
1050 614
611 331
462 379
633 359
409 360
642 299
423 453
535 462
189 507
1092 412
390 421
398 1
358 20
493 32
466 59
459 120
973 106
394 139
424 146
603 185
339 162
457 252
838 571
1111 548
173 518
1143 528
642 542
511 718
1028 664
1061 690
1014 698
580 682
495 262
502 259
664 373
737 320
1032 424
301 419
417 408
623 415
671 35
587 54
454 14
653 0
596 4
483 239
534 239
607 207
1096 564
429 574
449 541
1043 704
874 652
932 644
1081 701
755 319
589 318
1129 457
878 498
1144 486
281 417
826 412
368 91
512 100
495 20
920 40
305 156
505 143
425 186
498 167
529 225
529 229
1043 636
805 626
1036 699
1197 352
1220 367
549 374
740 370
1102 468
587 393
353 390
758 390
676 65
505 106
408 11
564 198
425 244
1050 700
1161 381
768 361
614 93
492 548
276 158
1035 502
531 54
832 630
464 398
290 169
581 180
574 12
987 682
484 612
436 191
612 718
987 227
824 399
644 368
595 597
451 133
627 18
498 19
1099 475
497 317
1007 139
1045 412
952 66
468 376
299 193
994 533
748 472
418 65
470 407
509 106
509 430
558 248
910 568
440 341
319 10
409 409
422 72
485 408
325 38
384 199
564 561
1158 48
238 112
317 191
1065 464
544 93
910 93
520 378
656 523
453 73
684 113
702 229
476 528
564 671
727 417
613 238
1199 536
351 43
1043 85
618 386
694 396
461 454
535 604
832 588
1003 221
564 677
729 225
351 174
392 59
541 100
417 52
1069 494
778 593
755 401
1029 651
807 596
936 681
395 50
690 380
878 647
656 164
506 59
574 617
610 246
655 274
385 245
541 21
549 254
492 66
627 194
715 614
768 512
551 709
593 19
436 134
403 419
738 395
519 269
1182 315
441 550
642 533
1003 661
581 711
622 84
484 85
409 108
633 25
542 46
582 233
809 372
651 321
690 342
420 509
724 507
439 448
548 584
478 578
1018 650
1037 647
1052 664
482 658
557 685
1157 122
390 55
434 143
273 139
1185 339
551 287
715 403
425 409
495 435
553 489
564 500
510 166
470 48
638 391
786 361
967 189
666 143
1124 568
1083 377
402 328
1222 281
533 293
1005 703
442 16
402 75
1090 512
613 37
555 100
627 107
424 389
659 247
719 284
484 287
1097 299
372 593
964 71
416 103
442 13
518 56
263 150
704 263
1074 475
744 508
1054 698
657 659
445 147
530 417
658 373
775 299
753 529
507 196
768 312
911 139
584 616
368 25
426 550
525 447
1133 556
1014 672
504 51
555 97
465 495
1047 635
422 260
629 165
456 141
1055 452
758 331
373 46
554 572
350 36
649 19
507 389
658 385
420 363
565 562
473 660
1032 690
1037 687
987 168
340 188
461 127
232 108
1092 23
1198 366
411 462
1017 668
1054 671
1005 665
1018 716
435 146
1028 138
494 116
326 385
1189 385
618 397
708 379
543 539
520 550
613 255
1223 253
395 25
712 505
924 510
433 476
443 365
752 358
1124 21
613 331
1128 497
1032 693
487 191
544 160
471 129
634 267
642 359
732 359
1022 665
1170 586
984 183
345 25
969 637
1013 703
675 195
557 192
1046 564
542 87
212 44
505 459
457 140
1037 659
1202 506
1160 389
677 73
938 584
770 386
1132 466
860 128
312 56
578 0
532 528
533 617
828 615
1185 426
454 433
685 336
387 4
452 124
362 217
580 644
420 400
540 290
531 282
1042 679
1017 638
321 44
546 103
1025 195
522 221
547 221
1157 511
1054 416
690 707
158 540
441 225
509 95
465 91
636 402
1063 379
375 381
715 353
787 340
524 21
505 586
469 20
366 250
609 535
1086 317
828 114
330 169
472 173
526 171
460 508
540 596
387 76
400 211
371 490
1074 675
398 85
677 1
931 519
1051 684
453 199
560 489
653 17
1066 436
493 121
509 527
1074 492
453 90
630 89
1113 528
1052 710
837 419
463 170
435 536
1038 630
515 232
563 538
532 246
1114 416
311 57
421 35
903 612
1188 471
670 82
568 520
1090 493
454 476
852 36
654 109
1084 708
575 21
638 216
743 301
557 5
1066 685
414 404
1121 471
1105 501
458 562
1091 529
1021 655
1066 682
444 59
1135 100
660 422
470 622
715 552
482 515
1040 692
445 137
447 165
886 21
623 16
532 460
624 349
821 350
587 343
771 323
428 371
814 369
1131 530
587 617
921 671
947 702
910 697
499 135
378 188
498 205
449 118
483 28
526 281
473 355
721 454
330 487
531 507
523 442
616 618
444 533
1185 515
888 680
539 699
484 691
897 688
807 666
1014 671
1028 712
924 717
504 128
943 168
451 213
569 200
302 242
258 115
609 99
651 85
674 68
485 43
207 41
554 38
429 353
515 262
647 317
422 443
1073 418
1030 411
768 407
332 479
1050 491
432 483
1144 511
351 504
1008 590
554 588
563 579
756 581
510 611
468 562
836 572
817 554
787 520
860 518
1107 519
1067 534
1078 528
805 537
1090 704
1071 662
978 656
1006 667
1025 699
525 170
463 163
378 150
324 246
697 239
528 217
474 223
419 208
486 18
384 28
641 11
417 7
654 61
467 96
478 105
666 115
304 127
585 89
1155 89
258 78
643 71
209 66
420 343
1230 342
285 340
799 352
620 364
585 361
502 283
696 262
695 260
752 299
641 298
1049 440
1057 444
722 439
492 429
604 427
447 417
644 404
687 406
409 413
522 410
539 384
731 387
1139 395
1122 468
781 477
820 477
1144 463
1124 500
1187 488
470 493
1087 494
1147 593
305 578
950 622
1007 630
873 639
856 638
1150 563
1084 562
437 560
1064 546
1057 545
1168 537
1040 650
590 640
1003 679
909 676
1044 690
1047 706
951 719
1019 715
618 5
438 18
850 39
238 35
451 48
555 84
500 87
540 80
662 94
521 100
467 204
455 205
649 205
549 197
400 192
601 220
625 229
560 233
364 234
567 243
649 244
949 138
492 143
508 152
503 187
417 178
585 257
480 277
380 317
769 316
452 308
891 307
680 326
555 372
484 426
592 445
486 414
490 404
852 388
379 385
803 495
432 511
1118 558
442 554
951 574
1110 526
1016 612
1056 650
623 195
290 192
505 241
319 168
990 73
941 51
554 4
685 434
871 141
506 93
313 563
1200 401
947 243
376 182
400 324
541 118
1015 300
1220 249
564 252
656 388
1009 14
929 305
833 406
374 217
557 65
1120 588
293 136
738 361
1021 501
501 42
1028 173
1078 125
893 247
672 174
825 387
733 259
755 586
889 10
442 289
407 561
322 79
591 566
694 545
643 39
1224 286
537 287
630 141
793 132
561 520
496 204
457 106
1107 428
543 203
1166 416
1036 655
547 119
1122 493
646 39
471 428
603 102
540 203
911 286
1213 339
861 79
1001 687
932 128
946 290
625 288
861 512
1145 463
678 147
526 528
1058 709
950 321
495 270
752 326
1067 696
913 130
650 71
1214 306
474 58
592 273
833 122
1020 182
380 593
693 337
626 631
1220 254
580 26
266 99
840 171
1066 487
1072 555
1170 501
1100 427
1004 244
920 312
536 6
744 221
376 6
1000 306
936 51
338 695
907 143
1041 505
1025 72
964 26
495 353
1075 458
920 345
922 261
919 31
518 38
807 126
1028 34
956 2
950 255
930 10
1004 677
1061 699
163 549
349 27
873 285
905 38
867 216
1010 258
128 256
860 141
973 33
810 78
987 312
977 4
960 83
936 157
800 77
1149 421
1027 113
134 520
895 58
1007 126
930 212
833 81
263 626
1021 71
1002 57
854 174
935 210
945 207
1036 165
878 209
586 150
441 2
819 174
467 138
736 399
793 95
991 232
908 139
992 244
141 476
861 118
939 118
456 111
1022 124
927 271
1097 131
649 615
669 557
944 275
811 167
662 340
1128 575
179 514
888 82
826 149
818 112
966 206
1025 224
924 276
805 145
849 193
1038 189
996 132
1013 67
802 113
963 80
1216 275
884 5
791 68
784 125
987 237
1219 379
762 124
194 647
998 190
780 152
403 123
1007 253
988 335
990 97
954 80
882 110
956 280
1013 236
898 126
922 281
1239 362
907 13
885 240
983 80
839 93
892 163
981 175
934 116
963 234
856 42
1016 50
934 269
1001 66
859 131
955 251
952 191
932 288
694 402
960 118
1221 272
816 187
1087 567
866 175
864 41
1012 118
853 222
825 219
825 106
956 313
906 162
1032 160
206 545
284 666
244 37
986 143
1221 425
928 357
828 29
823 71
818 505
822 111
383 9
988 149
962 172
993 164
578 240
1219 544
983 73
880 178
1226 370
1000 77
976 82
463 216
893 182
588 231
447 448
821 122
1216 360
204 691
689 320
993 4
1007 169
475 112
878 37
921 69
376 193
914 254
907 185
1000 346
654 218
960 162
938 92
979 128
865 8
876 294
862 93
1136 50
931 76
866 520
971 130
1012 9
981 82
821 80
533 181
900 97
470 94
819 200
987 71
747 277
907 278
836 191
955 191
1216 322
917 4
701 524
945 288
959 72
947 257
621 51
1036 650
419 92
704 311
493 192
800 159
1150 545
304 712
811 638
962 192
853 167
1032 158
805 54
140 477
830 86
961 318
1081 114
1058 691
780 116
1227 282
1026 709
179 234
956 229
917 244
1044 644
1030 78
847 153
1003 139
658 222
280 693
789 10
821 83
860 218
1094 491
854 181
783 117
1240 346
889 313
951 242
929 267
131 468
872 271
882 157
562 237
749 350
1027 658
818 146
260 611
801 358
1231 441
1145 546
332 195
926 197
1002 91
871 19
966 24
589 553
826 69
960 135
629 274
369 160
201 454
896 131
178 490
1231 326
821 67
580 652
877 223
932 172
927 88
866 164
994 132
423 212
978 258
840 698
844 167
855 317
934 282
183 497
975 93
1221 386
508 170
843 184
802 378
1026 89
934 79
1223 199
933 107
549 28
1021 83
455 20
1013 578
463 192
885 101
972 60
144 502
1005 110
285 661
578 107
865 171
904 233
919 240
932 145
979 145
848 81
1010 702
942 43
1027 20
619 43
880 286
437 113
856 113
465 208
578 10
806 101
256 164
943 188
980 51
475 231
827 120
853 163
844 76
1062 109
996 22
1056 701
616 625
1157 408
521 92
1228 224
1167 503
815 159
885 642
934 206
1215 318
954 97
1024 97
861 149
947 300
863 100
204 469
936 222
1052 685
985 142
1127 482
1026 155
453 397
944 106
794 80
995 36
877 190
969 190
781 411
999 188
500 462
989 265
1221 330
1014 87
288 654
698 234
850 35
851 27
553 122
611 47
582 14
357 116
508 482
792 102
911 208
517 198
852 62
895 204
945 144
833 47
922 318
822 128
945 107
899 304
1001 275
785 520
851 189
648 385
827 54
604 263
948 48
895 278
405 24
1060 539
842 138
856 217
1024 126
918 185
837 664
841 169
734 265
437 509
1033 464
537 194
570 285
519 28
1228 411
1081 571
533 481
523 705
195 520
833 153
1003 153
835 221
505 45
866 114
642 300
473 68
1217 213
455 689
884 112
502 8
305 161
555 313
548 715
995 31
934 120
958 560
809 613
981 266
350 29
673 23
518 48
282 702
558 212
1076 89
343 400
183 485
943 202
1223 263
513 570
907 45
620 91
951 330
276 291
899 203
441 367
1021 678
776 297
976 112
915 287
770 131
762 383
484 200
668 310
1086 359
1045 78
1016 215
748 570
998 648
957 277
898 283
524 243
1066 158
824 42
349 571
884 109
855 700
211 467
582 289
392 93
917 149
431 464
546 435
783 128
874 208
789 393
1070 560
1211 385
229 636
583 10
320 63
764 144
710 379
731 113
887 61
740 403
1022 238
900 675
445 388
921 299
409 3
1078 670
1129 546
952 41
1013 276
1233 286
464 596
493 196
554 32
852 59
1027 645
320 65
488 29
997 81
964 212
1101 422
484 475
366 335
836 8
951 230
424 529
1133 515
890 104
582 700
1063 225
1228 245
857 66
585 566
306 158
917 254
592 11
606 406
488 39
399 366
826 104
1048 652
1096 445
378 107
1013 132
1050 111
533 556
459 379
444 118
769 283
1118 315
811 114
617 354
969 40
610 310
368 243
110 484
753 303
1017 162
1023 659
544 31
393 390
493 549
664 700
624 233
1012 658
1024 98
694 80
1024 152
850 203
661 243
400 102
456 90
422 489
856 65
604 61
1016 195
1058 531
923 39
304 157
571 136
1028 507
462 387
850 228
949 228
917 287
618 237
984 34
515 155
535 226
912 88
553 682
667 49
1032 117
772 303
551 511
837 187
1164 506
999 244
508 151
985 135
643 682
505 444
1014 639
477 458
517 193
969 7
1032 664
933 303
1152 545
460 135
524 290
1123 481
415 84
470 575
869 115
204 658
564 242
1097 514
889 168
893 150
683 184
596 139
1038 702
602 71
1215 320
422 254
719 249
300 398
1093 537
886 115
343 7
945 252
485 175
315 98
304 158
1009 259
975 272
1079 685
938 293
1008 711
1014 242
727 273
735 311
1003 310
254 665
994 118
641 216
739 296
570 4
635 170
518 338
1055 698
944 137
499 65
575 630
446 405
432 108
188 443
1024 195
770 545
800 58
1170 545
426 257
630 290
1028 639
666 310
908 198
526 299
360 419
893 30
581 138
893 659
580 226
612 15
554 470
742 367
944 644
600 400
492 303
509 203
476 463
461 402
665 312
1027 683
480 574
1166 569
916 117
426 278
431 473
492 446
869 541
1088 529
1022 94
1096 43
548 179
648 382
747 489
479 468
443 405
720 719
1085 706
1077 663
408 536
306 136
377 178
426 491
1130 481
1054 478
428 355
762 365
744 294
1143 462
558 255
345 220
501 158
975 173
486 32
1155 536
445 337
390 184
466 79
432 147
560 24
946 86
1010 700
446 30
908 694
502 426
1219 376
238 620
658 90
871 438
993 248
301 314
430 403
1089 541
509 0
506 159
523 205
1045 40
465 125
477 62
385 434
500 489
864 90
822 149
1186 359
527 533
798 138
616 602
619 556
418 560
723 391
176 506
588 461
241 43
543 523
401 267
722 304
853 623
439 93
417 112
936 9
638 337
750 306
587 398
821 668
841 532
1002 95
879 221
1031 710
777 108
963 230
220 466
343 368
1016 687
998 85
668 301
827 109
393 30
538 139
142 256
788 82
458 604
486 447
963 37
609 313
432 265
386 557
686 382
885 497
1032 677
638 75
430 102
735 223
586 365
980 220
967 131
665 5
686 692
1014 97
961 683
1039 706
952 128
261 138
532 56
439 304
960 46
1174 406
1005 181
512 241
936 1
1053 118
471 468
1015 45
707 340
527 317
375 58
635 429
925 271
371 94
905 9
682 13
312 7
613 323
657 153
549 574
1016 197
1140 593
540 478
1001 696
719 239
443 47
658 426
649 99
964 104
551 372
632 66
389 127
931 286
448 63
499 183
471 236
994 217
735 299
813 152
530 24
781 407
547 546
511 110
963 78
816 155
452 157
282 15
650 322
1013 165
398 217
796 601
1080 553
584 49
549 546
416 10
582 6
283 637
1094 547
1024 57
472 163
1069 532
618 81
353 192
434 557
504 76
928 115
454 140
903 23
947 107
348 139
814 100
458 379
502 14
477 610
867 283
434 94
453 50
451 368
377 264
723 478
563 555
406 372
485 39
786 387
519 65
540 19
993 207
561 29
597 42
637 706
200 493
512 580
563 639
452 654
468 389
1029 696
506 391
642 29
389 195
297 5
537 200
542 200
462 134
513 383
479 536
904 68
209 507
612 168
575 198
569 615
1060 705
1122 495
554 404
1026 619
390 210
536 86
1188 428
373 41
728 349
445 193
822 564
681 276
505 90
704 515
950 710
641 57
649 697
433 33
482 241
1064 501
787 402
960 677
625 340
922 242
473 56
816 65
879 719
463 98
380 113
471 211
447 562
985 692
525 431
683 255
703 275
908 142
1006 703
505 263
493 245
836 591
947 647
924 684
761 386
307 204
1163 550
564 192
793 514
729 277
537 539
1110 495
551 596
597 628
750 411
1010 22
1044 519
556 506
555 144
392 79
861 537
582 216
734 328
1010 513
401 190
1013 652
391 408
601 123
835 520
722 421
399 419
755 358
951 712
973 252
693 128
1168 383
746 379
739 487
1182 536
542 529
610 563
564 622
856 622
920 717
1088 712
1102 705
797 672
1039 65
526 68
503 117
844 121
260 60
475 200
342 206
610 198
459 332
607 373
542 295
640 299
674 418
1043 449
506 519
1137 525
649 669
1052 659
527 25
281 19
531 33
435 122
522 94
421 153
371 214
473 206
580 206
783 376
1032 376
752 283
1038 493
898 509
635 412
335 394
1102 548
405 559
1171 590
492 652
1027 671
1053 656
892 685
628 697
641 33
621 54
457 111
1167 207
477 419
1088 409
453 468
937 582
879 662
725 223
497 476
1027 88
469 42
1115 438
798 511
828 705
1036 707
1060 690
1068 690
1051 621
612 342
285 392
490 428
489 434
841 114
958 85
624 79
394 66
811 572
698 541
812 629
1058 683
1043 706
692 304
982 263
402 105
665 96
644 9
276 0
650 21
661 33
823 35
641 49
433 235
625 613
699 608
886 654
365 349
500 348
734 369
767 276
567 506
453 23
327 51
400 89
686 180
1198 482
268 96
1064 370
497 244
609 254
417 295
559 292
511 76
613 102
450 244
593 226
647 140
447 151
680 530
831 572
453 545
629 691
1037 666
355 423
1115 482
703 339
1070 377
1231 358
275 30
255 23
480 13
395 39
584 101
273 79
281 198
443 249
1055 670
1030 663
1112 478
1220 331
740 308
449 117
450 117
285 127
517 31
677 225
461 245
509 141
490 563
996 705
1068 674
684 416
1220 418
449 388
689 399
754 398
554 452
359 370
655 376
707 357
1198 357
1170 276
530 63
1002 35
650 15
306 116
360 118
466 103
424 135
454 225
692 214
1007 714
690 677
810 678
1042 681
555 658
1128 592
568 535
1060 528
878 526
402 409
360 442
633 65
1185 87
525 55
296 172
518 153
906 254
320 212
487 588
885 600
914 712
1007 716
1053 698
580 319
555 306
526 276
487 439
421 422
396 412
539 65
400 5
657 13
305 51
956 43
1055 654
877 704
1175 302
1131 351
436 250
571 191
421 2
1120 34
654 36
595 529
501 560
461 544
1107 558
907 317
706 265
785 348
445 376
433 357
721 352
1089 479
519 204
1003 162
861 525
562 528
619 586
317 438
508 454
547 250
523 399
574 391
1088 558
658 415
803 363
426 159
471 343
238 119
467 606
1009 255
568 561
603 143
612 143
832 564
604 420
328 350
1100 553
636 260
518 273
1038 659
721 616
927 175
1194 541
946 51
516 100
1122 557
853 151
444 199
491 140
776 303
536 41
400 364
833 376
598 552
629 107
651 23
747 330
730 615
824 531
513 122
547 190
501 73
833 712
233 30
639 241
765 364
238 79
740 419
306 82
571 206
408 131
760 507
588 305
1021 718
999 139
503 456
277 1
525 543
1061 714
654 130
353 189
418 9
747 251
624 179
420 254
653 358
513 98
909 510
1084 456
1178 333
475 106
1000 325
633 313
