747 527
413 205
430 629
707 471
664 473
1279 171
1007 619
123 282
347 193
230 653
1044 454
333 678
1164 551
561 58
741 41
279 481
486 162
364 381
263 262
492 595
1174 296
9 83
1148 220
313 609
289 60
396 127
511 204
909 542
559 160
557 653
340 307
932 109
285 22
475 385
305 352
938 690
762 449
1022 383
167 561
615 599
77 458
656 101
579 586
1085 87
209 210
1061 593
584 591
106 161
321 131
550 697
142 50
1214 284
910 377
376 207
1025 519
450 32
831 408
780 130
740 105
525 271
302 561
344 137
1153 598
858 93
323 533
691 303
200 54
630 60
17 121
506 287
979 82
1051 579
717 235
1207 458
661 476
932 286
475 705
317 50
628 643
827 705
1123 334
807 267
670 180
222 584
362 534
1166 65
570 623
942 120
269 612
1242 305
1174 403
775 113
1012 416
620 48
411 573
676 274
982 13
845 107
