1079 435
557 290
594 290
1097 461
656 357
580 308
1004 688
989 442
789 361
291 252
502 626
1143 496
599 639
898 665
658 699
855 699
642 676
704 713
647 404
826 407
735 243
684 308
1082 98
173 69
649 114
848 581
435 173
590 335
343 623
1033 712
766 302
578 554
929 413
1044 175
1118 497
730 299
899 337
652 419
907 559
964 293
867 287
880 401
1100 121
582 717
735 652
569 596
1032 687
1151 122
1014 561
624 283
699 593
908 374
517 642
341 61
649 225
743 637
887 493
1160 644
761 238
1012 622
1072 66
721 409
1034 109
378 41
1042 436
372 384
937 506
580 329
1021 716
675 278
1026 586
680 142
682 708
638 302
364 592
707 387
204 38
818 554
1079 433
928 282
883 329
603 269
569 268
550 559
430 12
1134 547
415 416
1161 441
745 295
1051 439
1080 598
867 379
1071 595
97 172
1006 445
786 559
1035 418
674 624
581 625
187 357
673 297
1129 59
703 553
798 418
1132 487
254 223
539 586
586 640
635 310
1111 573
1009 603
999 608
1110 356
812 360
658 423
1113 247
841 537
1118 487
631 243
1051 641
1134 353
644 375
901 374
1055 312
591 311
947 376
551 547
851 645
1014 384
623 535
1056 626
1013 690
976 372
1104 345
633 416
705 614
1148 207
1046 456
606 196
171 224
1060 550
757 318
583 583
180 197
740 650
588 594
715 655
770 276
862 701
405 382
1177 312
1086 191
385 45
751 391
333 11
672 337
756 537
94 418
657 112
1075 693
688 296
1022 419
547 682
397 464
639 312
933 427
216 261
785 399
1065 313
398 89
758 405
948 469
1148 546
974 619
1197 476
999 486
626 172
518 572
1018 53
774 634
572 134
562 380
451 628
990 603
1068 367
660 477
689 477
1090 193
969 512
567 306
693 530
1104 510
950 688
518 709
630 451
962 388
669 205
781 526
364 92
1082 581
609 307
822 702
644 467
890 370
607 388
649 544
777 302
160 275
559 393
607 404
800 280
515 681
1026 567
1135 143
1066 565
666 602
939 480
652 364
241 247
1018 505
559 347
840 374
839 385
489 693
684 394
956 666
1134 120
652 536
685 536
1046 87
590 493
805 115
609 280
709 651
530 715
1019 444
1102 624
842 671
1161 357
1109 640
724 244
222 234
634 714
784 311
1113 706
664 374
981 503
1036 343
774 396
1069 66
726 484
1086 183
948 276
714 510
1014 696
714 224
720 697
664 474
962 474
612 269
546 398
654 682
1079 407
1019 520
722 132
701 643
746 485
715 262
1152 337
627 146
558 669
1149 665
698 537
886 536
751 279
1069 375
911 604
649 580
592 394
598 553
601 621
1127 399
502 607
567 589
701 501
903 271
1009 701
241 207
843 545
1085 384
1049 617
1106 123
283 332
662 635
129 142
656 486
580 300
1069 330
1043 255
621 429
1041 90
511 287
587 561
151 259
768 295
996 601
738 102
879 586
1067 650
619 649
612 702
817 301
1040 559
707 310
693 380
187 160
1099 377
752 717
994 457
531 638
830 411
811 362
1145 631
1091 442
577 253
713 390
619 358
1056 503
363 30
693 659
190 336
566 237
151 116
624 238
808 557
621 314
680 325
882 393
927 483
657 575
639 634
728 494
701 331
1033 573
443 685
869 510
1082 495
642 314
653 546
1156 348
886 273
1089 438
982 345
717 401
841 532
805 268
595 305
826 321
971 462
1039 571
738 656
594 179
954 444
645 290
221 344
931 344
926 472
568 550
967 558
1098 558
613 602
914 288
670 443
653 208
726 582
870 658
692 373
552 300
535 560
417 88
1034 448
623 313
607 581
618 604
743 350
1106 149
739 480
822 399
404 54
522 634
838 507
820 388
742 294
410 375
686 570
726 247
635 485
1021 567
724 275
965 584
948 527
832 528
522 631
1033 218
593 659
1150 165
1103 168
1041 100
469 554
603 326
1040 230
616 335
1018 335
709 609
1047 183
747 411
1055 491
144 298
838 383
95 253
733 378
807 517
363 565
804 670
816 370
678 254
1007 494
922 461
852 556
719 424
683 409
213 382
692 267
763 693
567 542
1172 594
735 593
1062 641
492 699
492 609
716 535
1035 695
757 379
1076 83
661 393
586 355
614 355
782 551
602 202
650 468
534 248
761 286
676 370
965 606
781 613
1107 519
835 410
545 523
665 523
635 499
1134 192
836 644
548 654
1104 659
627 522
432 29
778 430
688 482
1097 482
1107 196
567 675
1101 237
928 409
387 30
1184 313
560 348
695 603
805 687
709 518
872 547
243 365
945 492
627 686
417 17
643 257
1016 707
1028 481
1047 504
667 582
698 363
1010 645
674 396
920 445
934 553
1103 357
758 234
742 485
1163 231
647 603
640 302
541 263
664 308
1016 508
1130 129
720 417
730 312
684 496
526 605
163 131
663 534
1101 648
545 187
754 678
1023 645
794 619
999 585
1021 88
624 470
983 379
806 363
767 248
504 683
1023 236
1174 328
736 239
683 583
1112 185
776 699
722 262
1092 237
445 680
663 645
1043 139
1030 646
655 661
631 152
599 330
1009 413
858 294
546 257
1046 102
836 395
749 642
1045 512
644 687
894 443
580 275
995 217
1141 328
987 308
673 247
899 378
856 622
527 546
611 511
878 295
658 475
1075 566
949 540
1014 677
783 490
854 305
751 479
1038 703
605 588
608 499
847 513
675 350
1024 619
810 652
629 244
877 373
711 331
678 572
1030 480
1083 633
666 526
503 705
901 388
894 701
933 606
813 417
728 276
1005 488
731 377
554 644
870 339
797 595
1111 357
868 252
921 613
691 719
921 600
1139 468
547 546
1040 301
1148 436
661 405
628 416
697 646
914 563
1074 149
1104 539
686 520
843 397
626 696
1109 435
702 444
456 615
975 635
212 221
782 519
643 348
693 285
579 692
192 502
838 518
470 625
625 322
413 295
623 403
606 325
1035 506
564 199
740 549
1051 308
547 173
1037 123
823 395
934 459
1084 491
980 482
718 356
1169 440
316 168
742 465
730 483
474 543
1179 509
727 291
684 315
720 398
861 296
768 320
1174 445
187 252
1111 159
1157 514
956 682
850 285
603 333
1018 485
596 715
884 719
609 552
660 355
1134 343
1125 473
681 432
1073 522
912 575
756 589
464 588
924 651
1062 321
511 247
132 132
1150 488
834 621
413 86
818 377
832 338
978 394
1019 295
421 2
776 541
418 62
356 76
565 192
614 648
582 372
662 481
911 669
869 487
1020 246
361 562
1056 700
1162 613
758 433
653 228
912 458
367 36
1084 392
534 700
623 677
640 353
589 399
360 9
569 543
1181 402
736 260
715 403
701 472
432 691
594 681
850 553
908 536
560 651
359 117
999 679
608 304
468 567
728 469
972 462
1009 462
783 249
1090 14
1123 614
339 89
970 671
1068 570
1147 458
652 505
738 621
589 232
604 197
542 702
510 571
1043 446
1095 601
389 245
640 508
1170 374
169 273
748 698
694 330
1055 392
665 641
1105 641
740 313
627 119
718 608
846 608
1074 608
765 684
1001 430
704 719
817 486
1039 486
1106 372
1042 390
358 72
766 538
663 243
1145 367
274 197
171 171
1071 336
550 573
730 702
858 366
1004 579
553 697
477 609
757 682
714 412
618 194
634 695
1040 675
589 356
168 329
746 329
692 660
803 390
1043 390
392 365
947 405
850 518
875 318
319 41
1031 562
1164 147
295 452
741 296
982 519
1061 432
910 415
1104 687
174 38
1158 465
427 84
810 577
554 686
1128 599
1120 687
631 295
633 190
814 589
1046 317
791 707
766 580
694 239
387 405
583 572
702 673
344 518
627 533
694 435
381 96
735 564
699 277
785 667
1108 703
1053 476
174 183
190 589
1088 634
1019 111
857 254
827 639
941 499
737 677
1052 626
689 328
613 481
568 357
758 578
582 602
1025 532
496 545
584 623
1098 53
1154 583
335 67
580 313
927 516
592 717
1101 680
1207 525
894 679
1017 684
902 488
570 558
593 387
1071 440
725 316
321 12
547 557
733 666
1028 490
383 49
172 376
386 163
381 53
758 391
1165 409
590 301
627 691
552 226
985 480
1193 572
1036 634
625 551
647 254
937 683
1035 140
372 21
1173 232
240 275
817 498
919 422
828 107
1160 303
145 94
722 645
1160 426
909 397
387 45
785 351
821 431
796 444
986 297
1086 300
841 567
1152 633
648 529
403 21
1075 683
351 63
836 507
675 333
890 330
805 282
472 687
1095 40
1093 382
419 11
986 435
348 459
578 558
896 573
602 597
601 609
684 704
985 679
402 30
908 372
894 414
584 411
610 578
751 628
535 540
669 535
1042 137
373 370
365 17
850 312
595 360
776 517
1041 385
142 220
540 345
329 634
420 77
1144 213
407 0
591 188
1043 319
630 552
638 555
895 601
1171 317
814 366
1199 172
630 314
748 265
956 638
704 263
155 188
1068 424
1099 615
1058 476
1055 622
131 196
909 584
910 659
949 336
1103 197
1138 654
1020 561
1148 563
527 556
594 556
850 355
957 286
846 505
315 596
311 719
621 597
660 698
616 401
713 591
574 237
666 504
579 701
1070 556
621 134
142 535
1117 6
339 38
981 509
670 685
925 244
286 622
619 645
1065 278
827 315
342 29
418 131
847 533
414 361
1064 336
741 527
525 306
597 325
1139 360
716 434
1062 625
328 3
715 650
881 650
778 435
1004 407
675 445
675 666
1126 600
680 120
537 712
776 712
911 394
896 706
574 298
838 582
691 703
1082 685
822 626
1057 353
1006 81
544 404
655 193
1110 391
1050 533
578 551
480 138
692 501
702 452
833 552
1031 615
626 423
941 525
628 516
1042 16
383 28
596 402
387 156
372 519
1076 323
656 365
569 206
407 5
873 121
541 373
343 74
385 443
1082 640
727 586
1063 262
1079 34
1144 432
889 459
546 168
982 433
1250 400
719 263
823 521
589 607
677 375
551 685
564 692
413 54
1135 386
1133 569
371 30
400 11
1156 603
367 20
413 92
690 574
160 298
332 658
978 244
291 561
919 667
398 516
1007 370
904 255
1007 271
173 171
678 625
413 16
484 719
1075 335
763 586
1009 713
394 353
818 279
374 24
546 321
1097 483
1122 483
883 506
1040 539
650 465
932 464
148 161
369 70
889 246
580 218
429 151
417 8
223 256
824 508
154 193
859 353
519 532
391 6
886 692
383 475
601 570
797 426
720 304
716 703
849 420
410 54
787 421
565 535
659 255
654 415
511 539
656 441
303 39
1112 493
773 311
668 628
596 139
702 183
658 565
565 527
296 677
662 297
547 550
1121 61
1052 288
935 553
477 97
814 375
1167 573
1056 409
414 168
910 542
586 576
1108 582
164 286
1118 644
704 435
776 370
1081 366
500 556
567 538
937 373
540 511
524 669
712 347
351 31
590 510
413 32
412 488
430 21
600 306
1028 164
360 59
1126 583
558 613
943 650
777 717
894 639
615 263
617 311
970 291
742 491
1064 577
349 24
418 497
440 79
1032 463
390 479
1066 529
448 130
1020 568
1107 617
982 488
729 654
647 615
1053 430
385 48
1119 625
401 5
417 368
1025 607
623 292
827 543
727 587
929 579
503 679
986 455
941 595
366 44
895 309
768 397
242 349
1124 484
1128 180
515 610
813 343
933 518
129 605
534 620
756 412
499 683
872 516
1013 649
884 714
765 400
586 602
908 329
707 338
763 505
538 543
904 325
718 579
923 404
876 654
743 570
906 467
1032 335
903 336
165 99
853 31
710 577
893 494
693 69
1142 176
629 600
580 385
1031 497
426 31
729 554
747 620
926 373
653 541
836 377
1078 691
538 682
232 286
1070 341
1023 709
910 483
1031 717
662 220
494 675
941 503
336 1
716 283
1136 241
771 237
1041 418
582 76
528 2
566 378
683 479
724 457
579 423
617 551
1098 137
623 309
596 284
704 710
611 273
852 499
599 341
758 329
605 621
997 516
1058 368
709 270
340 123
944 661
1026 435
1140 581
362 10
1104 662
1056 418
838 349
1124 543
1057 545
680 367
1190 262
1095 140
182 319
177 169
368 68
1130 492
761 701
1000 292
346 70
1029 269
1165 402
557 341
848 561
605 347
539 598
983 684
656 323
777 323
1127 100
773 573
207 268
775 268
502 635
1050 675
894 422
846 251
758 414
309 655
983 408
349 20
838 264
597 303
1079 503
736 332
1097 654
810 433
1126 486
690 696
873 339
767 404
549 562
696 283
338 493
971 402
1063 456
366 28
397 28
597 486
793 297
560 719
801 675
968 673
990 673
648 432
347 436
727 565
621 629
310 717
670 488
760 507
589 570
1111 416
760 655
1084 319
771 525
1077 674
340 33
410 62
689 381
713 134
1066 319
395 374
808 533
673 597
565 554
1051 628
417 4
659 338
779 456
791 526
774 369
1045 601
329 652
1015 8
628 686
865 550
610 552
174 633
826 707
577 674
1126 478
1075 635
744 379
1106 599
591 285
1022 412
1000 571
760 714
654 101
1101 260
859 460
1040 323
591 418
1017 663
673 715
1062 633
1119 520
677 597
1116 234
1054 494
954 414
524 654
835 573
328 74
609 555
642 692
879 421
1176 420
945 352
950 345
771 511
380 81
352 78
595 407
723 694
377 47
385 594
125 195
777 474
686 460
586 386
1023 0
431 411
539 584
1102 21
715 698
414 94
507 324
1138 481
395 37
1027 514
894 423
667 129
783 473
780 221
690 716
350 32
776 411
657 527
533 560
1154 443
676 631
835 632
596 366
589 231
703 600
1136 612
1186 439
1045 282
828 407
1122 111
690 396
661 680
342 541
637 350
1025 577
709 341
1049 511
821 674
1151 493
683 512
907 317
665 626
393 429
977 452
429 29
1085 392
751 533
761 319
647 205
609 494
736 510
934 529
799 285
700 476
1114 673
730 598
553 656
732 608
903 528
1055 544
430 6
846 449
812 375
1041 599
123 164
884 278
765 397
217 360
1059 703
834 409
585 536
949 503
780 625
548 233
380 76
1109 50
1045 243
683 311
1037 362
584 694
669 483
942 539
622 303
1015 529
385 157
1076 378
1013 580
929 280
584 217
1035 218
585 386
721 618
572 382
393 32
770 299
1124 550
596 411
1040 90
737 449
793 322
771 441
159 265
572 650
900 349
611 402
713 326
529 601
396 54
599 243
328 479
747 463
504 704
517 565
1044 456
680 678
1070 429
801 566
323 651
704 642
710 433
920 282
552 710
725 270
1148 475
599 685
474 546
811 614
184 317
676 406
587 526
560 555
832 477
318 1
1099 475
855 584
1090 8
1032 654
719 295
839 573
1046 331
418 20
620 305
677 137
1043 618
956 355
664 365
915 533
917 576
950 501
868 713
744 675
399 8
625 526
616 683
639 714
691 714
1156 118
680 491
401 32
1122 601
676 502
1071 490
849 515
604 215
544 683
697 297
782 466
231 370
801 365
714 603
427 129
986 452
646 496
322 626
1072 437
291 333
416 25
901 510
979 440
345 7
1108 405
1049 517
1196 267
651 243
388 14
1171 205
683 357
914 55
673 541
633 390
690 691
1058 612
1047 608
1049 47
665 551
157 188
777 341
407 85
1136 622
642 414
657 547
1033 370
738 663
603 364
576 199
730 344
676 630
136 332
1114 280
602 622
677 183
1193 483
1136 669
1132 399
396 188
690 620
964 311
1046 261
560 338
475 683
660 437
498 542
714 244
699 546
733 546
640 559
1073 102
358 535
998 387
836 647
685 710
931 660
715 485
234 715
632 477
401 33
719 458
675 547
597 653
683 213
777 464
1158 401
398 395
777 449
611 357
659 396
714 313
659 387
518 616
1076 620
909 418
749 699
838 702
917 709
607 284
848 421
620 397
1066 112
1073 646
1131 335
389 378
891 610
792 250
575 698
1085 305
736 486
810 680
739 620
1021 620
481 677
146 215
992 263
725 373
573 393
803 692
455 702
624 490
649 416
584 190
768 268
1023 461
425 166
554 243
839 394
292 629
547 225
189 64
610 419
1072 189
1101 677
908 710
766 485
1069 418
749 488
556 615
1087 567
1105 598
683 202
895 526
888 637
434 43
772 555
978 516
585 366
1139 338
752 394
872 510
764 594
788 423
712 714
1091 419
1084 585
811 420
701 597
841 254
617 532
1164 485
432 44
620 694
617 207
389 54
540 269
528 700
584 360
1104 625
183 259
1047 269
1064 635
673 365
745 504
545 373
959 446
666 591
1039 614
915 256
816 619
1093 370
1007 505
1125 308
798 615
626 500
621 630
1073 372
541 686
988 550
1073 667
557 207
925 526
722 585
308 641
647 349
606 692
793 518
1113 79
702 346
1050 424
872 420
1149 202
163 120
710 357
550 677
687 537
745 301
603 261
524 698
761 365
943 369
789 386
857 548
468 583
591 426
651 321
711 197
754 592
1060 499
1203 355
642 544
992 156
1119 497
774 665
372 399
814 411
566 671
1014 401
815 320
738 484
965 594
1167 233
635 207
1103 539
745 237
718 262
937 564
876 491
940 415
977 271
843 420
1061 177
588 418
592 485
811 308
1198 496
490 685
687 607
1011 583
706 598
743 414
965 694
976 430
930 498
585 545
194 266
578 382
579 610
1104 218
579 602
667 389
1158 635
716 415
1111 538
591 274
643 393
837 606
1060 715
1142 319
1135 658
784 417
726 183
848 546
1081 432
873 670
1099 2
853 704
637 397
325 683
587 208
1035 285
725 324
563 531
1083 451
654 699
291 659
709 371
1158 154
751 548
608 705
1151 498
574 687
856 563
930 512
623 349
636 349
1170 634
968 384
655 362
776 563
1040 568
1166 572
608 374
567 710
1099 243
1088 683
717 678
1038 37
1105 642
831 696
485 564
603 381
587 238
575 310
572 632
654 532
199 212
697 408
610 344
991 693
630 529
750 322
1164 540
504 563
648 353
994 486
1117 30
1080 552
595 373
1020 397
657 421
847 421
721 216
1092 511
1136 668
1047 337
1036 46
655 325
429 33
1061 388
649 371
722 619
893 540
1025 329
1082 251
935 490
1042 250
759 395
745 595
916 276
363 38
815 316
633 312
644 511
918 585
991 503
1091 365
453 670
701 413
385 11
754 174
904 95
818 397
952 528
939 430
995 608
958 372
788 594
599 262
621 522
1126 678
718 685
1084 685
1006 651
1015 104
145 129
1109 526
854 508
791 446
740 213
813 710
630 360
717 389
574 361
793 549
875 539
798 367
355 4
925 509
545 719
353 40
702 581
747 297
1135 331
1066 598
604 569
518 543
852 611
569 368
1106 90
389 18
683 597
1128 353
674 581
612 318
1127 430
951 352
1104 369
1210 481
750 540
555 605
973 678
385 529
515 554
742 433
716 522
824 364
227 237
602 559
760 496
923 344
589 213
993 409
807 542
1082 654
795 345
913 469
1093 469
1060 474
548 380
1106 509
1097 684
412 73
510 592
603 536
832 536
556 383
845 383
819 647
1137 103
1193 527
542 617
604 324
720 350
731 656
1006 674
548 279
816 586
940 345
1110 605
374 43
1037 709
1031 382
771 365
986 260
692 201
839 377
845 242
523 586
993 44
1093 649
739 386
868 710
1092 187
324 533
577 533
928 680
941 422
915 568
722 599
851 301
846 408
1114 523
519 695
823 384
764 475
652 322
602 652
1073 344
652 546
1011 637
542 540
1000 391
1182 372
1063 497
1127 124
685 514
821 358
888 687
994 362
893 674
852 688
592 595
1037 310
891 697
995 35
1014 673
1019 592
879 512
386 61
1021 633
1142 220
781 434
1015 299
609 520
122 165
1016 557
457 693
884 385
1168 331
213 156
1005 543
1100 630
1173 538
608 344
897 344
552 672
776 514
569 424
1057 592
897 481
794 93
386 675
763 578
911 236
915 500
1150 333
948 656
622 580
1070 522
541 211
954 422
689 467
1025 539
1020 530
522 573
691 675
1169 212
712 669
908 579
718 388
896 376
1116 703
969 425
1088 114
192 309
189 237
319 13
719 187
724 359
735 302
632 214
601 363
631 375
1100 432
737 416
722 469
495 594
535 211
1024 599
688 241
1132 666
1162 493
879 651
592 280
542 562
667 236
835 365
716 330
1012 586
1004 248
1006 655
781 470
864 684
640 298
507 629
1080 662
1023 617
765 540
732 297
679 179
532 582
602 175
468 665
1140 519
778 260
674 366
945 317
610 385
596 351
747 498
805 647
767 579
868 652
855 514
723 665
534 562
799 430
207 656
943 388
954 348
1101 433
548 188
765 350
836 358
792 545
987 515
1097 336
771 703
194 213
638 326
1017 491
1147 261
776 544
785 709
1114 590
669 301
1165 382
797 380
811 324
1160 492
603 624
1097 432
645 510
554 213
845 613
757 499
160 113
792 518
854 266
692 353
1118 438
978 682
375 33
639 422
985 452
721 108
1181 487
567 719
712 309
822 382
949 408
658 445
636 527
1100 222
817 403
785 344
474 691
765 348
1014 659
1051 498
632 673
866 641
787 401
756 268
1049 456
721 538
944 266
512 660
650 685
677 475
1032 118
560 605
759 400
749 451
922 381
1074 278
723 252
360 46
843 597
1081 399
636 578
845 341
1048 659
800 425
595 256
698 336
727 636
349 86
171 175
1076 185
834 646
1175 467
616 211
687 505
587 491
931 677
1162 477
770 490
523 686
692 293
655 527
1031 346
847 507
1180 460
1119 466
971 40
686 368
944 349
1114 183
866 245
697 399
508 636
665 213
1194 450
887 692
565 536
965 269
639 607
806 294
504 668
1130 418
626 281
367 590
982 502
701 498
197 53
966 674
665 396
1120 242
897 410
543 406
746 603
853 687
860 335
111 215
1138 200
1146 200
480 708
780 658
575 380
1172 349
846 677
651 371
1064 540
654 252
707 523
1079 675
598 504
981 373
1106 351
684 342
1165 481
1100 360
877 334
1026 75
631 348
1142 140
1168 332
668 391
565 644
1094 385
1033 143
560 569
806 399
717 312
610 341
615 530
1051 682
1028 616
381 37
1078 32
778 683
867 588
1176 385
631 717
1023 419
722 545
666 524
127 134
806 697
1082 386
722 621
968 434
1123 254
715 395
772 448
653 533
907 439
984 171
646 217
685 427
820 693
612 319
813 341
1084 719
599 525
950 521
645 695
1001 37
843 515
599 349
330 13
1025 370
986 80
711 714
1072 550
1130 633
984 500
645 397
555 691
577 523
644 523
594 243
858 597
584 674
1006 437
599 337
1058 538
705 462
977 705
1016 284
761 383
392 408
706 236
1161 325
626 554
563 310
720 212
846 643
544 687
1097 38
938 614
755 676
1146 359
1124 403
577 344
822 481
690 286
794 420
753 574
763 621
677 338
663 330
829 282
1034 488
564 216
1134 596
1069 667
565 662
1116 501
978 685
1065 572
710 472
820 350
1007 681
939 509
337 4
712 659
498 570
642 639
660 311
852 542
655 310
858 482
826 541
726 561
956 563
820 495
1062 455
526 643
1183 562
1104 86
659 278
1178 443
937 524
529 91
260 151
827 587
865 658
722 492
1022 39
318 13
1101 530
965 532
789 647
869 312
831 659
712 375
619 333
678 333
788 323
356 18
375 454
1064 173
1090 579
742 508
1004 703
1041 668
835 519
805 632
585 587
985 291
812 307
205 234
956 406
774 339
989 473
1031 487
1117 167
907 532
887 523
414 396
593 319
386 20
949 572
811 539
895 675
706 117
443 659
1007 669
925 326
405 83
1035 388
563 361
695 323
657 395
646 424
1144 537
726 385
744 304
173 266
1036 266
709 549
1019 328
860 409
1064 255
1154 106
673 263
1160 259
602 355
1165 625
606 615
925 502
1000 440
1137 60
1159 512
247 401
595 534
1120 344
580 499
882 695
292 66
1027 543
338 82
628 712
1020 636
1053 716
810 313
906 308
146 195
855 543
350 48
599 215
778 526
740 383
409 33
744 483
603 620
830 620
776 354
790 554
732 589
786 578
597 320
334 631
691 255
727 617
614 264
817 562
639 597
969 293
1205 187
714 580
1073 103
343 625
887 369
686 410
411 55
1024 489
894 302
841 527
773 498
869 425
606 160
367 19
696 356
578 289
1043 579
198 270
804 345
1052 147
620 684
952 338
526 647
575 552
569 538
594 268
1020 679
356 103
1037 614
412 11
377 86
427 441
818 675
377 385
1069 542
361 394
615 548
971 371
1025 318
1090 521
1057 680
596 372
395 91
344 88
1004 457
1094 460
987 338
989 417
946 265
858 529
496 633
1029 640
717 629
384 445
1147 260
1108 484
658 219
416 328
871 467
538 556
1079 660
372 415
754 369
872 327
559 590
597 711
140 511
1130 625
1003 502
513 591
786 286
368 82
686 317
670 550
501 616
208 658
669 658
899 368
1108 191
960 282
706 373
282 615
704 401
661 675
681 466
938 291
886 516
935 537
517 580
628 307
920 430
362 62
846 526
543 642
586 332
764 281
469 56
339 445
961 555
136 170
1135 371
524 628
659 365
1049 482
606 701
869 381
333 718
545 507
1048 618
928 343
838 492
603 417
545 337
678 583
528 555
371 52
842 334
394 439
598 545
1119 698
777 659
1093 606
595 379
848 379
387 503
735 688
874 115
662 679
476 61
779 214
903 285
639 718
616 551
964 451
1069 614
727 443
890 591
805 602
622 490
593 379
375 531
989 587
444 20
1082 397
431 16
1113 661
505 553
647 317
451 32
366 414
755 370
477 625
841 255
1041 678
375 21
726 645
843 403
866 481
839 319
1115 564
506 549
548 614
820 297
1146 591
735 714
388 439
635 204
595 308
1029 104
1151 531
726 203
1088 685
387 9
687 665
427 5
832 667
1038 377
916 510
1093 481
881 344
688 602
665 394
690 638
879 541
1127 57
636 627
1075 536
1006 502
505 566
524 600
1084 557
1051 473
421 25
1092 508
763 337
850 238
156 61
394 129
1048 620
403 445
888 248
907 259
399 67
606 194
634 515
1048 110
202 651
907 570
506 647
383 407
663 486
1001 453
705 684
769 387
982 456
598 307
1046 574
209 124
1119 53
726 718
1030 619
379 32
826 525
665 422
755 311
571 606
551 631
330 82
784 374
537 234
1053 651
1042 423
625 457
1087 580
922 316
792 400
561 537
1172 310
1108 628
433 3
1083 341
357 27
1087 237
1144 346
434 650
395 118
1059 686
1151 606
579 664
895 352
560 353
603 626
768 346
1073 597
753 514
628 324
919 265
904 480
1003 480
559 311
854 441
488 69
741 590
1161 668
1120 232
1071 350
874 560
610 218
1077 218
509 538
589 248
1152 637
1058 669
820 486
821 415
1068 318
1077 661
893 307
378 388
172 131
196 629
360 19
725 276
1199 451
830 580
583 292
377 5
927 329
1073 704
1085 562
782 277
876 529
306 553
400 76
161 263
1022 617
1171 521
829 381
866 625
1085 79
875 529
643 421
618 530
682 514
878 665
330 45
660 402
747 479
1186 310
976 306
288 651
135 221
1038 357
1184 583
1110 210
770 238
397 427
307 536
1105 428
838 425
1196 471
598 656
513 597
1001 424
432 698
593 212
740 495
1135 465
710 638
758 580
196 117
703 676
373 71
615 550
596 396
680 459
338 5
1058 622
905 478
618 214
548 580
666 396
675 294
177 118
382 129
612 541
594 537
685 666
1160 572
740 209
762 248
1088 408
1058 462
762 304
919 508
752 265
550 517
1112 641
733 579
543 705
1034 22
886 293
634 331
769 376
957 706
733 357
548 671
796 613
966 715
1070 681
1145 419
1178 285
1127 323
950 491
561 328
733 512
1115 615
596 685
1043 541
682 191
389 22
719 340
633 419
996 643
646 528
1019 511
1166 356
339 673
730 577
731 247
1094 542
340 64
1062 557
1034 325
699 712
925 338
703 371
607 528
767 428
669 389
517 483
145 602
385 2
1087 415
954 475
454 47
1050 411
1058 619
145 131
388 392
620 550
874 423
826 250
1101 582
1177 270
825 679
1107 499
371 415
700 392
631 678
861 487
963 602
686 482
1003 718
651 389
662 434
702 410
1041 378
857 351
1095 259
1033 632
1160 386
444 66
669 583
683 356
1054 709
831 424
1145 471
596 525
743 713
623 541
369 548
573 331
943 535
1018 592
194 294
952 379
977 434
693 201
975 378
614 399
1054 483
816 492
840 147
246 341
1039 55
1113 157
363 34
888 22
873 490
583 272
340 614
694 449
1106 590
1114 578
1005 272
1076 485
759 249
878 293
700 511
1033 694
540 669
902 351
365 41
701 457
807 148
883 623
396 113
754 618
545 582
923 400
442 44
1105 404
193 318
129 150
705 250
882 546
988 462
723 176
780 193
736 386
1050 129
693 279
1115 390
1197 517
216 297
787 585
1041 508
677 159
651 484
661 202
983 52
992 483
934 276
913 521
1076 203
609 642
712 381
737 532
1106 378
575 568
805 295
870 578
296 698
1008 191
760 411
768 485
633 339
1082 473
1129 706
589 366
865 518
643 319
965 551
1097 66
837 461
936 489
1084 513
672 621
1086 61
1060 451
1091 48
785 591
669 519
591 412
1058 337
1037 285
703 207
652 263
577 250
812 545
614 635
165 237
743 499
762 514
577 257
1029 661
568 216
999 583
822 312
1125 412
660 500
1023 696
800 348
1056 555
572 211
973 510
1074 407
151 188
661 210
586 572
597 686
879 524
1167 370
831 397
412 55
907 586
508 601
649 438
642 368
668 607
617 184
1075 62
773 576
535 286
656 507
1105 400
1060 487
1028 496
164 556
761 620
708 253
705 303
1089 398
723 693
799 517
735 235
500 657
622 546
1124 592
499 674
1033 447
952 606
526 196
510 584
1028 684
535 712
750 192
1112 276
109 233
794 592
720 480
779 382
672 685
154 176
137 296
1034 553
565 333
409 225
746 385
1125 670
808 492
220 349
741 627
650 554
586 334
989 552
966 260
765 590
1081 543
711 441
709 382
757 254
728 350
594 393
635 387
648 229
731 525
564 292
672 495
707 347
1052 321
553 308
975 651
1151 394
862 415
619 560
426 72
1039 359
1020 25
619 232
1016 368
602 530
701 471
844 574
1008 566
405 43
913 374
1096 655
683 305
642 402
1033 406
699 675
739 572
1044 460
733 417
535 616
1002 83
508 623
945 623
653 225
749 250
1191 341
370 90
907 485
972 631
638 277
775 678
516 599
591 376
1040 52
955 447
976 426
702 715
529 246
868 405
665 534
641 325
1122 395
530 663
422 63
689 522
489 659
700 496
795 631
887 649
959 701
484 594
538 561
586 322
1115 267
418 40
704 354
895 515
827 598
800 680
642 189
342 462
663 320
765 588
951 528
1044 686
1010 719
651 331
613 482
1155 523
939 381
504 617
656 615
866 557
357 69
1042 672
670 112
1071 341
1019 385
650 644
667 361
1128 302
751 402
653 582
821 625
561 715
623 365
871 497
672 439
760 340
592 345
1045 309
668 390
1184 440
229 140
93 194
738 523
722 682
251 272
907 655
674 689
581 597
1011 679
742 214
499 709
619 623
1121 681
849 678
927 424
131 177
793 553
713 103
1008 700
1092 422
1123 515
521 678
810 401
1043 684
641 354
661 414
563 394
763 660
1060 660
1091 560
952 481
914 261
1090 493
393 418
964 433
642 271
1082 522
1092 342
1064 435
1078 581
413 74
1055 524
1055 598
331 641
762 433
367 418
676 410
596 386
1036 36
562 650
778 703
752 550
626 671
841 482
764 318
412 32
562 331
407 73
699 466
597 421
1085 279
666 379
756 663
784 298
540 256
1036 302
1116 377
154 210
920 501
873 515
850 356
410 19
1141 536
1041 423
312 667
688 233
1077 545
712 475
976 714
1091 384
843 342
646 260
932 413
1171 508
1091 45
682 199
792 223
852 673
712 552
760 296
807 458
776 374
559 575
769 300
479 622
999 617
1098 712
127 254
739 391
829 600
945 449
711 408
569 377
1068 642
1114 431
898 649
213 146
537 222
674 432
509 534
845 532
762 263
936 618
932 314
1036 309
668 479
1139 503
1148 508
612 351
167 100
808 605
581 550
578 295
577 261
1081 430
701 245
819 116
627 556
784 547
582 634
682 584
1066 24
1107 574
1120 97
646 618
810 717
1016 571
955 601
951 530
1103 272
602 342
679 501
1089 540
820 489
178 275
745 250
968 354
809 554
796 610
1106 610
936 468
555 255
787 308
781 534
640 296
755 494
1090 223
1102 298
951 476
1129 599
541 215
902 301
803 324
694 528
1018 530
1011 559
669 317
234 399
638 289
504 706
944 465
133 249
662 379
1073 444
831 523
648 548
771 626
1091 394
678 528
1152 365
1169 216
703 657
1033 471
909 501
711 596
753 596
680 326
1147 412
757 425
611 174
848 575
1020 702
604 697
559 558
947 440
750 692
577 348
610 546
776 549
617 672
825 384
730 304
791 544
1111 32
1108 422
1030 386
792 573
527 621
1037 95
223 202
781 590
638 405
642 686
1125 686
714 487
1168 431
524 627
668 690
752 486
1078 432
550 633
1091 688
1059 160
745 226
1069 561
862 240
178 21
798 590
867 590
827 303
677 366
1021 386
1171 598
1119 660
994 476
1150 425
582 258
994 685
879 553
660 501
927 407
578 233
928 414
624 532
814 261
557 377
1189 421
708 587
1157 440
600 410
787 438
809 690
782 335
1073 335
774 536
1137 600
644 534
753 598
1072 515
687 715
594 612
772 606
827 562
989 505
1013 703
652 670
577 525
574 341
735 328
884 387
721 384
670 390
719 185
582 246
988 46
369 18
867 602
507 586
1094 637
483 547
579 276
978 267
686 271
1101 315
560 310
595 293
708 351
959 350
1110 441
1120 487
1121 484
580 630
1139 205
441 166
546 337
1154 349
861 425
652 548
1035 485
841 373
384 106
1072 534
882 704
712 415
730 201
515 578
1076 644
955 481
198 641
641 403
777 212
863 265
1037 476
541 709
623 344
910 432
663 351
706 415
566 240
700 231
832 705
494 689
954 246
847 591
1036 194
806 383
123 231
1036 121
725 560
712 214
759 396
751 432
811 511
710 363
221 371
746 581
935 404
600 398
916 301
546 532
938 526
630 668
576 422
665 322
1095 332
636 492
1131 243
946 382
718 365
620 275
981 641
893 482
1043 411
550 218
1095 615
1047 508
1051 535
1152 595
508 709
765 346
1031 531
1090 669
650 429
611 222
579 229
1076 572
902 415
373 260
681 364
440 97
693 205
706 466
607 330
647 526
781 376
1050 471
174 152
776 290
642 521
625 268
1051 607
840 341
583 679
589 585
867 616
1132 309
792 563
968 511
678 386
1052 57
620 584
682 496
1053 392
871 381
822 503
928 503
797 357
461 539
1031 525
761 589
1094 682
1035 553
894 705
126 176
534 628
863 248
1172 240
106 142
806 31
678 405
518 263
636 661
892 255
622 423
569 277
536 638
737 450
965 264
812 509
394 62
404 67
803 507
649 609
1048 432
611 412
761 304
1149 612
1114 123
1045 706
1155 207
986 528
826 579
1103 661
745 166
698 420
614 411
1171 247
872 266
800 430
1059 450
393 355
689 327
132 236
837 670
170 378
1070 685
915 544
607 347
643 181
958 534
875 274
793 403
918 403
367 71
777 593
1178 266
701 398
1044 511
584 717
955 695
318 557
332 73
694 427
374 35
1093 448
1117 370
692 479
937 437
807 577
685 414
1089 125
843 97
366 580
646 313
996 615
760 305
1050 589
999 381
169 203
173 146
495 583
733 641
945 641
668 409
899 429
988 268
1006 560
900 408
767 282
514 548
595 371
693 371
353 658
620 383
369 57
374 421
732 709
509 539
340 10
863 328
875 563
713 313
634 534
634 603
505 582
1136 507
1100 530
1043 524
582 187
971 497
837 680
377 120
883 351
731 559
1022 404
355 12
373 14
674 686
749 343
780 551
411 29
1021 702
940 646
1182 251
604 257
690 128
584 316
756 541
1033 234
580 711
164 203
375 507
568 204
650 389
612 383
1046 169
1175 568
391 456
604 695
864 572
350 640
1095 212
753 217
537 536
1124 536
824 714
472 713
978 488
818 324
490 621
747 370
550 247
1060 510
1051 509
1099 592
349 578
178 311
923 474
871 396
767 539
1140 131
635 338
701 585
156 154
1144 303
1021 10
315 644
372 429
745 327
1051 645
1129 52
903 331
575 338
778 468
495 573
1120 334
651 564
642 410
485 617
576 360
600 525
730 292
671 266
552 189
870 311
267 359
650 527
1069 253
1161 169
847 274
1037 588
832 412
546 684
617 709
159 175
1060 148
1033 433
764 696
573 397
487 654
1126 170
966 553
1128 644
1184 466
679 401
864 355
1127 369
650 273
1087 446
1023 393
782 581
778 261
1017 650
818 504
985 425
968 699
672 420
1006 662
219 318
768 695
552 292
1167 365
934 232
612 583
956 329
652 324
1057 276
845 672
1005 435
871 323
851 611
602 704
819 704
990 437
1111 675
398 9
418 346
368 466
737 315
936 667
1000 424
687 350
728 348
730 511
1011 511
1089 295
161 69
1156 483
745 303
740 535
612 617
695 703
685 488
659 507
1003 665
682 623
949 552
974 482
1051 717
1169 485
1064 575
958 581
1052 121
568 690
697 563
729 234
569 678
1136 544
1022 545
762 243
594 373
844 715
652 313
752 383
964 408
924 718
624 616
806 643
1029 503
738 283
734 367
1010 713
897 677
903 529
134 169
1126 564
645 314
739 239
1107 651
1136 326
909 491
721 307
692 447
917 512
1073 546
560 420
777 420
1071 12
1088 537
580 414
417 471
864 345
1113 460
514 483
575 707
401 30
422 16
1134 499
778 528
939 517
662 393
1079 225
956 386
640 394
915 394
923 354
1038 375
645 299
930 465
1032 466
639 377
1099 359
1110 592
954 291
1119 473
204 681
656 681
520 620
696 623
1071 626
1160 555
675 340
1144 159
397 39
974 536
1104 168
1025 248
650 532
1086 296
838 664
97 140
766 648
633 324
1043 343
626 715
877 715
199 333
1044 60
746 681
882 391
632 707
833 647
232 109
400 19
896 343
976 479
1153 160
590 412
794 224
1056 243
1184 307
711 679
1131 56
712 719
618 361
968 516
801 526
787 398
660 564
946 630
655 520
362 289
1002 623
548 538
844 538
1087 110
594 310
503 647
731 222
629 326
280 537
1038 635
1069 635
1106 649
615 325
728 370
132 218
898 609
768 676
1149 347
712 588
1070 348
876 684
172 178
1089 563
1014 501
748 409
765 310
546 659
908 583
1070 498
1027 265
831 526
344 47
686 616
307 16
414 22
480 644
827 350
1067 670
799 502
664 646
780 640
572 535
654 503
957 308
928 331
905 529
991 418
605 340
720 687
687 620
599 419
184 229
414 34
1065 475
845 376
959 576
669 485
393 414
692 250
943 449
577 345
753 382
1038 235
1131 688
1145 263
251 321
632 321
1066 541
323 473
674 710
904 498
569 567
1084 583
996 503
634 413
560 236
562 621
716 621
752 370
978 605
581 644
1154 111
1009 676
1050 269
1107 592
1068 462
608 354
485 697
728 378
774 699
860 407
589 349
999 326
1100 334
749 535
758 659
1069 716
626 373
1010 193
586 377
685 242
893 396
797 488
503 718
661 372
818 616
619 317
1123 349
820 269
553 175
645 360
1059 719
1135 161
1014 574
671 545
1070 682
552 549
741 302
1098 592
602 308
680 351
887 711
688 494
1135 642
539 644
801 455
1073 581
805 604
135 114
470 45
370 42
1172 457
821 540
726 537
574 700
1074 653
604 274
1125 143
426 56
703 655
834 411
638 602
242 340
668 371
1134 496
1030 437
768 515
664 600
565 188
972 328
885 330
675 426
692 322
346 701
836 481
529 280
987 483
983 605
1029 188
1012 668
535 704
1131 349
725 577
759 417
835 417
707 264
577 398
581 535
908 478
845 359
562 360
502 695
507 599
749 706
612 568
585 296
924 714
747 388
757 674
1030 56
691 693
124 121
749 183
719 282
678 488
770 483
791 308
746 495
616 623
819 440
956 642
601 412
912 381
984 325
638 327
115 140
775 465
1078 700
962 568
942 674
410 167
963 283
468 719
713 183
1082 718
193 166
695 404
1071 322
813 308
1061 341
939 302
806 262
685 237
1108 679
785 645
628 513
1208 441
743 353
251 707
351 16
503 543
1039 400
741 145
740 196
625 289
1067 377
747 405
616 150
592 566
910 342
544 550
630 415
634 625
557 310
767 681
145 311
1057 410
1012 595
1057 478
1124 580
161 190
1089 420
846 717
726 520
892 361
824 486
726 336
1153 293
657 406
1107 568
778 673
1099 356
845 343
390 54
784 366
645 303
725 303
386 15
1090 154
609 593
1093 639
1070 449
1056 516
726 682
1058 509
220 701
205 197
756 121
848 390
577 649
777 648
554 656
1144 515
1080 361
740 283
856 475
974 472
1046 486
412 398
1059 419
1074 65
1024 688
592 552
515 606
507 663
894 321
1111 23
680 568
670 423
584 145
610 679
680 697
563 366
1111 528
1142 554
1014 669
996 467
715 381
963 516
720 678
412 28
1028 207
801 525
642 646
819 709
908 506
682 541
783 583
1005 400
944 684
691 93
993 610
748 374
1060 4
636 687
1066 325
796 478
547 555
1106 607
479 689
1044 660
329 102
872 623
1039 701
575 339
1164 376
624 587
145 593
1041 297
769 367
581 564
700 530
603 339
306 47
624 74
1012 253
555 194
754 462
612 505
715 665
716 393
717 293
1035 554
549 566
637 566
516 546
950 322
587 555
945 487
565 577
367 58
552 536
666 634
747 298
975 242
606 257
869 324
567 349
1090 436
652 698
798 680
849 575
1050 632
312 17
819 508
883 577
809 397
460 716
1046 247
615 353
795 403
686 416
1065 402
942 700
614 154
504 688
146 197
379 77
591 692
607 200
383 443
668 247
634 299
1030 418
866 336
934 710
948 281
846 545
1136 564
1109 580
401 388
699 703
705 548
1126 341
805 719
889 586
344 664
610 591
548 385
755 342
356 624
1111 454
384 560
1159 311
902 662
1132 262
1103 83
768 437
766 503
200 162
402 67
925 297
1094 345
654 539
879 546
536 252
763 427
1094 515
788 305
671 544
603 360
652 309
884 636
1161 394
1197 537
278 327
523 637
359 319
762 299
833 342
762 466
874 703
857 681
634 715
671 148
711 497
1154 552
772 307
1033 627
763 609
671 265
1089 89
1182 532
1153 454
201 355
852 677
1008 491
438 46
1052 390
765 331
598 719
979 484
1159 577
810 285
630 578
153 122
398 28
186 250
716 654
806 397
615 600
538 597
1114 226
756 331
1055 253
1149 524
717 300
918 336
834 591
228 315
619 315
805 488
549 540
1098 65
795 112
701 671
766 385
694 384
683 205
1033 539
478 561
574 689
946 685
694 494
686 643
209 375
688 636
584 690
471 659
389 388
1198 531
561 610
397 30
679 634
657 471
1149 603
1048 685
1092 111
612 516
1005 580
1157 271
575 559
563 551
913 472
937 333
537 681
904 584
626 408
558 558
824 485
969 553
725 435
875 367
1135 351
786 666
997 509
1133 363
965 380
1169 496
555 264
409 3
376 57
676 680
1082 238
389 498
400 60
640 490
852 302
677 525
323 11
757 308
110 123
705 184
858 486
577 381
579 211
395 28
657 387
641 526
1008 467
870 641
1028 651
1102 73
1010 587
381 74
662 240
728 686
614 620
863 310
621 209
344 667
706 358
575 632
550 549
449 15
620 295
639 482
580 670
344 56
926 615
340 8
1069 364
996 658
674 570
356 423
1031 291
836 279
350 701
1118 180
554 647
185 214
372 448
710 445
303 641
787 546
720 498
921 413
627 384
750 222
607 684
910 423
961 500
805 690
776 649
643 178
1152 648
798 337
1009 192
316 83
949 516
578 343
1108 653
712 479
644 545
778 319
1146 313
1127 659
934 443
600 570
957 660
1011 398
938 596
360 58
111 224
690 529
1081 266
937 401
595 406
559 634
713 392
1159 638
1023 548
747 254
756 315
832 670
846 468
795 566
1146 507
730 504
509 541
700 630
650 433
560 627
340 31
1177 439
499 673
1037 412
1107 652
633 522
942 646
386 62
635 327
766 380
350 59
1095 450
753 648
390 458
1006 601
845 381
447 22
1072 589
1074 478
603 402
917 689
604 673
1051 673
425 50
353 17
680 411
1136 468
614 294
1137 539
611 161
818 713
1048 536
1026 566
1077 51
797 644
956 402
678 348
545 628
501 564
699 266
781 609
649 279
734 192
861 528
951 331
1125 189
664 241
769 607
604 491
996 327
1084 454
738 575
612 337
860 611
700 462
1002 715
1157 464
896 642
1099 349
675 609
925 476
906 502
1133 306
762 494
1154 514
762 374
1044 478
1093 394
1133 455
598 373
645 373
416 41
722 119
290 673
929 464
547 369
742 400
456 247
178 238
1014 500
950 502
673 306
206 259
617 218
298 367
338 715
917 523
1044 530
1131 607
362 5
391 409
1148 641
1147 633
1080 620
790 569
804 278
754 701
572 627
909 484
512 277
1091 546
614 633
1099 461
1125 643
1046 6
929 477
581 402
1060 404
764 386
992 652
1143 466
697 559
652 493
888 378
759 285
1074 531
742 679
1054 564
1109 611
595 543
773 624
607 545
854 233
784 205
158 227
511 641
1086 480
715 499
708 212
168 379
1029 36
617 533
566 542
694 535
1074 331
758 492
662 596
1067 81
524 563
625 557
1043 33
1064 672
196 240
746 573
893 355
731 383
543 667
1180 308
1078 295
859 423
807 502
545 394
947 515
558 382
673 603
574 684
754 594
1148 594
1142 458
505 583
948 521
1124 142
997 630
627 408
715 503
621 291
1181 319
1120 710
689 358
800 561
612 315
1177 532
1047 692
1015 683
684 335
615 419
756 594
1157 596
856 488
669 697
605 719
136 295
551 108
634 378
923 287
625 513
993 522
557 297
1126 388
615 253
725 555
603 324
1106 680
944 296
160 236
612 655
761 219
159 251
748 575
702 396
580 694
768 587
1062 673
576 378
1083 515
1047 543
840 250
777 502
1164 420
171 237
140 81
615 361
414 111
708 377
608 681
692 387
553 238
645 333
1093 675
702 334
1137 536
1132 539
514 560
70 448
1120 592
981 413
1075 454
1061 715
685 313
260 352
742 396
683 142
965 569
697 715
1051 285
767 567
967 434
629 672
1008 501
1076 200
1036 310
1034 464
581 399
717 700
907 391
1102 543
804 419
581 429
599 564
1118 516
940 675
166 222
574 679
217 293
1095 715
633 537
704 559
611 307
603 681
1168 530
659 409
672 374
799 437
873 667
645 511
558 709
846 681
806 703
1148 346
663 415
487 95
967 475
362 529
1103 655
685 243
643 358
626 552
1066 376
642 556
688 173
1070 399
721 371
960 398
797 567
581 596
1057 370
646 373
1132 329
471 606
1087 579
1148 625
984 395
578 635
437 719
541 535
1100 373
755 630
1060 465
1162 575
794 310
780 401
934 665
1137 506
946 354
1107 372
174 99
166 226
643 659
186 117
891 632
1046 632
800 521
826 508
107 541
625 407
690 216
608 132
957 385
636 532
833 380
779 484
969 640
1042 89
647 315
1115 424
1079 451
1142 455
506 525
758 199
720 418
792 275
606 234
888 591
537 193
1050 191
733 303
566 208
1126 64
1153 650
823 640
906 487
1055 411
581 345
637 347
537 336
723 514
728 197
938 393
894 357
579 522
1007 499
761 688
734 707
549 535
1064 154
1107 261
591 406
766 659
954 332
1014 307
926 134
1142 671
550 260
611 371
781 367
1070 463
608 392
506 716
782 377
764 268
880 648
401 479
716 677
1160 514
879 337
933 237
635 521
1124 325
692 484
1196 484
1025 719
252 165
1106 571
138 237
895 658
1139 408
674 259
1015 414
1096 414
723 352
642 294
902 381
654 346
1020 458
804 423
642 355
601 243
1140 402
743 612
1046 698
799 383
715 625
681 521
538 695
763 499
684 204
898 72
573 253
560 665
672 399
702 718
983 386
704 270
230 293
894 9
603 362
604 590
247 220
968 316
741 352
1129 678
835 370
399 5
823 471
745 316
913 437
718 373
369 567
620 322
368 35
784 503
790 531
848 628
1073 334
610 529
865 245
722 278
685 105
240 629
715 528
880 366
1068 230
802 312
1126 473
748 472
1078 626
202 233
667 718
688 308
619 669
832 408
772 684
914 401
812 533
362 594
410 486
660 250
573 697
653 558
241 131
695 324
696 181
736 557
879 569
1043 545
1115 340
1019 539
1030 701
555 237
767 278
574 250
772 650
974 657
525 619
1087 712
739 317
630 546
577 368
1049 118
576 717
703 328
741 389
601 194
871 316
939 409
935 430
1004 430
562 310
1128 618
698 609
1120 435
441 4
522 699
914 491
1157 277
211 101
982 401
486 713
752 595
624 626
887 569
750 249
772 540
495 531
895 677
871 598
486 566
824 680
705 412
971 412
1192 577
551 249
1076 77
1077 420
1072 464
596 684
1092 580
1023 707
752 418
1013 642
746 662
620 297
377 651
847 262
1192 399
1130 315
893 670
651 438
656 364
1020 144
386 503
889 132
1108 526
599 534
835 343
869 334
1106 652
1131 652
751 194
469 680
244 10
930 418
781 335
401 278
763 531
840 588
884 520
639 560
678 301
603 352
1075 641
817 320
906 338
666 688
763 568
755 656
623 345
946 563
897 281
863 690
1060 147
1136 579
702 237
642 415
687 617
648 525
644 338
655 585
637 532
1183 271
1088 8
892 684
145 168
594 239
137 293
1102 430
410 718
775 242
473 601
861 422
1163 525
724 250
851 394
1088 419
593 683
1043 623
644 313
1054 390
730 512
1065 653
797 370
784 371
1126 518
566 394
1055 463
992 420
1098 190
1021 500
812 491
876 583
376 461
719 445
1075 423
713 166
180 157
139 169
1073 139
563 542
809 316
689 656
232 5
365 38
767 365
642 346
628 544
842 425
800 706
809 716
1046 43
408 405
582 630
760 272
770 383
768 491
1129 467
680 408
760 390
1136 651
574 302
675 698
790 271
484 624
896 416
130 254
549 543
765 289
1062 369
385 41
1144 703
402 14
1126 101
988 365
421 26
1070 696
640 540
578 664
849 631
1035 500
510 539
657 427
175 255
616 508
653 488
673 517
791 566
917 341
109 162
933 225
551 373
399 37
845 325
790 382
603 719
1055 483
182 52
1079 307
1003 581
887 0
752 309
948 309
992 504
1054 311
95 497
923 313
672 688
1051 198
1031 669
1124 66
263 559
131 182
1054 22
701 631
610 556
726 397
1002 692
346 47
390 5
743 309
843 507
380 405
338 34
885 705
894 551
727 545
925 542
955 417
350 30
824 575
665 567
497 285
716 382
1053 642
1142 407
828 604
468 625
789 681
828 360
1054 118
915 487
1040 576
297 31
1158 182
1108 82
552 106
1160 606
1129 543
1017 387
663 397
690 313
670 351
1193 327
320 3
1009 281
375 6
737 456
1158 484
397 10
1040 462
488 563
724 526
664 709
660 695
655 263
723 603
1128 640
865 580
971 479
273 587
743 429
939 388
389 469
893 473
1073 337
963 404
783 716
829 66
693 488
613 565
1117 253
1039 548
573 188
832 652
753 492
770 626
379 11
746 538
652 433
549 627
1068 500
808 650
1052 262
618 331
909 478
1085 19
875 625
568 719
772 432
1109 616
1084 37
943 252
684 559
1009 428
929 458
769 571
528 594
332 667
1012 629
941 23
988 357
798 269
758 378
1110 548
602 384
755 352
588 320
557 415
367 415
372 425
1059 425
355 546
1082 706
1072 658
303 626
580 615
993 509
1055 703
979 495
612 349
1090 19
685 638
1060 638
1054 308
336 17
443 34
619 306
393 347
749 719
881 514
903 532
619 320
604 518
356 57
797 556
560 595
947 650
812 552
623 384
1078 223
606 375
988 420
894 312
1155 496
683 364
538 575
561 352
1141 116
378 13
348 36
362 52
801 315
758 641
1054 91
1039 523
1142 558
502 715
632 359
561 197
1109 483
770 604
570 290
357 56
733 626
1119 575
908 391
1121 368
536 294
374 242
750 631
1028 343
660 677
781 703
687 325
719 401
567 551
867 546
530 179
810 159
1077 111
429 18
624 293
713 473
1065 435
820 694
390 117
816 581
804 375
731 599
593 649
447 663
900 94
871 424
1201 198
649 345
652 238
1078 662
757 477
770 573
466 79
869 626
936 57
1043 222
1017 637
645 352
667 516
675 398
717 398
123 264
550 276
1105 672
1004 685
1095 396
572 549
705 549
384 418
622 286
896 633
842 121
1102 623
1052 616
748 528
951 539
927 308
336 214
418 10
643 314
630 276
855 307
1059 462
894 674
1117 510
565 13
306 35
710 196
610 324
1011 461
386 474
960 557
1062 484
245 378
655 519
346 2
345 54
681 452
376 510
320 649
825 345
1173 415
1138 553
1077 477
1021 182
1106 564
548 634
997 655
779 367
1042 198
1148 103
253 605
790 503
361 20
1134 429
762 578
617 554
1136 387
652 283
449 695
1027 430
360 429
1085 595
623 420
819 493
399 116
1160 415
317 32
652 685
263 325
699 332
600 352
810 345
174 172
1018 700
1031 593
716 705
525 660
643 494
481 693
727 221
902 277
614 639
807 639
134 208
1151 653
569 299
793 341
980 305
575 659
1036 260
639 517
585 636
754 508
553 561
1185 407
807 672
759 624
602 362
630 122
618 717
792 276
815 668
817 531
898 353
703 278
1102 665
372 41
665 267
1033 509
148 339
541 339
650 560
1160 284
163 348
973 405
124 151
787 489
810 489
663 603
1096 686
732 182
568 254
1055 389
710 271
716 275
504 592
1030 163
1055 163
716 482
896 613
663 520
483 607
1152 336
1159 417
1076 574
827 433
568 579
1000 481
729 392
729 491
640 169
1098 437
1004 694
862 406
856 587
1016 540
608 367
938 438
713 570
867 362
582 312
738 524
772 582
982 336
943 711
501 663
532 526
1120 692
1160 428
675 416
1169 416
530 578
977 397
639 410
714 218
716 232
278 366
644 596
522 525
896 252
366 102
600 246
1056 628
857 469
717 481
816 287
1075 515
598 351
859 673
618 568
611 715
1051 375
727 570
150 343
885 326
881 337
1148 443
1089 612
1123 595
860 682
1082 306
614 271
974 327
746 176
981 476
1086 501
591 222
146 242
929 369
1107 93
1152 443
135 83
1109 104
603 416
696 314
1048 442
1083 233
1113 705
762 685
1068 332
659 675
805 629
631 560
680 563
606 258
982 328
814 516
222 661
837 524
493 660
1071 287
310 24
812 625
1062 129
473 558
1020 540
678 392
1092 16
710 427
662 146
1053 362
855 686
337 22
927 701
403 60
581 672
651 301
487 623
885 484
653 210
1121 687
618 416
1165 242
702 426
707 405
661 648
1068 440
1038 662
644 676
1081 676
597 300
754 614
576 361
685 407
678 517
1126 264
603 544
156 225
653 316
625 330
731 671
768 423
879 499
890 573
656 493
748 624
661 501
685 399
945 463
1060 497
1009 381
1156 529
949 550
684 380
582 374
1027 415
682 311
1030 62
680 228
1134 658
666 459
1092 686
851 326
859 492
1091 208
806 359
833 637
699 562
1071 580
551 639
953 354
507 452
581 657
166 481
759 593
756 520
1044 618
680 492
875 317
887 531
1089 176
1133 481
1051 454
602 621
903 329
920 334
1055 575
699 390
552 233
1019 596
1040 248
945 386
1016 394
1031 571
565 691
616 236
856 79
851 580
824 408
614 554
1160 278
1042 19
572 296
839 572
796 347
609 667
1127 89
692 332
702 340
737 434
690 84
1061 11
1033 317
617 285
687 422
587 278
1085 280
190 650
531 680
605 691
821 468
949 507
992 395
584 298
777 407
687 545
941 405
223 324
1034 150
1101 337
598 696
816 295
1056 600
491 715
550 242
648 674
654 26
342 536
1031 193
722 443
735 422
545 540
348 13
363 13
801 646
135 230
1063 287
751 573
934 427
669 284
158 198
670 312
680 393
735 159
1027 158
881 405
854 384
1007 641
599 291
692 449
915 468
966 421
146 292
758 292
653 479
689 405
664 519
879 500
580 487
768 621
947 407
602 543
195 183
378 21
586 380
786 684
861 553
580 323
392 27
858 612
1119 672
670 408
777 51
631 440
709 376
414 15
1109 700
671 709
572 301
1100 368
663 198
320 34
649 512
647 492
890 338
628 322
368 435
1133 645
698 539
805 586
591 679
465 627
825 551
835 565
710 419
569 657
680 256
681 488
1177 432
871 401
1093 518
1014 3
398 5
770 665
729 453
592 530
888 563
596 417
1009 417
686 336
699 273
602 318
572 402
631 532
390 75
708 525
859 348
1015 394
725 574
859 393
1097 463
686 404
574 541
618 592
202 114
593 313
494 609
924 553
618 366
531 576
666 283
756 491
856 560
636 686
1107 153
521 510
849 627
1052 329
479 638
533 680
817 393
134 342
192 93
1044 6
776 366
1142 613
606 412
806 513
994 473
684 706
1071 582
785 653
717 364
1058 522
391 9
961 328
916 549
883 564
1069 449
783 419
525 690
569 698
402 15
1084 535
616 352
1058 319
573 600
920 504
790 268
1079 540
966 576
782 472
1066 345
744 292
965 610
562 338
1095 638
552 538
651 387
778 668
1046 594
753 608
1025 334
685 469
723 237
871 291
697 346
1116 611
780 260
591 388
999 653
1015 281
958 659
697 439
890 599
787 526
769 500
571 319
926 334
514 568
1185 329
1062 375
767 290
817 556
887 532
646 430
1149 362
1037 353
937 489
1170 517
1047 602
322 13
850 478
204 54
733 480
355 653
1192 372
605 258
878 523
567 519
935 290
578 651
767 304
638 358
510 192
640 406
1090 5
528 711
660 247
495 675
1029 273
921 534
1043 375
681 245
641 341
633 657
1107 539
793 512
645 249
766 228
561 552
1044 570
615 399
1175 399
537 539
1022 467
629 242
1052 694
748 414
638 536
190 228
675 618
1032 709
1017 579
1107 356
791 603
892 265
777 416
947 510
508 610
497 555
720 173
968 305
627 287
528 308
971 502
869 400
1076 229
461 57
746 582
640 529
572 29
828 522
613 265
1190 399
150 178
1117 517
678 173
628 301
222 216
719 312
602 272
667 652
670 485
544 252
536 687
722 241
722 672
511 699
819 537
1064 608
783 642
397 293
981 315
538 671
765 615
731 549
1181 289
588 317
645 533
862 494
927 489
771 581
991 303
606 306
1153 222
1051 305
568 192
1077 240
630 242
651 508
866 375
586 339
621 532
344 669
797 326
1067 521
613 584
671 243
267 336
1112 490
678 525
968 421
933 528
779 691
940 492
1074 373
210 365
874 582
1161 328
1048 537
512 531
611 257
865 145
580 674
1087 704
1116 614
781 405
1133 474
302 674
539 283
928 541
871 652
151 347
115 288
1101 63
1085 697
736 514
638 185
700 660
1027 550
627 399
1151 173
1077 56
762 276
660 344
1063 576
1054 448
543 359
1089 208
567 316
585 414
801 112
804 377
338 31
605 354
703 433
458 716
328 468
648 535
984 293
729 696
594 296
705 475
735 385
1076 49
984 254
607 551
768 650
920 288
669 569
601 207
579 338
633 380
890 658
1022 623
726 365
769 707
357 638
540 571
1171 209
678 227
1126 291
638 559
369 14
622 192
851 481
783 599
372 58
715 287
1064 87
528 568
754 424
850 688
1021 254
1031 189
403 69
902 660
901 370
719 532
647 679
902 360
537 513
792 313
577 559
1034 234
354 569
1026 356
489 698
713 444
1040 215
210 364
739 586
1118 20
206 222
633 359
1175 225
668 544
1141 501
1090 377
1093 386
1015 559
238 713
1059 658
802 507
533 570
734 560
761 189
958 322
921 376
970 217
1121 532
706 714
679 652
794 437
606 643
595 705
318 23
535 202
489 619
973 399
168 197
732 404
996 526
716 542
191 164
822 569
785 356
697 544
776 389
1064 525
1052 12
859 368
630 538
1006 689
371 6
1071 646
1070 597
982 480
818 703
655 626
456 82
600 315
823 291
734 375
533 607
1010 619
605 584
1049 494
1095 444
1037 331
724 430
604 343
870 656
985 380
635 611
816 573
1112 573
1186 419
1069 308
683 456
819 327
627 496
1052 701
718 294
1094 551
748 406
356 17
410 16
483 543
150 130
399 29
887 390
640 573
865 690
1085 389
590 363
769 268
561 346
1138 124
654 460
1188 479
1070 537
964 653
909 250
438 2
410 3
714 296
1156 258
642 714
636 545
575 382
618 260
350 653
392 21
832 686
159 196
651 151
844 628
1138 430
733 615
454 684
893 704
641 340
255 552
1110 618
191 330
659 377
575 594
647 362
734 178
549 591
1076 576
793 237
552 315
1185 357
657 360
1045 534
131 152
622 541
486 678
743 483
682 370
712 253
603 188
669 611
1078 611
105 207
1056 320
630 334
1085 56
1100 391
628 655
596 152
1030 634
745 492
794 492
1092 166
676 369
568 365
676 437
1134 598
596 701
736 396
981 558
1070 435
932 351
1032 695
809 688
519 536
1130 454
820 377
601 296
541 381
362 678
786 99
103 203
1153 573
208 254
541 675
975 433
1128 514
1065 694
1080 47
1090 7
1047 198
376 2
515 543
543 543
929 613
940 96
965 409
588 274
725 266
623 464
216 233
208 88
936 480
532 587
902 512
1104 701
1073 432
554 674
143 253
922 476
596 679
785 563
351 47
568 630
1065 509
199 44
536 529
893 437
644 708
629 611
477 553
654 454
1100 552
1101 714
578 528
285 680
610 557
1062 426
368 11
662 618
406 417
335 449
1093 6
313 46
919 430
773 501
813 337
830 506
1204 140
390 52
1081 550
649 297
1036 284
1038 186
535 511
1013 516
802 503
1077 7
983 549
795 488
596 320
744 569
810 708
660 670
552 523
647 604
873 417
627 374
568 611
704 487
383 31
1071 14
1095 377
523 700
613 295
360 2
1048 353
479 714
656 521
1059 291
1079 630
817 342
403 465
731 463
207 21
699 383
242 707
983 508
197 231
721 185
879 575
427 50
739 384
738 557
1122 422
1053 307
644 434
1051 6
1157 611
633 659
950 338
976 448
1137 641
521 563
354 92
612 300
940 418
201 379
788 295
1094 241
344 430
854 695
327 27
1098 525
688 401
1137 469
642 196
655 671
1099 496
1073 428
688 630
680 483
686 566
661 473
864 381
1118 617
113 175
643 670
1158 494
654 591
776 391
750 326
1190 461
493 714
125 88
1055 283
625 200
935 397
224 300
662 615
113 231
1080 629
754 515
372 380
1096 168
133 500
871 606
684 492
1084 478
674 334
1187 496
591 340
1023 712
1022 368
616 608
835 393
500 675
835 149
672 378
1184 327
651 709
675 271
1038 659
1056 662
758 273
871 394
781 299
643 294
438 689
177 280
839 341
628 285
726 192
794 688
1099 640
580 213
319 60
572 623
890 715
380 41
491 675
569 199
616 666
564 660
1151 627
832 638
1024 369
797 483
1047 16
724 319
741 316
1141 292
600 415
1080 519
576 636
682 581
1003 309
630 367
756 712
612 354
712 396
900 597
710 655
396 36
760 474
713 247
778 532
448 694
908 407
793 642
1025 466
523 636
1079 636
562 519
921 362
477 691
999 675
1198 396
660 387
787 654
849 337
1073 429
884 647
1096 510
968 619
666 503
505 561
689 342
844 566
1106 461
1148 445
1034 515
773 393
413 45
827 541
628 540
896 421
1049 375
758 340
385 22
557 673
237 327
1050 401
487 629
572 250
961 489
863 526
633 528
1115 683
1015 487
379 68
814 523
748 525
331 8
1061 491
902 264
532 647
396 32
603 386
385 449
1166 612
1139 322
626 510
701 705
719 690
377 529
771 489
760 280
1063 561
659 695
612 691
750 512
891 303
477 690
1044 426
1120 36
464 525
1104 525
1152 299
1114 709
306 647
1001 612
717 118
695 391
1038 485
707 580
1085 1
843 13
312 22
689 394
141 224
976 678
1138 593
708 512
1047 708
783 382
1038 440
635 244
718 113
604 263
565 227
649 508
244 377
582 299
1010 685
1140 415
1091 371
1017 717
793 593
582 665
603 537
891 584
866 610
969 285
1019 321
871 560
335 716
638 281
706 625
927 469
739 314
373 390
878 297
823 326
941 563
732 245
1000 333
960 219
479 552
1179 279
229 293
492 601
1060 615
808 468
904 348
259 597
932 679
1099 604
1012 387
1115 60
944 501
1165 665
551 518
384 682
572 655
728 568
1106 451
577 316
805 93
804 478
567 575
382 26
1052 534
1092 462
366 55
353 36
548 559
609 559
1123 598
1085 359
1099 708
485 551
399 7
1038 426
1166 514
570 207
651 582
170 37
412 87
1150 473
1060 467
747 362
1038 415
798 681
1077 510
724 375
760 634
987 482
568 221
800 719
1099 618
576 598
768 375
1070 124
374 26
482 634
1121 677
554 367
251 248
1112 528
660 582
803 719
111 492
747 592
1121 488
659 599
215 694
755 325
352 49
621 254
1186 537
1143 622
834 353
1014 514
1127 421
1095 331
1118 577
545 304
379 30
409 88
502 567
380 591
1164 360
716 459
1169 448
453 30
1129 402
575 320
354 4
589 718
172 100
899 342
745 602
698 486
681 184
1066 461
754 266
1016 206
1067 430
402 40
402 32
825 412
1161 291
872 300
346 12
899 402
544 224
600 644
742 287
659 554
180 355
812 371
417 35
1046 500
187 246
777 331
1156 555
1037 518
548 537
887 534
802 422
1019 565
696 545
1183 445
716 196
630 393
1024 699
983 464
777 655
1170 218
778 256
134 108
127 253
961 417
876 364
926 498
381 65
315 697
1124 49
859 711
1199 500
588 340
1062 522
363 62
547 530
1111 438
537 348
1035 513
597 263
677 351
1075 660
565 672
725 458
948 457
1074 42
742 153
959 559
731 274
165 226
963 279
147 89
638 595
573 388
926 347
669 354
725 306
950 681
824 521
758 622
743 348
532 627
1024 627
520 625
658 294
689 412
897 74
796 645
746 706
926 658
673 288
354 35
919 423
591 659
543 508
578 416
677 430
651 176
873 407
425 381
652 306
867 380
1052 327
749 407
794 438
1007 460
543 629
659 490
899 602
314 11
911 487
743 577
387 427
646 392
651 560
350 55
809 89
770 329
977 248
262 501
852 253
389 5
1116 129
796 383
119 242
1164 528
1038 608
778 292
584 325
754 633
949 429
382 392
702 255
1142 459
1078 522
825 507
795 366
347 34
334 705
1131 690
648 659
1097 229
1065 369
926 313
1017 693
348 654
728 623
345 694
742 489
153 184
685 519
975 39
601 520
1115 596
773 705
607 329
224 240
915 294
742 703
471 654
1015 654
174 127
355 44
153 219
762 625
1023 554
350 564
678 519
569 383
798 622
645 419
193 167
756 373
379 442
738 420
924 547
586 520
781 544
370 31
537 553
988 705
1071 394
1124 692
706 579
599 300
580 326
910 545
1026 419
603 345
723 301
968 454
649 456
699 305
545 661
1070 303
868 127
349 19
340 16
1091 383
1005 662
844 505
176 315
220 366
317 3
414 148
1127 500
173 233
854 499
424 70
1054 328
827 371
1056 505
1054 637
730 147
729 543
760 254
382 61
906 62
436 13
872 58
720 284
359 370
1163 532
813 558
525 662
1012 624
785 605
581 393
597 536
363 531
627 128
628 524
1116 300
1011 674
1082 151
755 391
257 681
1053 296
697 607
693 533
783 450
597 528
863 541
963 400
607 384
339 24
1053 630
904 521
648 439
594 527
1120 519
787 116
557 560
641 192
808 332
951 466
881 523
1019 53
571 607
262 242
1200 289
1145 681
569 407
640 96
785 539
1118 443
396 422
1026 694
387 67
801 392
647 490
923 312
1058 469
682 696
1113 382
1050 578
387 26
593 599
1154 649
566 392
680 705
437 171
962 160
615 358
600 718
601 380
590 332
1120 626
865 385
1012 385
1101 560
937 523
291 41
768 509
650 441
579 632
869 620
877 401
469 705
1151 301
497 529
863 392
838 484
367 707
1049 637
474 642
583 241
571 220
1166 161
362 3
747 332
710 643
808 431
610 693
1053 572
622 650
532 219
382 400
1108 316
621 417
816 557
1131 506
415 399
723 641
558 632
1159 513
710 669
586 108
657 354
839 301
423 105
605 359
646 193
983 502
185 195
386 202
1103 54
495 614
624 270
1013 446
1099 641
81 643
690 598
261 41
612 634
1056 685
206 184
712 485
863 53
881 575
508 35
174 462
584 691
610 368
592 191
1147 610
853 696
809 707
644 350
305 19
624 649
574 543
714 520
1080 142
1082 265
594 706
1058 501
796 155
694 530
816 271
341 5
734 337
376 34
404 9
691 318
678 443
827 485
382 59
410 12
340 610
714 559
709 230
697 309
1004 620
1024 666
318 622
487 582
644 541
420 1
785 636
758 506
830 372
1106 359
746 425
759 259
681 571
566 393
1040 601
1103 688
714 333
348 5
1131 329
1037 73
1036 530
1043 658
1128 226
708 231
387 533
1010 383
698 399
593 696
353 43
609 326
306 624
398 6
1155 322
1104 608
643 525
635 559
1060 242
171 604
816 540
670 436
363 10
712 291
374 53
837 644
673 649
924 356
115 238
1077 576
434 75
798 672
340 624
345 5
345 580
149 623
415 27
488 657
1097 582
457 705
328 46
403 501
780 462
1160 239
781 484
774 361
662 316
377 347
965 667
182 614
1066 355
612 70
369 417
603 198
975 459
1143 103
1059 635
408 86
422 75
971 547
418 115
863 498
369 514
1090 618
1179 383
244 151
195 347
1073 550
935 479
1071 509
1114 619
368 38
1100 19
1151 652
1017 590
967 393
170 683
642 362
892 45
361 2
659 236
1077 457
1181 403
670 712
481 673
1029 34
973 564
710 314
725 178
1081 538
631 529
1089 43
582 277
411 5
954 298
909 414
1048 548
679 414
584 331
384 26
891 58
923 325
380 453
692 679
937 552
947 623
769 190
760 649
1028 545
516 529
976 393
700 358
799 331
901 561
753 313
522 309
590 339
906 328
692 226
333 31
914 377
379 49
1033 495
218 166
727 630
684 497
493 676
692 158
839 715
574 672
625 684
346 716
816 390
971 329
836 499
1064 675
1095 92
1112 443
224 77
696 511
372 14
119 173
1098 421
1061 631
1036 355
726 620
160 224
1116 309
942 302
625 665
1141 482
557 649
666 214
150 181
1122 404
817 699
585 295
1043 186
914 430
679 537
1059 336
713 411
784 352
385 17
168 251
550 240
851 92
993 416
397 233
1095 694
734 386
670 519
829 263
1022 398
405 116
927 502
625 342
597 385
689 584
131 565
693 597
774 544
652 399
712 435
329 7
843 363
602 494
659 302
269 650
749 350
776 369
1152 463
860 567
742 165
774 528
966 634
394 485
496 570
1069 554
709 700
644 401
1049 398
1030 475
1192 375
1057 109
651 209
591 530
1047 6
1047 621
782 470
1154 385
1047 372
751 205
677 687
296 631
384 385
1080 321
868 353
265 174
550 494
972 560
789 466
848 661
562 401
272 262
1069 519
680 250
714 144
368 47
689 617
444 48
661 450
340 6
618 451
1156 375
445 63
385 3
323 590
720 342
621 264
576 557
520 552
375 54
938 578
1195 411
1132 671
750 639
374 551
647 122
135 143
712 224
965 681
1137 104
718 266
1030 52
807 345
353 532
646 590
365 524
541 602
637 654
625 203
397 44
1071 182
144 261
185 669
331 18
416 63
1111 78
1110 479
638 239
488 708
619 711
758 448
1054 410
548 690
1101 348
715 342
701 233
1057 517
339 32
953 466
1137 565
706 634
801 666
936 399
1122 640
571 397
771 696
745 624
1066 154
377 36
355 376
1054 450
1116 232
765 352
366 23
1048 697
1116 123
357 496
1113 629
753 322
1101 537
656 446
999 703
1109 275
730 241
1110 352
338 42
632 680
403 227
221 561
475 708
1153 431
617 368
579 525
708 221
624 337
751 709
554 189
721 518
789 565
236 311
595 359
732 554
660 601
396 429
574 606
397 499
173 220
765 548
828 374
600 202
1070 497
836 575
781 653
552 667
175 246
732 355
1092 698
746 462
471 377
542 718
782 330
547 613
346 5
634 606
911 179
316 9
334 99
945 426
777 408
396 35
281 592
576 373
906 703
1072 445
659 426
923 368
645 516
653 513
1040 249
793 378
562 607
1074 685
777 511
947 181
542 691
821 250
1047 453
999 518
1017 443
1026 274
183 539
670 532
862 707
1118 666
660 524
1057 651
209 655
567 572
407 45
855 605
708 541
756 390
574 401
639 668
1192 371
900 328
403 155
602 339
761 6
978 466
713 699
1019 486
584 313
263 129
564 569
1079 697
671 573
561 338
428 106
823 376
830 546
543 567
1147 59
777 719
582 227
790 520
569 516
785 398
1171 405
1038 661
580 564
622 276
870 507
758 696
759 303
869 640
1188 524
1005 566
150 223
1170 360
1115 637
495 698
373 459
1084 563
576 346
556 711
663 516
806 394
1095 677
1148 82
746 3
964 670
657 221
795 268
924 372
756 261
827 250
445 153
330 599
975 502
825 493
445 713
153 130
1000 290
580 282
564 699
593 388
746 343
1131 648
230 665
368 494
872 505
621 579
626 542
993 553
1033 713
808 626
666 603
1024 448
741 181
1020 399
641 369
1040 186
395 423
769 479
823 520
598 552
918 393
1119 657
1119 595
882 573
1103 711
589 269
722 439
882 528
326 480
435 4
1089 663
819 609
656 549
713 708
676 541
370 506
953 711
655 505
1112 633
195 683
755 387
502 585
887 360
829 630
427 96
789 701
1096 696
740 575
369 606
704 534
106 492
831 563
551 524
731 626
818 105
1027 631
222 320
1084 482
649 382
251 602
917 262
832 333
1054 13
762 268
551 679
563 392
712 510
698 700
1184 428
936 308
901 372
672 345
837 516
660 288
148 217
727 249
1052 683
931 523
1045 344
1088 660
650 348
626 430
565 681
666 191
793 482
556 503
909 402
823 323
843 632
925 533
575 363
1012 426
923 673
699 579
917 644
645 554
936 305
574 703
893 489
633 574
880 526
501 298
1166 464
772 331
526 212
766 548
239 275
751 383
397 40
671 666
979 503
1124 55
578 684
739 580
469 290
870 347
1037 508
1094 9
653 326
736 529
1069 595
640 403
947 519
771 573
717 408
793 550
1192 566
917 272
1204 443
900 366
486 634
509 686
1012 585
1037 166
705 372
742 243
911 539
750 399
630 603
635 174
685 381
1122 569
1156 569
942 308
364 663
549 663
734 594
1128 145
581 643
885 541
371 7
738 489
814 125
1103 642
426 93
979 509
1059 592
871 654
942 665
988 410
854 630
627 653
1032 491
1064 345
822 422
1111 595
1057 438
1027 684
673 68
717 287
495 689
1180 257
571 400
1048 221
839 455
1072 43
775 412
892 394
475 692
1097 576
603 301
691 165
1023 584
586 270
912 409
1073 36
384 456
728 600
667 603
653 566
114 149
1168 410
162 111
675 537
1014 420
1114 366
524 551
774 269
749 515
1127 664
864 678
509 316
610 386
553 538
890 411
948 299
782 416
1136 150
1054 702
511 577
582 320
756 317
769 430
884 296
1001 711
193 240
481 695
694 208
597 308
834 119
691 601
550 304
1144 151
725 696
201 105
954 569
901 354
550 589
449 577
821 276
714 343
835 317
738 455
904 661
969 344
962 402
722 554
1054 465
137 202
831 574
590 289
731 674
737 337
687 587
674 629
221 228
573 624
732 264
124 265
716 321
1102 293
1124 620
308 652
639 541
1137 230
388 394
701 578
734 455
564 639
948 628
332 62
646 524
1023 292
870 549
647 352
1185 577
828 401
573 383
779 488
779 440
908 440
814 519
655 140
471 649
605 393
882 524
1055 314
1053 711
587 249
399 87
590 193
1107 309
491 559
897 474
344 713
483 689
974 402
630 413
728 544
217 630
555 371
528 632
797 255
649 325
614 439
1186 509
643 585
1038 585
248 243
799 715
726 325
167 271
138 229
1138 604
738 285
914 380
326 551
160 169
1026 153
624 422
620 654
169 90
516 685
161 109
1139 78
571 349
670 395
709 170
1161 599
1066 389
562 356
1201 278
425 26
368 506
1022 82
659 484
712 521
1057 467
613 688
684 283
1113 696
424 19
863 367
1051 398
696 293
715 378
751 378
525 668
1093 465
1075 695
317 45
1081 2
1127 563
740 148
970 498
778 289
321 36
165 248
657 132
421 33
972 348
571 544
563 610
1058 376
1079 242
392 44
1157 666
771 410
202 222
177 199
609 677
374 42
770 277
1088 696
970 420
594 316
683 707
364 58
799 652
473 124
417 66
751 337
794 337
1146 388
1109 536
831 163
599 122
726 236
1143 149
1153 494
715 657
1135 697
334 59
1086 489
747 237
670 551
1025 46
605 205
979 558
1101 442
679 198
349 594
1128 628
998 429
767 540
723 478
1196 400
907 494
344 648
341 481
1106 661
652 428
696 700
524 529
1119 77
1057 608
1120 336
218 322
532 630
944 562
1110 259
483 327
789 203
577 591
590 689
329 141
575 525
173 154
1041 214
388 27
933 483
785 97
306 86
1064 298
589 553
1106 306
675 550
767 331
1109 167
717 386
706 432
285 59
738 203
1122 529
188 271
695 414
1103 646
569 606
673 330
714 511
541 236
700 237
355 23
635 607
1143 566
1097 541
903 546
1129 701
698 405
743 641
930 458
362 436
626 381
1089 702
1090 379
800 143
1075 589
835 499
1088 554
611 704
573 318
398 386
794 465
554 657
1041 666
1074 648
752 469
1134 210
721 525
432 8
356 55
973 418
374 97
823 369
735 573
990 654
694 621
1110 637
1029 113
729 486
641 285
1029 716
1090 560
1057 222
1139 502
1004 512
586 417
957 244
1157 206
558 221
783 494
659 668
1146 126
1125 504
873 408
408 473
1081 649
826 132
565 127
1028 399
475 706
682 598
1012 517
1193 571
747 623
856 573
587 369
573 362
799 572
1032 494
643 357
684 658
1077 490
913 615
706 563
626 698
692 698
583 577
791 606
395 8
1128 694
426 680
737 333
811 709
664 545
1147 308
1219 403
760 471
1032 373
569 214
1097 534
1037 582
642 269
1013 597
431 12
754 615
657 305
582 549
613 571
1067 454
813 657
790 419
651 361
819 553
875 616
991 592
968 426
771 442
498 555
872 523
594 603
737 244
701 248
146 203
620 226
902 500
715 409
654 489
708 381
1118 478
1184 262
624 519
878 417
706 410
814 410
499 677
730 357
694 515
1122 445
1039 688
1050 601
914 251
1074 541
542 578
680 149
1027 427
1072 683
274 687
615 352
1037 53
790 361
1063 46
333 630
1093 544
1135 310
1092 484
872 602
819 239
1124 449
699 339
874 485
1105 221
836 506
994 378
1056 57
933 373
767 581
780 643
1089 621
1213 485
1056 291
816 311
757 210
153 213
1012 670
927 352
465 625
1066 626
1119 617
599 677
830 355
565 365
344 625
656 513
340 719
477 616
801 628
524 675
376 15
1091 351
1135 520
690 386
846 580
543 547
1117 67
648 148
803 294
628 396
830 497
368 680
628 376
727 635
1164 519
477 675
1176 540
512 548
1033 524
825 357
403 33
198 287
191 223
470 654
336 671
1145 478
1084 411
985 284
593 297
651 493
