1009 103
307 593
1234 90
567 635
14 64
154 340
45 83
1003 304
331 235
920 631
166 590
360 83
21 37
1119 139
23 665
142 273
875 7
1246 523
333 246
1264 7
371 651
96 10
759 270
1253 604
1273 307
5 103
328 640
4 567
1215 13
703 681
10 266
1143 175
562 40
1018 616
723 334
144 180
1261 600
53 691
125 632
627 439
1009 290
905 142
83 474
458 572
424 100
144 40
443 228
217 400
472 377
419 149
987 437
85 558
241 601
615 644
11 54
367 458
15 140
7 2
1265 139
1256 1
1189 312
502 372
675 471
1249 716
477 388
670 476
916 419
962 140
833 48
871 309
54 704
592 312
914 190
1048 262
463 179
9 194
1272 634
26 83
595 599
394 208
463 402
540 462
1181 225
439 618
454 118
32 327
360 405
1235 558
285 101
1135 519
211 258
36 171
1245 719
1272 597
1242 648
1253 52
1242 661
45 27
984 155
1265 25
513 679
220 347
153 671
998 670
39 99
1033 325
710 300
1250 658
853 574
880 695
1044 16
790 260
