536 377
782 412
956 430
1048 38
927 290
1022 562
523 704
1054 71
469 657
297 180
923 310
544 549
487 436
429 567
1169 421
1126 300
582 615
586 404
781 272
1027 26
904 660
1056 294
796 635
440 309
1044 461
385 199
488 273
223 250
729 392
988 497
865 413
528 178
699 275
709 641
882 355
644 180
674 574
970 596
1094 69
1065 661
427 231
629 428
1033 579
228 123
549 110
785 691
449 348
774 137
1086 191
954 354
450 353
640 599
542 349
648 277
1088 381
817 421
931 689
720 696
1072 344
1104 462
759 162
636 477
877 555
1045 154
1063 315
834 376
982 396
1064 612
700 667
1139 650
600 641
601 367
642 457
671 320
690 209
439 528
771 657
525 603
779 717
883 405
742 452
425 578
1063 684
562 284
849 330
448 436
1009 526
856 408
739 309
190 149
1014 534
865 393
575 380
438 537
833 347
901 572
430 426
513 573
805 499
773 625
608 368
636 368
1062 539
571 667
593 653
422 663
1110 649
729 269
684 358
254 712
506 700
834 640
603 680
404 396
1149 495
851 314
1022 715
875 286
443 624
971 608
1159 627
526 692
827 624
667 390
1108 549
454 206
521 701
764 410
437 576
913 498
543 706
539 148
617 674
606 416
586 427
1171 552
687 663
903 429
440 345
800 559
683 340
493 513
384 209
1044 683
631 630
540 233
509 627
433 204
655 353
477 393
1063 702
614 319
420 419
474 497
689 313
719 496
536 622
481 555
438 378
664 352
624 418
901 571
635 491
709 248
493 640
1093 651
425 431
781 577
810 547
714 399
688 414
514 406
573 235
454 592
848 254
453 613
593 561
689 457
837 312
581 467
1064 401
1160 483
600 226
827 262
788 546
1012 543
612 409
499 443
437 235
322 193
612 212
726 480
1196 289
1025 527
622 317
466 177
551 390
1052 425
720 433
343 171
837 519
678 322
758 372
767 546
631 351
642 341
1180 341
820 474
936 639
1140 511
1019 719
809 650
871 565
1086 427
523 686
1183 477
763 202
309 661
1011 509
952 634
652 466
694 466
998 404
550 688
318 356
808 407
568 451
1044 300
477 529
994 567
796 218
637 583
1042 616
518 282
593 499
616 381
597 335
578 595
678 611
508 147
796 626
1054 554
401 383
652 344
1103 478
432 236
478 557
557 517
885 499
1161 386
454 325
715 549
414 323
749 263
477 533
735 147
1166 179
658 189
1147 619
803 597
1017 587
499 564
422 236
463 625
725 357
925 598
549 306
426 181
849 479
865 500
940 255
1193 545
350 620
983 485
488 223
482 338
629 323
426 188
1151 380
664 166
682 362
729 244
429 289
1122 677
554 203
593 239
512 407
1188 235
697 644
926 544
904 414
757 596
1131 695
488 437
435 277
1006 580
447 323
578 365
484 257
571 530
1169 418
1047 206
1060 382
530 615
497 381
398 200
433 254
508 166
1191 166
475 283
602 636
989 474
1055 238
1028 332
600 276
593 701
573 578
971 428
1096 350
599 356
1081 426
1065 588
451 527
1090 415
1183 443
272 712
963 599
958 614
508 622
445 226
1158 457
703 495
499 222
562 359
624 396
769 103
476 389
1170 341
1023 497
1135 430
993 375
686 420
1008 655
781 563
538 612
721 418
653 521
690 535
1131 592
305 182
786 284
669 324
691 555
1077 567
456 599
460 259
543 406
591 665
824 710
630 283
199 122
1122 538
668 657
865 325
584 510
422 487
1158 526
483 522
432 420
525 175
1049 85
845 261
795 340
1093 37
1104 484
1067 566
727 704
709 186
490 412
1125 412
532 517
392 244
304 165
907 458
1199 235
883 616
766 630
487 386
1201 386
760 555
722 490
550 209
1024 552
539 568
373 240
1017 433
1034 401
583 493
855 435
772 560
971 469
1092 118
1019 591
941 550
437 491
570 402
542 436
259 31
419 282
1112 502
685 435
729 647
771 629
544 557
525 700
1122 347
638 613
634 369
515 400
206 456
437 410
506 208
571 607
1065 607
934 192
494 257
827 560
582 417
541 492
687 493
1082 600
1059 38
580 299
889 690
650 552
939 689
644 506
452 377
502 432
717 432
464 628
541 120
491 336
617 265
531 281
497 373
1053 589
418 352
735 384
517 286
948 673
985 496
649 677
524 254
617 553
352 564
496 713
900 693
904 581
916 376
673 159
551 641
474 210
643 713
548 531
698 519
546 329
565 415
796 319
779 390
565 684
1042 707
1173 569
1005 476
467 282
662 330
431 224
428 669
587 324
334 287
610 384
162 540
706 590
634 520
552 307
1109 185
869 355
716 276
1117 276
391 719
1153 569
1032 571
1088 668
512 417
549 202
1081 471
526 232
287 673
1096 415
224 707
874 582
842 256
1052 61
1115 448
925 331
618 677
706 592
1061 347
759 558
1170 393
823 391
91 387
1203 527
565 305
487 377
534 300
336 28
797 380
443 418
549 418
720 205
1130 497
481 328
758 530
291 534
1169 595
752 597
955 59
1039 161
427 179
679 145
988 468
1068 475
874 626
668 532
791 668
760 197
639 631
779 653
622 571
955 673
788 541
523 295
1141 633
524 509
491 261
506 551
1186 496
703 435
580 245
769 617
416 318
577 716
526 203
1125 469
1004 504
601 621
458 337
437 355
485 634
1072 634
578 585
488 318
588 333
699 133
681 217
445 556
683 299
407 265
884 630
1138 539
975 663
744 542
1115 104
817 631
466 379
762 294
436 516
765 314
978 444
1064 661
910 575
606 185
1072 430
855 389
484 398
535 343
560 335
482 492
946 19
491 411
702 636
617 436
762 664
1042 478
1177 608
678 279
831 692
433 545
1135 289
707 143
716 220
611 399
696 535
1053 551
497 697
600 659
645 651
774 624
259 38
632 256
1007 654
397 628
692 387
588 273
173 273
429 193
1095 707
403 307
1044 61
506 399
1058 392
747 356
412 521
1201 589
761 680
471 149
443 549
477 659
484 350
1119 375
481 420
725 420
502 347
680 652
1035 559
474 658
455 354
821 573
1039 481
577 642
946 382
1126 526
664 404
241 3
771 708
707 670
266 4
1194 488
537 254
643 565
545 704
796 380
396 328
773 211
487 216
577 289
919 284
899 657
733 157
573 305
507 371
1077 218
775 519
1043 569
724 204
291 689
1074 664
1071 716
435 327
855 616
484 233
1104 199
523 712
985 287
920 691
537 715
1052 499
677 595
578 155
381 566
233 479
666 391
610 264
1106 432
733 376
488 313
833 404
588 240
1189 278
907 387
191 519
1111 565
626 365
706 711
1172 556
768 307
416 624
469 560
675 413
731 378
935 378
787 513
540 456
1121 234
928 458
366 422
453 566
1018 445
735 216
1045 510
466 551
749 700
1157 552
879 495
676 117
561 493
757 644
544 400
497 681
830 491
766 391
807 575
870 689
497 380
430 408
690 519
945 396
409 598
829 571
454 717
1037 634
1054 87
389 331
729 606
673 564
105 681
742 224
1023 532
568 424
987 216
1065 27
1117 127
631 450
285 571
492 542
794 653
606 293
475 562
969 414
553 228
820 660
1184 174
601 217
1131 567
432 367
917 508
634 610
846 269
1140 459
165 429
1130 516
399 700
697 645
477 688
739 308
485 673
432 685
758 511
1136 500
549 494
974 556
278 559
797 150
967 530
597 631
1088 631
942 457
410 641
341 255
502 486
893 369
983 414
467 619
703 396
482 340
564 517
797 540
527 537
587 680
949 718
961 535
550 241
264 704
716 78
759 251
1017 312
1130 85
412 419
875 491
538 311
1020 435
599 535
490 496
1054 697
581 313
456 289
1095 569
548 303
812 303
1202 438
1062 667
755 404
460 269
800 454
743 546
1068 494
433 343
448 209
496 341
989 207
400 114
712 399
225 300
639 565
516 478
1104 676
1170 149
521 406
487 580
520 528
565 482
1143 506
509 268
641 518
399 404
596 447
1078 403
739 406
847 462
1071 363
590 341
829 592
1090 608
1104 649
1056 346
1051 392
888 325
642 485
1092 485
1072 171
587 607
759 30
875 419
519 304
682 612
545 359
550 343
541 271
1045 413
1066 619
1001 604
666 332
874 569
912 449
452 219
480 170
638 340
551 489
452 696
971 624
436 664
476 294
717 239
230 38
1114 488
523 479
343 563
561 410
736 312
793 570
771 709
602 312
1091 54
294 560
1070 309
1180 278
1004 172
679 203
518 219
464 365
547 697
460 704
211 272
394 274
1002 481
645 393
593 602
636 302
665 196
725 495
137 340
878 468
1137 620
681 529
675 276
673 418
643 338
796 416
500 381
451 551
571 548
1199 228
534 523
940 354
437 405
824 581
915 380
522 528
793 423
451 501
514 281
1034 353
871 240
973 474
1199 588
510 643
908 307
1050 117
608 646
690 489
593 696
375 156
462 571
229 78
510 360
1185 360
1166 341
848 494
817 585
1082 513
549 563
1121 482
445 541
441 380
1101 15
563 560
736 198
898 509
514 298
566 130
526 574
776 236
541 199
490 650
586 719
703 362
1138 486
858 569
947 75
1141 592
688 655
13 588
518 448
501 685
817 430
870 452
481 211
547 483
1123 410
690 538
369 201
513 689
1077 595
1108 595
1122 386
869 446
1188 529
704 604
637 329
745 418
479 247
615 282
1176 622
835 572
455 230
1044 712
1011 519
577 706
612 399
793 270
893 391
432 340
1165 449
1193 411
550 348
426 251
687 372
643 142
708 566
1149 446
564 352
410 226
681 255
601 202
1004 479
624 705
488 381
952 444
919 287
1087 457
918 478
1059 424
431 230
1098 129
612 602
490 237
725 269
703 431
981 477
464 499
1024 325
570 218
493 416
541 415
505 492
1074 61
835 399
766 206
863 631
590 303
1050 626
600 374
280 185
585 398
1159 546
426 292
1009 552
468 400
644 426
1189 313
658 568
710 248
916 561
466 99
563 192
635 525
784 574
700 644
681 547
425 601
815 655
917 629
529 489
738 408
457 714
402 370
995 448
650 313
936 222
907 495
416 339
939 353
760 522
899 407
436 532
105 281
663 360
779 562
652 218
674 280
1195 280
1057 347
870 631
726 310
1143 498
1162 576
826 429
555 242
748 548
442 265
539 218
964 509
483 516
606 253
630 255
1080 647
782 389
376 237
985 486
635 443
686 304
478 670
564 621
602 433
1195 274
859 483
568 264
632 300
229 25
727 417
955 530
589 342
1105 442
876 625
609 470
624 553
516 504
564 309
1126 291
591 233
748 530
1122 483
891 712
716 355
441 331
590 186
769 280
586 340
432 325
692 341
893 366
1062 605
443 475
679 416
546 346
484 439
458 607
862 675
438 352
497 435
737 429
676 546
496 160
458 258
682 658
835 290
612 368
649 354
463 413
858 533
432 288
904 257
555 182
764 610
617 101
664 456
1168 199
479 519
795 405
211 599
693 578
1058 640
1069 236
473 245
770 581
315 684
1108 469
425 631
683 699
547 213
396 376
710 693
768 373
597 599
866 234
593 557
936 596
345 709
593 304
659 522
550 347
668 497
857 448
503 449
1151 434
844 343
507 260
1156 375
848 377
572 627
1023 163
467 551
540 343
858 693
376 224
563 690
1071 509
822 365
516 289
957 433
1098 160
670 576
624 442
578 430
1054 559
696 657
522 345
1071 252
625 347
1044 309
601 303
635 480
1035 562
617 529
1095 233
376 200
466 495
854 482
1128 473
671 138
898 694
517 605
1149 604
707 272
945 421
1178 476
1087 609
823 625
486 330
532 432
731 394
637 453
588 580
521 574
896 302
688 425
573 234
1096 85
531 620
1110 676
548 674
466 391
702 547
593 207
723 365
436 419
473 213
1170 449
695 708
1121 553
766 700
582 614
491 279
552 248
446 268
670 180
1103 56
695 489
424 409
676 158
529 511
433 384
763 591
583 536
633 501
545 279
1184 126
623 559
787 514
519 364
1155 355
632 652
1180 340
899 283
557 133
469 703
666 702
826 616
534 332
1092 296
380 305
1116 430
616 477
202 15
1027 354
558 381
449 325
1182 210
723 330
467 248
484 572
428 292
530 282
488 625
1021 623
750 272
549 576
644 541
667 411
1054 600
603 512
650 364
901 320
1130 668
500 641
634 387
875 449
868 523
403 395
817 465
200 143
1078 285
602 437
516 643
417 337
647 367
1140 107
346 261
1165 617
447 394
539 512
404 416
101 233
567 544
945 507
494 467
554 651
736 597
857 313
461 367
755 83
569 410
994 318
751 603
751 704
511 343
599 474
706 487
776 693
919 73
689 182
819 409
603 416
762 306
621 681
833 583
1078 255
585 537
1084 651
454 345
554 434
511 252
645 360
766 410
464 471
390 533
712 539
1112 483
690 638
1091 445
1071 685
521 509
638 446
840 514
361 401
753 220
1034 338
708 592
797 245
499 408
1188 289
542 477
454 695
989 695
515 352
415 358
654 342
615 675
478 422
435 550
446 332
612 583
1186 178
541 393
497 608
633 614
882 556
535 296
957 292
148 473
682 398
514 588
658 240
512 298
846 275
613 328
559 204
894 513
555 600
711 418
1038 25
734 672
666 365
487 293
587 379
684 86
956 487
696 324
482 282
652 586
538 382
627 515
692 214
520 555
1033 713
561 491
722 287
1072 503
723 682
823 667
853 278
859 594
678 295
907 399
1028 38
1110 600
789 498
458 377
523 344
666 398
1056 596
737 535
881 460
1090 31
535 232
513 504
865 315
1155 638
1021 292
748 471
399 528
994 491
1048 287
1059 81
878 701
785 294
545 239
464 374
502 551
1053 613
731 172
1211 278
541 365
1170 540
981 542
823 358
514 343
465 535
821 613
882 686
1153 321
825 660
693 517
988 516
733 581
650 322
629 31
396 384
459 261
583 238
496 701
1148 219
522 262
732 401
371 345
564 378
971 407
565 679
1178 335
419 387
801 622
1034 622
993 122
1198 264
405 252
777 564
454 390
661 456
563 431
543 511
642 606
830 242
739 251
961 506
585 595
1155 556
433 241
774 591
848 670
464 565
732 286
872 594
353 195
651 601
784 273
657 571
616 550
587 402
1118 243
722 314
489 290
727 649
966 486
932 394
786 443
806 500
659 538
415 591
596 668
775 580
542 371
518 719
651 579
750 708
784 195
519 409
887 317
818 327
1146 535
993 490
523 567
515 357
1211 438
744 316
1158 493
323 711
569 470
470 572
792 516
1016 516
477 313
713 427
733 422
989 568
1192 519
664 612
1100 678
476 511
776 698
900 630
903 428
1219 705
1034 272
965 528
433 563
1206 429
903 711
831 394
474 507
641 589
499 421
1100 562
1205 495
967 524
578 423
1203 310
619 160
894 508
636 669
497 604
602 461
622 617
461 687
1133 594
700 496
1078 344
742 314
496 638
572 646
459 484
876 60
580 546
663 258
819 329
731 559
562 562
804 660
1098 505
511 412
1068 403
640 434
697 439
727 286
1115 580
527 539
1105 558
585 154
763 170
477 212
1084 4
1077 493
593 418
770 294
1032 294
533 340
541 635
1072 572
484 570
288 688
598 694
664 255
393 174
1134 174
600 485
952 412
622 538
485 517
437 561
797 612
689 691
473 209
837 338
1109 314
742 298
437 289
520 426
716 424
498 392
1187 384
512 543
563 543
499 556
841 606
477 683
622 247
890 246
528 272
711 266
1104 465
1021 440
852 623
828 620
561 532
397 661
1101 691
1051 430
1069 439
697 296
433 331
765 339
824 254
567 224
1012 631
282 661
1090 409
1127 398
437 448
594 243
574 532
318 705
436 412
507 444
884 519
1135 652
773 546
1176 201
1211 559
788 378
556 394
475 600
427 690
1109 366
334 263
855 483
649 711
868 239
583 372
418 269
900 403
756 395
482 567
354 669
233 671
928 376
470 356
1209 505
792 500
514 490
482 389
448 391
879 631
869 339
671 585
441 229
657 673
1073 548
935 322
589 688
1086 301
1000 402
514 518
735 601
1113 450
980 500
680 658
1137 50
527 430
880 406
631 345
1040 514
915 574
450 560
266 589
1072 660
485 281
592 306
934 352
578 394
867 461
454 686
412 674
1025 227
1142 227
590 174
1083 17
1031 558
532 701
511 391
916 333
929 333
685 673
1019 673
608 360
398 268
901 297
1087 422
590 423
788 178
1116 71
763 719
461 699
554 616
529 622
522 635
948 516
709 556
1103 567
618 396
820 384
1088 417
435 424
965 496
917 491
458 256
439 271
381 315
1077 316
1199 302
625 356
678 223
685 216
658 111
299 595
1058 591
459 608
921 614
1026 545
1145 536
1037 702
689 368
619 393
486 432
923 494
475 503
515 638
553 556
1067 232
926 112
588 585
428 552
800 663
665 482
850 620
964 603
733 559
413 381
704 383
790 392
671 111
1079 645
449 674
827 497
574 458
581 355
621 364
1033 376
467 485
473 485
934 396
475 534
874 583
1023 94
533 287
433 298
364 413
816 404
721 659
699 292
709 351
633 301
508 291
444 174
828 693
1090 470
878 418
468 544
813 506
596 243
651 393
325 335
1125 434
1201 530
1024 113
927 516
1138 377
69 253
417 554
517 177
687 580
1154 580
847 378
516 222
895 351
1196 243
466 271
726 333
1127 306
1111 184
500 538
731 704
1122 704
1103 618
1085 624
1162 592
574 304
1012 554
741 352
955 370
855 375
888 545
470 350
892 288
537 170
1004 496
663 716
661 681
677 320
781 360
858 185
511 325
591 515
669 658
465 697
911 333
948 483
824 555
917 614
773 429
354 274
722 531
1042 377
527 615
847 383
550 542
1087 693
209 255
1137 610
1081 462
759 563
699 355
462 428
583 702
444 223
473 448
704 494
859 284
412 714
674 505
954 544
1078 384
704 493
698 445
1103 539
655 601
493 481
784 681
609 667
681 243
704 513
484 354
809 624
488 693
602 626
483 429
646 282
919 370
641 454
1035 420
494 634
857 588
1182 468
316 643
878 351
525 280
416 232
683 561
774 544
844 672
1106 594
725 520
725 226
982 595
454 190
976 704
737 475
880 475
575 533
642 533
444 344
1084 543
378 441
1068 371
418 311
828 311
1041 685
757 439
795 565
969 317
521 259
1119 412
807 410
1011 541
228 604
431 638
536 247
743 239
555 420
750 306
714 670
747 384
1030 245
1174 432
356 273
657 97
791 330
228 571
905 333
1108 427
507 409
857 578
498 360
686 504
1126 316
760 398
1090 634
490 325
646 350
718 202
507 593
980 717
666 624
1099 450
1110 576
874 675
1128 696
1134 502
490 513
707 602
623 581
540 664
621 648
1067 291
395 706
849 423
1078 185
1043 479
781 649
689 401
441 250
496 261
496 631
404 494
1025 651
484 325
429 243
630 518
558 284
506 331
1050 638
397 643
1058 473
583 392
463 592
1131 501
982 397
491 426
583 553
481 255
1063 440
505 364
923 580
696 516
452 435
823 624
1137 607
630 306
442 680
1174 329
503 236
456 442
928 712
402 293
613 695
497 621
499 498
594 308
910 262
775 670
1088 481
1126 473
701 378
774 531
923 655
1010 482
863 702
900 678
1007 704
304 717
718 192
443 230
1142 156
945 555
737 578
1015 578
732 595
924 392
1068 344
550 638
749 281
469 380
610 351
834 505
1032 505
609 406
661 529
999 529
500 427
411 289
1072 166
1103 115
721 472
620 537
1031 286
913 418
896 316
728 571
487 198
766 181
1001 398
833 437
1143 608
541 689
445 171
1160 634
918 389
1193 194
686 362
777 344
622 442
610 462
883 606
778 582
570 142
823 192
1168 98
795 289
588 334
1082 347
496 407
503 412
920 432
603 498
447 690
559 676
802 550
729 541
570 273
840 200
543 670
632 477
1039 449
424 260
469 425
1195 166
552 225
1128 553
462 493
613 625
750 258
952 467
1094 191
564 449
1017 500
524 387
783 422
664 330
457 526
1151 530
1028 43
510 275
571 311
1041 508
1127 497
549 122
1082 190
1094 306
487 308
696 303
730 257
1141 326
778 440
1112 518
1023 712
440 242
749 360
883 408
485 584
851 509
699 549
625 276
617 304
524 453
815 296
1058 583
1052 705
580 507
1090 324
481 638
779 188
495 571
368 216
635 536
1183 379
902 629
909 628
1011 455
905 380
845 653
538 435
616 606
902 695
1149 350
764 523
1030 125
849 611
587 715
868 710
961 371
902 422
1077 422
798 482
345 263
607 448
1079 621
766 613
653 280
1094 615
922 365
548 243
1008 713
850 552
1176 224
462 430
667 202
476 652
555 591
610 591
919 625
620 471
636 313
731 480
542 583
1055 505
1073 346
1050 488
1085 477
1089 265
899 165
349 307
651 523
701 335
1154 418
808 76
1164 435
260 2
1077 483
597 673
693 423
544 638
1085 554
300 171
457 716
644 674
618 412
713 376
1024 460
769 214
588 294
524 590
808 397
609 538
615 308
921 406
1187 439
629 540
642 491
1013 550
495 392
884 602
1076 311
665 650
1078 585
640 603
1113 572
607 468
529 437
126 118
723 510
654 417
477 279
452 556
565 282
541 523
787 644
1129 312
885 350
521 431
1168 542
585 319
489 293
786 403
563 714
437 238
830 336
584 399
811 385
475 386
595 405
1086 452
526 565
741 606
604 294
749 504
1020 638
629 550
900 665
1102 691
890 257
641 443
665 460
574 282
957 472
760 670
920 702
496 550
556 550
509 374
608 548
603 673
451 66
714 585
805 206
714 438
694 123
770 314
685 167
1070 378
560 696
726 385
391 594
709 316
699 208
676 329
1185 427
715 183
1045 452
439 410
708 291
775 552
1088 635
484 391
652 467
1140 653
495 388
379 51
853 296
1110 156
674 334
451 488
632 509
831 541
647 395
581 481
1152 508
469 526
549 266
872 300
753 332
1072 484
505 331
936 483
608 444
413 324
495 391
848 607
1084 379
471 351
678 348
1068 706
1000 584
747 250
1002 606
390 302
1003 570
1150 570
649 260
1080 613
994 661
690 189
661 487
551 645
686 575
897 256
555 554
533 492
760 355
611 323
1076 396
752 460
788 159
1062 280
600 325
580 533
853 405
619 407
574 249
912 474
1035 229
705 424
726 424
1198 574
424 284
1088 380
443 273
1082 437
796 590
886 484
463 383
532 584
704 374
1149 382
727 621
1052 519
496 288
985 298
459 235
1012 480
779 304
796 506
524 207
1069 4
924 436
376 312
1090 193
1177 302
651 610
780 476
805 644
665 602
805 519
523 533
1012 553
949 452
796 385
553 470
999 494
981 662
1190 381
1179 376
981 479
303 205
389 291
540 419
760 150
497 521
836 406
1012 679
589 646
562 448
243 590
1146 52
648 519
718 572
1202 533
1034 99
1198 375
690 362
1031 153
695 475
962 465
468 442
691 429
964 683
1118 208
602 441
500 228
1152 693
672 274
452 586
800 567
1141 54
357 446
817 699
441 674
582 202
554 643
167 418
679 359
595 653
547 550
683 574
1042 543
444 233
982 405
641 655
402 659
1208 285
870 377
442 236
377 1
668 227
1040 464
864 466
1016 341
589 574
456 648
421 410
612 188
1094 505
438 322
915 267
540 653
693 653
612 562
389 243
706 361
446 406
505 316
446 657
1200 473
897 90
777 486
1042 218
783 570
1054 599
615 278
747 507
632 602
1029 707
621 459
624 487
1188 206
441 685
329 289
1124 606
538 466
569 341
510 213
503 497
1105 85
902 443
813 418
1030 673
852 616
763 694
448 244
573 535
627 501
401 391
857 706
734 262
501 429
275 579
1117 241
724 381
418 506
795 458
425 314
440 250
1160 657
1201 361
1087 523
913 360
689 340
544 607
814 541
549 512
1198 512
1211 512
490 544
682 308
1022 577
1070 576
624 222
1181 410
376 385
502 697
424 691
987 500
1157 258
614 694
608 558
473 716
549 213
671 639
860 359
662 478
517 705
334 191
784 376
479 634
534 517
757 578
809 699
1138 469
1149 475
593 226
1036 468
510 374
522 684
524 222
501 665
390 308
550 30
483 588
675 141
458 361
1135 441
1141 673
391 231
515 240
632 287
875 321
1050 423
912 456
1141 372
1054 527
706 205
1029 553
521 471
392 277
1081 715
667 521
172 341
457 516
1007 516
419 564
560 568
1168 442
731 700
1187 429
380 194
867 223
895 310
490 569
916 680
467 331
840 461
565 299
448 426
270 130
809 597
1090 68
384 282
786 557
563 616
386 369
441 359
451 423
675 266
470 321
945 340
1002 447
1176 525
850 477
201 281
350 714
562 527
555 324
1100 324
902 389
1111 201
442 543
689 367
435 299
938 692
929 371
582 538
618 225
1099 23
761 380
515 497
620 676
1184 357
1137 103
759 601
1184 611
676 598
289 2
808 365
439 441
1161 576
500 236
560 417
524 716
750 716
801 295
555 527
1201 418
736 388
792 414
848 139
763 679
1119 258
1058 303
175 447
888 328
482 264
540 320
408 335
411 277
759 277
1063 624
262 560
595 306
217 587
1095 510
574 490
412 286
587 393
1120 537
936 96
966 590
1177 502
819 201
675 559
634 238
1166 614
675 300
509 215
416 355
1084 360
918 628
1085 434
489 538
877 464
332 239
803 347
1171 122
785 365
1072 677
613 533
857 86
502 284
1067 555
883 477
1031 534
666 162
1136 410
1057 397
498 266
1088 107
766 650
939 472
446 301
851 667
1013 553
1167 216
1173 351
613 498
801 545
591 205
195 449
486 538
409 628
577 274
549 544
777 605
482 685
1187 351
165 471
677 333
558 536
732 567
551 475
521 714
666 589
1125 64
589 629
676 564
555 617
444 192
1072 201
843 461
672 550
1117 56
465 554
498 300
1155 562
821 262
780 501
1046 657
1128 336
592 358
740 473
208 147
566 308
1189 351
1095 388
663 378
267 690
611 630
548 569
627 653
440 525
1152 115
768 188
437 393
690 393
743 473
613 353
429 565
586 481
549 388
798 403
558 141
508 427
752 461
1063 696
1012 618
400 351
799 436
1025 700
1029 103
648 614
568 439
902 604
677 524
1148 546
745 262
962 347
292 199
897 672
446 497
992 533
464 284
715 482
729 491
300 709
853 551
433 259
627 384
713 80
340 185
722 411
652 437
781 274
538 534
1051 532
659 658
754 666
647 716
1015 473
480 561
437 308
672 487
727 236
554 675
376 390
1144 674
1143 454
617 363
607 471
1144 146
1067 249
675 214
1033 704
521 641
1098 94
623 456
1198 343
509 643
629 121
1022 380
264 670
386 663
712 490
795 321
778 416
579 499
206 82
466 447
533 422
703 329
411 503
563 684
460 344
830 685
966 579
953 454
983 472
411 644
1055 347
439 553
630 370
716 539
570 198
566 636
453 504
1076 378
599 98
1019 711
814 422
1027 342
518 370
643 670
395 567
557 555
1073 677
494 296
535 662
431 292
483 308
520 261
716 102
515 681
542 558
1041 315
1031 693
1138 536
420 528
578 380
357 241
764 527
422 560
463 376
704 379
1061 608
258 674
883 512
1071 441
566 355
543 606
729 622
566 349
726 448
327 227
1112 480
471 233
1042 347
1156 361
1069 488
1188 227
706 261
862 286
492 337
775 385
450 555
701 611
467 388
736 271
786 599
809 710
554 476
456 445
1021 618
398 508
502 623
827 203
473 160
798 609
668 713
969 716
564 691
778 602
978 377
487 196
482 710
414 327
635 343
641 446
774 314
426 393
512 520
442 390
1181 586
566 489
182 247
1066 194
578 531
1177 182
692 443
739 548
729 415
662 590
444 164
433 585
661 239
1128 681
845 90
1069 499
440 605
1163 431
523 695
1110 278
410 260
1020 501
733 512
189 259
403 211
595 373
639 670
710 69
901 555
327 79
516 427
1052 368
521 377
152 511
607 282
756 453
830 277
969 394
916 72
629 599
1153 325
446 413
187 380
1059 695
566 545
475 530
646 383
752 283
487 498
529 226
1032 181
476 363
875 345
481 306
1073 652
209 54
190 277
364 44
723 390
790 207
869 603
397 716
718 366
466 259
553 695
529 552
1208 574
208 5
1163 522
801 597
482 466
327 48
730 413
235 610
256 56
522 677
549 528
457 435
846 681
424 338
906 451
610 198
742 650
875 379
905 323
663 691
718 537
735 450
871 433
1117 458
671 422
474 238
758 519
458 318
497 551
360 660
1025 660
843 541
1129 309
908 60
492 173
1163 352
404 216
483 551
480 344
507 434
1076 423
914 647
938 602
796 659
721 167
829 315
805 317
536 569
216 326
677 157
946 410
661 594
447 282
400 182
658 304
743 236
662 613
771 482
747 705
490 560
472 339
197 78
555 280
514 316
532 267
452 540
533 665
1132 446
1136 358
584 558
261 128
954 346
788 390
213 11
919 359
667 459
460 424
925 66
795 366
661 371
943 649
802 229
1046 287
264 2
960 412
649 324
506 581
506 354
661 690
1097 383
421 381
505 530
473 392
475 295
769 513
460 358
442 526
562 433
1091 433
518 364
1175 181
474 399
146 87
655 493
1003 546
1033 329
682 579
769 339
608 448
642 448
368 200
430 571
461 249
456 535
1017 576
1181 548
428 547
825 2
224 26
732 713
678 412
423 232
303 180
783 481
478 490
966 30
1090 351
1135 543
1118 712
1090 369
584 555
626 567
901 369
913 669
420 249
386 225
1158 87
979 413
231 16
573 423
1111 592
448 513
704 623
587 364
1188 323
744 287
493 681
704 592
669 339
536 489
655 108
175 357
607 582
434 255
637 127
832 647
464 229
1059 516
666 694
796 202
897 467
1080 282
670 408
918 336
409 593
639 299
729 529
261 713
541 346
483 221
474 349
479 570
1015 648
863 591
450 224
980 515
650 327
652 560
927 158
912 619
519 241
1094 487
627 366
1032 500
833 390
615 352
312 568
419 423
545 430
421 308
1091 424
728 606
490 396
660 322
511 250
659 281
485 345
570 519
408 421
847 421
1046 443
1068 643
544 328
1050 616
431 163
1173 491
823 497
599 378
747 599
884 240
1033 544
456 671
734 358
897 346
471 411
1084 194
1158 379
925 631
605 539
235 14
559 194
656 250
617 269
351 716
986 509
883 459
890 453
1074 281
876 637
641 387
958 658
492 333
1078 366
1201 342
450 610
636 225
387 430
1046 411
754 682
561 511
775 680
495 665
634 534
990 627
384 712
1046 662
865 406
277 219
517 692
614 649
828 546
910 546
427 548
1057 458
521 494
752 413
514 388
1085 141
775 241
693 410
445 380
708 368
1083 224
384 173
523 376
1012 627
599 706
1090 475
488 414
744 407
992 410
337 693
655 555
637 541
778 133
374 614
640 350
386 215
984 159
740 211
679 515
781 339
1115 173
698 254
1019 358
777 702
935 485
497 350
699 237
1031 354
530 628
1191 528
593 536
901 267
705 482
362 191
949 440
551 215
595 553
999 668
415 262
1060 566
695 646
742 269
620 606
427 507
1148 458
840 427
704 380
320 649
528 431
743 522
1126 679
713 598
438 275
1044 161
1087 442
599 413
1020 504
694 468
621 634
604 382
490 340
971 482
888 380
544 473
789 708
885 38
1038 584
852 534
1032 489
446 336
463 353
505 559
834 367
777 306
465 377
1116 457
907 463
652 461
447 196
580 292
919 494
508 338
463 521
824 345
496 598
1083 496
936 453
549 333
556 398
811 528
1176 536
820 326
430 524
661 527
751 388
702 413
543 270
706 389
757 421
466 219
458 517
571 677
702 404
627 462
771 322
851 400
935 189
900 547
629 544
338 711
787 268
484 438
364 260
429 275
931 572
1048 313
624 582
700 400
955 367
588 264
1119 611
247 593
1104 175
564 704
742 207
592 361
766 323
907 89
1064 267
1020 489
727 349
892 707
958 502
972 501
811 268
696 560
434 414
1077 572
973 407
1061 625
586 708
1037 669
913 621
1019 456
474 292
992 555
549 382
945 16
774 518
172 340
424 559
963 318
634 420
384 381
429 568
520 566
555 313
491 185
712 157
514 498
961 606
950 511
881 422
844 649
622 556
500 351
871 524
1191 195
764 239
1064 508
788 359
1107 680
550 668
427 207
473 237
582 208
86 514
1096 494
656 382
499 377
489 170
584 321
517 484
410 428
683 418
290 501
576 501
551 658
811 705
1147 660
770 147
484 514
562 549
552 428
782 435
728 312
680 710
423 356
635 603
496 307
524 217
869 694
451 383
603 612
850 323
462 443
416 283
1012 283
534 234
396 330
691 448
736 565
782 598
725 681
478 216
699 716
517 268
700 385
504 641
646 544
471 400
1095 689
651 395
659 515
649 718
1017 718
941 13
432 698
516 300
703 587
477 336
638 313
660 404
1137 111
756 347
1131 650
409 531
453 213
1072 648
652 520
1027 370
617 271
457 547
583 272
426 261
328 206
718 339
1067 339
1170 335
342 178
592 496
773 526
612 226
637 646
501 592
675 302
884 675
459 368
670 439
1141 609
872 495
728 411
636 252
412 172
918 491
983 491
481 431
1047 686
809 359
919 352
788 29
794 563
433 233
887 653
525 636
421 262
583 678
712 387
760 406
763 413
396 203
355 697
713 637
279 685
597 341
971 289
828 540
618 316
592 329
1202 215
841 201
772 604
514 405
396 301
801 351
572 322
1038 325
778 714
1027 307
888 680
575 297
516 709
452 713
329 656
934 106
721 130
541 542
1045 250
1038 357
476 606
556 358
948 97
447 186
517 297
1056 412
468 383
1113 505
1180 363
462 570
743 241
242 710
806 670
1100 20
1105 18
702 711
594 541
913 65
1147 588
519 623
769 703
638 515
664 130
429 302
532 627
768 685
709 394
1077 451
726 582
677 457
391 568
770 267
881 528
554 422
737 350
899 506
1000 619
366 150
1036 596
1022 411
863 586
1024 586
755 632
1029 570
504 366
1056 366
754 656
757 328
427 659
478 574
830 428
1051 315
521 599
448 494
651 692
1054 462
596 267
867 436
1010 345
1088 174
531 587
615 677
1138 265
523 201
478 644
797 691
1101 665
548 655
479 527
740 438
724 487
707 675
692 631
1166 421
519 319
400 278
558 200
817 510
877 430
1003 642
533 296
1208 469
761 621
717 658
884 455
526 647
770 303
815 365
697 245
549 571
758 431
661 339
997 591
1101 402
597 187
501 442
430 322
464 648
725 246
612 610
757 301
571 351
425 393
524 658
386 709
525 536
1064 514
582 415
546 337
472 393
802 644
401 428
968 310
658 366
1136 366
716 598
392 223
532 604
823 419
681 605
613 510
882 88
817 454
923 508
291 197
469 423
521 335
872 251
465 350
1162 413
1200 348
666 431
883 471
1128 438
526 621
1135 537
701 312
493 420
537 420
1035 467
372 177
529 239
763 342
766 237
764 419
432 676
611 616
438 546
620 691
809 683
615 615
645 662
1073 656
384 350
665 359
279 702
847 330
777 521
798 459
407 344
682 620
444 310
1103 49
763 545
1105 432
813 207
748 439
438 594
1061 145
852 601
902 404
1078 531
671 712
1115 673
522 348
714 666
1088 355
492 252
424 315
616 209
520 597
749 240
537 510
752 510
1116 284
395 513
396 535
365 704
716 542
718 269
1006 435
1161 308
364 691
529 371
1100 555
568 674
745 624
580 244
345 706
485 493
783 588
492 172
414 315
577 195
868 41
953 318
1114 681
823 510
754 588
1075 333
1042 508
900 541
358 562
1118 179
390 419
590 414
1121 551
967 621
542 679
833 591
631 198
593 399
377 199
839 346
521 602
484 427
561 546
361 178
1143 312
424 341
356 340
612 385
1104 584
870 434
793 458
897 245
684 535
1023 344
1157 420
590 529
781 431
688 440
672 454
900 442
640 509
683 471
628 494
441 532
1082 351
714 273
1116 448
1075 640
1040 222
440 283
700 511
546 120
465 502
782 313
628 378
1038 241
749 539
779 525
448 574
1095 451
595 363
732 507
677 231
447 489
424 422
893 438
669 638
1115 321
1075 674
437 307
1026 666
1130 355
431 702
437 555
704 698
498 531
585 688
674 504
900 604
1166 292
321 328
241 198
878 405
549 256
664 635
761 479
812 134
690 601
1177 344
573 361
590 609
1152 326
593 583
789 397
759 339
665 647
965 328
283 544
745 544
975 101
644 32
585 225
566 445
540 531
936 461
962 542
755 586
880 368
510 325
537 574
1182 117
390 434
872 626
413 443
574 213
932 459
437 523
465 432
1067 280
1199 341
801 360
498 390
1104 67
1162 637
401 244
672 251
780 649
421 571
588 214
380 402
787 362
529 269
390 168
458 410
1128 32
1079 255
342 218
497 516
942 697
507 235
576 669
619 183
778 215
719 574
812 697
955 683
698 495
1061 617
931 286
942 398
732 439
490 641
491 393
557 415
398 345
618 288
534 581
717 488
846 666
471 620
831 565
1177 128
655 489
807 705
503 220
699 515
1075 285
551 229
565 619
757 686
972 561
568 151
883 354
476 375
597 420
1056 255
331 654
678 393
955 308
791 239
612 547
748 543
495 548
478 685
648 685
422 719
956 641
444 176
565 662
547 571
420 491
588 386
437 428
1061 532
422 390
1035 413
506 409
1181 580
940 73
1050 347
428 335
921 264
674 360
702 276
824 411
1194 400
537 361
556 201
471 66
438 539
598 656
895 653
1137 598
1061 533
568 542
443 303
1147 399
604 268
896 264
857 446
528 706
1068 687
591 235
449 263
1036 601
777 308
539 676
505 542
1072 404
524 595
644 533
947 568
641 623
472 115
587 691
1183 467
440 373
517 306
651 372
996 407
509 537
835 396
582 128
774 578
1118 349
1139 628
722 308
659 702
831 400
335 216
1077 99
421 290
455 305
609 497
487 358
397 304
959 382
1048 650
923 477
455 373
490 332
741 441
233 213
1130 499
1118 680
1047 404
1079 692
576 534
456 228
1178 285
771 538
571 321
678 321
1183 407
798 518
553 616
520 271
955 445
495 424
1004 681
864 599
459 181
1197 513
629 341
743 406
774 289
723 332
625 484
1175 342
716 633
984 564
526 553
446 437
850 660
450 371
538 360
474 581
1117 653
600 516
483 197
730 393
626 352
526 547
503 335
593 348
1085 711
839 678
1094 451
1027 281
375 527
578 611
873 31
517 303
431 543
428 315
611 429
684 243
454 585
634 650
955 650
1004 607
636 514
559 391
936 318
437 364
551 550
739 400
534 518
566 245
1052 374
553 359
701 373
537 383
1069 673
488 652
616 274
1023 274
500 244
774 626
460 621
531 503
482 562
466 357
627 469
456 328
811 340
526 698
1051 433
603 627
1071 295
1086 575
983 495
590 459
384 330
1162 625
631 657
575 623
738 608
604 393
1065 325
455 424
492 424
1020 354
891 454
1135 489
471 700
568 595
906 438
524 303
405 286
360 163
1066 328
915 477
713 502
787 478
409 581
505 560
560 624
863 427
521 207
618 359
602 617
1101 350
987 597
515 196
827 660
632 518
490 433
761 291
1040 54
1060 547
1011 503
183 255
767 348
838 354
880 428
451 171
356 705
418 423
749 709
868 74
950 382
785 179
549 354
706 582
594 371
1005 123
676 464
1053 674
407 333
634 601
355 202
687 178
499 288
435 555
559 663
1081 617
885 353
696 703
929 543
507 566
592 660
1134 482
1059 270
409 204
871 253
485 552
553 587
719 587
1153 598
483 361
1201 380
1118 515
887 683
717 670
512 487
1138 607
540 528
1071 579
1141 562
497 558
640 719
833 275
421 563
501 380
659 290
742 537
1107 289
653 346
502 507
1166 538
1135 592
763 551
632 428
702 483
552 495
672 639
642 532
696 474
777 481
738 654
521 342
732 292
449 387
470 412
558 460
561 540
547 552
954 352
428 413
601 541
551 351
1168 388
998 544
414 402
564 597
1125 514
515 695
722 579
324 709
824 636
703 92
470 711
374 699
785 303
1026 421
1018 648
589 427
656 528
1076 526
612 340
852 410
647 313
1067 243
607 673
618 712
689 524
1085 513
777 545
514 701
1072 206
393 423
581 297
702 210
604 415
371 331
388 350
578 280
1084 85
510 303
497 623
1031 467
1151 478
549 302
578 194
625 460
401 488
552 263
1191 443
1067 268
1032 467
766 287
827 687
468 223
1093 546
584 339
1041 300
1102 471
1052 463
599 276
478 346
456 396
755 545
468 194
413 359
649 512
862 274
933 433
637 651
1084 565
592 488
735 613
684 594
695 178
810 719
1026 486
443 539
827 471
1019 672
436 272
980 397
511 372
556 596
567 706
441 193
1171 404
517 521
671 484
1099 229
726 694
1076 462
914 139
982 501
568 277
829 511
799 331
829 255
474 550
775 449
577 177
713 237
377 691
330 712
394 713
703 520
528 690
622 690
690 492
1034 346
954 555
736 659
974 410
457 399
715 111
674 348
790 92
1202 379
416 261
644 711
735 237
1070 199
713 191
1042 107
668 286
950 312
1206 319
812 408
835 269
1104 586
1046 99
475 340
855 522
908 267
500 679
569 371
581 698
502 516
819 689
1166 136
344 568
528 487
544 260
1052 601
524 564
677 677
1087 615
974 389
688 400
501 535
814 573
1165 477
470 189
961 276
480 683
918 704
501 433
725 224
661 570
765 715
326 661
476 366
711 420
323 591
587 268
594 669
468 134
665 558
859 372
745 700
773 356
859 567
996 451
664 521
554 563
703 351
561 473
531 594
579 420
436 284
750 543
626 370
879 370
689 362
817 644
598 303
458 603
639 534
631 261
683 348
1115 400
1191 397
480 371
718 398
745 322
442 550
1085 196
545 481
1057 104
795 476
826 628
514 670
1042 311
891 371
558 402
895 326
660 315
574 390
644 418
885 251
770 227
493 367
416 350
720 584
373 197
783 394
1174 381
322 686
1161 218
1062 621
1185 297
429 274
703 514
587 313
358 644
1099 266
555 296
440 208
425 332
1115 227
1137 104
786 551
514 237
848 523
498 644
1068 414
818 322
660 675
1016 509
780 198
1207 415
1130 684
603 499
470 521
1088 525
1113 229
795 498
491 435
569 340
702 588
549 575
476 648
770 138
465 257
351 264
647 425
490 479
1146 554
574 333
1162 106
811 473
737 328
880 344
600 431
457 426
846 553
586 208
677 466
712 576
378 568
1026 629
524 350
1015 190
234 662
599 616
1145 560
910 315
356 715
439 371
1027 515
523 531
434 355
501 608
428 680
576 375
1120 453
695 271
658 579
545 232
525 562
692 298
455 277
1101 671
513 262
663 243
666 433
518 388
1128 57
524 666
712 483
477 689
490 417
468 558
771 410
748 419
652 334
551 635
1151 248
685 350
1081 538
804 69
789 286
457 628
1036 327
584 322
613 345
598 492
569 530
651 712
833 288
1026 633
1105 374
1136 325
409 171
759 513
538 709
495 572
569 641
315 691
327 647
566 360
397 526
1131 711
391 605
504 717
721 397
890 652
836 402
327 239
467 316
516 93
1085 270
796 474
439 345
884 226
408 407
854 251
333 620
1161 493
1188 293
432 308
586 227
809 676
828 606
830 516
840 438
719 181
1111 686
977 528
408 259
1179 388
404 505
520 461
924 264
489 554
444 536
696 511
585 168
426 371
453 289
442 330
467 522
1113 435
423 239
604 579
1122 549
392 181
1144 448
467 572
504 625
1028 659
943 531
835 616
702 710
1075 503
849 483
515 555
475 604
482 392
429 412
1145 472
535 326
1172 161
618 221
584 246
819 512
1077 597
377 699
1181 475
536 662
646 365
676 714
438 393
429 259
944 623
1075 319
977 686
451 697
424 312
1085 264
1162 506
507 250
406 553
1176 452
748 510
533 406
510 686
642 277
804 576
1127 504
1022 455
542 638
845 265
476 524
659 266
490 546
937 180
939 518
560 426
446 239
761 165
649 485
969 485
500 603
881 568
552 533
770 383
438 410
989 379
1045 170
594 621
506 476
390 226
952 362
575 232
746 714
694 271
1056 540
951 434
737 496
1217 609
322 202
1064 486
421 384
1049 712
735 228
730 383
751 383
1140 184
762 225
637 590
1198 590
1000 704
522 640
483 514
208 370
1016 581
726 494
753 470
662 278
744 410
816 221
1075 287
480 338
585 340
710 391
371 300
1113 101
559 519
604 341
501 547
520 447
577 639
1149 417
641 412
545 466
908 109
551 599
967 459
957 524
708 269
566 425
752 529
1130 393
1183 606
482 416
1128 433
431 213
746 593
656 679
715 617
386 693
463 236
579 698
1031 698
499 447
476 515
422 351
739 425
990 651
773 567
654 495
1082 359
541 358
400 392
571 598
1117 460
1075 482
587 489
406 429
818 194
685 195
577 345
642 255
617 696
436 455
573 300
1126 199
650 215
837 261
513 556
473 322
781 141
655 567
596 649
825 545
942 494
424 331
419 384
530 408
549 643
622 333
1023 518
500 363
1008 517
982 561
695 632
1123 647
1150 435
1072 93
496 379
697 697
716 401
424 411
1123 548
195 167
356 212
1169 183
1113 238
552 306
624 660
846 696
540 368
1194 336
1044 95
738 338
443 381
405 413
1078 337
386 543
637 551
418 283
368 223
263 699
864 425
766 88
1195 308
417 494
685 255
1052 692
281 585
811 544
457 534
1179 481
442 254
711 634
797 304
636 340
762 408
1010 620
548 693
802 693
1135 560
411 564
449 362
489 626
1168 618
632 213
1052 387
890 166
676 403
1123 606
1032 427
626 290
418 676
662 468
838 292
1021 675
819 594
949 145
548 421
597 320
851 226
659 636
717 678
701 482
730 710
263 667
630 325
1103 614
920 443
438 310
783 650
771 306
1021 543
483 316
1169 259
444 370
603 624
80 453
619 453
972 477
1098 17
654 505
1086 654
593 521
571 348
1105 348
1043 493
951 631
1063 254
1046 444
569 667
1096 268
429 549
570 549
1145 512
616 679
1093 479
822 527
530 255
470 370
1082 524
1178 173
512 665
815 270
506 152
586 606
687 656
1039 418
606 326
700 381
870 626
1079 626
1048 463
768 531
617 535
458 426
473 198
516 697
539 367
468 645
587 368
531 349
355 700
1005 700
613 526
365 397
383 672
637 385
773 576
578 410
515 539
551 369
547 361
691 425
430 245
961 443
746 242
511 656
804 501
410 422
1083 415
626 206
498 643
677 423
804 394
1100 477
764 700
637 377
541 162
772 316
617 76
771 195
798 561
444 531
421 250
901 509
515 636
881 712
533 534
756 605
415 320
737 336
1129 646
470 665
822 312
420 563
1098 436
426 664
460 509
587 696
576 384
149 162
777 542
421 280
468 508
1147 239
1026 697
865 638
992 597
442 558
989 518
1080 353
475 246
706 246
1166 230
371 235
832 700
1007 574
714 657
556 571
1085 441
598 249
480 594
1076 461
1054 343
580 662
1160 530
430 227
806 399
536 444
768 249
765 660
519 488
408 423
764 453
1011 590
703 631
739 317
677 352
762 478
980 524
435 182
1088 581
466 518
1193 500
484 586
584 453
534 186
650 146
481 310
705 91
586 352
664 633
520 615
660 612
642 489
538 640
377 197
491 531
716 321
934 367
582 664
796 554
580 697
896 492
784 21
1005 511
431 270
572 283
776 599
988 639
434 529
1112 331
873 524
974 660
768 400
575 596
414 222
500 668
423 284
512 311
442 291
1141 665
779 147
1131 541
1117 69
639 592
1014 592
796 682
517 627
608 602
503 337
399 619
921 649
595 428
525 370
580 412
1046 599
499 566
441 356
1071 520
404 190
454 212
1105 6
1025 470
1019 586
724 579
700 431
484 535
439 683
1155 407
1210 257
1121 48
1065 114
721 699
556 218
1059 654
640 712
1036 510
582 517
588 414
669 320
401 201
876 333
548 567
640 335
771 647
1010 691
723 400
1115 105
1009 520
1106 403
838 364
615 423
1117 68
811 711
504 557
758 444
469 597
537 275
212 159
441 251
945 70
529 329
453 410
926 400
1102 487
494 548
602 465
638 291
423 558
772 327
1169 282
615 462
1065 341
1185 488
835 537
499 708
677 430
928 88
429 373
166 323
464 555
629 342
818 534
530 354
1136 225
513 345
472 243
973 653
725 341
548 397
1038 715
1002 547
765 449
1126 418
506 416
1038 17
544 450
522 508
801 232
468 608
942 320
548 626
446 384
773 536
963 377
692 671
906 612
753 527
1146 512
1131 598
897 637
718 374
772 519
1018 658
1168 529
394 325
703 546
611 235
1062 544
423 583
638 409
972 438
522 568
561 284
1047 607
709 623
1091 594
806 630
430 520
759 549
546 324
1083 518
1035 317
979 589
447 325
483 633
882 512
424 403
849 382
509 573
1172 171
352 216
515 386
873 599
1179 473
870 411
491 414
758 201
691 324
1153 360
629 488
465 416
1180 619
540 706
498 579
486 365
1103 396
471 426
206 251
1031 629
823 520
337 289
896 486
423 536
407 687
699 311
836 389
360 19
1153 667
940 655
1178 292
399 176
404 302
401 216
126 201
679 482
872 432
545 717
543 333
810 509
456 203
761 537
819 280
1182 198
634 479
468 273
952 704
739 522
1186 527
445 565
596 408
1090 523
489 576
1050 686
907 296
1034 471
1081 423
835 434
580 190
490 711
594 561
573 294
439 180
726 231
1129 645
466 337
1150 604
795 306
735 364
767 625
830 694
519 211
680 681
440 524
464 575
374 696
728 653
565 372
525 611
1171 448
550 501
494 401
1006 387
288 603
1174 469
576 630
581 630
398 391
941 381
1151 285
577 681
514 510
319 696
665 439
755 411
755 487
443 566
1025 445
617 409
1087 610
490 509
1013 260
355 702
457 238
902 560
266 685
1156 262
429 536
444 558
706 319
533 393
621 155
710 299
571 682
429 304
453 270
1171 497
964 415
508 654
654 371
1195 333
735 328
815 546
737 530
590 413
560 532
580 414
841 655
938 472
980 528
812 311
1052 649
457 168
495 558
739 133
734 645
1108 325
999 669
602 203
836 441
472 422
397 551
739 468
1049 311
1031 131
899 252
793 600
554 185
725 719
477 379
1100 422
408 532
1004 521
344 376
729 376
1119 391
406 393
1131 621
436 420
498 397
984 363
755 463
366 161
681 548
617 684
705 594
294 616
584 538
398 382
551 644
521 543
510 194
637 210
1019 411
564 498
782 476
767 604
870 382
804 264
482 398
409 199
516 578
1181 375
565 412
443 228
401 553
799 349
604 704
817 97
1050 472
951 509
777 462
1133 237
995 562
1096 526
1096 469
1139 469
1201 341
525 482
1048 596
260 674
588 219
1142 361
376 407
692 303
714 685
436 694
590 523
523 377
530 353
768 211
627 349
756 358
1074 33
830 576
499 271
489 192
580 396
1059 338
804 567
688 480
950 361
1030 715
467 196
783 592
289 684
916 590
730 270
1084 283
507 422
1103 636
462 340
436 573
1134 389
1135 510
1100 458
438 620
774 267
737 654
589 616
467 597
565 209
581 246
526 606
461 273
729 273
516 576
463 515
660 684
683 634
1181 436
1088 539
464 328
1185 318
517 481
413 585
535 200
604 370
651 356
971 679
622 423
541 307
1041 222
781 375
790 264
1072 240
554 345
605 582
1205 368
507 689
1099 531
447 357
593 676
444 518
489 613
700 551
955 649
512 534
403 316
1130 202
710 355
646 386
866 416
489 405
594 169
735 346
441 255
643 457
758 235
609 307
1023 28
701 444
504 645
1082 2
499 553
669 536
848 263
815 202
538 380
726 380
1207 303
735 282
647 337
548 517
1160 525
656 549
454 289
515 289
513 165
1127 454
600 643
673 500
697 410
795 5
669 334
336 297
526 146
520 510
581 511
1173 246
859 279
502 408
731 539
1083 695
1168 436
671 580
458 445
932 77
719 396
583 152
710 591
896 591
961 406
514 529
1077 636
610 515
979 431
427 646
731 656
1037 675
648 336
528 378
1026 206
886 612
506 300
1035 146
516 714
776 391
579 386
953 664
595 690
574 710
840 573
461 527
708 527
193 327
648 465
1107 20
803 614
1077 617
1047 674
925 512
528 635
485 305
1037 66
582 712
370 709
524 462
714 506
994 506
629 511
449 343
643 604
732 441
1138 404
1122 299
194 54
1178 193
897 249
651 233
922 491
695 465
681 109
478 180
696 671
1157 495
751 466
1205 466
762 699
655 628
519 405
558 482
400 568
770 309
515 241
424 209
898 525
1063 489
612 244
494 545
674 673
435 162
436 385
1168 119
471 596
635 662
1038 238
670 698
897 224
1056 520
696 543
1117 709
286 195
636 440
394 419
1002 417
579 682
527 548
620 295
1115 90
797 696
434 329
1190 493
585 487
1049 509
1163 564
573 572
1161 558
361 544
622 627
652 374
674 344
760 438
722 219
893 675
612 688
830 601
663 632
839 390
1199 440
564 566
606 566
495 401
823 595
1109 603
587 235
1178 382
420 479
1016 505
846 429
411 547
1173 637
1050 658
1066 653
727 248
450 247
679 272
547 345
1206 323
412 539
1177 538
900 596
458 632
1029 402
1094 178
1068 680
722 471
756 257
848 396
536 598
517 351
1084 325
263 658
948 541
728 296
873 533
633 663
896 507
693 377
975 334
1018 654
614 653
720 200
569 175
878 277
1168 511
374 388
966 652
971 555
920 590
747 158
488 691
571 497
408 550
501 416
636 415
285 577
787 607
408 160
1088 176
646 458
1110 462
495 349
430 332
505 709
634 709
604 657
1045 686
552 372
892 377
1023 505
797 215
1181 576
793 629
674 291
869 666
1048 181
1011 645
648 543
1154 572
532 300
548 607
439 446
587 336
493 517
713 509
629 357
492 205
623 529
809 434
986 712
548 167
1133 167
1153 619
412 372
1054 286
780 490
1036 437
747 519
419 381
445 305
938 407
693 387
549 398
706 511
647 702
803 635
844 619
578 245
454 204
1085 287
956 370
682 390
612 603
770 711
588 342
468 226
738 238
553 652
1112 643
1188 138
735 264
660 453
569 515
1099 538
676 559
582 656
628 672
978 319
1150 477
786 479
707 500
402 413
1087 35
500 218
533 580
453 614
469 512
458 523
472 718
1042 663
1148 655
501 265
552 602
771 671
449 237
617 445
516 232
824 232
1089 346
960 298
1166 402
490 645
924 670
1075 562
964 348
1142 320
411 258
471 188
1105 62
692 559
1130 660
1080 172
736 170
1160 376
451 269
582 287
519 426
852 393
867 393
1097 393
778 415
1108 641
491 632
1120 367
1013 615
1124 531
372 225
1073 560
521 587
681 652
419 324
552 314
1093 669
524 383
759 460
516 208
380 278
1094 298
1036 465
627 689
1180 205
867 344
401 335
741 415
636 493
595 537
775 682
992 680
1194 188
811 425
566 490
530 368
553 368
451 293
483 598
1172 539
793 671
625 685
671 410
594 413
1179 437
1193 323
573 354
610 558
454 546
851 569
463 586
773 243
587 471
569 655
601 407
310 702
1106 314
781 441
1062 357
681 556
485 461
902 288
252 559
753 673
513 519
340 657
281 670
751 404
550 392
400 358
545 107
449 197
515 617
647 528
587 530
496 710
744 702
575 643
700 317
518 285
453 412
720 413
622 402
697 599
475 525
662 535
458 553
485 545
809 660
628 707
702 247
748 255
498 272
715 296
402 298
894 298
572 339
884 341
734 433
436 392
976 406
598 494
1147 530
895 512
976 512
465 520
417 560
618 556
1051 631
695 608
953 608
795 593
362 686
1051 676
329 678
821 693
531 664
1115 168
757 251
1207 251
601 242
844 245
534 290
498 288
555 301
927 317
767 267
770 276
423 323
1177 336
442 342
970 377
423 373
445 363
1079 477
551 487
485 483
496 497
1160 506
585 414
658 384
863 440
530 531
1081 562
609 547
715 614
1044 634
684 602
648 578
309 693
323 664
600 309
731 306
780 419
1032 484
920 455
750 239
481 244
1144 243
1154 211
641 222
1109 584
1148 584
575 628
451 542
1081 679
1157 125
527 449
1154 449
581 472
681 389
736 409
442 422
428 548
390 567
399 639
435 355
723 374
521 307
859 305
1183 404
676 425
762 496
445 719
422 312
475 549
1114 217
1195 430
723 367
1062 112
1133 637
415 408
635 614
1128 370
875 666
625 701
444 412
1066 381
667 605
967 578
712 258
765 378
588 236
616 697
1016 473
660 516
783 166
674 562
822 301
1052 344
1031 290
1131 122
289 718
399 587
423 359
775 460
486 289
413 147
1064 204
1212 489
593 547
528 277
674 532
1178 142
709 574
700 664
1128 593
797 179
729 478
429 323
413 352
1072 435
841 397
454 349
617 659
909 459
841 283
561 299
529 521
851 564
505 16
459 284
577 656
803 527
834 512
952 401
652 652
623 404
415 375
886 676
1068 394
1165 390
473 120
387 393
506 330
551 330
865 327
757 575
774 426
907 579
1153 454
1184 449
548 262
890 271
768 599
1047 697
899 298
779 389
555 487
1112 492
1054 177
1042 233
921 608
855 594
1076 587
582 516
1112 260
1207 260
555 274
870 274
549 297
550 315
1177 306
511 450
902 450
374 419
1144 630
480 613
415 562
973 560
910 517
402 653
1095 660
404 246
410 246
836 195
516 278
520 377
874 371
1068 356
476 387
706 622
1001 637
1168 112
1183 134
850 232
822 272
712 308
500 477
437 714
568 529
702 383
1204 379
920 293
492 407
1082 412
616 623
1173 593
1079 109
1066 309
655 310
910 531
765 559
807 549
791 479
449 246
1068 463
539 673
541 508
536 615
725 536
925 492
397 351
631 529
1080 174
449 243
836 252
582 468
713 380
532 268
1023 292
1088 666
712 313
438 548
895 448
779 321
951 437
710 544
1046 89
999 546
1070 543
546 645
724 256
854 519
1092 685
1064 328
587 277
449 534
1080 522
616 299
473 341
709 549
587 442
751 450
1094 551
1186 166
468 377
720 201
605 422
418 172
711 330
831 669
1030 503
1123 595
289 690
439 287
586 537
718 552
761 251
914 626
1012 428
798 384
504 399
416 520
1064 118
412 264
637 492
393 434
921 550
823 708
1053 653
1138 485
575 316
555 584
1045 529
432 259
626 571
639 521
1167 619
381 226
487 614
785 654
674 281
924 341
581 692
594 283
716 519
776 613
571 700
1092 607
1118 391
866 350
671 197
990 586
1037 352
928 329
597 406
1034 686
961 347
1107 69
1119 664
493 354
1025 637
1078 584
686 232
505 387
969 440
583 531
456 271
930 467
401 558
486 558
633 483
1111 656
679 575
774 360
947 360
497 487
1070 487
724 536
388 658
487 167
1090 167
864 439
146 419
589 577
1008 704
865 272
1166 318
827 126
890 583
382 219
1167 394
333 685
679 117
1092 16
443 413
914 379
287 228
514 568
745 327
311 679
530 418
721 640
556 265
1188 464
542 657
1117 596
560 524
611 344
969 295
613 523
1196 473
490 427
1081 428
1069 440
495 273
636 278
749 357
802 521
1119 622
594 691
481 177
601 117
646 444
661 459
1173 458
793 500
577 335
1019 345
421 276
1076 524
1194 538
1063 604
688 151
863 412
506 441
948 463
1110 303
950 574
789 689
721 670
893 182
490 415
797 452
1112 551
1043 457
463 380
943 380
1083 666
807 563
966 575
717 583
734 231
644 499
1053 425
428 389
798 532
319 208
530 697
502 568
666 679
1096 476
753 647
822 501
356 226
855 409
1070 193
1139 608
618 522
748 687
785 275
645 487
458 558
215 571
1204 559
460 167
1074 706
350 423
1101 398
951 349
463 237
488 633
526 486
1033 486
1069 452
884 478
823 264
544 649
678 298
551 582
817 358
1044 415
438 520
528 569
504 528
406 567
644 665
515 517
850 627
652 589
1015 402
674 498
402 550
1045 550
816 615
1046 622
529 297
400 423
450 225
1025 593
457 531
544 407
1083 432
685 286
795 632
862 684
638 412
666 404
1084 314
642 537
571 592
723 163
416 240
877 627
1087 638
802 233
438 266
474 398
1165 626
809 501
490 648
817 248
934 701
414 553
417 255
650 304
645 399
1159 313
826 503
965 549
460 581
469 194
731 541
386 220
612 479
528 681
1112 623
434 351
1165 583
497 361
764 339
1153 524
484 378
615 654
1030 601
450 212
968 492
1081 515
519 605
691 431
705 419
520 273
747 273
985 436
583 445
936 508
1052 610
1099 627
291 580
962 377
816 351
584 536
529 282
456 392
1135 201
648 434
450 263
795 571
1191 435
1034 475
811 440
1010 402
637 182
556 647
804 631
471 602
737 660
801 521
729 714
905 714
1018 244
1115 663
1181 520
1065 642
1190 482
431 556
593 287
402 324
513 506
835 618
728 549
1026 98
633 434
507 703
728 176
710 527
1107 610
620 658
362 713
410 187
660 520
465 423
736 239
1087 15
1141 563
859 318
506 509
454 625
626 704
549 531
719 442
926 421
1041 338
776 370
664 207
736 293
432 267
1023 418
431 256
571 204
381 710
792 621
1126 555
870 398
1145 612
520 477
1128 556
1031 277
473 313
427 278
791 296
1123 100
853 584
738 663
487 658
1057 233
415 374
627 525
1108 529
827 699
753 289
1068 243
854 360
424 212
1097 565
1159 153
429 677
487 345
768 408
832 408
1019 712
1169 585
951 628
853 479
978 48
1149 288
1077 541
1003 382
1043 517
625 174
1123 34
448 311
394 686
660 718
677 359
775 573
829 366
749 646
218 574
663 627
703 413
681 518
1002 119
1049 186
676 369
839 636
865 462
799 694
557 298
711 542
439 299
407 73
944 481
804 645
666 361
623 340
481 581
1165 127
563 542
692 199
763 668
1090 39
652 527
519 418
1145 485
432 423
786 183
876 495
1114 402
851 410
416 220
795 581
564 647
804 420
526 555
821 598
1138 565
1077 525
1016 444
677 324
562 496
613 476
1061 632
881 638
328 210
497 512
723 101
1169 412
1038 266
1141 406
329 175
718 683
654 476
529 497
937 459
1073 659
1089 560
1145 180
876 525
534 468
897 468
732 658
1104 485
547 334
611 455
447 319
1189 442
455 362
1159 372
1039 315
1131 397
1127 689
784 678
432 563
908 552
620 237
1122 39
469 371
470 550
619 309
449 416
546 470
836 685
1163 341
1055 588
857 628
549 255
1135 553
578 496
427 187
648 259
567 654
861 272
991 465
794 597
848 362
669 246
502 668
1094 429
422 577
702 310
428 690
1006 643
347 397
1124 30
1003 589
644 550
900 719
631 511
1068 511
774 329
978 411
468 443
1120 649
579 402
522 664
1134 665
382 321
551 666
789 310
734 595
667 710
724 596
839 241
711 338
890 338
1099 713
417 221
1023 685
534 480
454 197
985 395
1031 658
525 550
1026 620
399 418
1135 461
546 248
644 508
232 65
386 610
789 368
1165 613
937 590
964 340
630 678
1195 233
658 364
748 699
548 370
774 441
949 441
566 202
1116 234
562 574
427 357
1043 560
1131 101
497 696
702 612
868 698
1145 637
545 344
621 221
467 677
768 677
1099 622
726 444
1108 565
700 695
775 479
484 425
550 642
1057 205
562 544
873 542
1104 507
505 573
516 639
836 598
473 685
1175 447
565 277
1024 635
370 614
1114 477
237 710
582 606
593 267
551 360
750 558
750 646
646 658
429 233
543 278
758 382
820 389
731 486
638 609
491 540
1075 714
498 240
287 192
1086 173
434 189
531 388
1114 370
309 593
1111 568
908 710
1080 72
536 60
878 253
344 237
643 237
631 225
544 304
432 281
514 323
967 406
502 401
879 547
1175 622
1021 624
940 587
730 688
628 414
677 289
763 620
506 389
1185 424
683 538
427 246
582 185
542 504
629 365
559 611
1011 371
349 269
682 594
576 552
688 303
1190 303
1173 426
652 700
561 316
707 230
1182 498
931 606
244 575
1079 580
476 501
1110 560
815 375
1082 554
882 528
513 607
538 456
989 504
471 445
623 644
531 603
672 470
625 348
731 530
1092 617
1046 394
362 621
506 694
665 356
952 399
1123 61
443 610
462 390
815 384
450 362
581 362
515 662
594 662
575 400
1161 463
502 299
894 385
600 530
634 289
1145 128
1181 210
958 659
1013 612
536 677
595 687
1078 556
364 690
966 462
1011 674
1019 674
851 701
623 514
644 526
944 620
578 553
882 491
583 555
1121 440
576 577
606 262
513 232
955 545
1108 437
660 712
663 390
702 607
440 518
814 547
780 288
1075 240
568 559
1146 662
883 557
623 295
407 332
1139 267
652 342
658 350
812 647
1200 596
1034 162
808 339
485 325
487 570
471 537
942 341
837 370
572 446
516 442
1134 612
664 114
462 366
1124 518
912 671
1109 503
796 488
401 334
619 343
1089 228
1176 236
278 593
461 571
440 567
782 707
1119 683
997 473
598 474
927 506
1064 330
575 383
905 354
499 304
542 298
633 539
1077 557
473 673
1110 699
568 243
728 205
684 489
948 451
830 425
735 290
567 303
1033 706
760 544
456 196
809 323
701 486
898 413
988 411
596 608
420 348
720 374
518 429
562 520
658 292
605 686
464 542
841 683
676 165
485 402
341 310
514 280
736 577
939 373
1068 375
1114 716
713 592
1043 59
556 622
721 556
1025 280
662 585
1011 632
590 204
598 281
651 329
699 575
508 368
823 428
625 528
1074 316
1021 515
729 206
442 434
580 654
685 313
763 673
1094 621
1089 25
1026 588
1064 509
332 559
443 559
676 523
554 431
1163 462
595 106
627 65
392 202
550 540
363 263
1094 380
853 578
644 601
902 284
1030 420
925 637
913 342
456 377
506 560
545 551
460 497
1138 115
988 506
812 685
463 713
434 561
869 357
612 276
1190 469
820 517
763 239
795 416
389 353
739 668
900 632
999 515
1129 83
763 95
686 245
487 364
1064 584
935 361
1006 506
204 18
546 285
1028 28
437 631
356 214
605 325
611 672
629 317
586 268
1061 689
426 718
567 212
931 542
755 335
1172 167
567 396
1094 468
420 540
1188 362
760 516
705 471
498 325
698 560
468 232
368 310
755 308
1043 684
718 429
469 188
1178 222
564 527
1022 472
805 267
581 320
1124 133
495 644
456 342
1165 571
540 593
583 379
534 528
1198 543
420 314
559 681
1100 553
1105 140
423 419
530 267
641 512
465 237
264 668
513 247
571 421
664 224
472 561
790 324
570 534
463 177
650 438
1118 245
591 687
749 595
822 627
651 521
393 369
394 581
550 188
1205 587
1107 599
582 419
1180 208
513 594
539 603
246 698
474 502
706 415
1055 669
904 367
874 592
617 228
370 326
704 355
452 504
331 696
1016 424
778 483
791 418
823 244
576 247
543 592
1005 439
739 707
509 668
865 597
1015 636
1171 209
593 299
276 562
560 207
543 201
514 200
497 517
1144 409
572 695
866 704
403 355
837 376
857 714
617 615
1023 398
576 293
427 339
431 643
497 716
755 630
1079 628
642 574
786 565
892 320
414 331
947 413
668 197
1074 321
1022 627
639 368
1039 703
605 303
687 188
1015 57
528 370
404 234
308 185
1052 679
502 396
1178 640
791 386
851 618
415 627
1052 239
770 476
527 511
679 491
554 574
673 191
609 356
519 361
898 432
987 420
1107 389
1056 508
753 490
1031 638
310 664
651 691
1035 685
1012 719
667 211
432 195
1173 205
1081 0
1137 75
723 362
426 352
581 265
799 288
669 445
953 386
1087 501
580 463
605 543
1123 227
426 243
538 240
445 397
1131 468
1187 478
777 460
724 267
422 94
1144 116
931 653
511 425
960 483
706 299
713 215
695 688
582 321
457 513
564 474
666 323
508 360
1105 508
1033 356
597 589
982 401
531 538
664 246
638 685
548 326
863 372
841 541
1181 543
712 244
622 286
437 353
612 359
440 362
1188 324
815 396
533 412
722 422
1054 416
1073 646
739 544
429 318
379 309
944 424
1208 424
652 420
511 400
447 402
688 498
594 477
632 456
1169 137
575 220
534 537
521 526
612 563
696 571
860 558
945 583
1156 647
801 644
852 302
714 310
1028 275
487 331
627 354
956 388
1000 427
548 479
770 479
680 208
506 197
393 85
515 565
398 706
565 706
641 709
860 256
446 183
1075 177
848 157
1038 235
344 205
578 539
742 517
524 521
1003 700
1050 486
772 467
470 390
643 424
419 263
883 622
1055 643
550 417
421 406
556 456
329 695
1040 587
653 671
1115 614
1102 606
865 310
279 225
748 670
991 450
1017 580
436 313
549 591
539 203
791 489
676 541
419 354
633 291
601 287
577 193
619 571
1145 503
487 232
1037 434
691 212
916 529
1167 90
500 327
967 360
820 615
1182 269
1080 708
1082 474
416 583
646 629
393 325
1147 159
556 157
582 605
743 340
590 255
1030 390
567 566
1091 693
605 699
661 699
1003 609
361 713
965 412
953 525
1057 368
875 467
290 613
1096 126
707 575
687 274
688 264
1073 422
892 272
951 545
1079 191
783 377
714 346
503 406
762 653
508 519
429 628
515 542
555 271
937 520
761 612
413 382
1128 477
676 539
767 676
1184 197
726 127
1095 606
670 556
664 700
1028 638
625 427
956 364
680 703
423 402
427 353
418 189
467 373
360 561
172 58
432 710
1161 484
664 347
967 22
497 683
1008 657
1001 556
1190 497
1065 429
609 542
490 694
1095 600
948 177
780 617
1048 134
792 277
1184 419
1176 139
514 626
785 188
606 508
403 609
444 609
394 257
849 699
559 543
395 532
424 424
994 412
832 422
861 246
639 267
297 621
582 317
634 372
628 625
582 567
625 443
1109 633
366 300
799 293
1090 587
539 173
542 592
761 394
434 268
1046 655
837 571
376 280
568 141
640 507
503 346
530 561
815 561
1066 392
1201 365
435 91
448 366
501 563
721 567
797 532
832 631
1102 381
565 718
360 697
413 538
1032 679
705 207
912 105
556 573
928 340
420 637
572 305
658 416
467 256
820 383
672 480
892 271
851 545
415 567
1094 530
500 385
561 528
1115 515
1083 279
240 44
1178 221
1020 565
616 281
200 21
776 600
1090 600
778 370
1059 453
173 335
1192 278
615 53
582 595
1049 229
1156 541
1069 682
375 353
394 707
539 209
1146 545
1175 486
1151 375
1040 663
611 300
618 263
931 523
1090 180
672 358
789 697
398 114
648 227
542 560
642 120
1078 579
864 432
429 391
630 340
984 340
1168 207
1022 680
514 635
762 646
570 693
213 452
981 339
713 542
1055 650
536 303
447 283
770 297
631 553
401 423
520 325
545 335
535 344
1096 663
670 333
613 435
453 643
945 329
658 267
593 582
480 516
664 489
1140 640
649 451
1057 713
409 435
1136 695
379 710
499 397
413 520
441 549
1093 630
492 382
483 213
816 539
1052 11
1161 403
669 465
455 364
806 480
1093 44
507 363
432 239
745 214
502 597
654 629
659 490
393 326
777 701
634 253
642 376
537 498
646 471
840 173
488 427
684 423
1016 704
895 259
1129 24
517 337
655 332
727 321
202 4
809 539
1088 347
1057 554
500 259
798 684
900 573
453 427
695 699
841 611
382 409
907 538
377 443
916 402
401 577
872 613
1141 541
866 513
468 517
472 404
738 374
1046 548
769 644
578 247
467 297
1055 310
976 114
1013 379
538 364
497 718
768 266
448 412
799 73
1087 526
794 399
1050 667
574 321
1111 355
614 675
577 219
736 196
668 395
593 213
1143 391
282 596
766 583
434 240
758 650
481 679
589 243
412 158
1059 640
1076 383
679 288
411 319
633 343
408 377
389 280
640 633
1166 386
934 369
413 378
417 378
1035 291
1136 365
930 410
1009 637
799 280
733 532
496 356
508 552
409 416
760 457
528 549
282 622
1009 393
1176 386
1176 435
638 363
1074 541
710 433
566 568
622 528
802 211
481 554
617 564
617 370
930 157
749 558
781 187
480 490
434 553
684 244
464 268
1029 598
910 471
551 696
747 324
761 599
560 269
503 389
413 346
964 328
167 350
1133 350
553 649
671 391
810 387
673 271
1056 539
331 265
748 698
1032 298
459 595
430 561
349 403
817 418
919 418
464 322
519 375
919 515
443 639
700 463
1014 675
236 583
737 518
552 283
508 517
602 498
386 557
1109 553
740 377
550 318
1030 317
1188 286
974 121
946 556
1104 86
665 495
511 695
1066 338
614 599
616 599
538 477
925 451
680 373
1044 569
745 484
462 277
709 254
443 300
505 419
566 388
1161 536
1092 105
471 244
779 351
694 204
694 493
446 352
1200 338
552 357
660 552
559 513
334 676
549 247
473 501
1079 697
673 538
912 331
687 472
638 560
714 193
663 330
647 492
495 611
1191 503
608 237
463 141
836 403
925 125
750 629
1097 494
1141 613
921 704
1050 458
1119 438
505 232
748 637
587 620
482 196
491 523
476 190
635 486
556 357
314 643
719 369
402 323
1019 223
494 382
668 214
408 574
444 554
454 554
268 581
415 424
559 414
1053 500
195 21
981 384
395 426
1014 670
629 468
966 569
1080 465
1008 357
584 427
1129 550
1136 418
827 609
479 335
375 714
726 460
914 345
394 640
542 179
983 446
527 375
1153 452
400 188
564 522
503 555
838 389
676 578
1019 528
692 235
1011 652
327 717
736 208
447 519
674 521
819 209
1079 71
562 235
676 236
1088 501
1117 63
731 429
165 355
449 285
505 477
720 336
569 615
597 331
1115 26
541 437
1077 292
255 649
1090 574
970 468
616 432
593 514
1108 514
657 332
761 424
1174 431
526 585
1050 557
582 580
949 510
868 307
1141 260
315 687
429 166
493 595
1065 481
495 422
750 379
492 272
664 216
996 495
638 697
831 150
726 614
518 467
539 399
761 399
547 304
656 304
524 504
420 291
1018 292
1187 460
702 554
1097 572
745 222
964 365
441 219
1064 3
778 622
884 345
1169 203
627 546
483 354
835 400
660 116
1197 431
755 440
460 197
737 480
433 519
1036 442
628 268
774 505
981 350
824 675
1096 402
627 702
716 592
1130 429
544 579
578 521
478 546
509 293
702 390
1135 439
813 536
1076 675
440 232
622 231
452 449
641 328
425 413
1019 658
708 600
515 321
1096 573
406 367
437 330
1052 330
801 402
671 545
818 266
1152 514
827 232
372 554
1163 517
856 531
732 555
776 686
485 272
485 240
580 713
631 535
541 351
594 356
1053 169
370 716
1124 441
744 618
482 559
628 571
538 292
1022 483
450 562
1024 447
1185 405
514 545
1052 492
883 289
1046 466
682 200
531 324
561 514
564 511
505 287
451 310
628 352
458 419
844 675
536 243
736 458
1206 199
1159 315
1202 349
458 300
1103 633
687 466
488 342
452 545
1150 458
834 661
570 213
442 416
874 515
1101 385
155 522
778 617
1066 227
741 643
637 428
517 231
1040 410
547 638
1181 614
567 481
301 682
1057 361
566 672
552 647
573 425
945 673
776 251
762 420
1041 453
899 58
1049 424
1156 95
1129 324
529 195
1159 392
723 606
407 387
868 610
209 716
805 365
696 490
409 417
410 287
1129 458
442 510
412 346
1133 413
730 540
825 493
1131 646
543 254
717 561
850 516
1172 428
501 603
478 543
925 427
626 715
741 159
769 424
738 671
1169 610
1006 618
459 555
716 448
423 302
515 509
1080 476
276 191
571 605
645 413
264 639
607 329
459 411
555 344
765 417
1069 424
888 437
930 433
450 375
857 375
727 396
758 651
397 394
494 554
456 612
517 410
720 524
764 238
697 339
265 584
643 429
637 356
738 508
1161 466
530 414
1141 468
751 340
1125 505
564 518
646 229
784 633
465 445
578 398
162 447
1163 407
1081 465
1066 597
796 355
850 362
1204 542
856 276
712 551
895 358
1056 358
579 148
789 254
1165 555
528 561
647 671
572 686
705 476
1203 499
467 559
421 573
1058 158
1092 421
599 407
433 351
747 299
817 241
675 632
179 244
494 244
641 429
945 54
550 490
1010 255
281 597
668 298
384 399
408 164
337 199
1003 463
647 242
462 346
1047 270
1165 448
582 359
619 92
556 617
289 179
608 703
985 265
1156 194
485 329
422 495
539 584
1086 122
430 690
548 280
1162 357
539 237
440 295
460 295
613 719
1027 114
1184 349
588 311
1067 549
807 342
1155 607
940 494
602 634
639 560
739 290
642 469
953 451
1120 439
782 587
1068 359
1014 207
664 219
553 398
414 540
877 265
637 423
377 342
907 427
872 269
974 598
430 511
696 277
1119 115
791 339
1131 164
965 630
828 264
516 415
1011 714
993 89
1059 324
890 279
529 694
422 547
577 192
591 489
709 228
1089 480
400 322
978 605
627 345
613 300
682 342
535 402
544 402
923 567
321 275
594 684
621 246
975 360
712 301
565 573
479 284
287 576
1056 576
729 148
902 396
727 262
1021 454
557 413
1020 488
574 441
1198 544
841 271
340 265
914 46
574 537
624 634
388 180
545 511
1009 651
1000 494
663 238
1034 640
1012 620
461 156
815 480
505 214
395 562
730 144
507 543
543 383
681 673
748 149
1124 610
893 676
772 284
1059 460
1110 558
916 238
606 252
527 245
912 439
192 358
799 202
566 340
1083 617
558 699
837 518
475 313
812 226
509 231
977 634
722 609
459 356
704 642
703 717
785 610
941 325
705 410
515 380
1113 586
1069 630
801 264
1065 499
1179 407
1020 25
925 136
1173 565
452 521
637 259
530 249
622 718
1103 369
1005 626
1181 263
849 564
596 423
208 25
439 436
761 306
1074 277
1040 221
497 188
744 678
542 568
893 283
263 464
879 575
1241 284
664 328
487 378
458 321
427 565
1192 443
1075 659
1068 551
592 435
1180 249
511 684
877 214
441 192
370 89
403 176
1033 411
674 616
587 332
1155 393
468 261
1130 470
604 309
1132 566
547 325
1029 633
600 185
1125 416
990 537
437 512
750 452
762 158
683 616
1015 714
880 659
870 417
530 569
804 269
538 266
279 705
1064 605
496 521
414 404
687 216
146 466
768 602
613 229
687 504
1074 621
592 493
1186 410
909 229
576 403
678 633
725 407
565 709
756 66
1163 450
936 388
1059 181
600 560
508 343
797 343
769 279
523 243
856 538
683 629
865 27
573 686
978 434
382 523
627 661
777 204
1147 447
1052 378
849 380
464 586
773 693
543 374
191 254
1204 323
1163 427
652 692
830 485
1014 625
723 233
1078 680
525 674
487 433
971 487
894 515
1036 424
537 441
695 714
473 552
581 503
736 400
906 261
687 494
441 236
418 362
689 684
983 659
990 602
693 571
670 645
310 656
590 281
986 468
934 572
636 170
627 608
1009 558
571 560
586 640
575 347
898 648
1057 481
613 636
602 492
459 566
469 381
582 362
698 466
788 495
634 510
598 540
476 623
584 257
532 582
1057 643
441 538
1034 534
751 588
1205 386
1029 343
1196 494
467 147
839 150
440 341
813 477
993 601
500 318
533 97
482 274
725 255
450 405
523 623
481 676
849 541
1110 537
783 195
421 253
1059 100
1075 335
174 659
807 385
1087 332
675 329
561 242
1056 719
1017 507
954 337
1129 387
1090 412
1069 408
811 393
455 390
447 482
738 262
868 546
552 343
1206 373
1088 660
865 199
997 592
1052 614
688 262
1070 174
534 187
566 330
894 505
1191 585
1040 528
1094 205
692 483
1138 457
392 536
493 576
288 656
514 199
451 556
286 662
830 234
683 606
1164 384
797 406
1096 316
719 556
763 330
468 579
593 302
720 606
1193 606
621 665
298 664
650 449
727 270
713 697
631 451
465 221
602 209
504 424
574 682
616 314
1159 381
641 409
452 273
722 620
431 705
861 359
543 491
497 250
688 254
618 560
572 267
678 213
1132 451
550 535
1127 655
944 619
582 348
1131 672
612 520
682 587
1163 498
485 582
1133 672
515 504
566 519
501 362
476 344
850 79
504 611
502 286
594 712
1093 481
1140 558
431 215
632 589
867 480
471 621
808 393
573 206
758 504
547 240
761 638
1131 62
466 301
597 309
693 679
352 399
565 265
735 617
863 259
537 213
693 337
516 712
710 385
1025 690
1101 172
434 190
479 583
733 263
952 499
469 587
545 278
435 614
1009 660
389 312
469 417
503 417
555 569
898 561
402 206
630 500
730 353
1161 111
1058 680
956 413
561 420
587 194
1148 635
847 674
578 697
786 496
1151 350
1132 188
472 665
1160 426
422 545
593 545
982 157
372 179
465 359
733 340
380 341
430 569
670 508
374 418
298 572
619 630
721 234
943 589
1201 244
438 405
704 78
498 227
605 331
399 261
462 409
740 575
703 540
954 488
500 297
485 526
437 82
1128 572
603 348
382 233
902 624
659 642
1140 590
602 554
510 245
1045 523
734 364
784 393
935 581
353 663
1101 445
1036 138
424 243
493 323
727 190
744 389
435 321
756 349
524 255
976 381
745 504
1013 401
711 691
1175 566
410 715
528 531
709 516
632 587
669 569
567 579
882 626
1133 357
894 572
544 536
1012 27
720 573
501 473
861 713
480 557
490 289
458 399
1161 310
75 376
621 314
1022 578
486 369
1167 186
1080 241
161 283
770 632
639 245
1144 575
176 491
440 634
722 425
569 374
968 383
595 605
764 409
979 397
854 707
518 550
803 424
1003 416
1106 453
288 196
1042 674
887 288
653 300
584 713
623 686
850 535
798 555
546 234
1139 383
946 278
718 241
956 385
849 538
688 238
856 434
731 208
582 587
585 352
427 222
266 565
1028 573
537 497
1013 429
942 366
671 387
599 516
660 473
591 346
393 256
737 461
512 308
686 534
785 411
331 318
988 581
591 335
668 229
886 495
1126 296
424 277
727 375
865 687
1102 73
596 697
472 630
1106 533
512 405
394 558
547 672
424 250
1175 606
484 134
916 517
1076 309
1020 696
1033 644
484 519
755 449
814 511
1002 420
811 257
1100 571
467 574
286 229
680 277
721 628
531 666
512 656
1145 460
1010 541
359 642
654 388
581 688
879 577
376 371
1048 540
486 543
840 693
1100 326
759 13
465 415
761 711
489 577
781 404
491 331
712 293
773 689
1011 486
1174 196
718 548
538 511
644 241
478 522
355 231
977 438
1030 452
568 537
1060 498
1129 570
684 504
817 547
1000 401
928 558
791 600
405 256
773 599
163 373
740 495
1097 366
1154 366
831 477
451 339
446 503
510 381
1024 597
300 155
763 155
417 233
492 563
1176 218
449 388
1059 96
1117 96
634 473
729 674
1141 641
612 417
461 566
782 691
816 310
513 326
564 700
591 212
1042 666
494 327
411 425
1036 53
804 403
1011 682
762 261
530 393
668 529
903 331
1017 684
470 627
857 565
629 687
729 618
482 402
751 512
633 630
525 515
741 264
612 626
902 426
763 453
480 303
519 417
675 475
1133 319
1074 400
690 554
1123 615
484 418
619 321
577 276
1143 123
678 177
930 375
483 540
1140 478
389 363
440 262
742 609
424 415
879 364
1115 590
880 426
752 363
831 397
638 617
402 232
801 281
420 374
490 387
591 546
774 579
1157 579
1160 429
543 601
409 219
1136 60
301 183
811 586
625 611
865 688
557 228
745 83
551 651
464 265
946 598
1038 352
423 690
919 630
576 213
676 390
869 258
313 578
1065 589
720 567
1068 641
304 217
452 576
1085 369
610 514
480 433
662 304
1043 628
926 480
980 690
1102 193
677 706
638 424
516 245
1016 665
510 615
1069 397
431 645
529 217
407 507
619 660
546 639
1030 652
490 564
712 415
958 285
617 316
692 311
535 362
793 345
1105 586
648 575
758 151
443 240
738 298
966 389
718 393
611 412
1061 435
1148 435
742 459
1050 645
767 647
589 578
382 199
711 199
804 364
815 716
498 451
1073 481
602 366
777 376
922 524
1192 302
970 453
524 450
659 424
405 405
489 317
1194 382
402 532
1034 610
759 282
434 486
1073 165
387 339
557 265
1067 301
692 494
933 518
494 592
1030 433
570 556
858 312
885 412
798 201
721 468
597 687
660 528
562 423
664 273
540 518
493 479
641 334
933 495
720 254
1032 112
1087 17
466 581
775 509
501 542
509 605
1102 516
862 718
808 361
1022 238
481 444
813 701
707 316
292 156
1067 74
1139 581
1128 454
280 611
501 356
657 653
776 262
799 584
857 237
1200 565
896 500
996 500
612 287
892 412
679 615
620 338
766 303
942 472
965 471
1042 538
840 450
412 333
643 637
980 398
716 467
601 185
1099 372
669 676
399 208
1199 582
1040 392
1072 566
714 428
718 383
919 663
612 397
1181 530
563 345
587 503
1130 547
1191 410
1076 439
465 573
585 453
487 554
502 122
572 691
575 685
436 213
649 433
435 387
569 428
458 370
842 376
1006 667
639 285
623 409
532 314
618 314
1081 646
575 525
1090 305
759 590
1031 352
1082 204
522 429
559 484
717 706
1047 578
516 213
554 402
1047 439
1003 458
447 286
479 307
1012 323
1143 561
491 630
541 615
1058 684
532 635
705 435
502 218
1077 348
1186 596
819 417
459 719
942 314
605 275
930 651
417 300
700 395
1072 502
1079 643
281 576
529 457
1058 499
990 106
1194 289
570 442
762 281
937 488
488 430
856 652
545 423
693 639
586 621
629 459
673 459
1052 464
403 559
1043 126
782 331
666 461
1157 216
1042 24
1165 538
888 503
433 312
362 302
447 632
599 215
733 255
1084 410
614 574
610 292
446 175
626 356
193 34
568 276
890 522
736 245
1132 421
769 200
629 525
768 707
693 697
1024 362
1053 335
773 455
942 455
596 214
1087 164
1153 629
553 425
595 566
1068 365
640 356
808 705
698 127
456 552
796 570
647 468
687 608
670 696
570 564
423 243
775 657
673 380
715 674
975 321
729 200
587 524
1120 524
1105 430
644 414
582 108
671 619
770 502
467 368
648 384
1181 384
456 374
795 404
659 675
1079 358
672 362
824 224
502 509
784 674
709 501
896 642
823 699
439 719
474 629
1184 341
1028 589
555 652
512 255
1136 470
596 456
1137 430
562 389
642 388
561 399
740 538
453 666
645 384
402 259
566 196
548 647
682 480
404 442
1087 305
403 408
909 602
970 445
460 322
631 357
589 424
855 277
776 539
570 127
1160 651
1104 234
1168 418
435 230
490 230
727 611
731 137
848 278
1017 681
454 507
946 438
703 686
1163 347
618 483
887 78
1036 427
737 493
539 348
1022 535
863 311
424 563
687 218
846 347
618 537
81 297
889 693
1174 423
700 508
518 665
721 619
823 487
839 498
709 637
481 566
532 538
420 330
799 361
1049 385
981 488
771 636
680 410
1150 528
445 403
966 445
407 72
599 236
462 345
699 390
230 277
469 513
836 398
709 523
525 686
1175 229
562 372
1030 681
621 272
1154 619
634 599
1110 509
1127 509
950 496
937 498
780 411
471 309
1139 173
1061 389
703 291
701 357
906 482
460 308
767 424
449 407
1027 299
435 396
256 574
1100 197
407 405
651 457
382 284
262 679
932 712
926 511
589 610
484 611
701 710
1083 711
591 545
1092 545
1002 454
991 339
607 517
987 555
530 336
448 355
694 482
893 697
342 205
715 658
458 263
777 404
561 607
590 408
465 422
511 106
860 458
408 565
474 565
615 473
684 452
695 701
797 562
636 8
634 638
719 421
429 234
1108 448
901 465
1160 100
91 438
1098 423
491 655
1181 129
1164 511
1101 638
1168 397
1043 561
1051 529
559 621
803 458
404 371
414 361
537 287
380 671
482 206
375 713
1053 422
494 238
596 282
566 414
398 87
515 360
590 514
439 564
1080 719
723 363
843 581
965 366
500 600
664 465
805 465
808 700
1054 670
1092 614
461 577
658 536
566 279
760 292
638 293
1062 674
803 481
697 391
856 465
1190 306
772 554
401 352
731 289
751 667
1075 358
565 387
720 513
444 366
1076 635
1116 607
567 231
566 522
503 241
470 698
556 247
396 445
1172 519
1057 57
986 488
1085 508
424 264
1172 339
314 684
109 312
844 403
612 432
639 545
595 535
927 289
432 324
472 706
676 258
612 316
546 609
842 608
520 495
823 344
358 250
626 576
749 294
938 430
634 561
419 405
616 410
598 109
598 436
421 376
566 303
262 571
757 255
1095 267
847 476
642 334
160 624
941 568
1085 558
248 593
1131 613
520 536
525 626
1072 334
766 605
501 528
1071 359
445 440
921 566
1032 658
1080 665
315 185
381 191
579 147
513 622
743 693
528 265
942 497
946 571
712 599
829 379
1206 345
571 221
789 522
651 446
544 331
796 51
1134 207
612 564
946 668
1072 405
1108 518
803 575
567 715
711 647
457 690
561 324
435 426
952 394
712 657
266 586
581 435
426 407
1015 478
756 649
511 658
453 370
468 371
521 374
861 602
625 606
641 458
980 711
1122 570
1096 431
907 276
1107 669
503 491
1053 27
515 506
446 287
969 359
650 155
758 391
535 185
979 333
424 252
548 250
694 393
582 392
273 594
407 420
1096 606
751 638
666 384
558 616
1171 195
635 624
1069 665
1140 404
614 579
638 292
587 613
1032 696
1148 681
601 652
666 545
641 396
414 322
582 502
1206 492
732 329
403 537
866 437
1127 538
1115 91
590 379
1096 505
473 714
534 375
487 566
634 422
1119 422
446 232
729 556
435 565
700 222
459 625
750 591
534 706
1109 351
667 404
1102 688
1088 506
445 577
420 360
699 376
814 499
439 544
1063 544
544 501
1101 386
517 348
553 353
545 307
661 391
460 453
665 285
1055 297
484 557
763 574
942 327
682 72
581 496
950 378
577 398
450 629
1163 216
750 502
722 465
969 291
1089 404
884 362
527 523
1035 674
875 526
855 308
623 545
431 240
529 716
1012 590
1041 102
521 423
1161 608
465 711
682 711
521 349
1060 592
873 62
666 367
636 570
559 320
871 593
559 603
597 217
644 173
965 433
202 159
691 233
271 27
400 439
708 644
675 484
964 521
786 483
916 14
548 443
716 76
501 372
513 259
1085 204
660 540
1052 565
470 400
256 1
492 493
961 404
502 400
856 288
258 694
771 511
530 536
726 463
922 367
713 680
897 644
505 482
435 541
834 424
604 475
1172 608
1091 688
826 597
1092 432
451 570
865 542
930 519
664 461
601 631
790 158
594 264
782 376
480 387
675 208
415 285
821 288
910 484
958 462
1010 660
221 10
960 155
486 682
494 291
1140 115
533 512
547 528
475 288
541 390
711 404
774 212
702 370
723 505
612 418
586 425
745 209
850 209
775 470
1036 694
615 358
893 262
793 669
648 555
496 556
623 556
870 485
349 678
466 280
638 383
938 644
469 246
738 698
462 635
1099 541
1106 15
710 431
529 254
705 459
1200 405
760 427
566 331
461 243
389 424
468 509
788 401
528 413
1081 614
500 663
625 546
1056 433
920 594
557 639
1064 698
566 359
1122 310
662 552
456 576
464 367
1044 449
374 175
672 139
1097 333
1206 298
549 222
1061 513
640 347
507 497
468 551
988 282
1018 480
507 606
575 449
1050 494
1127 218
1162 199
764 550
950 432
1149 69
658 651
377 184
873 353
508 691
621 217
558 338
901 373
972 340
554 583
