382 508
169 211
637 237
777 149
319 5
131 646
1055 151
909 604
1003 304
474 599
606 372
643 93
494 535
259 194
950 137
517 662
1183 165
622 563
537 428
518 195
477 416
1023 686
845 212
548 684
204 395
1197 97
391 552
124 291
420 306
1245 661
980 74
91 225
500 427
205 84
722 270
1041 520
67 654
1128 242
385 176
911 97
56 463
777 677
343 286
1002 105
883 392
446 156
565 34
254 306
74 716
757 640
1238 179
384 496
425 454
1097 576
355 75
536 17
269 357
762 562
900 379
983 538
892 31
850 559
539 675
658 667
912 631
5 217
426 468
921 327
301 445
511 712
814 594
531 649
1063 644
582 123
786 715
110 461
444 131
261 35
655 165
388 6
468 265
1171 532
583 99
880 102
988 276
596 165
207 324
879 96
615 582
340 78
550 29
690 500
66 651
652 443
947 279
712 129
1090 60
684 122
520 217
1001 190
194 164
774 245
466 437
878 464
126 640
1063 55
533 86
540 649
693 44
1120 393
55 506
326 644
687 203
504 325
928 17
518 218
161 370
832 177
254 698
381 478
640 182
356 553
348 372
1097 26
272 227
870 175
883 56
1176 348
1174 578
179 332
1202 577
170 121
1028 561
114 133
129 274
575 194
529 479
268 675
644 164
258 7
166 309
1015 665
291 605
478 98
268 269
159 583
966 165
673 267
536 12
633 59
1141 517
1139 651
1182 178
475 306
479 122
112 606
314 25
650 289
533 355
1211 512
101 247
81 390
791 117
596 472
843 480
598 159
1198 314
1132 31
336 272
87 579
818 341
135 178
90 175
981 412
100 567
1222 201
1020 118
715 181
154 255
311 672
1025 365
1143 231
366 658
157 667
1197 382
350 134
100 467
90 155
1062 99
694 95
685 353
1214 549
731 268
325 186
1101 157
769 441
583 24
621 610
1015 196
671 320
465 182
809 651
880 315
280 277
104 131
1050 258
1011 162
30 575
805 386
531 622
591 633
1146 553
753 95
835 38
1037 279
463 259
366 272
387 18
214 56
537 531
521 428
963 657
261 63
995 141
929 493
885 639
267 90
1122 581
754 593
437 463
724 623
685 118
1012 695
1017 252
395 85
133 394
979 486
760 22
630 398
1198 611
137 424
1154 468
474 172
894 507
585 68
970 239
728 629
905 260
815 323
122 420
446 715
891 186
841 555
134 674
290 395
789 548
1214 303
1034 105
971 652
996 229
821 631
497 168
747 34
950 472
751 379
649 73
873 434
364 215
547 438
807 551
391 596
452 661
964 38
371 288
892 315
1110 447
235 43
1161 256
1037 301
444 341
508 503
239 5
1060 127
774 65
1071 520
498 154
330 406
441 79
474 428
1140 395
409 506
1209 309
736 513
1038 543
1158 327
114 271
441 297
891 700
325 175
462 668
814 448
261 595
641 109
643 281
36 671
734 557
924 375
66 349
1207 386
1108 624
1186 573
314 94
697 354
644 77
537 101
157 211
836 642
1069 268
195 665
1119 189
90 383
434 95
132 251
117 456
790 189
60 624
486 328
936 286
251 232
967 3
1039 712
469 79
786 325
184 50
589 611
284 704
216 19
48 314
930 373
565 61
376 61
893 121
800 3
537 561
525 32
1217 270
246 127
928 494
827 25
689 165
240 404
495 193
711 524
957 169
959 211
722 335
1139 107
407 227
367 85
488 478
1241 341
775 457
816 197
435 569
694 70
809 302
625 85
1234 525
229 143
98 147
1100 622
454 59
692 154
1255 403
1113 559
458 52
637 270
712 548
935 383
681 543
733 202
432 433
514 601
990 256
726 370
67 536
254 546
319 711
293 77
972 547
644 641
287 625
218 112
997 710
892 440
576 687
1025 596
