519 416
336 309
287 472
355 139
23 130
132 705
69 31
816 134
1140 102
53 55
971 656
1203 680
992 28
1186 1
794 521
881 206
215 647
1116 355
845 70
584 458
236 97
1129 88
743 172
1014 647
29 74
380 16
1275 600
1264 49
547 609
1217 44
1113 9
897 275
483 483
892 437
174 475
183 249
1252 637
365 97
199 271
78 59
1154 679
1116 370
620 53
816 239
6 194
269 411
980 605
573 566
29 76
219 293
4 167
231 247
385 661
754 666
844 287
477 79
67 629
13 168
914 33
129 358
1178 197
768 83
623 11
261 589
1073 717
445 433
823 200
46 97
1 119
847 424
314 649
251 82
713 256
1134 442
269 706
1265 613
319 105
480 156
57 24
257 160
784 85
1194 51
39 694
294 352
17 33
5 15
