825 717
379 285
596 331
1052 47
1190 168
550 530
931 258
657 289
734 229
773 575
1152 551
898 268
574 406
846 406
349 150
653 554
580 346
229 665
1019 300
644 396
574 334
832 498
944 486
334 473
664 683
738 434
868 266
523 401
324 576
272 108
1020 487
522 274
508 566
578 672
542 676
989 393
541 526
1016 526
879 611
587 363
708 671
715 213
521 351
423 306
774 483
935 424
762 244
286 583
803 273
947 304
1018 433
602 717
461 40
715 346
853 528
544 197
1149 170
1022 463
456 717
1112 520
681 202
104 197
1008 662
1013 676
1074 486
629 536
505 649
310 49
145 309
587 277
469 258
692 564
792 686
542 312
410 719
622 572
454 170
796 479
789 711
1048 647
633 318
602 356
486 699
687 469
1120 39
526 715
800 528
836 370
769 323
669 451
959 418
634 346
856 405
644 438
1148 60
681 596
931 644
922 553
622 585
836 697
1047 697
981 491
665 699
478 688
928 655
485 672
618 478
1105 357
912 464
921 422
270 485
1078 71
1121 253
1114 17
1121 509
1062 716
1001 404
629 701
981 537
637 247
194 583
946 408
1047 172
390 48
1048 99
759 296
948 563
678 429
497 291
669 254
1079 494
663 521
542 374
997 263
1062 416
1110 562
604 367
909 487
547 698
285 12
173 606
1103 94
455 628
1005 713
204 306
496 432
1143 342
753 605
512 536
466 557
960 560
1067 397
890 392
608 533
689 271
713 346
860 551
705 244
869 423
1091 495
1004 616
761 429
192 219
979 528
1152 377
687 514
957 448
539 366
567 655
481 604
766 620
1147 455
878 233
837 178
1103 361
1137 361
1162 588
447 683
668 566
1065 664
783 482
920 314
596 541
507 595
1092 594
770 703
936 471
546 539
1051 323
976 684
854 505
425 717
816 699
1135 475
565 219
950 705
638 278
734 521
1029 494
625 74
486 654
1056 506
626 428
1044 428
634 546
296 6
610 286
601 550
756 550
743 462
665 579
1028 620
428 277
761 617
227 171
841 489
613 349
666 451
511 195
563 555
663 355
469 642
716 410
1056 558
768 281
1101 380
754 638
1007 375
619 671
272 70
991 581
125 223
469 614
808 496
1088 412
707 413
858 399
800 455
475 681
721 356
967 481
953 688
790 690
1078 563
851 591
671 593
918 349
518 545
612 316
1054 668
865 639
1184 468
555 382
579 582
619 409
1150 428
811 457
1037 246
775 356
465 660
1043 362
449 541
1067 386
1036 489
662 373
775 454
695 259
1075 577
1025 638
553 646
640 473
959 448
1180 543
504 479
554 623
787 422
137 247
153 275
534 266
974 622
1028 507
609 519
576 376
582 405
823 333
963 448
1038 448
1107 681
906 631
198 339
1177 250
682 678
648 373
1077 67
970 507
1127 466
845 499
568 708
1115 573
1142 436
945 338
730 529
1170 523
457 299
855 311
1084 654
298 94
685 651
734 148
1061 350
1084 17
589 563
606 255
1099 380
625 498
936 233
833 409
984 344
611 471
1178 277
572 702
1140 107
1107 144
556 527
478 612
1135 572
525 525
825 533
682 573
1146 495
1045 363
601 293
559 354
945 415
816 584
890 609
756 348
815 482
645 347
1173 314
636 662
429 646
780 545
438 570
721 658
906 445
643 432
653 432
637 492
1042 681
802 401
896 579
645 521
580 363
843 611
1053 258
563 261
819 337
575 602
1169 566
702 329
566 690
1173 325
999 445
973 423
832 480
1092 506
572 659
610 239
1062 98
932 370
1079 379
1025 426
928 433
958 618
873 616
569 203
1064 185
562 272
1009 719
610 713
840 290
644 371
560 548
1081 339
1045 416
455 276
587 608
1091 33
1164 230
513 675
811 597
445 575
699 407
1055 557
1091 425
771 429
616 446
748 291
898 397
947 383
574 528
780 240
1115 565
483 556
226 248
1102 584
754 648
791 644
723 317
1197 488
154 257
429 269
633 606
1015 681
314 695
760 696
723 622
509 549
703 382
1041 654
1110 585
912 351
788 530
317 548
1138 186
920 510
610 288
648 640
1022 374
466 269
518 320
1111 125
1092 25
1166 625
723 588
527 525
591 526
871 615
734 419
437 367
650 385
749 492
834 559
1087 686
512 545
287 82
699 135
655 191
438 249
807 399
1042 379
1158 596
487 44
733 324
700 384
620 382
493 534
429 561
600 499
1195 358
1173 296
1054 660
999 549
871 562
771 305
676 576
300 46
456 611
242 709
781 688
733 591
942 515
1136 244
375 338
1024 680
708 695
732 126
575 679
593 220
584 388
324 123
834 599
762 294
669 536
722 426
907 393
598 507
559 341
878 492
857 382
1126 284
1058 97
656 180
1092 18
969 515
1108 643
1122 410
614 409
1078 368
578 617
1082 617
945 324
631 442
586 697
1135 74
674 353
948 353
365 68
863 661
1181 472
650 311
717 521
282 103
1183 437
940 451
591 502
498 418
1113 517
770 585
614 420
728 675
463 422
449 249
162 203
1003 591
913 489
201 672
1106 480
1064 457
461 567
1061 433
769 492
519 718
279 598
583 369
687 709
547 568
1005 692
600 443
335 6
564 396
1031 32
591 379
634 334
303 671
1171 538
624 351
777 606
666 706
767 423
1064 151
1158 586
517 492
456 279
1088 489
733 375
308 39
1051 26
653 242
534 582
310 36
1077 667
327 121
239 601
504 558
1178 471
825 388
247 716
1074 413
660 502
539 551
727 656
1061 229
480 622
1105 494
561 423
774 455
1063 139
864 356
660 349
360 25
887 513
1126 479
679 478
955 668
1099 260
1127 191
1017 591
1078 258
684 147
695 374
624 389
977 240
857 717
1097 717
978 295
1122 617
973 689
741 621
1130 243
731 552
302 23
981 475
846 578
1100 477
600 516
161 594
460 682
778 236
1073 285
1127 689
448 633
943 527
581 599
342 19
571 612
573 548
240 622
273 595
1147 595
792 209
250 719
293 544
289 11
1018 439
1060 554
427 718
971 461
1063 702
1182 443
345 137
964 394
1063 550
874 535
226 624
680 37
325 139
735 317
708 495
841 555
983 623
496 605
266 606
616 553
652 598
260 422
1144 618
1138 634
763 208
1079 547
342 425
623 111
628 474
299 589
284 27
352 199
213 634
555 511
989 399
872 538
664 415
665 127
372 18
1058 195
786 547
333 425
1060 587
740 606
669 489
1013 588
316 520
556 637
288 11
922 477
1225 189
315 1
466 329
270 633
684 359
917 397
134 183
683 713
313 540
1017 659
307 712
693 346
846 585
391 102
729 433
389 45
1051 64
362 442
357 41
454 365
165 115
803 446
308 68
417 380
723 570
888 381
607 560
315 7
317 456
474 565
796 140
879 12
284 40
680 390
456 710
559 638
667 701
1093 701
298 564
743 291
585 433
878 684
110 427
1063 219
458 236
252 533
387 134
799 235
361 67
330 450
307 431
1000 683
871 111
333 397
378 25
270 568
531 554
299 51
302 5
1037 387
280 686
826 394
624 553
753 226
579 180
477 648
318 377
221 653
1027 17
548 373
390 53
1043 28
288 583
842 537
825 623
1023 73
530 418
576 392
276 115
682 297
693 541
1148 599
254 549
902 434
1198 479
604 411
846 544
542 513
1159 679
642 348
198 593
559 421
318 9
947 423
891 401
331 71
1025 660
265 702
425 93
1087 598
1015 669
614 332
123 225
1030 431
762 415
543 502
615 536
571 578
875 371
611 442
499 416
1015 718
534 616
1112 686
757 651
680 403
1101 254
1146 317
363 482
308 581
789 410
1035 9
471 409
156 572
306 418
689 515
578 513
745 336
316 64
722 652
478 550
1075 596
455 684
810 365
1011 472
702 529
989 689
1086 54
622 493
371 49
527 172
827 518
1166 561
455 544
482 285
1032 289
885 454
358 104
497 410
446 534
501 650
533 592
186 718
386 3
564 1
233 583
1009 683
481 374
272 111
600 671
461 365
208 652
577 388
631 533
353 436
164 576
618 349
680 452
555 590
332 403
1164 321
905 405
487 715
198 359
310 398
311 3
1179 231
729 308
533 177
459 555
1136 620
303 483
1121 455
441 711
978 520
558 625
829 509
329 643
113 469
790 549
795 565
810 503
1138 356
383 719
93 426
785 347
177 307
396 586
446 711
811 531
486 649
694 496
249 685
1109 340
1066 317
546 435
623 497
876 517
644 330
718 532
1096 514
118 288
349 66
348 51
690 348
1059 329
1015 336
820 595
761 627
612 432
1029 526
893 602
151 300
622 594
591 218
766 510
301 58
663 398
521 577
705 440
327 504
643 696
1076 339
1016 198
662 566
1149 169
489 529
656 545
592 306
659 425
740 479
325 406
353 18
443 648
796 369
985 184
677 214
547 654
649 354
618 502
1136 413
1111 594
944 504
1039 45
997 689
838 485
457 419
891 709
456 679
569 712
343 103
727 173
172 81
786 326
611 417
905 688
906 523
586 350
1093 38
571 652
616 296
537 633
945 429
708 207
1054 444
612 399
1087 639
1044 385
1104 424
589 606
677 700
738 466
957 540
1013 104
625 546
1119 546
526 229
700 524
966 679
521 253
748 427
440 227
537 282
727 157
422 684
549 355
1088 369
318 33
939 516
288 593
1099 593
1095 26
894 540
371 71
598 695
561 425
514 631
621 611
442 650
675 422
662 513
1099 518
1086 133
456 242
764 648
794 273
628 212
1002 679
444 253
654 271
422 616
587 637
1119 671
1050 576
191 51
636 166
941 568
685 691
1060 626
308 5
601 260
304 102
557 292
999 489
620 343
1044 401
617 319
512 671
767 668
641 687
626 700
223 672
917 510
823 466
993 197
714 512
916 327
1081 291
562 273
721 399
573 633
736 340
544 492
455 650
600 683
852 310
537 321
1014 186
940 541
812 581
737 326
638 428
1079 698
523 201
110 231
992 667
726 323
914 520
839 428
936 488
1144 308
655 550
928 422
760 429
346 42
99 470
1124 420
681 349
364 51
940 627
922 719
703 458
583 631
471 551
695 467
935 636
555 292
606 684
991 607
567 303
788 412
1136 210
730 256
210 337
665 453
695 383
1047 686
830 391
624 318
623 665
716 598
583 662
684 639
583 263
867 673
526 341
1143 393
879 329
1064 303
488 689
657 663
623 473
1076 262
697 506
1005 602
1100 14
1133 74
649 505
584 653
1147 591
962 358
709 535
458 250
660 439
867 351
601 536
644 521
1109 72
1107 464
1137 74
545 546
824 376
631 284
1090 284
971 46
626 555
702 366
1170 434
731 716
1179 490
723 300
909 647
886 390
681 657
569 346
104 191
492 505
531 568
572 391
676 223
1076 705
817 270
589 380
993 280
840 606
455 410
813 42
1088 651
585 363
424 716
599 598
907 341
719 637
1087 637
446 274
163 81
645 90
631 527
649 372
866 64
1083 411
603 636
806 714
547 208
564 331
180 632
719 584
355 456
1047 126
729 235
1038 406
641 550
1090 399
154 532
902 672
300 152
575 541
742 277
620 626
764 375
180 219
796 662
1048 260
537 432
639 432
400 632
514 269
1026 444
636 678
597 570
716 241
899 516
640 392
799 682
569 581
925 704
573 693
554 409
655 596
859 608
549 605
694 569
584 535
122 171
405 136
821 411
389 182
323 426
1120 578
359 43
1196 625
1083 35
1071 642
758 303
619 501
732 473
485 2
845 63
765 409
993 476
359 0
454 607
607 240
822 638
344 340
424 573
483 352
893 338
1185 587
981 690
371 688
565 299
973 700
1069 430
903 337
714 409
623 635
1085 255
1102 389
614 303
847 261
565 344
528 361
757 260
770 440
690 457
879 636
604 678
633 446
422 597
978 496
538 589
1087 400
530 696
731 310
289 619
332 102
736 608
1187 523
569 570
1137 386
267 42
1143 398
623 373
1080 515
1115 685
106 523
1084 445
1085 438
521 298
553 692
798 376
997 447
858 585
1175 368
785 510
535 570
742 520
671 582
707 265
561 361
1200 380
1070 629
282 29
668 478
1179 479
440 704
535 369
715 242
688 511
789 474
1012 632
573 241
841 574
616 719
551 695
943 318
221 707
557 689
760 525
1040 479
228 694
789 464
452 618
789 501
569 296
708 195
416 46
591 299
705 574
569 226
524 717
807 709
469 559
838 606
1034 606
1103 428
586 532
475 494
576 318
1012 693
1054 98
648 125
714 332
739 712
1074 476
914 585
965 310
720 441
388 75
1162 399
1032 498
948 416
1053 563
566 239
805 370
1043 228
856 349
441 634
1122 528
621 438
493 627
603 359
965 515
893 709
579 526
555 703
625 397
1036 86
1103 602
1079 302
669 272
475 416
762 488
223 618
591 314
589 396
734 356
885 419
945 301
293 563
571 564
932 521
668 294
977 673
1104 341
684 712
703 688
1161 237
544 269
475 665
869 632
546 542
1023 643
534 662
673 566
616 256
544 329
864 580
483 395
687 574
788 96
314 98
846 504
718 458
531 634
1131 389
894 363
586 567
515 619
278 46
551 392
222 271
568 675
1077 90
314 595
1001 511
910 705
865 546
543 585
956 439
944 207
1126 647
1070 249
442 267
983 299
612 543
1030 517
1034 680
733 520
245 589
1072 541
554 394
304 368
1174 503
666 336
793 428
348 367
231 621
1052 443
821 631
573 223
607 665
732 315
464 414
1023 186
648 391
1050 385
836 229
1085 487
700 473
130 184
469 714
635 600
620 509
455 569
771 343
680 636
687 659
789 495
1083 177
1207 307
443 562
786 501
183 678
567 390
852 669
331 432
597 412
604 98
901 543
1084 530
639 660
907 420
537 564
611 551
1175 546
846 272
533 611
693 587
186 276
575 629
537 519
349 530
533 575
599 383
718 361
1081 354
337 174
536 689
646 105
671 546
724 685
606 225
842 607
594 650
598 285
688 372
640 282
637 384
564 202
186 257
714 637
1138 395
607 718
1002 549
348 390
90 506
551 248
597 488
311 64
950 675
936 541
685 448
320 576
1104 609
613 298
185 210
989 624
592 427
1110 409
985 300
570 341
847 241
862 322
752 714
776 358
545 302
730 488
556 690
590 200
1122 655
778 397
582 657
700 198
1036 704
738 419
1176 429
1187 458
1038 109
691 142
569 535
1049 82
444 163
365 199
715 283
841 584
630 296
1062 608
626 649
1149 461
953 697
700 326
611 311
537 650
693 267
914 382
516 678
639 353
777 353
581 394
714 425
680 427
1143 254
1122 347
524 486
547 400
750 477
1039 709
548 338
916 463
297 47
967 282
979 367
667 608
416 560
1025 247
580 541
1111 20
1094 382
993 505
1150 322
565 543
1165 649
1103 1
1027 585
694 642
746 254
549 631
538 638
189 218
508 305
740 677
602 470
1039 540
723 219
1076 513
484 616
787 303
821 420
758 527
1019 333
497 487
776 332
649 634
551 615
533 373
994 526
1035 143
782 332
636 292
1105 504
257 550
880 357
680 554
895 359
1151 467
761 622
583 266
592 390
1023 530
1051 530
462 554
855 704
277 553
757 693
1120 585
773 589
455 234
581 309
785 525
830 343
515 335
1063 104
1025 662
327 546
972 296
739 606
499 489
574 673
652 339
134 98
1083 173
435 605
836 390
626 622
950 481
1048 464
1105 498
1081 352
616 614
599 520
1028 4
1039 278
786 212
594 533
770 413
561 310
1066 600
1116 406
587 554
670 476
1108 478
643 340
591 564
971 494
201 290
185 685
578 408
766 409
621 179
939 535
516 404
570 525
1092 489
1116 138
513 278
336 399
707 651
1071 631
685 529
1162 624
663 213
680 230
540 385
1039 387
587 417
475 610
733 442
537 228
1093 61
750 239
992 489
320 638
305 73
681 509
1035 498
433 633
301 673
424 690
334 37
1057 650
855 27
1057 317
1136 368
822 391
201 205
765 410
199 545
1144 536
1201 338
1041 362
346 147
923 556
513 532
588 409
770 443
696 695
1089 305
1106 622
749 395
980 473
237 444
637 427
521 717
590 302
679 550
909 628
396 76
1002 595
525 519
770 282
323 493
1193 131
840 550
781 473
786 646
337 107
864 664
535 262
579 358
70 445
232 565
295 7
627 366
867 505
907 313
296 558
692 170
1079 444
288 697
803 430
703 230
475 415
636 583
995 21
763 644
306 321
689 322
755 519
661 495
1044 396
822 695
558 426
353 113
1099 530
1173 202
1128 188
1107 198
812 591
762 676
816 56
563 303
880 515
628 685
751 612
803 407
622 168
604 394
163 129
174 97
497 706
546 589
247 554
359 11
175 228
863 370
896 548
398 711
328 13
263 6
835 479
463 383
1163 420
629 341
607 589
584 362
950 635
659 351
626 714
1117 419
787 275
1130 163
295 539
1159 297
727 323
875 293
326 9
1033 635
696 364
870 284
145 628
977 645
949 282
1028 468
678 214
1020 517
643 602
839 587
492 548
587 329
563 707
470 658
603 610
1006 313
809 605
1154 538
643 527
324 20
890 496
537 666
940 379
590 290
869 533
907 533
1018 297
392 133
545 608
351 377
1053 36
1054 712
315 17
314 51
835 627
315 33
1073 484
673 471
660 371
651 152
499 690
625 368
317 75
774 681
668 295
494 696
516 634
534 715
576 409
471 300
1096 693
1041 704
616 424
679 393
458 289
474 708
321 714
743 666
595 697
592 378
483 588
927 359
500 689
287 117
536 331
1097 371
926 497
642 306
289 633
563 350
578 572
628 495
450 375
715 547
345 359
768 580
578 314
539 567
706 531
614 403
432 354
577 313
303 708
627 407
493 555
512 490
296 684
1108 258
971 670
827 591
1150 170
671 216
727 26
926 397
1029 378
930 290
619 402
93 434
1164 335
249 668
760 268
681 534
981 411
649 650
476 373
333 85
318 32
1116 557
1083 456
444 435
108 167
957 460
775 632
748 694
516 564
602 410
328 17
1153 536
802 493
1126 153
642 363
619 584
298 569
1141 531
805 489
1096 331
305 591
161 268
701 659
1040 641
1105 161
743 608
222 513
874 342
1053 546
620 341
167 278
654 537
925 334
989 279
923 707
367 46
641 422
1084 316
673 469
432 395
538 210
1092 494
744 158
1041 658
876 635
1029 492
1117 299
788 284
963 254
843 685
865 405
882 297
751 358
699 610
527 636
302 44
691 371
714 668
535 300
551 532
840 488
769 489
701 712
988 278
1002 487
1113 228
1145 564
430 243
1209 569
834 356
498 532
608 512
972 287
599 404
575 349
766 718
904 718
509 550
589 502
752 477
609 413
446 714
480 556
925 487
455 681
1021 498
938 557
499 343
829 703
626 382
826 278
1079 512
888 526
566 314
630 218
577 340
1147 167
1198 357
675 639
704 680
806 279
747 503
1105 59
721 402
734 378
1110 636
541 545
842 545
267 558
700 406
1070 271
520 609
1156 315
1035 647
525 416
409 542
669 693
437 606
688 568
723 413
450 561
919 651
1166 408
577 518
574 372
1147 302
609 633
616 485
487 714
866 229
1006 664
1068 647
792 564
1128 535
431 560
521 633
341 450
702 542
1068 252
584 350
566 154
1047 170
771 206
1176 516
1190 401
497 694
267 667
815 436
985 407
593 230
1001 303
1014 365
681 337
461 653
916 332
583 590
1049 602
1167 392
764 694
905 694
393 303
598 676
1056 665
1054 426
544 618
452 652
652 353
660 340
1011 340
794 308
889 265
752 279
1090 455
1143 390
1139 346
1101 243
984 522
1011 682
295 6
640 690
1095 95
1044 328
1184 605
907 330
1170 446
529 717
617 555
882 314
736 553
662 285
475 321
564 409
304 569
581 259
625 204
854 408
561 366
996 464
530 692
763 365
1147 155
199 268
714 340
1146 390
746 487
158 126
247 681
1080 678
1092 386
468 308
1137 297
496 475
698 391
1036 516
782 350
559 285
489 536
1008 714
977 712
801 549
169 579
757 628
494 249
920 421
734 523
757 360
621 326
536 577
906 707
676 599
764 714
681 325
600 225
1164 380
601 301
730 388
650 350
692 568
810 351
1107 368
1168 324
1067 587
598 427
1081 565
596 113
471 631
592 519
499 287
920 287
1093 202
520 680
783 657
1074 614
586 637
1113 422
721 542
706 376
673 414
807 438
746 501
753 363
887 460
797 605
427 317
664 669
949 665
653 298
1010 401
843 368
902 520
300 57
1150 113
698 515
606 680
671 461
1075 345
601 175
734 603
848 535
1036 619
504 416
594 558
812 684
694 165
815 474
1136 534
1073 431
486 500
652 276
568 318
1156 463
968 468
646 321
601 567
981 482
501 460
1014 472
597 606
779 387
475 528
576 329
1167 492
1013 577
1087 293
551 614
1120 361
572 230
408 713
690 375
765 287
490 679
208 599
602 282
390 691
888 299
651 521
1085 38
645 558
1084 233
753 499
762 529
705 678
447 619
314 37
671 557
716 181
512 395
718 188
643 673
1011 438
865 626
1086 486
999 560
328 595
1153 131
911 298
1085 391
604 291
1069 622
682 190
706 126
670 310
598 216
725 450
510 413
614 413
521 311
549 606
1120 515
987 406
739 717
301 69
519 661
1002 531
538 567
92 176
887 282
746 416
789 270
830 501
618 396
1091 592
1143 563
1038 339
488 529
724 576
549 375
690 631
292 634
609 528
345 22
808 709
423 56
346 51
394 709
603 526
341 84
823 673
395 689
845 509
1065 6
633 715
586 330
1183 536
1126 571
499 553
324 621
332 107
1026 670
597 431
646 331
290 122
1110 86
578 629
312 55
836 398
847 171
571 348
601 423
925 423
562 606
343 430
703 532
698 616
949 553
473 662
738 708
285 137
393 70
1068 537
444 426
666 512
525 489
460 310
817 430
979 256
366 100
1134 636
473 537
1136 429
304 549
640 346
894 713
231 577
289 599
426 279
1048 25
787 402
630 615
587 494
1120 574
1024 484
250 603
802 499
426 701
730 602
638 223
558 366
284 51
1005 644
823 637
529 609
636 487
844 381
586 555
598 604
161 260
310 67
644 696
494 566
596 190
1168 612
614 212
503 690
1043 338
864 641
991 538
890 279
808 619
1108 147
595 249
210 656
678 523
1110 697
1118 389
629 700
534 608
183 209
837 625
838 625
296 693
917 659
430 616
1194 531
605 553
593 168
1090 599
825 396
320 1
488 643
713 435
596 249
496 542
859 378
538 35
663 515
982 699
370 54
744 503
609 408
775 436
1065 246
820 316
568 309
1025 309
520 280
572 330
666 390
613 377
498 549
1076 713
1162 522
1122 688
1116 533
559 349
1022 362
352 80
799 426
307 615
625 263
600 427
834 414
859 396
171 277
803 699
184 685
715 475
467 655
599 327
293 423
148 265
877 596
755 277
494 425
305 526
1025 666
717 379
517 502
1112 386
138 157
1085 471
499 567
302 123
640 548
320 66
241 545
1087 569
1006 288
924 442
622 414
533 625
1149 546
980 461
540 422
551 285
676 616
729 498
591 250
594 412
850 265
1096 356
656 259
835 337
534 587
1048 696
834 422
294 615
353 78
795 633
1097 661
766 551
1092 64
1138 392
910 576
755 466
125 549
972 330
188 677
516 635
651 632
724 555
432 585
1153 441
583 325
651 687
678 400
819 332
527 617
1070 486
632 53
455 557
1045 134
667 282
497 279
928 288
680 394
837 475
570 719
545 301
588 423
672 409
1058 76
360 431
420 716
318 41
1072 380
235 664
341 32
790 104
625 366
798 436
317 517
302 610
834 181
286 100
497 510
1096 677
1138 277
586 709
179 236
1020 375
130 124
686 669
345 56
302 473
1170 264
178 602
841 330
275 560
720 322
237 671
475 356
453 351
323 53
610 467
481 685
411 7
961 308
694 702
1121 386
997 301
621 138
509 321
897 492
335 84
1172 254
394 348
1091 649
601 370
888 560
1087 624
684 344
243 636
362 211
667 372
1051 301
814 490
743 295
473 493
190 577
599 606
863 332
565 364
1118 702
521 258
338 360
474 572
1156 518
735 458
674 369
204 645
688 361
533 660
501 599
316 710
803 269
358 475
512 676
346 73
364 45
564 288
579 392
352 88
454 657
825 341
577 415
444 688
722 454
220 563
374 395
513 291
990 344
604 487
244 89
1086 593
408 54
167 666
805 649
173 646
306 158
221 425
525 547
634 81
904 465
1007 324
517 569
201 637
332 406
283 8
485 506
243 582
1014 454
705 620
361 423
256 21
1081 183
595 677
818 510
344 31
740 414
639 624
382 90
829 662
549 570
276 576
457 640
254 535
904 524
518 581
810 644
254 619
301 635
194 579
1062 621
811 417
777 231
560 695
589 630
777 326
1031 441
939 378
664 465
885 568
848 610
525 590
594 288
1080 544
469 687
653 687
434 246
574 277
367 16
253 643
632 395
1086 706
283 427
1100 690
470 550
1069 563
551 556
886 332
954 600
831 484
351 0
789 536
820 560
588 525
732 578
714 460
1201 475
517 508
579 517
756 449
1117 379
720 172
626 560
1109 423
782 264
544 534
548 224
600 567
690 690
739 719
997 306
1139 301
339 100
240 671
527 606
439 684
365 161
627 413
703 259
1137 302
1158 558
572 312
567 550
1065 397
1035 313
321 1
606 656
682 538
642 518
802 419
578 199
484 585
643 239
281 523
555 557
1168 584
843 503
738 499
424 662
1037 472
783 352
1231 233
207 638
477 204
829 664
455 419
1108 241
156 153
560 508
842 500
1179 394
172 712
867 321
575 641
452 681
567 697
1124 339
946 500
670 440
806 647
580 502
447 655
979 395
1063 388
821 346
435 313
1037 598
711 484
1146 539
695 360
978 531
490 692
624 599
804 259
462 649
458 218
962 560
649 223
1038 580
470 321
1034 333
486 637
466 614
841 378
650 400
477 589
1020 490
1065 557
992 421
586 321
783 265
624 250
590 291
584 598
470 693
607 278
695 423
269 565
193 189
1054 349
591 343
506 685
1007 435
587 236
603 522
1043 671
677 602
642 441
498 571
1094 585
822 591
551 658
946 461
296 574
983 702
577 342
1013 367
1164 366
1022 282
482 413
844 601
1068 359
1176 356
1166 367
557 524
608 248
794 379
735 615
656 636
582 635
1063 632
1112 310
631 512
274 621
621 690
723 595
735 314
530 546
667 510
674 677
667 210
557 571
1105 691
1085 599
582 252
715 451
697 365
1088 505
893 511
893 697
493 541
612 713
1155 382
571 671
495 669
443 585
978 518
488 664
471 497
1071 650
652 510
664 213
767 648
1182 460
663 235
917 573
709 361
749 319
679 445
312 424
1021 150
839 395
1157 368
578 529
204 701
1036 28
1103 316
570 612
807 378
622 344
629 661
404 58
589 157
164 158
474 626
549 271
552 632
700 369
922 310
613 432
716 132
1093 136
591 350
724 605
693 340
620 698
1129 96
545 626
607 206
724 175
422 309
1024 446
843 335
445 634
1099 587
1028 712
651 365
1114 594
824 640
704 123
444 325
1134 571
399 57
216 666
791 374
968 412
680 609
1107 545
879 677
1017 459
306 10
490 482
490 567
894 476
511 545
688 545
1054 478
1058 569
572 300
930 312
980 507
583 544
674 360
554 550
507 555
649 658
389 60
1123 137
473 652
1111 96
831 261
533 600
1187 337
836 287
736 156
705 293
1062 597
470 334
302 491
693 316
630 396
771 351
649 467
435 284
602 236
457 281
753 380
630 364
759 364
606 627
471 221
711 319
1032 68
185 96
803 635
899 266
869 436
929 283
775 501
793 672
674 482
341 490
625 536
709 608
580 705
276 692
926 322
747 367
202 350
664 543
543 227
1102 602
1082 443
587 528
607 565
344 41
963 439
672 176
1032 634
1186 445
583 390
775 334
485 627
835 127
795 401
1137 556
512 530
642 170
728 663
617 524
1031 420
278 28
620 465
1137 67
814 346
713 279
768 429
564 690
1020 377
443 583
451 578
318 4
804 407
450 273
716 579
620 421
661 448
609 666
501 670
379 59
487 633
789 603
833 375
486 561
1027 594
546 534
296 588
519 613
522 230
734 402
1067 46
1087 41
1038 263
569 684
533 518
1035 397
1165 524
622 267
210 355
750 339
1075 251
1084 621
720 262
693 599
559 272
307 7
440 549
743 486
453 337
643 337
1154 281
295 605
986 303
450 558
1139 327
267 95
765 690
268 512
544 538
807 329
1188 380
1112 685
966 704
1089 564
580 530
275 643
1078 261
555 433
694 238
723 505
689 350
698 196
1015 353
525 605
863 274
575 277
983 277
758 361
968 503
528 680
1095 344
977 340
593 185
711 102
630 68
423 696
878 660
490 324
515 395
465 608
755 283
151 197
822 648
712 697
922 714
257 68
748 346
1149 671
291 437
1070 220
893 678
641 651
1161 301
1050 63
620 215
807 471
848 290
1119 177
573 585
296 438
609 684
439 328
1076 533
953 503
373 701
767 663
525 254
743 494
1088 714
1096 296
263 647
770 334
658 415
317 105
1099 138
662 330
198 262
268 585
248 719
1139 436
581 508
202 633
313 522
298 592
1051 230
546 305
657 307
1120 397
806 651
730 314
490 708
500 708
848 708
604 223
204 178
597 547
688 365
303 85
1100 463
332 191
336 125
661 389
679 444
1039 618
685 662
485 259
672 288
399 63
1169 312
1080 576
735 228
836 509
325 432
481 279
370 14
1127 611
1180 601
509 663
581 225
674 430
613 381
762 486
640 561
313 20
591 566
480 547
1036 345
788 498
601 559
544 706
586 614
1126 290
639 459
757 369
631 467
501 567
728 703
412 557
644 491
699 649
664 113
729 548
990 280
571 530
616 646
823 621
679 508
511 403
320 426
535 659
1137 51
588 338
638 678
528 266
623 266
653 492
704 456
1035 460
466 660
1023 438
1059 210
544 372
922 535
1067 651
133 147
1116 545
1015 165
563 599
687 443
813 523
595 398
777 558
613 608
797 602
553 638
917 703
1112 688
1071 550
537 606
685 510
719 204
506 207
781 221
901 393
1008 353
906 337
460 387
593 561
275 652
577 254
584 264
1050 32
703 476
734 204
586 427
942 495
1072 495
512 417
837 690
1102 437
1095 31
491 695
574 591
890 536
541 337
907 337
455 693
505 487
977 498
796 663
750 711
1015 457
640 621
596 532
636 558
900 712
464 666
580 554
892 521
1065 455
598 233
96 510
1160 373
459 700
805 514
498 562
758 571
528 348
961 467
717 627
336 31
1014 717
577 285
1010 30
1099 335
716 163
715 680
620 502
1022 129
616 172
732 172
772 509
969 416
582 578
737 233
1184 452
694 367
930 237
920 549
888 498
576 563
1103 18
300 518
1075 172
599 256
1082 655
968 569
319 9
753 683
947 403
733 195
271 608
440 259
527 612
364 155
626 470
485 484
215 664
361 168
545 416
213 53
554 239
658 552
498 193
586 706
1120 174
918 491
1018 464
859 524
944 688
917 377
755 305
1064 569
1126 317
590 253
806 488
1011 673
807 486
632 529
1190 465
896 399
669 449
954 588
562 230
774 655
1021 525
908 476
908 355
1067 433
552 569
849 497
889 260
1129 201
556 245
258 607
657 293
1058 590
856 383
739 250
808 541
579 617
860 259
953 386
1105 183
993 616
685 562
301 122
783 268
340 3
436 590
893 406
1057 536
1003 91
621 356
530 717
1141 637
1078 541
705 608
702 371
958 560
814 370
650 668
1175 591
1057 539
713 244
996 367
659 366
1071 366
1095 580
546 676
1142 91
702 611
1105 480
525 538
1152 381
480 569
982 633
1065 493
477 681
607 351
450 642
767 374
464 320
707 489
1120 212
464 565
1098 0
951 449
448 549
603 556
1069 59
954 352
1090 301
1161 540
607 348
1090 588
1208 438
749 659
531 674
694 529
531 499
1097 90
593 711
418 671
1032 353
675 525
587 371
626 371
700 551
1088 561
600 406
708 199
388 626
589 437
952 430
1141 500
1035 646
641 126
622 379
796 486
1041 535
650 381
735 355
581 340
743 654
951 365
1001 484
1043 544
1113 495
752 665
1134 133
923 569
994 444
1038 610
380 629
758 326
207 418
452 431
1035 132
1078 534
1101 534
812 517
783 391
646 564
565 405
1057 426
548 535
510 358
927 626
1068 532
755 450
1079 505
1107 268
869 328
957 420
1054 441
1085 634
861 493
1063 493
955 531
164 189
733 571
1199 479
496 682
906 653
1153 567
1059 483
1048 268
434 719
458 718
611 27
603 477
671 262
503 466
612 653
592 675
1135 266
727 436
978 658
1181 526
588 500
871 639
1034 687
602 372
941 715
706 81
592 419
533 293
1152 181
877 473
1000 579
1080 716
702 662
1042 376
1157 232
1024 441
657 407
557 491
771 280
667 90
437 310
626 344
938 297
606 372
557 576
640 625
814 342
1017 523
598 527
512 333
849 379
482 445
1086 608
744 555
664 388
696 206
778 657
1185 625
704 437
1152 268
722 274
621 684
1094 697
822 547
438 330
831 639
784 386
1077 651
1094 486
709 557
617 476
1028 514
540 360
618 156
1149 527
499 535
761 413
833 717
358 67
537 253
984 402
1185 536
648 343
699 327
871 399
523 622
807 489
347 47
631 374
469 528
994 257
1039 60
538 516
941 382
1127 425
552 529
727 613
733 329
910 442
554 652
494 433
628 549
443 696
728 363
587 532
1091 689
1147 437
940 516
530 710
921 308
848 509
747 510
645 246
880 410
1137 295
1140 559
627 323
598 611
704 669
657 279
134 155
1035 692
738 408
856 339
584 319
426 305
688 656
749 689
729 293
767 673
1034 238
1056 220
655 490
746 405
1025 651
548 531
679 538
628 617
1105 633
711 173
669 114
319 6
1161 467
967 320
818 347
942 373
613 304
1029 280
520 590
1055 613
1113 675
444 648
555 420
1016 437
258 462
1041 26
815 573
556 703
640 260
606 511
735 427
696 153
308 69
745 623
881 598
664 582
743 537
605 513
1167 460
1120 396
733 550
154 569
683 626
613 392
944 294
594 347
587 492
511 716
709 389
819 396
497 584
819 342
753 697
660 115
569 667
1048 27
934 615
751 315
525 274
897 294
1138 449
658 173
571 275
668 278
918 718
1118 386
560 302
451 651
1082 456
683 530
691 286
702 79
702 654
617 206
489 630
647 568
638 356
346 96
777 384
209 613
1037 634
672 520
122 131
612 686
651 478
543 568
1075 391
733 534
539 588
659 368
584 359
904 241
883 636
857 527
609 517
1038 22
1020 353
1135 528
487 520
1114 421
840 385
818 422
628 303
464 543
261 45
1177 529
834 254
617 348
847 305
461 503
534 543
594 304
516 554
577 647
498 412
345 26
643 642
851 400
1089 391
960 325
443 303
1074 160
1094 221
1065 207
955 571
1032 471
496 312
1186 517
527 147
442 386
165 236
1124 286
1047 534
703 709
1026 472
915 529
183 250
569 372
536 304
325 12
636 334
930 390
1030 330
582 414
497 674
131 176
434 543
693 706
607 715
1073 686
1030 395
478 636
636 165
449 341
1057 392
1155 470
1075 202
704 512
939 383
925 514
180 215
861 259
923 309
1183 467
969 250
157 254
158 113
617 522
494 364
611 405
604 473
839 686
577 245
1157 96
992 510
896 492
457 651
432 272
653 201
834 701
593 616
594 374
699 702
538 350
414 685
744 302
1123 487
493 520
375 593
628 483
157 313
928 457
766 591
799 246
583 348
159 263
868 568
104 223
1121 648
565 320
740 206
660 193
846 517
516 532
238 585
1158 310
1186 377
733 380
886 357
1100 640
592 620
720 607
558 568
664 358
555 361
451 331
206 345
1091 273
578 624
1072 241
543 578
572 540
555 228
603 516
1067 663
472 564
424 336
666 363
291 520
717 195
908 542
538 662
1085 508
756 709
720 231
1102 458
614 539
537 331
1096 547
455 554
743 306
732 629
585 340
528 666
747 502
1103 612
482 681
754 576
1059 443
592 363
1095 503
794 699
1146 565
679 303
661 668
553 597
926 252
609 267
839 670
539 559
547 620
905 435
763 380
520 536
680 407
581 712
658 702
728 236
768 471
571 287
750 287
655 360
1046 544
1001 539
515 581
583 647
769 696
1055 717
764 501
666 495
827 424
911 408
997 329
1161 217
771 194
569 572
484 699
1086 492
650 479
464 664
822 664
726 532
852 533
568 536
1024 272
450 335
561 586
207 261
189 386
733 255
758 711
1148 519
659 392
893 392
546 333
581 252
689 166
588 703
741 594
553 555
564 256
1045 295
470 361
697 361
931 378
994 466
640 423
1042 1
661 180
930 689
691 63
1046 334
670 346
714 461
854 484
582 647
991 703
612 700
1162 637
768 575
420 290
1065 375
594 405
1142 77
778 655
845 685
583 559
753 607
1033 26
150 165
610 362
475 354
501 369
593 296
1125 296
1134 318
411 719
951 551
1103 536
922 250
1034 347
945 321
1095 459
596 487
472 396
1193 419
1027 660
1041 36
1198 451
758 287
603 615
1032 615
685 599
1069 544
471 677
666 210
912 407
1055 511
1060 511
610 284
447 288
121 336
1075 622
1135 702
1119 694
716 222
539 507
232 252
1069 252
665 435
857 452
1178 520
1043 151
823 493
1045 395
478 220
569 370
657 214
1182 402
543 671
1066 701
1110 400
591 410
988 625
310 70
825 398
654 148
806 552
822 552
993 669
475 659
693 235
920 574
120 122
866 492
1165 531
662 443
140 62
470 627
997 649
812 617
1101 612
494 562
1101 609
775 335
605 623
962 383
800 419
857 625
499 344
1107 344
1115 551
1082 186
657 533
1164 570
511 500
526 660
244 61
640 455
507 525
1102 80
1198 397
1021 20
714 558
222 379
765 619
628 160
627 336
576 343
570 367
661 585
1151 481
518 500
691 400
618 637
525 598
773 565
1030 478
658 482
843 417
1099 66
668 183
722 173
1098 584
1170 568
549 550
550 649
1046 660
531 386
538 395
891 396
996 408
1132 450
1072 466
1115 294
1104 243
1195 109
1117 61
506 546
539 617
843 617
461 362
625 399
536 410
593 506
166 248
744 226
593 176
909 708
665 679
513 578
620 531
850 649
817 555
786 562
794 493
611 264
1068 599
712 509
720 237
540 398
1032 252
1138 252
104 293
596 305
1043 490
972 468
305 435
522 601
492 345
514 567
605 376
1096 533
819 331
702 594
657 332
719 369
778 387
758 464
1155 363
813 427
591 326
562 403
1112 552
578 273
438 709
480 649
646 168
529 572
795 270
1202 525
716 494
722 312
587 385
1141 605
882 659
574 498
610 587
1083 561
448 552
1104 686
263 468
601 456
658 369
921 300
1084 234
1026 251
1042 251
1111 24
1079 682
1192 434
1011 474
1049 472
647 417
865 660
714 311
732 541
797 603
839 603
660 693
497 205
540 543
734 372
689 585
1160 368
1124 419
665 637
454 655
1067 387
653 374
592 517
569 341
771 657
194 360
286 618
463 644
579 420
1087 508
243 634
550 327
758 256
756 247
645 659
663 530
552 522
558 569
563 384
512 388
608 397
565 414
266 440
787 497
589 504
920 665
1123 665
556 558
499 602
945 602
642 252
175 244
455 237
911 329
838 334
792 353
481 355
921 257
858 314
132 316
741 297
1126 462
453 561
500 512
479 580
998 580
596 583
1034 710
1110 696
653 95
1037 216
586 359
724 320
639 409
992 405
852 401
669 707
319 654
1031 192
358 234
513 162
982 491
838 510
1028 462
1023 397
674 556
471 666
486 664
521 665
1076 645
492 261
571 295
819 410
600 493
635 458
271 619
454 619
1041 512
1160 529
1007 715
798 692
1094 65
1081 111
561 339
781 301
773 486
700 609
643 703
1116 255
1143 369
583 344
501 590
1023 608
193 134
593 316
839 416
1082 405
1151 335
609 547
675 215
813 664
1067 99
1118 623
517 413
941 346
593 320
903 386
1065 393
997 541
549 648
670 356
470 376
1035 532
815 524
506 692
1027 197
582 294
689 295
1009 301
689 337
1160 328
297 577
734 528
836 534
640 75
1163 478
1176 478
608 416
671 704
537 554
706 549
1134 608
740 627
634 242
624 245
728 217
643 170
815 289
870 317
878 504
1099 510
1157 439
750 442
992 655
573 593
949 620
885 268
1052 364
509 444
1140 469
252 477
906 449
855 503
614 695
948 695
1133 702
1031 710
1121 710
1060 542
399 573
612 573
239 298
1077 400
772 648
798 669
430 680
493 343
1154 322
532 600
680 395
623 282
1142 487
670 210
736 666
636 541
1029 634
463 672
501 561
684 561
988 614
974 465
650 696
838 630
767 503
1152 615
449 636
611 588
527 716
976 475
461 391
513 652
1079 202
618 412
570 596
604 478
388 21
668 52
656 191
1058 173
564 171
1023 153
591 357
1074 336
861 570
500 549
623 657
265 651
474 648
495 292
736 439
788 252
680 354
566 350
819 350
766 475
731 448
991 421
603 426
470 597
795 341
739 369
536 313
774 508
469 503
710 538
1065 601
1003 188
1167 194
582 383
642 373
715 358
697 357
690 343
932 348
696 326
831 398
618 702
1027 666
1094 709
688 637
931 514
185 315
422 305
851 305
637 290
532 280
1154 393
855 418
1171 418
792 419
550 590
663 529
485 707
599 692
868 684
428 643
544 643
572 135
182 218
1047 333
416 334
578 345
486 382
739 368
700 260
532 285
1003 427
837 401
938 505
805 547
519 545
790 550
763 575
845 624
488 615
966 577
1128 719
482 646
918 239
1060 239
158 141
656 327
646 324
785 338
815 366
599 276
615 293
605 306
612 317
713 318
1036 424
540 425
1128 431
819 417
1056 463
966 489
664 496
1079 529
1097 531
557 611
618 704
438 718
525 669
718 655
365 22
950 227
1014 230
1093 135
612 375
888 375
535 361
812 336
846 336
594 302
501 304
776 408
955 435
750 418
643 478
644 617
779 619
1020 632
1182 589
1098 643
958 658
714 688
651 86
770 232
1107 253
1016 350
770 481
1203 498
960 464
656 403
676 673
587 676
954 656
1080 217
741 331
676 363
654 399
1046 421
1004 503
1140 475
743 695
598 688
494 701
977 710
702 194
659 310
732 276
907 404
805 535
1061 380
659 374
957 343
376 98
182 213
1099 134
636 642
944 389
966 443
608 278
727 201
773 661
1074 296
127 222
245 656
835 596
809 706
924 349
1148 632
715 373
699 260
981 385
615 552
166 199
757 299
658 153
113 251
592 350
849 495
707 578
1165 651
470 348
1057 620
619 236
1150 504
632 551
941 570
1176 359
549 250
1093 262
965 635
665 553
592 333
433 464
316 4
690 500
622 696
848 554
464 592
1017 301
1175 565
1188 460
1141 555
504 647
682 55
1015 704
694 390
708 373
612 284
543 528
634 522
714 566
935 560
570 593
146 286
1066 703
633 385
564 525
904 392
646 640
793 515
1071 47
1063 441
352 141
444 558
1017 71
635 422
1170 435
991 626
178 211
830 386
624 526
837 574
982 447
715 643
1006 693
575 409
584 639
1111 542
480 552
517 512
809 228
635 472
812 662
805 319
704 646
1013 614
669 627
1165 461
1073 126
955 369
592 240
814 538
846 513
583 534
782 378
1005 641
461 426
1155 417
396 674
1064 581
646 379
661 619
1031 126
640 333
824 320
962 339
871 443
1111 391
690 554
663 274
503 561
678 476
603 661
808 552
723 149
498 243
673 218
974 273
1107 301
681 350
690 451
679 469
878 426
634 657
522 650
561 645
963 642
634 696
467 705
591 709
578 547
548 548
872 562
736 522
836 600
1161 227
561 233
182 172
835 146
653 333
809 329
576 362
581 355
584 383
980 383
592 305
899 312
922 289
830 431
793 432
1126 437
343 446
770 395
796 557
503 553
503 575
854 572
1103 512
555 520
866 629
971 634
609 590
1106 589
908 607
1116 603
655 598
1185 598
570 679
776 682
475 663
1023 663
951 646
476 713
807 310
864 314
663 340
1110 364
1051 493
578 474
941 454
1186 461
968 385
590 387
840 418
526 685
792 685
856 514
567 12
1139 107
765 280
608 311
634 380
207 330
1050 505
874 504
757 472
560 633
705 557
587 542
125 260
621 357
432 370
1010 322
1054 327
486 511
1212 486
1121 459
1091 160
1033 187
107 155
703 137
602 243
689 193
739 298
713 290
672 304
1184 379
543 489
661 419
613 397
213 13
1022 20
1183 574
516 567
762 665
1134 663
680 432
761 473
1157 265
1035 354
917 532
506 538
1007 624
486 585
642 289
744 270
1048 269
576 394
1051 452
427 658
1096 652
571 655
1057 572
1107 579
1066 634
641 129
426 340
482 340
1054 383
513 403
691 397
820 678
1152 674
894 533
593 569
1081 347
227 188
737 222
599 249
653 2
198 637
553 630
571 650
869 686
746 476
997 404
132 442
588 144
1080 135
608 223
1061 70
717 597
293 577
434 326
478 642
459 665
641 312
679 375
1041 375
1035 438
1063 470
1184 497
1119 524
764 631
534 624
567 336
639 328
961 358
967 297
615 434
922 434
745 228
783 527
475 512
801 562
790 588
875 603
834 718
401 709
762 709
596 703
452 323
506 370
1084 38
559 534
620 535
530 548
1138 443
574 621
791 210
1014 666
1011 383
757 274
299 158
1187 302
1200 283
895 255
268 716
551 551
1165 422
736 556
946 635
493 552
439 288
579 631
510 600
869 216
560 383
480 344
516 407
855 669
1023 561
1033 86
1070 609
336 71
1097 52
528 611
1105 579
1142 479
280 0
757 619
1093 619
1095 269
763 297
1147 599
792 386
589 567
710 682
679 289
444 57
652 376
622 643
842 711
1040 484
652 544
804 623
551 650
293 234
744 231
609 715
957 631
466 586
87 268
649 336
420 613
836 635
1018 487
486 421
480 365
589 533
845 403
736 166
815 634
766 595
473 354
725 413
628 311
453 259
1027 284
853 241
149 184
765 45
764 573
1051 600
1049 690
1041 629
515 623
442 368
494 525
465 316
763 668
969 396
835 532
1031 379
853 409
1064 7
647 476
1087 701
1032 504
742 649
606 426
367 451
1016 41
482 714
684 353
428 256
581 719
1050 573
966 478
1027 677
1061 354
932 368
1109 608
1032 483
504 570
1095 517
1068 452
455 556
684 286
1178 522
466 636
453 537
710 327
760 530
616 333
538 601
1105 32
785 577
559 622
729 623
1021 451
861 641
166 164
774 360
710 533
526 504
1140 538
484 418
636 482
500 607
730 305
802 305
618 317
1035 494
1004 60
782 704
702 717
774 319
907 285
1173 487
1136 628
1150 588
571 369
1140 94
756 1
967 695
561 536
151 204
963 489
574 313
1102 411
571 550
754 374
618 373
659 213
632 523
540 388
698 529
813 593
1054 625
744 711
599 393
1089 561
646 619
1074 126
1170 279
858 278
1038 397
1075 392
1122 696
1027 7
201 274
793 460
616 503
535 554
427 682
669 647
1046 15
870 408
870 420
536 375
611 191
202 56
711 299
589 324
536 272
700 471
695 671
1060 671
588 605
439 591
437 271
879 518
558 399
532 544
749 487
457 550
606 520
957 359
1195 361
497 528
593 666
1112 371
477 532
789 370
1045 327
898 414
498 568
897 516
676 480
677 480
1073 340
1103 38
329 439
1067 275
753 500
1001 418
990 497
606 289
1015 706
819 612
598 425
819 406
1128 691
806 662
523 595
531 549
1046 168
463 229
1017 259
794 656
1086 656
1014 646
829 476
321 444
597 529
1021 340
274 714
672 209
904 479
1071 432
608 387
1171 323
636 133
616 420
1041 412
1042 11
847 362
597 178
608 305
913 305
736 688
457 439
1120 287
483 609
815 609
927 270
645 507
693 302
1049 526
514 278
541 589
731 623
597 687
1133 434
1069 463
699 592
921 543
773 488
633 670
598 574
646 718
513 540
739 432
751 371
692 252
1091 71
174 501
1077 652
1013 650
719 290
1182 513
619 393
1098 205
596 270
1041 573
615 261
1154 446
677 613
643 301
798 412
444 300
452 562
697 475
589 226
601 302
1054 533
469 384
455 704
760 659
1027 106
1193 536
1123 105
963 467
718 370
1039 543
1126 673
559 703
1062 153
1079 178
729 393
880 326
776 273
643 304
486 601
924 578
517 622
1103 559
1047 573
912 662
565 269
561 322
683 377
1007 474
790 401
471 707
1067 691
601 620
581 520
159 49
515 241
568 165
1042 162
584 347
573 357
897 302
987 302
1076 468
1024 479
494 408
1021 653
727 661
546 710
1105 590
582 551
1183 556
1206 175
174 250
529 287
542 301
609 505
1139 470
465 398
642 395
830 429
1026 568
1058 568
586 564
909 567
1016 578
882 581
1014 632
1164 135
224 359
918 261
570 502
1020 506
765 463
521 439
452 663
534 680
168 283
705 335
595 381
583 712
540 290
1021 660
653 237
774 468
765 569
566 650
750 628
617 271
1089 22
1041 174
504 539
688 556
610 598
955 453
587 386
433 337
771 300
942 246
540 715
935 529
774 321
931 495
1118 449
672 663
648 654
587 701
496 549
674 621
1038 1
329 82
1162 325
983 334
757 409
1191 511
932 459
1108 527
574 638
584 627
1130 683
589 246
1052 235
557 277
773 267
739 475
702 457
626 506
589 429
695 418
1048 564
711 579
551 656
1063 159
1172 454
908 310
465 343
356 86
1022 366
1006 493
1089 521
464 711
1052 116
1028 550
632 281
310 453
1184 458
1013 549
624 326
699 444
592 433
517 491
1123 620
570 602
771 585
615 356
691 303
531 294
522 229
668 377
766 377
987 556
691 325
788 325
398 681
665 419
1113 555
311 55
774 696
1142 612
457 563
1045 629
470 670
203 136
1028 390
919 326
646 340
596 531
479 548
927 653
1044 118
645 227
523 276
824 516
857 500
334 175
527 547
651 458
1099 699
500 304
572 638
610 439
797 240
729 312
1022 716
331 20
876 644
1201 521
1057 294
940 169
351 48
937 545
1124 489
635 309
631 484
526 565
791 389
670 676
1008 439
1003 633
223 566
775 530
611 543
692 509
1041 523
741 608
828 665
727 297
855 297
845 321
616 667
1120 711
304 616
595 221
689 402
678 710
1072 39
1062 365
1164 587
639 584
674 698
285 445
528 421
999 506
1200 285
1075 578
1035 373
828 405
1073 595
725 444
1128 482
198 589
1031 146
575 297
1192 367
542 246
658 566
685 238
695 529
1080 46
905 708
305 23
639 543
651 406
885 390
814 319
350 140
633 640
895 622
733 246
860 288
611 691
636 639
416 700
663 282
689 616
994 548
917 329
706 639
968 267
719 530
1044 201
343 110
656 579
305 564
810 300
978 391
517 534
157 240
283 647
469 677
769 621
460 605
319 494
619 289
606 660
1171 558
630 514
296 518
998 719
587 553
1104 564
885 432
271 572
306 114
293 547
1189 433
1047 185
698 362
1122 467
624 528
692 593
1085 319
1178 346
607 299
502 366
426 344
454 718
723 691
617 618
701 675
825 700
292 117
666 400
583 222
1000 64
774 358
713 543
479 681
688 655
1096 413
754 502
763 342
633 388
559 668
914 681
470 433
1144 289
484 368
774 375
621 89
711 333
562 235
1035 654
1086 44
895 509
1152 185
959 398
262 588
1116 477
592 634
1114 616
1166 505
581 566
471 365
1101 660
656 179
1033 667
984 433
808 639
1096 468
540 580
447 656
1056 520
1099 533
129 623
425 325
1081 325
707 470
983 291
434 584
1063 14
1209 456
1124 373
565 686
754 696
550 689
915 668
871 536
1004 593
1049 374
925 410
932 437
655 471
952 706
796 697
1029 585
213 537
1096 173
1096 407
1159 441
753 484
705 288
902 524
957 654
1048 166
800 435
976 436
914 475
551 597
592 607
543 530
776 569
596 568
1062 34
1094 405
350 64
1015 564
871 363
950 540
583 299
690 504
440 297
803 701
433 703
700 654
223 571
664 571
751 436
549 266
572 424
459 260
438 306
1080 503
569 635
800 494
508 362
156 668
609 428
931 700
250 677
1110 553
1165 553
676 315
1019 577
573 543
570 700
1151 42
590 285
435 325
1177 461
583 530
787 227
576 410
775 323
601 579
993 625
545 698
884 541
809 354
1035 615
642 534
510 543
1073 37
672 278
558 394
1180 340
513 212
751 353
1026 200
564 285
579 317
696 415
1117 415
921 561
859 537
1015 532
724 673
606 586
1193 505
626 400
760 625
592 698
1107 698
1108 688
604 221
598 564
834 521
500 341
1034 310
177 597
734 602
545 589
545 641
475 364
1037 10
716 556
746 572
695 605
678 653
472 666
524 686
860 372
765 344
820 414
1199 478
580 608
621 628
631 593
825 582
1143 60
674 524
474 552
570 328
1126 559
497 610
671 646
1029 684
739 681
1043 415
666 226
691 607
1008 607
944 292
842 520
1115 23
595 259
1100 506
1050 534
793 412
657 714
493 612
462 715
432 559
953 608
1080 369
580 689
735 433
1071 651
1044 553
756 462
756 290
823 336
647 504
537 619
783 310
543 399
1122 662
870 603
532 296
832 378
669 621
547 666
578 666
1046 305
123 267
692 560
623 672
813 282
1172 474
932 394
1027 232
1036 447
947 529
181 403
708 614
745 194
109 467
591 604
960 311
887 428
694 424
810 537
462 542
1030 518
822 605
853 620
599 333
879 485
1175 491
736 391
540 536
1080 514
746 658
1066 714
591 103
307 29
716 298
1092 298
688 278
920 350
865 337
907 598
1149 608
875 535
1070 706
190 269
711 339
956 623
674 546
546 361
1015 674
679 300
139 189
600 583
823 500
657 207
556 600
576 510
500 626
424 559
482 297
788 277
369 367
1133 635
1178 293
574 709
1133 424
890 669
589 514
688 601
1150 327
697 634
638 225
1033 283
756 299
678 286
863 466
1063 485
1155 484
652 432
942 435
844 640
739 409
1148 373
694 296
643 504
835 413
881 292
1000 441
944 587
792 463
953 556
549 615
1105 200
338 54
198 617
800 478
1006 429
582 572
1075 508
1171 535
452 257
820 407
334 7
1084 341
484 697
521 511
1043 548
951 380
1155 395
1152 318
667 458
706 435
1209 410
1133 32
996 303
591 317
429 538
626 567
381 711
557 360
679 225
715 427
722 371
1081 678
532 513
825 632
1048 461
178 239
658 291
1005 521
316 615
1172 241
529 385
580 355
226 690
702 403
585 346
637 706
1178 407
572 664
508 534
660 373
976 442
682 557
362 14
773 527
705 316
628 371
665 547
1135 98
257 579
768 263
1013 667
1030 667
816 489
669 666
512 197
341 446
1176 529
1043 626
597 630
979 695
592 200
634 705
845 419
293 21
516 285
619 116
834 628
546 177
713 117
158 336
715 306
737 381
518 124
633 282
979 322
717 600
918 385
623 559
1143 299
595 519
915 519
781 638
557 606
800 289
1096 325
502 528
588 691
464 695
870 457
814 414
826 324
1076 146
416 715
1080 645
609 679
630 544
1158 544
638 564
522 514
986 431
1109 59
880 307
855 249
839 554
1123 615
587 652
439 551
662 191
823 414
773 305
1082 691
998 363
921 277
495 665
164 348
1078 372
1013 526
582 592
563 698
943 694
670 516
772 676
676 166
560 304
157 248
466 402
564 419
856 608
861 631
1159 259
1072 670
390 707
468 630
161 244
988 397
639 472
905 589
1180 537
842 395
1121 149
1117 215
602 465
1136 183
1140 549
128 164
967 415
260 645
702 458
759 388
1098 370
1161 334
791 290
692 294
566 376
633 494
1173 417
661 401
706 470
460 542
1095 536
567 527
629 215
314 615
565 674
603 486
437 709
929 545
483 353
592 410
544 356
1126 470
569 611
700 288
655 307
595 297
748 303
904 570
921 338
658 394
510 477
1066 659
486 706
729 471
454 346
696 583
1137 605
887 517
661 330
790 331
848 713
1088 693
1157 97
736 200
726 400
1037 528
1197 461
1081 683
994 578
689 377
479 668
751 181
673 454
1080 491
1117 586
649 287
1061 287
598 354
478 563
703 114
1074 543
796 473
793 682
794 555
932 689
745 436
929 518
534 216
465 504
879 504
1100 545
1088 278
691 467
529 289
595 422
971 422
510 573
715 338
610 320
539 563
807 365
1087 422
1124 87
1155 572
94 227
757 249
613 706
834 652
1136 229
1065 558
883 644
689 468
617 292
1141 279
1075 200
1181 431
508 543
495 710
517 316
1101 241
620 617
998 717
1051 412
508 267
645 371
687 336
487 637
530 231
122 227
523 203
290 91
1107 68
984 472
703 478
963 262
745 575
893 575
901 560
580 515
619 524
692 689
458 660
556 660
631 506
890 343
1097 359
1038 39
463 605
577 624
511 683
758 293
191 275
517 418
952 437
1097 390
815 486
509 665
437 678
1127 612
667 328
1149 417
835 429
867 579
446 704
688 200
699 241
550 554
1156 682
729 343
611 711
1020 711
1025 711
689 595
545 638
712 638
170 283
879 534
830 363
888 331
543 271
739 526
644 535
1167 357
852 352
978 409
1072 111
835 590
704 671
1024 696
591 298
689 368
912 544
1050 568
1090 609
456 606
820 349
638 301
841 563
692 623
177 609
514 624
1070 652
312 77
1171 144
581 398
832 398
1163 82
641 698
1163 662
682 416
1138 504
723 308
819 294
553 702
789 700
957 652
548 253
635 138
635 397
725 401
628 430
620 336
568 378
618 560
853 583
1151 654
911 691
653 155
739 479
674 457
589 485
907 426
1088 277
1007 519
871 546
1045 572
512 644
442 249
128 144
1083 81
940 17
725 440
836 471
986 450
782 351
1022 383
718 352
883 312
589 692
592 670
504 601
421 612
755 612
1096 570
1039 233
645 237
785 237
1066 193
133 154
810 473
561 491
548 411
692 410
1087 421
1082 365
696 338
577 617
525 531
1025 556
591 551
1034 641
1049 649
1050 704
964 460
1095 361
198 590
861 685
1024 315
1044 405
770 175
922 325
669 307
549 512
314 86
980 442
573 333
812 659
1117 9
902 428
327 50
562 592
855 289
847 487
497 409
822 633
1051 352
600 521
412 697
687 660
984 599
1060 504
1080 531
456 571
712 267
839 713
552 586
814 408
1081 263
768 225
562 253
583 463
621 359
766 604
602 677
540 343
211 683
1035 541
596 587
713 626
527 311
972 561
1025 3
1035 240
633 212
988 416
339 90
412 279
624 320
710 423
623 621
1046 542
493 573
1067 557
566 317
118 515
1166 542
756 243
651 550
1107 455
1095 0
1147 396
889 655
571 706
1085 456
707 409
636 718
1152 548
269 611
1098 479
601 371
641 50
754 233
322 41
713 375
1010 27
832 313
1078 431
999 414
996 392
971 353
326 119
488 362
767 362
988 287
995 438
1041 395
449 537
552 499
1110 460
436 343
616 405
965 463
576 687
845 331
1133 159
807 409
696 516
787 447
518 625
663 662
605 245
1157 468
670 562
1181 514
1100 434
549 718
1150 515
573 167
573 538
751 412
643 76
1074 710
246 460
875 533
932 584
552 509
428 259
949 437
957 393
627 409
614 491
303 57
342 256
899 370
639 537
870 494
346 30
1067 644
1152 234
465 329
771 691
473 284
1066 482
1181 252
1000 545
641 529
575 639
1035 475
703 625
1178 511
1070 544
606 394
659 324
659 551
730 551
623 196
553 578
605 355
564 390
1075 618
826 574
662 213
1068 669
756 438
799 611
815 391
537 185
833 264
1149 264
1077 715
845 287
561 615
712 683
614 712
816 443
667 290
1145 587
574 189
1037 496
623 664
1059 687
797 486
842 483
618 31
1028 636
424 273
331 44
1024 471
628 501
1022 388
303 659
708 596
952 556
509 546
1081 317
684 406
767 709
471 521
794 477
587 693
344 52
1176 419
461 378
564 424
737 260
560 432
1195 329
618 325
522 403
1012 255
703 331
902 356
687 581
484 554
449 254
1054 602
1098 590
446 337
811 496
750 436
901 642
833 253
1144 412
1097 18
549 572
1190 515
784 380
652 449
932 557
609 342
466 289
572 369
872 369
488 648
751 648
698 239
827 491
548 328
1087 605
1191 585
651 492
447 594
183 332
534 259
731 422
294 694
1063 683
785 367
1042 656
511 648
1024 648
634 408
469 238
583 249
1086 622
1167 478
486 403
661 391
496 499
1076 600
690 479
953 445
881 309
760 642
766 642
609 131
1149 206
919 682
1068 399
656 228
1027 220
886 718
616 703
920 553
1149 373
776 357
527 340
973 415
798 508
642 226
778 599
893 546
417 715
835 688
697 422
849 422
1143 370
159 279
493 471
696 412
468 288
1062 176
826 270
610 339
517 506
477 677
1038 593
939 468
1053 0
1045 377
618 497
707 666
575 353
1016 680
1078 561
789 507
1065 18
824 533
593 270
1114 427
1175 454
195 631
550 399
789 469
587 581
364 56
700 312
932 320
1169 532
518 588
954 306
1064 420
621 666
995 525
608 323
973 472
789 404
1117 404
1046 393
1072 687
871 422
807 592
1100 450
417 313
929 575
615 635
1119 445
833 478
523 292
803 336
541 676
860 676
1009 650
1054 550
122 150
762 380
1078 576
613 76
750 474
461 666
578 703
961 630
445 333
646 419
726 394
1096 676
709 588
1133 563
572 363
852 165
919 252
1093 521
1065 540
483 422
557 408
728 633
1145 215
467 533
699 441
274 62
836 518
729 289
360 117
728 601
559 702
1195 425
964 257
645 259
1154 638
1189 239
333 519
477 332
1039 582
607 425
862 584
336 2
712 302
526 493
1082 44
568 526
1021 472
660 258
569 103
538 692
278 703
1087 45
635 419
701 513
1085 625
1052 621
635 636
1069 530
496 556
637 556
175 269
511 487
827 658
716 356
771 537
468 305
585 614
664 645
1147 436
797 597
1077 603
656 529
489 357
605 217
938 451
594 546
757 546
635 305
322 38
120 216
515 553
955 421
792 312
567 630
1060 491
533 527
1020 537
679 339
834 655
504 710
591 703
1032 315
658 454
826 595
688 713
641 411
538 709
1149 237
1071 567
500 276
522 552
639 268
645 185
450 659
678 133
346 459
537 425
636 363
957 699
1115 585
580 594
591 594
1062 718
889 701
980 713
469 606
613 610
713 228
958 337
1070 337
879 481
539 429
808 560
574 265
1103 490
214 652
586 363
732 657
578 405
760 537
1043 481
387 692
1064 630
248 641
547 699
716 433
579 566
1145 607
745 629
1044 423
1061 450
710 495
1045 68
912 517
719 200
465 315
808 627
316 60
627 483
1075 712
956 469
1004 100
1074 430
1000 315
979 519
741 202
464 599
642 317
1029 221
1027 278
1060 406
597 413
709 209
531 551
1024 511
659 642
820 454
1123 603
476 624
569 320
846 275
987 400
1073 400
552 578
617 585
1055 419
988 455
645 411
632 712
642 302
739 595
587 335
1057 361
1151 599
707 449
552 605
421 255
522 640
479 588
1171 588
409 650
938 237
1122 620
677 354
547 711
878 452
1127 545
1085 674
473 258
976 713
565 538
408 263
604 430
818 641
424 680
1151 342
372 437
1111 428
1155 175
298 529
1130 422
467 487
479 643
916 304
778 497
623 623
1089 623
825 332
1048 213
578 647
472 300
1018 595
821 715
979 435
515 400
556 314
582 654
1127 631
636 433
911 698
742 675
611 435
860 412
141 234
1061 680
514 414
468 297
454 504
651 359
819 405
1020 520
570 527
558 190
1068 244
1040 179
1119 635
920 385
842 549
732 542
502 395
565 141
1125 248
670 271
1058 529
429 543
1152 289
1037 16
777 369
741 376
598 368
1136 623
956 286
600 652
1081 637
773 423
1080 392
970 545
459 538
343 180
587 248
563 335
567 127
637 651
643 345
757 446
577 603
1061 111
470 588
562 718
1081 220
438 550
1040 649
709 378
1159 629
486 600
230 360
589 222
304 100
783 374
691 225
647 201
469 663
936 711
628 534
520 542
702 463
676 93
563 601
1076 165
364 81
486 385
614 484
1015 514
520 573
649 396
433 258
623 703
1068 267
1070 674
204 568
809 291
820 659
667 196
427 706
722 383
663 387
1145 159
1081 520
1094 300
609 533
1151 183
317 614
129 292
576 576
792 332
571 646
1094 583
1001 512
364 48
583 213
764 283
792 496
570 617
733 413
731 433
656 505
545 355
620 355
926 405
1099 428
1045 622
475 686
1052 421
973 683
780 575
571 693
442 302
701 714
630 560
634 560
748 214
648 296
603 601
507 670
919 501
958 448
652 663
1008 642
1160 688
1013 308
977 603
474 652
559 652
703 177
696 391
491 382
868 329
977 371
914 705
1199 460
1057 525
1067 399
333 59
795 655
724 230
949 607
1020 282
435 708
1111 532
1077 239
852 527
1033 365
644 299
933 644
1077 271
314 512
804 486
963 422
714 488
663 242
947 317
1054 228
503 517
563 412
127 252
717 158
352 64
536 650
1094 461
1027 61
840 582
725 390
1046 567
843 491
265 686
1142 397
439 138
359 421
887 455
603 423
1035 524
1092 475
917 307
1017 231
352 450
850 145
665 682
753 298
599 265
1107 447
541 520
955 10
683 414
1002 405
1012 215
781 460
1059 578
273 704
1146 538
542 533
711 577
748 515
793 531
1103 261
586 632
1022 365
678 708
1090 555
592 689
289 456
711 640
608 606
1026 684
293 58
547 567
520 497
553 390
1082 575
621 273
356 74
655 673
684 297
606 519
529 640
1062 22
820 696
724 367
643 567
877 359
1189 360
959 340
579 542
618 304
487 709
964 580
1081 629
444 310
1050 358
975 326
898 590
567 408
1185 450
594 299
821 375
1056 560
1104 247
738 548
1004 682
475 426
853 428
377 62
636 343
524 716
1184 566
718 710
868 691
562 390
633 615
653 151
511 578
1136 484
901 386
549 242
510 532
932 448
542 626
456 365
1174 582
431 319
662 364
665 305
963 453
1101 713
1088 337
719 680
636 671
606 380
979 380
721 389
593 327
911 530
1169 214
1012 644
1049 40
1188 410
697 319
1046 329
1029 485
1091 303
951 334
887 606
641 659
367 6
934 421
436 610
418 695
676 555
610 394
471 412
553 658
798 489
273 66
555 327
828 311
904 644
1123 622
581 433
786 521
591 554
789 274
777 615
453 281
750 465
1069 438
920 675
1087 573
1048 560
723 314
105 432
642 334
266 17
632 36
694 368
203 184
170 589
815 553
446 675
212 568
1158 91
339 380
311 508
439 38
440 221
656 279
787 388
763 526
264 126
1091 21
1084 422
290 535
609 544
538 156
753 200
181 322
571 411
335 95
328 19
170 617
834 583
624 437
1119 249
491 633
643 394
1053 120
618 678
484 496
972 476
714 699
1014 93
357 23
838 156
664 463
168 610
412 453
492 399
558 230
701 556
819 666
137 206
1140 425
485 630
951 519
600 623
302 436
1182 436
394 43
573 718
1061 543
934 351
1056 423
978 511
1073 570
467 558
222 625
416 31
312 65
718 567
181 599
228 151
232 644
992 644
599 388
1139 316
644 631
1080 402
858 330
597 425
224 199
811 719
496 311
329 9
942 584
276 543
658 459
1147 417
1130 158
270 1
641 209
878 382
680 624
1042 471
654 572
291 591
513 250
267 452
1089 614
576 397
1012 324
620 356
160 442
673 578
689 330
525 703
328 31
767 560
306 1
1020 572
989 291
756 497
302 109
440 331
286 72
652 325
839 37
540 666
220 539
946 476
775 409
444 552
386 184
1155 366
275 620
342 456
785 586
458 664
317 86
965 441
255 563
147 108
552 714
972 451
849 501
230 582
1025 681
860 365
1046 658
144 145
208 557
322 30
354 85
262 638
547 420
800 357
191 654
279 567
662 518
635 522
354 458
673 458
326 449
784 541
160 105
1142 628
573 384
967 363
536 560
160 226
663 299
843 294
545 401
262 46
328 665
309 501
323 468
1106 531
579 529
602 406
380 84
1189 295
587 214
488 582
358 120
1037 644
340 350
265 70
872 7
279 32
665 418
447 633
216 556
1138 489
889 542
504 439
421 294
769 274
537 373
622 413
763 20
541 571
320 137
245 592
226 693
1060 141
334 12
705 200
317 514
815 476
1134 515
501 560
318 129
1153 677
722 415
347 20
320 89
466 412
109 174
403 76
304 40
1038 203
324 208
656 413
299 110
298 584
741 405
296 640
286 20
321 45
809 117
256 573
325 64
792 338
579 578
638 710
1052 561
1035 670
1069 122
689 409
803 378
358 350
189 669
256 600
331 81
834 345
963 335
298 585
686 340
627 624
686 244
1026 635
1101 573
389 699
890 575
578 671
345 15
562 641
1189 344
299 593
477 705
650 378
783 398
732 648
585 608
1034 396
707 199
979 521
230 637
571 669
1138 174
793 334
214 674
582 608
739 676
376 263
813 563
979 253
720 279
343 432
1140 69
689 433
472 339
621 229
475 362
628 493
325 558
868 331
825 323
1191 531
990 405
572 524
917 443
602 214
142 562
604 359
935 531
154 136
633 647
332 428
189 685
199 621
440 643
343 512
502 512
457 332
826 548
588 555
623 666
286 469
714 563
1156 611
187 552
348 43
356 77
281 91
607 426
190 614
432 549
341 58
336 89
284 49
814 123
167 494
1068 494
643 407
361 87
275 38
250 605
964 390
508 312
175 577
544 672
655 135
317 52
1152 304
535 709
1059 188
254 635
239 693
1024 335
432 713
577 363
292 12
878 177
127 502
1115 413
590 612
1026 404
350 101
269 695
575 197
112 434
433 255
1053 581
207 719
536 254
300 70
579 639
798 100
296 38
697 350
964 550
332 427
511 691
1186 260
885 94
251 97
1132 49
920 367
630 682
624 574
231 620
1053 349
308 574
785 488
916 465
827 653
1043 655
585 486
296 49
289 22
613 703
802 413
877 286
462 635
345 60
810 355
163 615
730 472
479 556
1057 354
1136 155
452 714
291 14
797 508
795 504
743 495
1067 39
603 395
910 718
230 516
311 155
291 666
819 101
808 298
487 343
778 343
692 422
244 19
1040 305
589 616
557 131
890 556
239 650
553 320
737 704
641 621
455 570
318 58
1005 437
311 463
561 244
1137 448
995 437
1052 373
529 530
994 272
820 170
106 209
613 373
807 305
575 283
854 544
983 450
1037 12
1036 665
585 417
1034 666
890 382
716 290
175 646
267 608
174 502
790 647
603 408
638 624
143 248
683 622
948 270
673 430
551 196
1164 483
654 210
376 67
716 651
503 539
758 225
1037 716
1163 313
787 596
503 209
1107 699
792 220
479 645
668 241
717 427
464 390
446 417
714 118
680 519
436 333
613 431
1074 527
928 397
601 586
1101 689
800 648
428 368
781 435
682 313
961 360
792 407
1008 635
812 327
1142 619
656 86
737 617
348 124
588 670
1045 137
329 55
317 565
1096 209
586 349
884 484
1082 602
1207 422
682 19
364 163
642 503
581 239
530 275
801 319
500 637
723 610
595 295
926 430
285 25
1037 91
1166 562
485 693
305 458
777 700
642 424
522 500
472 508
1099 560
1124 625
873 618
1099 296
989 469
908 317
837 514
639 36
510 545
793 313
631 494
716 217
678 251
632 691
975 663
614 595
490 452
613 419
679 431
331 70
1017 573
961 568
995 564
156 39
628 338
993 503
886 424
1024 383
170 168
575 284
136 530
966 306
609 389
760 402
789 491
1002 56
756 339
883 483
725 352
622 639
1101 93
821 646
558 706
259 697
1002 532
1054 667
805 381
1062 706
651 513
576 624
1077 251
1161 614
1021 184
1061 673
316 490
957 380
1164 322
501 495
575 631
485 629
632 327
270 649
1023 491
588 401
800 628
662 376
1048 77
378 358
86 259
343 166
1152 425
744 622
1074 493
625 242
1057 558
1019 410
485 565
1068 630
1149 630
1040 261
1111 360
145 343
1008 319
868 588
191 126
155 436
587 560
626 384
737 468
637 372
911 301
548 522
952 357
553 532
629 406
311 376
587 352
735 621
283 618
664 412
886 407
422 555
624 413
615 632
686 422
754 386
694 713
575 412
445 592
780 474
681 558
1027 614
616 441
700 189
771 516
1155 228
901 435
605 339
581 494
1127 580
742 708
435 665
671 665
512 429
437 396
522 536
798 335
641 719
432 553
650 718
468 704
1113 455
853 340
368 8
628 619
1002 671
954 539
550 328
757 354
731 237
771 550
1040 333
1028 231
989 488
459 336
1138 211
746 388
810 412
630 653
775 477
598 579
830 394
530 693
650 318
576 325
550 312
598 218
778 277
719 190
910 326
976 276
520 348
511 550
726 250
431 610
1147 374
489 689
462 666
1056 543
600 409
467 624
494 357
1070 73
486 368
512 704
588 527
950 527
1025 649
878 394
706 318
754 518
1118 10
1038 541
1033 547
561 420
975 68
736 326
845 387
1074 74
1130 652
963 353
1036 550
618 388
1017 432
763 631
622 374
767 329
374 704
616 436
910 331
963 619
834 343
1041 680
439 205
717 424
566 302
635 340
730 420
744 478
1058 266
695 654
1100 62
569 360
447 697
642 108
780 247
577 303
921 32
746 389
1087 587
626 245
759 299
867 512
764 246
993 695
1000 665
1013 707
477 693
653 337
496 535
833 699
876 599
469 516
1000 580
726 464
1019 537
462 390
676 327
1138 135
182 347
432 695
1094 447
1067 662
584 335
480 624
841 620
499 517
1203 526
1082 193
704 176
780 417
432 714
1128 90
211 246
985 246
437 579
620 642
310 431
503 559
1064 450
786 575
435 688
1091 59
582 395
1013 140
623 503
474 650
997 650
616 347
945 345
792 335
603 363
1090 601
1016 469
959 298
1038 575
1065 538
431 670
575 606
1059 606
694 266
794 686
1125 609
1098 153
477 368
861 368
1014 684
602 391
576 543
490 707
905 237
470 408
230 265
622 298
653 696
633 143
728 355
445 335
782 397
613 522
816 626
564 712
1113 635
476 400
1085 675
1071 437
615 669
1086 342
672 365
597 577
464 590
483 698
570 415
1066 584
514 535
723 493
1069 141
951 90
667 573
525 494
531 469
1152 517
598 562
628 290
646 226
1112 196
586 513
807 261
499 518
1055 183
555 718
183 215
486 374
1119 264
688 510
1021 531
587 645
483 544
1109 557
1056 692
1068 684
1024 361
455 288
532 430
1089 430
1115 540
647 233
1131 416
1171 341
947 385
489 581
1166 581
679 382
1058 46
539 527
1166 467
849 407
138 158
775 176
551 360
459 537
660 664
624 189
448 541
1147 314
428 532
583 674
1016 291
706 428
1085 575
606 506
556 526
455 686
842 244
1143 142
564 638
608 586
1109 529
1033 58
666 675
1022 480
642 677
1041 455
734 494
712 299
646 551
669 630
879 711
402 718
541 548
571 303
522 419
789 544
488 659
688 512
849 698
458 631
288 611
1177 239
772 575
624 713
601 382
1097 596
596 704
712 223
633 503
192 346
606 338
942 338
729 320
585 657
429 695
950 376
823 473
562 203
826 341
586 582
503 613
703 581
1138 577
1145 577
579 247
826 622
1045 595
830 675
666 348
174 646
1070 646
463 409
183 238
1119 637
490 600
519 527
742 393
677 461
1016 672
1149 533
1071 382
875 618
1036 244
520 326
254 606
396 699
686 91
1049 499
536 680
419 317
485 532
1044 392
594 600
461 692
998 321
544 228
512 670
1002 419
758 299
973 407
477 620
985 516
892 365
887 412
742 402
642 426
907 453
578 331
1052 570
584 618
305 57
770 267
494 530
415 557
887 31
691 689
1067 689
549 248
1177 585
739 617
1011 495
927 566
1066 65
518 379
961 290
82 201
719 261
511 624
1160 350
1124 369
450 577
715 183
840 264
245 257
720 554
1027 389
741 395
868 295
885 670
1010 562
773 629
626 401
1172 356
755 344
650 243
878 384
524 647
1079 647
725 479
732 371
513 309
537 362
553 699
1051 104
929 638
709 335
662 197
1031 316
903 453
673 521
760 481
562 207
849 405
563 364
583 298
666 347
910 422
1038 457
304 671
681 549
996 31
647 706
890 693
769 700
1106 357
463 441
527 405
1047 405
880 510
739 460
1099 522
796 569
160 136
1123 336
444 376
575 360
773 496
835 504
816 389
1149 531
1045 521
691 566
610 657
460 675
645 717
509 324
559 273
1166 457
632 709
970 520
629 530
266 23
617 684
757 535
583 395
1109 463
1076 526
1152 348
690 689
596 296
537 247
802 235
507 107
1102 272
1049 244
646 448
1087 12
737 250
912 257
489 649
740 649
138 282
676 708
646 224
596 582
1085 274
763 580
592 330
668 461
798 362
1113 261
1141 625
701 222
1037 665
1146 665
687 377
284 641
1004 352
909 326
1075 537
1053 30
522 527
770 614
954 325
1138 69
1005 307
1094 373
746 380
989 286
384 697
673 502
561 629
598 316
539 352
988 581
755 412
454 399
751 663
1056 180
663 317
500 711
516 711
1147 555
841 245
1101 520
580 353
1028 560
864 476
898 551
663 422
941 707
559 369
583 417
914 349
671 227
839 463
774 430
521 202
496 694
864 266
577 401
966 401
659 480
1059 445
549 400
498 646
806 232
1105 601
624 504
917 539
662 108
1024 407
915 368
693 292
668 503
755 299
683 332
372 31
564 598
645 585
511 575
1150 538
578 662
1040 662
1198 437
670 622
1046 683
630 469
658 277
456 534
1043 653
657 674
755 226
517 584
681 648
1131 538
608 618
504 693
622 692
587 650
437 323
1021 319
463 274
1172 588
1069 568
1032 542
1028 689
534 360
928 339
331 459
461 197
651 634
1067 657
534 302
520 538
1089 660
1156 180
1045 13
659 407
609 406
678 399
1004 384
651 445
561 312
991 687
886 708
696 551
1075 153
426 318
529 349
1185 409
778 459
1198 511
772 552
563 603
440 585
582 255
1064 44
931 341
919 324
982 352
903 263
156 435
796 397
868 524
962 545
1169 637
506 625
1085 708
451 322
704 317
793 450
655 399
432 618
607 513
854 249
856 249
725 675
1165 659
608 253
410 533
602 533
1084 206
934 371
467 526
817 458
669 662
446 625
749 625
344 21
847 342
478 475
1175 578
180 243
899 483
1039 240
1046 430
777 344
1026 397
630 493
567 679
592 679
679 388
854 589
601 515
541 192
262 675
1131 293
1103 346
864 333
1098 512
742 300
317 0
1195 461
489 586
951 268
442 627
300 625
287 33
1169 501
536 399
689 598
1074 517
588 645
715 153
608 353
639 550
1208 449
1111 671
937 369
1004 696
335 47
631 425
557 186
916 381
587 382
633 648
730 284
834 332
904 546
781 291
1121 592
1048 549
883 331
1138 693
498 327
560 408
631 536
810 536
451 663
124 123
735 525
585 706
1155 205
1171 279
826 399
772 269
579 365
627 680
724 534
453 382
342 101
794 352
188 248
700 224
590 561
587 272
576 336
1025 568
1009 547
729 442
503 519
366 678
1164 582
496 423
724 124
462 267
595 619
960 372
639 177
1175 395
304 551
806 615
645 207
1091 595
595 522
640 370
1087 561
732 135
1042 578
374 635
893 667
1020 678
1047 485
880 655
559 319
225 658
448 620
684 469
725 561
685 500
765 676
606 439
1084 398
619 646
1122 52
841 644
327 33
1145 490
1167 618
499 519
904 529
1058 17
475 386
447 528
688 95
183 621
859 621
1137 585
664 417
430 608
1015 542
602 422
550 396
1043 413
616 695
1078 633
947 305
783 470
252 431
284 37
551 409
500 659
1097 692
714 598
829 493
453 54
1106 294
887 669
1040 614
1168 545
1052 685
1021 679
1164 398
452 587
798 368
695 435
824 517
487 646
1060 708
627 356
980 23
1003 458
551 667
791 563
257 614
565 562
1097 500
722 344
329 509
820 317
654 233
1059 279
603 580
1068 547
570 370
946 414
666 201
1006 535
318 7
472 374
718 374
1055 15
1133 515
520 642
752 348
592 718
437 95
198 598
537 496
1187 325
625 290
227 556
618 557
1058 297
673 404
565 400
633 333
297 36
727 352
606 356
203 638
973 373
727 520
975 532
624 516
1127 429
314 58
436 638
1124 686
1013 459
1107 272
344 362
801 382
605 316
619 655
571 399
667 462
544 592
757 295
565 566
895 692
1117 395
1155 401
445 635
627 415
356 427
1079 584
551 629
132 134
441 398
361 38
1017 618
1195 486
572 716
664 716
565 659
293 560
573 616
758 697
472 402
933 467
296 584
722 636
733 278
1062 347
589 339
775 635
982 276
571 626
1058 644
1034 114
302 19
949 522
313 31
353 55
868 532
785 519
682 635
1030 635
758 362
544 509
689 530
524 273
1107 583
628 550
620 528
273 294
548 556
675 498
1086 435
200 647
640 213
630 554
711 528
1034 629
607 561
535 681
621 220
221 608
721 411
820 473
903 394
563 325
1031 450
600 484
1030 390
573 493
513 294
346 45
558 214
1029 645
666 525
1160 653
508 355
733 299
804 551
1189 592
573 706
939 396
416 312
1134 238
1159 330
1101 616
456 628
1139 310
1110 244
664 586
607 588
1138 537
505 650
765 477
1106 346
1130 151
1102 628
583 365
526 353
738 360
853 265
686 343
561 184
790 297
751 290
558 374
328 543
740 516
1074 704
846 407
787 567
612 527
666 250
668 506
599 648
330 79
754 231
439 244
343 502
335 129
583 547
983 280
351 11
1045 0
1155 423
502 239
797 654
557 534
434 570
777 288
821 288
967 432
553 710
706 169
520 662
637 256
490 700
1115 620
790 570
882 719
214 661
735 352
561 604
652 385
466 637
1051 396
729 538
565 391
1128 598
144 245
383 86
491 684
858 620
679 154
577 258
749 548
494 359
1075 633
420 316
909 307
318 512
593 409
460 608
866 308
725 601
1091 422
558 298
695 425
382 5
757 575
498 560
864 483
543 572
467 596
998 500
940 27
616 355
897 268
972 332
952 610
758 211
745 665
612 708
519 503
637 366
689 380
1173 380
320 470
555 388
604 509
882 426
358 131
1131 80
1114 556
596 299
299 147
734 409
863 527
701 621
802 476
582 564
1015 39
1081 78
609 594
1087 509
1100 639
1118 375
457 623
312 14
350 127
745 458
663 574
861 479
570 550
296 42
1034 199
775 541
794 108
680 388
759 508
507 428
1031 80
1049 379
563 382
317 23
1045 398
297 588
1138 532
925 307
615 640
551 283
302 608
270 396
221 215
515 516
350 185
1115 459
184 286
973 604
1080 695
780 404
611 339
545 397
639 532
1100 362
1124 534
403 623
297 63
913 509
1119 316
1036 477
817 171
791 382
898 334
558 648
786 631
779 626
730 455
675 442
964 465
558 677
221 710
653 365
702 612
227 599
489 195
423 18
998 517
831 631
493 408
1095 218
859 266
1155 108
469 654
508 611
524 603
1032 539
301 596
237 683
460 407
504 521
998 702
283 567
639 637
281 18
778 701
754 705
783 317
536 518
695 184
966 400
501 414
483 514
272 688
426 650
1169 221
311 24
1080 604
312 16
611 376
1137 513
542 591
468 328
779 305
726 661
1138 234
1035 261
317 18
875 542
279 703
350 435
238 687
609 554
1085 648
343 71
657 695
765 503
731 179
694 348
3 652
1112 622
456 276
658 346
670 392
953 705
655 224
889 527
565 555
1036 701
849 524
1157 272
1155 425
534 526
532 378
970 542
1075 679
1099 302
299 626
299 641
552 562
912 543
1085 549
553 573
1160 220
1175 268
196 613
562 561
658 321
497 703
1013 192
805 281
447 269
436 428
275 663
335 102
508 637
956 578
916 677
669 362
640 579
280 371
462 534
518 600
206 613
198 575
239 695
1064 478
555 329
226 600
329 72
282 16
407 591
586 216
455 671
1024 671
1075 328
356 69
251 662
526 244
1164 156
593 286
886 347
315 72
957 412
578 321
426 15
1041 469
900 372
321 448
572 316
693 449
1125 677
318 109
508 531
171 572
443 254
476 510
999 436
757 435
155 582
1089 554
488 411
683 206
1021 253
314 648
637 527
758 620
833 352
541 569
621 672
584 634
920 607
193 563
563 383
538 312
567 398
700 591
998 338
612 250
696 409
743 217
144 84
475 592
734 424
954 393
323 28
617 649
591 210
1113 615
285 32
1091 225
1103 131
528 269
710 331
1018 707
573 708
503 538
557 608
862 717
600 673
456 422
714 612
414 551
454 621
574 348
507 509
923 553
281 135
733 656
1005 510
441 82
455 659
370 78
297 79
880 362
706 407
892 407
946 508
172 222
412 222
478 613
577 439
572 333
1184 284
886 302
546 310
674 504
219 687
496 630
1113 576
347 424
1168 434
731 486
591 358
824 529
611 642
587 306
567 177
598 531
1129 50
716 521
742 563
1094 559
861 395
1025 351
477 493
553 588
555 355
554 513
179 268
1156 193
782 478
915 547
646 541
821 266
732 496
747 402
762 249
1175 495
674 85
604 615
529 617
1089 361
206 626
475 522
1134 385
951 652
475 530
668 314
593 600
414 603
597 563
1026 718
763 333
696 353
675 549
1027 346
549 531
959 417
975 394
1064 195
708 651
802 308
953 657
704 656
505 503
564 373
1002 712
294 678
1097 638
330 367
659 376
720 494
871 286
343 26
843 427
701 358
808 487
986 606
896 688
772 618
170 306
618 598
642 197
1064 258
657 523
730 303
1012 312
226 696
711 507
647 529
764 360
1119 551
484 637
946 481
1119 363
561 279
1156 353
589 652
554 655
605 474
1100 292
1066 200
503 540
445 710
671 258
729 568
566 388
474 664
1099 584
958 224
737 577
997 483
750 515
594 303
646 223
700 687
478 618
985 403
600 339
524 621
730 426
1097 28
594 155
577 371
597 148
1021 680
210 579
273 585
1039 696
185 103
731 420
1068 480
906 351
916 324
728 99
648 430
1121 240
580 627
849 295
558 572
737 421
419 661
519 507
1150 227
1069 402
698 712
583 352
664 243
182 307
475 559
544 612
554 536
349 499
1093 197
1170 208
1056 563
597 615
671 715
681 481
1147 130
1129 561
758 398
946 581
1142 557
534 668
849 490
1030 693
595 335
561 549
658 613
669 428
569 354
326 14
944 255
199 546
602 545
152 332
836 679
1034 699
565 319
1053 449
536 690
746 718
506 349
848 632
577 714
646 126
1072 644
576 572
1097 60
580 472
836 439
697 500
641 360
749 678
543 378
291 47
603 207
781 629
749 523
989 711
1173 194
486 645
1153 624
589 267
480 528
533 506
756 314
600 358
755 628
1020 85
472 620
874 536
636 394
522 507
744 354
1082 130
519 585
467 316
734 607
454 295
1067 168
640 157
552 318
565 415
779 714
425 411
1054 446
757 536
1140 470
606 276
1138 684
1141 666
859 613
481 260
701 404
630 542
815 408
720 337
964 290
270 658
517 530
774 431
948 670
240 711
798 652
600 274
584 367
821 537
728 303
856 604
796 635
930 705
624 377
1007 469
552 199
381 703
720 552
582 559
490 659
1122 64
812 631
1111 274
424 288
940 536
254 537
460 410
1096 389
730 484
514 719
340 236
517 517
1108 76
444 716
753 212
543 685
893 300
763 471
623 516
752 371
719 489
987 538
959 549
928 270
1089 499
506 506
645 387
1131 387
638 339
970 460
323 51
1031 580
330 514
147 255
301 654
253 609
658 414
229 27
707 572
1107 442
816 681
598 294
1102 591
632 193
905 691
1028 693
1036 693
455 680
594 384
1067 384
1004 328
783 284
496 335
796 247
551 429
1179 554
303 94
574 419
828 396
1143 550
598 265
532 529
340 88
1043 376
1050 702
699 403
828 413
586 229
683 283
768 382
1130 380
1074 381
676 517
738 554
612 577
463 601
254 675
614 673
235 644
810 655
555 364
709 354
729 497
660 451
746 443
498 541
435 565
1182 327
1172 501
1042 508
517 618
1140 410
756 519
534 199
1011 641
799 389
1043 365
460 679
431 359
672 81
936 319
666 579
755 549
1143 391
719 487
379 88
436 293
1016 343
667 644
936 316
788 561
706 304
286 130
1177 283
748 502
646 402
654 402
576 340
679 453
827 681
1108 349
413 332
595 193
1188 371
669 206
768 357
539 307
558 307
1168 475
280 517
779 289
700 576
579 649
548 587
1051 566
463 684
1033 249
754 559
593 263
515 401
1013 613
474 356
648 716
1109 29
701 533
847 662
578 556
688 345
731 693
1073 354
412 85
1150 315
1165 263
825 331
584 425
562 591
421 52
467 717
776 361
464 406
1064 535
804 704
125 407
612 428
176 109
707 513
565 552
490 392
592 560
575 430
1077 19
628 530
538 608
536 486
475 369
694 328
624 372
521 531
834 360
313 91
424 562
777 492
653 653
712 427
901 418
606 621
901 348
1044 383
748 454
703 470
536 654
521 369
393 15
809 343
1021 662
555 716
940 532
466 553
507 620
601 357
844 425
591 528
471 375
1175 246
1128 139
877 705
1070 485
642 231
1184 565
1070 210
853 354
466 547
498 547
1022 637
465 571
822 451
334 381
893 318
291 55
793 422
810 534
492 298
512 697
1064 278
466 642
1046 358
1029 649
615 493
784 670
1172 613
659 566
619 602
444 220
544 620
862 232
260 631
988 507
339 87
591 259
1138 491
108 609
837 386
280 644
930 677
606 336
1094 659
577 700
197 161
225 218
706 249
474 227
1008 477
571 340
664 637
689 371
825 439
682 691
810 685
342 20
1096 295
891 605
843 519
636 643
584 654
804 312
432 704
799 709
742 380
706 298
484 656
1019 590
1119 413
203 665
845 625
890 257
579 383
720 344
960 480
1153 306
579 714
743 283
506 638
707 622
713 226
777 441
519 679
621 296
860 504
858 247
627 410
984 718
384 15
545 271
1041 692
1080 290
830 221
573 300
511 377
338 87
303 575
957 481
973 481
1039 285
554 339
653 369
482 554
533 583
743 628
1088 543
588 330
643 531
226 656
694 686
161 600
274 42
577 403
838 410
605 418
969 576
415 690
1132 175
989 198
960 603
573 132
1020 576
963 674
1149 387
319 340
480 627
773 627
175 507
694 322
593 314
371 461
732 368
334 418
780 297
323 10
274 0
425 251
339 119
548 542
835 478
417 114
169 244
297 539
228 689
465 283
739 519
673 396
764 212
336 24
761 644
507 532
877 371
1025 371
348 410
973 456
1113 537
300 54
1084 225
382 141
797 523
1010 639
549 527
591 264
946 282
1137 558
296 14
355 43
954 590
336 68
431 365
1025 542
813 687
656 635
973 642
800 233
834 310
555 377
705 377
92 190
547 521
667 526
262 28
1165 338
111 516
308 546
192 601
356 65
598 432
728 647
915 457
1104 629
1178 441
998 683
1081 105
1092 430
781 570
967 388
703 251
751 404
633 501
1148 681
691 239
160 561
603 530
429 716
651 620
783 592
1035 112
594 521
670 433
624 403
742 310
1107 111
1061 558
1021 361
1051 486
607 257
832 386
619 329
493 399
1135 704
957 450
149 170
809 374
960 666
731 536
1130 253
474 191
502 438
553 544
1138 545
343 25
300 603
202 293
237 624
611 546
963 441
662 196
313 175
946 305
1126 507
897 540
671 643
792 516
749 257
1150 379
1106 545
423 664
1115 634
428 249
1024 512
616 300
515 706
594 198
1041 23
587 531
593 339
806 402
771 413
1108 413
161 625
771 554
485 537
588 718
993 567
522 562
468 584
1040 459
1081 18
941 388
486 647
1151 642
316 534
853 683
951 387
187 678
493 411
1071 606
310 11
573 426
465 702
655 378
867 532
1051 703
719 526
