15 54
1274 633
1261 712
35 40
357 126
768 74
486 35
519 533
47 1
738 3
1195 152
520 382
1254 663
929 517
751 706
31 628
271 18
14 42
558 449
1222 719
1092 339
371 1
1259 82
1146 383
476 592
459 490
1090 184
569 57
810 586
1104 573
273 263
905 293
286 58
925 316
824 192
1229 261
412 85
996 31
374 635
474 8
1007 333
1277 108
1155 704
22 71
556 490
903 586
989 683
1279 565
830 150
7 93
347 223
1252 52
904 684
295 545
600 95
256 715
688 475
636 262
64 420
1269 59
21 132
37 25
1141 585
1248 675
359 585
1269 157
1277 27
1198 99
64 712
1271 73
4 59
21 40
680 484
220 423
811 49
1059 199
437 426
754 31
903 591
240 74
1045 632
504 451
490 257
1157 193
231 553
1021 665
735 196
1164 498
1029 550
951 184
1082 594
204 660
1223 204
453 593
204 673
515 216
520 690
325 366
311 195
953 671
1137 531
999 11
774 643
323 86
1059 168
277 527
310 472
96 249
992 129
386 327
277 621
