198 627
743 687
763 448
327 641
467 91
135 645
979 432
365 74
763 329
1040 367
531 6
514 708
286 489
138 37
920 108
328 663
471 499
484 609
1172 439
368 445
588 542
896 648
504 188
563 557
515 233
1041 496
810 32
700 83
776 90
788 578
605 45
483 576
971 656
133 373
1065 578
469 5
904 473
564 309
239 348
915 599
854 123
290 173
791 663
519 125
822 679
668 244
660 88
1000 366
751 145
502 578
718 158
493 435
308 187
543 132
563 373
922 249
690 244
431 139
725 398
431 322
887 179
577 74
805 386
775 102
567 408
1141 95
1223 677
608 221
511 515
394 265
853 164
643 466
965 330
867 200
302 588
130 162
1181 163
715 330
1249 433
327 446
770 156
1134 663
733 76
1190 267
315 394
162 160
691 70
277 121
743 29
467 86
913 608
1129 88
300 683
769 714
615 145
576 211
520 517
382 550
941 169
1016 382
1067 436
426 237
58 267
422 579
1075 18
695 130
770 652
546 328
92 617
646 32
77 390
953 66
1149 464
980 649
973 618
1212 526
86 58
930 387
834 657
552 125
1113 683
1139 620
848 133
480 98
941 39
781 279
197 239
570 502
312 95
39 415
229 251
980 283
89 236
544 607
972 623
1040 97
170 113
634 195
736 327
998 414
161 551
269 19
1027 700
261 253
1195 209
775 100
962 171
1075 489
424 292
590 30
1149 326
468 317
576 434
970 179
400 604
447 469
464 340
1163 263
536 707
563 627
730 597
754 621
506 8
674 198
222 460
444 412
257 502
1245 425
455 716
378 500
382 688
135 126
1249 382
754 339
57 260
1179 459
291 648
318 646
589 398
207 328
752 89
947 142
157 394
97 401
116 210
956 689
802 204
74 547
558 339
882 467
1077 110
281 3
1206 589
867 629
697 209
794 427
1066 551
677 717
909 608
153 467
704 231
338 169
937 6
477 130
563 584
549 697
852 446
162 666
113 458
869 215
577 278
154 488
976 60
66 219
450 699
331 569
1073 293
936 30
1104 338
365 400
393 62
581 499
946 651
217 413
775 663
155 538
281 336
125 294
1179 315
1056 473
806 457
897 433
158 85
738 282
84 442
932 139
379 706
1068 117
863 470
648 519
874 222
554 272
925 78
678 688
875 43
539 460
744 490
642 457
88 338
814 19
1005 296
112 463
579 561
564 199
197 170
448 54
1180 603
700 491
704 525
828 409
542 65
154 601
1040 50
816 287
517 265
1034 410
1261 259
181 304
1117 88
575 548
859 194
169 141
129 433
717 296
1105 229
162 34
657 164
842 520
944 411
608 480
306 508
587 343
885 573
924 506
1090 190
777 336
188 225
741 134
768 88
1132 640
875 443
462 712
161 232
111 594
395 274
90 669
151 305
467 154
1068 258
754 127
930 504
177 335
585 689
911 235
746 443
1028 35
68 223
334 686
389 355
974 106
855 623
232 696
1078 80
1075 153
713 63
232 150
595 159
933 415
149 323
370 121
280 47
505 124
820 357
1029 445
123 399
302 564
485 535
556 112
350 110
912 36
330 62
1042 289
596 55
262 379
94 433
146 617
267 137
701 55
717 212
273 205
259 265
96 73
635 190
1095 622
637 121
607 326
528 322
297 585
825 13
450 357
1039 509
367 670
141 485
1047 439
925 86
480 328
18 483
1019 166
613 189
760 26
985 267
764 91
19 316
208 197
926 126
90 371
710 472
548 550
1155 94
863 112
608 97
199 530
780 67
956 425
475 305
516 679
281 96
646 148
366 671
908 525
990 139
1084 435
742 363
1029 109
1199 352
506 671
630 313
555 40
897 457
191 151
777 280
1144 155
214 427
1004 141
244 12
822 265
893 190
705 245
997 56
983 66
890 390
944 194
538 486
445 59
796 548
236 238
474 8
1074 471
1021 665
735 375
754 572
432 454
582 626
467 211
461 193
522 196
334 464
80 615
451 159
674 658
224 630
603 186
1118 229
418 180
268 242
675 195
503 629
900 679
241 525
792 205
914 259
776 347
594 533
1049 241
1161 642
906 161
626 639
1065 167
479 682
536 590
731 652
472 88
856 479
283 222
393 306
1081 547
512 700
344 331
692 646
192 705
926 192
550 589
251 602
230 82
711 202
572 119
1147 84
183 94
898 571
591 2
754 223
92 417
1008 309
1176 332
947 233
926 541
764 563
158 71
138 542
704 325
378 711
447 218
600 299
1194 593
698 691
939 29
599 224
239 378
1124 89
831 194
178 117
1125 204
1049 654
661 330
892 201
485 711
1081 523
538 2
115 104
1168 204
411 333
674 108
1216 279
1215 392
1173 462
1166 416
625 471
176 288
913 602
875 395
760 561
344 400
288 679
311 448
732 217
629 372
1047 657
853 105
996 507
52 375
879 78
1227 326
227 475
771 613
139 298
1137 346
1081 315
688 263
845 410
531 264
388 100
1009 473
35 465
410 712
1077 95
1086 634
237 475
589 236
49 482
160 275
371 521
449 657
495 388
192 195
837 159
1074 306
847 695
1082 699
1024 62
798 351
924 55
942 591
467 661
859 139
693 32
35 477
170 231
720 284
643 42
672 283
1084 189
374 315
1256 389
388 119
892 20
392 288
282 715
214 256
538 531
666 224
453 184
500 401
1086 71
179 559
748 684
345 13
1052 17
662 292
889 176
705 695
622 664
415 587
1102 619
449 204
636 239
511 557
258 123
231 555
991 702
387 524
171 351
775 314
704 134
246 108
1025 194
811 431
114 406
795 718
941 657
926 13
280 158
667 532
314 207
52 241
1182 474
785 397
783 224
90 464
624 692
456 238
405 210
731 520
521 41
1178 226
1128 309
262 207
221 189
583 652
1146 577
352 457
853 36
1096 16
960 546
1104 531
682 11
1167 652
431 62
642 316
891 680
1152 591
885 429
1230 319
795 279
598 78
863 132
437 21
1239 319
1167 385
88 351
1169 114
254 576
343 212
575 482
1128 543
578 123
638 220
1174 623
811 579
420 244
666 634
751 141
1046 524
1138 652
245 61
246 117
131 492
466 490
984 707
874 3
774 257
671 597
28 327
253 671
1151 302
1202 196
210 209
955 676
688 430
437 438
300 75
683 680
545 361
910 206
184 698
472 607
995 459
817 460
498 173
267 610
400 515
1025 341
878 403
609 380
628 424
126 211
133 651
863 14
44 511
397 594
621 89
352 87
519 631
446 421
961 294
120 464
1252 449
332 462
412 598
737 714
979 688
309 492
39 526
853 93
685 641
190 181
186 400
1149 374
265 652
787 178
384 311
737 404
433 4
617 363
481 579
1248 245
111 289
83 321
733 42
213 353
948 617
255 608
189 105
188 219
727 100
684 519
1184 490
789 573
1075 285
890 673
945 704
129 245
554 286
978 369
66 575
954 696
183 249
828 186
502 639
1076 275
234 490
746 164
50 397
1204 395
982 273
807 523
502 466
899 662
414 471
1041 432
40 105
1173 550
724 183
484 717
955 335
669 409
821 23
977 408
1078 177
514 194
735 497
939 39
82 348
868 418
516 182
1144 368
93 561
593 387
662 376
333 356
162 183
1108 109
1075 183
1102 680
126 373
104 365
103 531
932 116
673 357
345 278
357 350
675 673
934 191
1085 429
106 253
360 669
271 123
435 102
113 158
448 147
583 369
356 478
1035 304
369 4
580 97
297 49
994 269
609 232
1054 560
758 26
372 483
446 375
266 309
921 470
364 66
464 449
988 613
253 115
201 80
573 426
703 79
520 653
682 158
507 562
933 19
874 283
939 83
452 467
406 697
802 550
205 351
1211 364
1191 85
109 459
251 503
283 93
319 639
1176 115
749 68
380 452
447 311
703 341
962 174
166 335
1114 261
133 395
649 593
576 683
890 481
151 263
989 318
309 650
774 517
1142 539
1060 705
476 561
36 356
758 97
192 9
538 652
485 680
850 340
372 102
1249 296
1080 516
334 398
302 143
572 382
311 603
204 191
1039 36
593 185
580 604
113 385
240 117
1095 49
398 335
156 311
293 367
151 673
812 424
980 500
579 110
1150 305
257 420
1256 278
889 611
1080 718
675 240
540 511
1086 605
954 199
949 54
132 237
