244 187
395 579
13 138
1213 56
74 719
159 203
1269 229
269 250
9 10
856 329
1279 225
1207 35
446 9
44 46
680 155
439 190
1101 435
842 605
926 715
1094 363
886 275
166 678
914 82
996 238
1239 112
536 485
1241 41
397 190
455 671
994 3
1270 596
1275 602
1257 693
1255 697
49 509
8 636
0 573
170 181
1226 695
699 347
1248 615
1054 416
1 481
601 269
822 131
468 171
1077 86
36 651
72 54
936 327
503 64
889 297
831 263
994 26
14 117
540 97
1244 34
1269 231
943 302
917 24
792 230
1 228
1259 20
7 631
42 144
1202 1
2 119
42 103
167 503
21 11
46 39
55 72
627 647
1168 331
33 11
1 98
1262 706
15 126
806 184
14 621
234 413
319 468
967 548
20 19
582 151
58 43
1262 640
1181 159
1219 2
805 386
721 65
686 194
764 69
474 216
917 70
1267 698
12 613
958 37
936 39
934 63
1210 87
585 674
440 687
11 61
368 121
679 53
321 457
410 113
846 13
212 87
380 613
287 20
601 531
1191 535
1216 473
149 121
1239 702
895 434
