38 71
470 495
1269 627
1241 698
1200 716
1248 654
312 51
187 48
590 53
1239 24
1238 91
28 651
2 78
1088 92
1253 638
61 24
1241 655
0 101
1268 107
1225 47
29 266
7 68
25 625
661 161
4 593
983 265
5 626
889 93
363 705
672 443
15 626
38 41
707 715
642 650
1109 352
536 350
317 596
1120 43
1275 13
744 604
73 24
1231 19
697 72
272 523
286 543
3 684
634 379
1267 161
15 636
682 516
38 65
654 675
151 394
488 16
859 212
1279 584
337 181
64 39
1250 50
1244 98
643 429
628 619
776 256
1274 648
33 631
66 13
822 236
8 162
927 651
1249 76
1247 606
37 16
879 665
1005 253
1133 202
502 495
999 679
1277 169
1238 665
631 534
720 111
422 100
618 123
17 17
771 351
6 288
1234 60
652 695
1257 6
953 171
41 103
5 664
894 375
9 19
1273 194
5 622
553 256
1243 34
1244 613
277 45
234 563
29 648
1274 250
1262 36
733 28
705 186
1228 75
290 73
66 706
1255 28
1246 132
881 83
10 21
18 14
1218 707
495 123
1263 603
5 111
1234 255
85 2
789 10
1209 701
1249 116
266 349
1270 101
1228 670
1229 657
2 590
1225 682
1270 529
1271 20
1091 404
1264 682
919 209
