620 707
685 548
711 670
771 39
673 407
690 630
269 244
1138 535
766 657
718 544
720 251
739 639
675 481
834 79
803 667
797 511
310 23
615 419
724 283
325 407
751 693
665 716
826 499
690 409
350 438
343 394
684 367
670 719
752 640
750 593
722 663
658 594
624 662
1162 465
675 189
286 397
620 681
690 613
757 713
425 118
354 412
396 164
705 514
345 402
297 417
763 317
795 448
712 297
630 624
774 363
679 27
710 668
652 329
654 379
730 717
794 90
646 709
813 84
660 561
364 15
676 483
623 600
791 540
810 236
799 252
774 596
759 412
416 140
771 496
706 664
718 519
406 37
758 399
657 642
419 29
750 539
765 110
708 688
791 403
394 21
720 517
370 325
729 491
458 44
592 349
778 53
807 229
740 389
687 427
396 144
748 585
366 34
183 598
645 716
392 179
1069 552
701 582
1069 617
465 3
427 133
730 241
717 709
384 68
409 152
801 171
395 44
394 27
760 623
674 401
1160 526
845 70
737 555
447 7
430 46
697 671
1077 79
919 416
369 88
427 17
464 15
410 86
399 64
743 415
568 391
386 48
1069 459
718 538
334 23
1123 417
655 638
370 335
726 612
725 613
840 164
350 345
783 75
404 89
795 335
778 430
742 381
628 209
698 413
456 13
643 193
710 82
764 28
741 536
669 411
373 63
376 410
686 338
785 593
755 291
765 659
688 350
636 549
561 567
462 137
683 477
252 340
896 259
372 2
829 114
426 56
752 116
738 536
707 421
689 534
820 199
654 87
752 534
1065 615
764 704
778 497
732 93
380 398
588 527
471 54
769 667
350 56
691 534
309 368
794 123
663 485
682 306
278 156
604 653
778 400
299 432
380 102
788 670
408 34
749 69
759 674
650 520
805 530
728 649
643 382
493 81
742 616
741 497
741 529
677 702
355 63
762 80
1168 374
402 48
824 66
684 269
298 111
483 14
707 596
1033 523
1024 510
790 240
684 411
1192 534
588 430
762 683
737 471
769 569
724 651
784 217
759 550
670 521
730 550
821 410
1013 168
806 575
674 226
368 20
775 709
409 422
242 251
698 350
324 0
425 37
898 243
645 682
825 37
902 588
264 226
765 633
781 412
832 122
743 596
701 647
423 30
742 663
325 351
793 235
1111 280
720 240
715 373
652 684
671 536
768 532
644 51
625 501
687 679
395 437
703 335
691 538
683 535
594 685
592 327
255 295
729 419
768 685
340 258
755 511
746 70
747 94
528 552
658 679
373 7
703 63
763 239
666 352
725 631
767 357
886 409
770 161
680 407
597 310
669 458
753 678
796 103
645 586
816 193
670 552
710 420
684 322
1199 377
702 517
387 69
753 89
663 516
815 519
725 524
780 97
683 719
793 4
434 7
768 462
751 643
641 654
677 436
712 91
683 366
397 41
449 101
758 59
322 219
1109 702
366 558
764 558
647 220
756 546
631 688
675 704
761 372
179 203
760 598
788 20
781 27
802 280
650 507
716 86
691 472
787 71
701 697
811 177
718 708
749 567
758 562
755 286
699 547
513 25
759 213
727 556
740 487
658 375
674 488
335 338
745 601
652 397
773 21
737 659
599 581
697 329
511 1
701 269
773 486
690 547
811 73
221 122
1137 465
697 321
682 351
678 662
676 274
655 673
661 506
770 683
664 470
645 575
811 516
620 16
723 529
683 341
725 561
646 381
672 558
798 68
784 564
710 397
193 256
614 567
738 12
678 303
804 682
280 325
697 594
430 4
670 547
753 394
799 440
684 412
699 419
773 550
754 645
718 552
653 658
798 1
367 387
711 330
986 611
774 40
696 704
694 485
667 280
309 430
661 539
689 660
730 603
645 547
683 673
639 283
656 465
699 398
811 287
729 596
664 510
779 549
1114 562
301 280
656 347
923 426
700 534
763 700
642 538
707 718
757 239
331 433
643 442
672 416
766 86
723 169
302 418
671 419
657 310
338 399
80 291
803 41
633 403
676 662
754 624
726 526
752 629
334 367
770 324
669 472
807 159
723 636
653 411
705 407
745 713
289 301
788 405
705 588
725 373
922 533
779 30
738 601
748 24
703 3
703 618
799 392
729 362
791 359
850 166
770 440
645 512
739 172
838 706
760 530
261 446
245 162
590 527
678 614
691 512
754 649
685 690
762 556
774 81
763 664
728 622
701 254
406 61
697 325
350 406
393 441
713 483
741 494
631 510
753 68
814 188
819 203
622 692
673 262
675 299
791 473
709 478
727 478
821 445
705 661
679 698
662 684
754 558
692 572
203 303
727 278
765 345
721 381
601 378
570 367
547 358
660 704
668 555
792 56
452 0
381 8
430 181
697 443
670 372
257 369
342 299
787 267
708 686
539 514
698 530
735 612
241 190
752 38
698 62
574 317
664 365
689 396
374 398
753 384
755 504
758 448
653 701
773 8
712 144
336 304
378 391
712 537
605 613
733 168
430 361
717 348
642 607
736 614
586 416
759 447
796 391
783 529
708 196
720 368
713 176
717 344
714 101
666 411
802 329
1017 580
771 650
755 203
769 482
826 82
731 717
658 589
771 652
714 301
831 31
366 381
783 223
747 123
784 22
765 666
1148 110
752 36
1105 496
595 491
730 658
686 185
690 523
711 579
359 382
687 480
777 550
732 349
718 685
710 575
455 81
776 580
412 28
626 486
731 486
747 268
829 548
675 608
601 578
676 160
765 371
755 411
794 605
763 245
699 671
776 620
628 312
796 212
575 703
773 541
778 355
760 383
709 507
733 305
796 631
653 522
753 224
674 512
564 301
585 602
327 357
656 467
761 627
764 45
781 669
638 272
777 398
763 467
650 702
648 544
819 54
689 61
1040 230
611 590
771 469
688 636
186 27
598 344
800 39
398 363
792 383
802 561
676 278
691 112
653 528
833 80
396 55
721 569
340 233
728 500
735 399
677 371
759 55
802 541
695 60
804 130
724 658
654 549
748 52
709 471
190 338
736 295
642 672
707 556
792 74
270 360
801 396
718 502
672 626
747 386
781 374
692 677
770 565
770 629
675 640
740 366
749 584
726 403
615 124
221 261
737 347
831 313
568 552
766 650
800 198
753 670
253 199
704 548
277 253
808 426
705 231
612 472
718 483
683 414
726 619
759 372
658 398
709 75
747 409
720 432
642 243
722 183
776 244
674 355
804 124
728 4
726 540
650 672
738 508
275 686
325 566
363 396
753 134
738 549
742 131
688 639
611 663
768 75
734 225
655 385
831 59
768 445
793 525
763 632
315 437
802 50
785 559
635 500
771 304
760 180
766 501
698 460
159 246
779 427
718 476
569 495
749 590
754 534
168 226
708 636
760 718
289 376
609 509
570 275
805 547
638 352
777 156
707 335
820 116
795 533
774 611
652 249
665 375
690 324
266 331
676 310
737 549
745 232
773 673
594 360
713 399
612 540
841 159
671 393
1162 577
797 20
686 315
691 588
739 569
711 116
784 615
549 247
715 605
255 201
771 382
790 152
794 10
931 531
695 619
780 552
762 1
813 102
672 514
809 221
744 616
750 704
320 414
763 16
695 147
814 81
664 709
151 548
239 353
759 648
384 79
332 392
653 316
1133 367
815 711
351 417
770 600
651 387
146 302
730 13
725 428
364 414
814 199
742 26
817 371
780 606
700 120
1095 527
631 717
757 394
739 530
749 514
592 716
1043 676
212 240
951 348
1147 513
728 163
727 475
760 550
825 445
655 419
400 599
754 540
552 548
365 360
788 217
622 404
1133 134
1027 597
818 43
877 676
1080 368
359 95
337 427
627 660
705 656
683 638
723 144
720 480
782 365
443 8
770 548
366 45
1052 346
783 42
348 423
764 116
449 164
790 569
717 479
764 175
632 378
646 596
743 609
739 489
837 47
596 345
754 543
636 331
620 663
674 559
767 101
1038 378
772 613
680 359
680 323
673 526
804 526
739 647
800 331
1095 364
742 647
766 529
742 353
410 112
739 26
379 18
670 424
817 94
637 696
689 331
720 498
785 235
584 697
684 50
314 333
742 693
743 144
603 329
1160 586
734 96
765 201
772 416
688 347
728 618
824 160
1063 532
718 142
777 548
793 94
217 298
708 183
758 427
679 520
698 617
683 509
322 303
669 672
258 290
808 670
630 360
740 368
634 523
453 9
385 390
791 614
430 378
743 39
668 375
689 573
1031 454
552 506
687 700
777 491
742 664
731 370
783 199
650 403
391 423
691 458
622 595
117 253
659 380
713 508
769 403
739 590
739 672
569 308
655 257
753 617
806 243
703 363
806 564
251 235
203 363
616 579
735 639
747 620
671 528
732 537
236 200
680 219
814 449
641 378
737 356
349 72
627 331
781 362
291 367
792 159
607 529
716 705
767 196
587 379
673 286
632 519
733 655
242 234
610 568
812 459
797 231
358 356
556 429
423 413
758 240
498 55
717 696
470 98
1102 41
148 223
383 88
811 497
801 185
628 365
705 77
113 441
382 22
779 424
426 162
760 350
454 154
712 654
696 635
1017 624
791 129
730 533
759 253
940 416
421 80
638 710
731 529
684 371
331 424
429 38
697 543
388 78
783 278
1122 516
713 79
297 375
747 613
772 707
1153 628
653 717
442 145
736 657
603 667
434 81
694 714
812 408
665 213
779 653
684 645
416 56
663 357
391 76
717 616
649 612
446 134
816 489
138 491
438 19
766 284
351 348
719 348
458 64
738 535
672 59
813 609
713 340
727 334
351 294
254 192
454 10
750 235
691 24
659 523
810 63
258 234
769 89
757 711
774 21
692 697
1073 363
797 389
711 687
825 395
627 444
778 11
664 571
454 127
739 608
261 277
671 718
390 36
763 602
692 230
639 255
688 70
794 533
706 536
333 48
724 671
795 571
714 342
793 450
761 657
741 630
668 710
783 397
620 514
793 657
677 164
793 650
807 179
715 490
765 597
661 599
389 53
840 18
1118 229
626 522
406 65
625 584
769 353
812 211
624 552
742 653
705 648
763 372
699 504
667 445
771 694
670 445
233 233
771 189
729 688
701 684
801 538
435 166
337 323
746 602
762 598
669 647
747 214
338 436
422 5
756 454
837 46
381 383
715 552
388 409
677 558
959 527
791 499
531 427
738 699
716 422
667 339
804 559
658 392
633 571
224 646
711 669
338 391
592 556
169 266
694 603
617 347
608 681
851 171
720 151
602 667
764 318
704 213
763 547
825 471
698 695
777 419
693 558
300 305
182 290
806 525
244 258
676 11
800 623
354 417
1096 610
789 402
683 617
767 598
686 678
618 659
730 347
687 311
728 481
811 487
568 555
644 543
696 596
726 132
404 377
747 628
637 611
786 467
652 345
1048 416
625 466
796 470
801 112
714 151
351 368
725 343
797 416
673 360
751 395
769 100
736 32
729 332
758 628
711 650
750 437
759 430
751 491
707 407
282 347
737 230
730 319
769 506
431 15
658 620
312 385
700 626
686 687
763 215
230 206
819 80
803 525
425 34
670 437
764 618
692 456
702 368
250 244
663 532
744 581
407 112
781 591
350 385
700 517
776 716
160 495
800 75
708 531
692 516
808 29
752 524
1002 524
690 471
620 550
661 527
801 2
722 338
630 389
740 443
756 634
855 177
643 540
772 199
723 496
780 1
799 225
762 525
789 38
807 604
770 387
658 436
836 187
618 716
677 567
807 310
365 45
790 220
678 601
671 529
710 714
671 423
811 644
711 525
819 691
198 306
741 227
746 385
662 267
351 2
331 247
800 20
753 606
765 254
732 534
767 483
1024 351
121 474
620 451
828 604
743 672
815 41
452 103
787 602
468 134
968 525
683 590
737 140
721 671
171 632
775 607
375 371
746 125
387 80
821 610
663 667
756 231
362 368
812 634
657 656
629 663
734 423
778 472
752 355
659 375
782 94
444 85
693 642
596 550
213 291
564 413
400 304
807 593
184 173
731 83
751 532
776 273
770 342
825 206
771 359
682 326
760 510
403 84
218 110
716 268
675 369
719 429
744 554
304 354
623 613
795 2
832 215
773 366
671 271
404 176
755 625
759 670
649 476
707 129
750 515
728 121
1034 513
757 503
723 312
766 415
722 521
750 292
812 31
793 342
685 575
835 148
694 551
762 549
724 656
610 674
633 434
825 136
692 287
655 679
677 642
685 623
679 621
777 447
624 516
721 502
826 133
289 307
709 404
806 125
321 369
763 498
674 396
803 23
873 3
790 715
784 577
558 257
705 362
705 701
569 605
711 545
719 261
777 42
322 402
772 241
758 539
829 483
681 367
812 98
340 420
820 85
796 513
721 644
773 555
669 673
849 68
992 211
730 219
409 105
731 371
1029 298
786 647
776 700
668 241
354 414
734 488
578 592
765 412
416 14
720 632
739 22
804 483
775 141
332 286
669 209
811 168
605 681
788 80
701 337
783 409
664 228
649 380
722 669
232 207
314 389
693 595
759 88
788 707
739 498
636 613
616 368
722 512
720 546
505 428
680 656
644 259
764 227
687 516
950 467
751 503
346 405
407 412
625 700
620 660
787 476
765 598
221 358
756 505
795 515
593 549
584 561
175 351
704 382
361 395
753 580
782 160
793 91
803 35
756 549
769 391
801 410
779 262
789 139
794 196
818 80
806 97
708 660
367 399
765 399
365 438
745 137
739 529
683 454
710 493
310 288
740 580
752 705
762 685
781 415
776 458
811 199
633 334
677 545
705 569
726 266
363 389
572 526
304 401
765 408
699 508
723 89
741 154
716 156
698 159
726 537
740 309
689 346
210 358
716 358
587 444
279 395
812 391
726 504
817 75
735 25
791 5
815 175
249 186
692 524
726 521
725 529
714 626
785 620
732 675
647 665
369 343
737 380
681 382
603 286
767 317
393 428
811 427
295 418
800 444
767 436
640 510
793 500
414 33
703 33
736 23
738 255
688 540
675 532
759 517
708 552
777 681
700 673
789 660
698 354
131 328
690 490
680 386
712 582
706 531
632 570
814 573
749 500
760 508
763 508
753 484
623 216
828 193
619 143
763 85
851 85
738 5
609 599
663 596
715 628
697 626
566 546
718 550
708 556
703 565
653 569
666 573
680 512
799 711
662 719
612 683
788 451
380 420
711 405
652 339
709 351
720 355
716 357
794 303
341 16
447 2
803 49
857 113
774 98
811 79
719 240
777 237
650 594
703 539
785 685
1033 708
967 431
648 387
739 490
743 506
303 337
593 330
772 282
707 263
711 260
776 305
166 309
368 310
786 54
745 8
813 163
726 218
686 592
590 607
777 585
724 633
663 638
810 619
823 574
663 552
773 545
784 526
741 512
588 515
660 537
791 699
719 711
359 334
768 324
606 346
744 462
364 470
802 475
641 414
347 410
656 403
546 394
768 118
816 88
789 147
763 605
766 606
618 589
808 623
780 611
783 633
720 531
741 535
750 676
726 678
746 682
166 360
675 374
737 496
866 161
797 157
735 4
744 608
742 634
782 601
595 604
609 543
755 711
680 647
692 296
792 259
689 377
341 437
723 480
751 301
716 409
746 14
736 399
679 662
717 581
736 637
706 430
718 630
713 323
379 298
654 326
654 472
716 563
737 110
1033 709
711 130
741 637
747 666
758 493
696 589
751 299
560 526
133 250
728 141
419 18
701 373
775 487
728 589
726 305
737 602
602 476
744 555
796 113
425 108
771 472
413 183
776 465
672 404
698 650
800 184
583 403
680 35
786 627
756 458
670 650
713 19
706 493
707 442
772 686
227 358
608 421
736 206
168 210
818 16
709 629
551 531
723 709
651 713
210 283
771 344
465 42
742 592
715 680
720 506
717 437
750 685
589 430
444 23
325 53
734 524
775 647
739 115
861 52
402 24
789 55
667 657
737 585
819 126
748 635
282 413
766 224
608 597
636 361
474 6
789 280
751 80
802 566
715 716
230 208
658 715
418 41
819 553
798 599
743 371
665 422
644 649
733 678
544 546
827 445
770 701
734 412
792 155
704 447
796 317
544 526
215 134
814 131
340 310
657 511
780 508
732 703
749 671
737 510
757 601
729 670
804 210
806 594
425 163
695 556
557 353
187 341
799 159
721 715
713 628
713 634
1166 62
334 435
677 627
623 285
735 285
638 514
776 107
719 698
677 359
813 144
647 260
596 227
700 652
782 474
387 0
613 496
549 549
724 106
713 642
272 371
672 512
672 139
724 567
710 656
731 126
639 407
813 415
644 190
798 558
740 628
646 641
697 641
273 356
772 468
669 330
231 322
331 406
731 422
765 269
642 375
646 363
235 306
724 503
146 312
412 3
702 466
663 231
735 315
824 59
805 400
726 710
704 571
669 385
731 494
693 497
451 7
663 523
771 295
165 332
756 419
373 59
727 660
754 292
756 705
739 582
760 35
754 175
586 536
762 571
627 551
704 338
258 292
655 523
621 602
770 17
812 141
772 297
318 334
740 395
428 144
1075 513
789 41
801 91
655 405
797 23
700 370
762 529
266 156
696 108
782 553
782 298
788 15
759 330
389 376
777 683
663 7
801 135
1169 341
745 6
407 160
390 129
816 497
647 528
422 66
259 370
902 375
854 82
170 598
719 561
786 451
386 64
1103 458
792 441
447 121
788 204
416 97
1024 631
413 128
1199 471
820 640
818 106
786 493
1188 520
765 530
722 589
815 659
755 217
440 106
322 361
277 292
800 128
350 382
383 120
754 659
673 553
1138 459
1153 485
634 450
582 301
495 42
665 548
764 299
709 370
762 405
442 66
781 293
595 581
649 526
399 50
793 422
463 174
743 267
755 599
788 18
821 106
773 600
684 510
141 496
721 276
507 62
878 246
1112 704
161 642
810 677
809 237
627 535
424 44
1091 603
709 499
222 296
272 310
156 308
412 56
932 413
783 631
778 382
671 660
377 47
143 524
921 651
822 82
771 429
690 273
708 502
714 61
443 111
831 465
573 400
488 73
735 689
688 567
294 373
773 39
738 99
199 573
1036 702
463 26
629 467
810 433
655 589
706 456
721 424
657 557
770 12
728 719
391 287
676 384
715 397
775 537
698 259
752 491
798 78
347 30
237 218
821 390
639 454
770 402
750 589
421 18
808 336
662 483
974 490
800 61
606 303
775 55
783 525
719 135
693 677
835 88
782 51
749 639
740 711
165 557
774 661
862 111
677 347
776 434
699 211
605 341
779 6
774 646
138 417
449 23
395 54
702 583
747 472
728 297
387 131
690 465
748 649
706 433
494 13
834 251
705 501
778 135
375 402
438 96
768 707
780 698
323 451
598 367
851 190
210 577
814 100
742 623
423 97
291 709
319 410
623 644
1039 618
797 471
668 236
274 635
825 57
769 594
597 376
759 657
141 596
696 404
708 245
675 496
759 686
744 535
439 11
672 627
691 434
755 620
729 357
677 358
194 231
759 289
679 563
665 409
802 184
711 78
764 324
772 684
732 398
378 400
771 660
775 222
956 407
658 397
206 333
677 374
390 65
1117 276
758 430
742 537
1065 678
598 314
756 625
770 526
125 301
795 323
407 84
727 567
797 513
818 652
272 337
751 653
735 607
765 34
387 16
635 124
758 387
416 146
692 513
760 697
709 543
242 196
743 157
424 75
798 684
356 25
649 407
1058 306
388 86
708 86
434 119
706 537
438 41
740 236
1002 551
455 254
1147 654
826 127
644 27
667 392
776 350
806 651
754 480
728 640
653 410
714 22
1083 601
772 31
620 651
749 537
753 452
745 31
686 86
1142 573
26 340
763 154
613 414
765 461
762 481
1093 599
811 445
779 292
367 333
382 363
112 568
820 156
667 410
756 532
638 533
1036 523
661 319
844 64
635 351
574 426
357 72
386 426
1174 215
750 294
750 564
819 106
624 391
680 348
694 649
668 566
760 279
784 318
721 31
1042 468
394 56
746 141
783 178
475 58
704 229
341 282
675 495
815 11
662 371
778 637
689 532
397 20
739 642
745 594
437 211
780 667
699 701
912 328
204 190
643 272
719 384
658 61
740 327
781 15
458 0
368 45
335 400
656 671
434 12
772 489
572 567
354 312
403 83
1174 269
673 626
664 718
650 394
376 414
768 426
1177 494
712 340
320 25
430 113
693 402
774 160
224 310
756 506
714 505
321 351
107 273
772 584
662 326
638 465
685 624
623 483
773 209
643 688
834 435
626 344
698 406
754 272
782 503
800 91
822 543
403 18
662 609
590 580
735 317
435 9
778 173
782 161
612 562
672 532
760 293
732 520
575 386
663 682
802 377
670 361
706 385
826 105
771 515
817 112
272 368
696 575
747 406
408 59
709 494
768 522
696 558
627 683
629 438
717 683
787 283
695 516
376 368
565 517
410 62
703 520
758 381
341 506
194 298
209 666
606 475
755 22
741 583
765 515
639 649
749 654
758 503
388 414
732 264
415 149
720 600
730 606
788 606
627 709
678 322
741 542
727 317
778 284
736 386
265 230
764 537
349 325
654 68
828 99
723 495
321 397
893 687
639 527
723 561
823 86
714 594
693 362
735 419
710 543
781 165
801 423
701 86
789 404
755 391
360 423
614 471
799 374
784 382
765 699
733 592
293 260
772 114
612 354
709 385
743 24
672 253
784 648
851 23
836 201
690 633
704 507
418 58
821 371
702 506
578 554
171 250
725 527
697 375
708 509
665 370
792 4
720 140
578 351
761 2
646 406
581 393
781 685
783 604
650 332
630 391
768 469
732 359
624 607
786 696
757 630
702 434
431 21
755 230
692 607
757 295
566 537
785 163
693 460
625 608
647 329
270 368
736 288
769 491
214 262
800 145
684 618
689 703
795 655
377 98
597 401
1024 469
1055 650
1076 372
718 492
648 698
449 62
767 0
732 632
382 399
619 493
183 307
713 212
884 415
598 671
831 70
729 585
838 167
415 86
1003 657
819 140
679 334
684 694
432 123
266 202
718 202
304 30
326 386
791 148
785 368
757 115
719 533
777 16
1006 400
344 414
454 8
764 649
161 294
811 127
679 339
731 434
603 578
730 293
726 23
654 558
670 344
1073 392
412 64
918 652
750 716
796 535
673 475
824 95
638 309
606 490
707 560
650 643
757 707
281 332
696 713
780 553
185 675
810 462
1167 604
666 526
792 397
736 261
744 227
642 691
779 478
329 396
189 621
446 73
390 5
1112 361
788 450
747 464
233 7
722 568
714 415
1169 479
956 283
630 388
480 15
324 14
440 66
460 38
678 507
700 638
708 91
684 341
379 39
807 27
728 378
403 126
599 599
844 18
345 319
682 564
779 412
714 602
269 300
787 654
760 259
184 23
634 540
776 556
690 537
823 138
805 580
793 599
786 678
1187 547
627 398
693 567
717 412
1064 594
215 241
685 513
367 25
701 363
745 465
911 494
682 338
732 395
434 178
367 44
677 148
619 603
328 402
785 578
1110 2
362 93
761 679
767 119
735 682
711 81
747 158
321 319
802 92
711 576
792 103
1161 540
213 37
1148 445
760 269
769 408
413 379
767 685
721 513
779 577
1166 483
595 351
756 534
664 400
248 228
947 345
775 654
768 718
1075 611
420 15
724 604
181 230
365 399
396 193
788 242
709 578
656 447
282 174
740 544
722 650
759 650
605 382
773 60
662 706
266 238
384 129
195 246
646 463
702 358
725 556
749 614
856 176
675 381
392 345
1167 389
765 538
749 105
1022 285
232 268
595 289
610 492
1099 311
724 383
663 365
288 346
784 426
732 563
796 133
777 91
719 411
624 558
851 71
651 644
104 548
711 106
736 606
565 425
593 499
665 627
694 621
630 598
290 344
766 329
625 628
762 693
783 187
772 307
666 437
679 330
773 496
1077 674
280 337
661 695
808 435
151 549
780 594
209 257
608 445
449 33
713 475
948 244
607 554
324 371
807 569
429 3
225 180
789 182
316 352
733 335
430 10
695 712
530 396
721 361
741 652
223 302
653 504
714 704
627 698
716 138
780 578
727 445
531 331
816 283
676 685
689 692
467 136
249 369
717 626
736 376
116 240
732 547
798 592
1052 258
302 374
695 657
1052 657
592 631
796 271
422 121
730 645
692 445
772 140
598 292
165 602
703 694
808 136
746 484
826 22
697 15
666 540
772 689
775 31
596 352
672 399
389 538
773 320
411 120
800 466
795 657
918 270
793 498
730 576
336 385
405 130
805 99
383 416
754 187
701 611
730 512
707 674
360 431
778 469
660 432
601 718
339 307
769 618
621 715
646 540
434 90
735 482
273 354
695 435
292 355
795 536
749 524
732 284
803 571
1075 440
644 548
358 58
773 651
737 241
682 303
702 578
408 127
678 401
803 251
860 42
805 321
78 345
658 662
748 162
265 371
796 304
795 110
657 534
753 236
793 717
682 219
349 333
814 128
782 672
357 322
787 615
979 643
795 712
795 147
759 598
782 333
717 130
252 244
735 321
704 400
761 430
594 541
91 190
777 665
682 412
741 604
704 113
799 685
753 233
681 436
400 2
385 141
684 310
620 656
691 481
661 575
600 654
806 273
761 21
673 716
767 651
752 46
421 63
791 666
708 14
446 80
771 503
618 640
643 529
375 113
621 650
778 257
439 24
468 143
751 288
755 121
765 39
750 534
809 347
335 355
656 409
595 458
600 564
435 72
692 370
265 157
669 589
705 431
394 93
774 362
400 110
789 186
711 693
392 16
232 338
793 158
253 309
678 542
679 89
216 262
761 532
747 460
375 420
759 150
692 706
413 87
757 650
776 551
657 713
338 329
783 521
749 290
823 283
509 40
303 317
179 337
651 515
688 537
793 465
663 529
331 275
706 393
397 69
414 95
756 202
650 445
698 370
568 506
457 8
729 704
790 153
782 527
769 356
754 249
677 395
654 201
321 294
322 410
373 433
761 181
760 349
639 331
775 716
1008 686
180 550
787 524
694 531
663 339
420 50
743 682
654 341
692 206
694 692
353 408
686 304
186 637
807 225
779 17
828 141
300 307
673 674
252 682
738 515
351 328
985 18
719 677
799 117
672 350
750 35
773 303
658 383
777 658
697 128
438 114
185 211
684 446
382 41
285 317
516 138
751 598
572 528
778 137
633 385
621 631
617 414
130 382
794 280
816 155
1167 378
731 545
156 238
329 318
406 96
633 212
314 313
746 480
730 406
718 543
657 388
658 388
681 499
502 146
197 455
705 350
577 555
822 691
803 413
676 452
689 293
575 394
595 551
759 490
778 658
742 570
804 301
747 401
797 588
691 605
709 29
1061 622
802 151
799 129
794 301
348 387
780 669
432 70
742 657
1214 273
759 310
817 202
665 693
838 63
798 480
755 371
706 277
844 90
798 443
741 430
766 675
759 514
708 689
797 267
775 672
746 620
251 242
585 295
724 330
573 577
770 393
456 2
781 705
657 425
695 678
784 5
222 277
768 187
744 265
760 400
673 249
792 123
734 656
614 694
727 655
209 273
801 685
812 182
812 54
385 52
1122 630
701 511
736 533
560 660
753 266
727 685
639 345
750 554
808 643
740 483
745 277
726 415
766 419
764 593
828 52
829 198
705 306
647 313
818 562
761 403
676 234
232 202
797 68
663 502
687 647
806 32
811 382
727 362
645 529
701 334
589 694
683 659
772 252
699 367
817 443
1171 108
776 419
808 561
751 528
379 128
859 22
682 649
733 180
571 353
699 591
956 475
750 179
706 645
682 343
693 530
643 572
683 415
713 517
789 401
362 418
797 155
612 347
806 570
662 517
818 187
763 582
791 24
674 537
686 692
696 542
700 338
130 141
758 283
745 184
781 80
1079 615
753 642
680 430
736 135
828 640
680 286
695 539
715 580
721 680
774 580
694 46
654 681
1019 78
755 560
839 77
336 397
727 396
805 89
594 419
751 91
776 59
417 10
380 430
998 203
720 699
666 652
706 691
678 317
259 283
686 286
653 673
738 428
736 718
647 551
665 343
780 494
764 665
766 257
702 598
746 659
633 188
679 604
676 632
314 421
661 494
746 518
638 324
880 97
827 130
796 490
763 234
799 1
737 72
259 151
126 398
363 322
761 682
647 610
815 42
764 613
611 327
241 308
672 395
778 74
701 654
581 422
814 581
762 309
744 277
775 495
751 626
677 469
759 547
593 251
797 56
287 97
625 304
808 266
768 502
809 456
686 535
658 519
730 548
547 558
757 680
688 676
636 678
743 693
710 214
769 248
737 169
781 131
652 309
721 309
213 292
765 302
688 277
210 258
726 376
373 371
770 469
716 395
614 540
604 536
705 533
781 527
722 700
789 370
709 297
625 290
281 289
743 31
804 22
795 45
749 57
786 78
739 183
122 250
680 594
819 601
729 578
701 625
194 570
784 545
755 529
759 694
731 665
785 705
936 358
724 367
386 379
756 344
707 321
719 266
325 410
656 411
331 413
683 435
674 465
670 478
769 475
813 451
695 484
820 492
754 25
629 44
455 55
507 50
718 85
381 131
761 143
822 189
841 161
665 547
776 547
725 555
646 512
735 541
807 622
657 679
815 683
748 660
615 663
759 645
752 711
730 299
633 270
701 277
334 332
229 344
321 349
573 380
676 458
555 500
760 53
431 46
380 26
788 103
713 72
765 81
817 177
787 134
783 549
644 528
770 530
710 535
741 611
716 631
616 637
684 653
816 641
749 659
576 658
621 701
776 291
709 315
238 265
200 268
189 338
724 351
728 357
728 377
774 371
320 422
401 428
738 409
600 404
630 384
746 391
735 475
718 503
724 511
812 85
789 133
840 140
543 188
744 187
837 168
740 239
801 231
701 534
792 532
797 528
813 522
624 553
630 556
594 546
649 621
717 634
592 576
623 714
591 679
781 664
603 669
703 326
344 343
717 383
612 355
323 267
272 302
593 309
719 408
785 384
795 419
660 492
216 115
401 112
821 136
767 251
808 192
714 614
696 610
784 537
734 545
689 551
626 654
773 664
756 354
220 322
312 350
222 312
805 201
818 108
770 87
562 546
1051 645
636 695
275 319
751 427
537 513
714 467
746 389
363 431
667 502
819 181
778 10
792 37
660 655
685 676
720 476
674 319
343 267
680 554
638 343
206 334
727 711
665 387
688 551
753 504
768 144
985 169
646 624
815 111
711 135
817 132
783 556
731 587
761 353
779 91
816 110
605 361
820 269
508 341
736 220
757 527
280 309
690 477
773 61
675 659
817 475
725 141
776 669
687 551
806 161
648 442
722 541
784 579
680 450
653 464
764 368
105 251
833 198
768 21
724 606
710 672
745 372
733 283
789 667
781 311
247 330
652 506
573 546
732 28
790 687
730 523
793 102
709 584
384 389
393 365
689 65
719 459
196 229
727 570
762 426
693 665
711 506
762 159
777 645
556 553
785 39
223 313
698 78
814 120
207 143
735 314
753 173
244 216
725 290
790 73
766 615
772 432
661 611
760 702
139 376
762 417
717 719
704 510
689 172
723 151
438 10
667 530
653 364
738 164
788 259
357 343
607 346
750 596
778 623
341 404
730 391
675 571
756 51
713 562
802 69
827 94
458 54
786 66
704 565
573 693
667 488
776 137
674 356
239 266
710 358
720 455
1016 711
792 413
710 378
751 142
1116 614
1112 51
1061 621
698 404
702 661
701 452
709 566
750 215
639 409
775 29
152 643
702 119
190 95
778 622
721 95
655 700
821 198
596 705
705 590
812 116
740 397
154 233
702 227
768 553
652 516
677 531
437 146
698 646
801 209
685 449
807 77
189 127
628 639
793 188
296 263
790 63
788 151
260 374
766 608
1054 365
606 285
758 17
661 528
763 680
655 411
792 36
418 43
781 559
703 593
391 398
1043 489
779 66
628 219
438 28
787 569
757 646
581 639
815 558
793 683
346 365
429 52
504 102
709 493
367 158
413 122
673 711
767 95
674 336
773 377
1093 523
1000 222
727 382
414 45
789 256
408 165
805 673
781 205
463 44
723 624
449 474
771 585
369 341
782 583
432 86
241 243
660 674
239 291
713 548
634 612
398 414
668 444
978 695
279 302
417 47
726 393
778 465
782 71
687 530
410 106
607 307
180 565
416 60
618 525
689 337
831 108
397 63
750 702
1067 707
732 380
320 393
221 625
1026 538
442 20
743 146
777 280
682 398
280 346
389 125
623 489
791 205
400 60
789 46
753 112
659 599
771 663
1147 498
659 638
1055 504
552 397
665 692
719 144
828 293
401 130
834 32
359 427
590 475
735 697
961 457
689 91
820 137
984 669
1026 594
495 32
771 544
738 177
756 315
417 19
708 87
131 515
804 588
764 617
761 20
698 601
1063 612
721 16
322 311
574 289
286 256
667 431
337 425
358 559
354 389
705 264
687 544
737 89
744 533
705 508
632 280
663 519
411 2
768 121
677 295
748 663
697 316
749 617
327 408
198 245
470 0
816 487
664 348
706 692
802 123
463 99
732 616
754 373
673 368
686 717
605 390
396 5
760 256
999 677
674 637
769 8
733 680
817 450
754 162
774 6
610 329
1149 541
762 177
937 392
1166 183
433 63
1050 583
677 487
565 194
383 43
356 32
659 565
744 537
723 623
397 93
694 354
760 585
393 66
723 508
760 706
636 638
655 310
630 289
138 112
400 93
731 357
482 9
1006 229
754 443
782 574
262 482
729 434
785 442
406 175
712 252
1086 477
352 19
737 488
370 62
713 189
705 609
747 6
390 63
756 198
769 649
325 453
1045 592
797 11
752 650
390 149
735 703
189 334
731 702
653 549
667 675
698 706
843 668
341 300
435 60
341 293
367 283
777 131
734 500
667 521
648 707
431 9
706 565
409 122
823 134
679 587
768 526
370 16
1025 141
771 348
845 198
301 377
627 700
706 89
1048 582
608 219
335 322
766 681
828 681
376 40
350 405
600 369
321 364
786 705
898 61
808 630
812 263
676 579
1188 528
650 500
755 507
754 215
800 80
785 55
739 635
798 514
403 390
707 477
382 318
717 622
694 515
764 548
652 428
708 525
796 676
709 17
735 412
679 593
801 435
749 669
740 43
357 547
677 711
722 361
673 67
135 236
691 612
369 30
735 509
716 714
589 574
934 83
746 666
128 297
640 312
804 339
660 422
697 401
626 605
425 138
771 81
860 319
797 605
705 392
769 516
695 680
691 317
790 605
373 33
425 203
820 512
250 333
670 598
373 350
491 5
729 616
445 0
755 516
761 399
798 329
514 69
731 235
758 354
711 639
608 488
715 655
778 683
807 11
941 659
701 581
706 549
752 189
554 419
1131 439
731 541
707 610
483 22
1071 352
737 631
379 37
763 689
636 712
702 301
1030 455
403 94
771 692
1042 515
785 247
714 433
990 350
762 489
1049 664
366 165
367 61
250 229
1194 612
782 653
229 665
226 586
625 272
698 432
447 83
1009 210
352 604
724 167
244 333
1055 426
192 628
129 496
745 622
787 528
695 92
714 676
666 697
391 25
615 529
609 659
793 169
744 680
717 456
777 407
383 430
1163 552
638 397
416 125
754 59
646 377
563 387
686 19
761 196
717 342
794 671
355 100
422 26
797 476
757 704
446 11
931 29
560 537
670 608
1115 426
809 148
665 390
722 120
1131 471
700 532
696 119
299 369
791 101
212 269
641 520
385 42
783 387
737 541
389 14
662 637
1091 662
599 466
779 436
631 549
292 351
721 500
406 115
806 476
670 404
741 638
678 660
686 650
395 62
702 393
784 623
812 554
703 307
757 401
783 346
794 412
744 634
779 626
696 477
1050 378
592 472
759 462
691 312
748 144
837 457
766 85
801 502
737 703
739 326
725 229
806 100
757 83
568 347
652 385
757 406
781 618
793 702
278 322
736 672
751 587
410 44
741 709
809 566
795 331
169 553
768 556
786 428
755 572
738 254
741 490
675 74
800 488
388 58
629 497
682 375
731 492
661 704
409 207
773 489
719 366
740 571
712 191
741 557
206 190
747 357
347 357
809 478
195 220
583 399
252 674
788 616
699 235
799 315
909 262
772 603
636 240
770 595
745 686
782 389
199 140
685 705
725 691
803 13
773 168
710 528
788 148
775 512
805 96
646 542
568 512
719 680
185 541
402 397
840 20
680 448
351 540
715 131
801 441
700 315
660 317
690 301
720 375
639 399
617 224
720 656
805 527
741 14
753 589
748 283
651 374
612 319
460 71
715 215
712 397
777 689
665 361
677 399
564 423
705 84
721 613
320 337
711 287
761 713
469 36
602 541
692 306
760 674
686 448
589 611
783 625
768 414
661 559
821 457
786 269
711 352
775 194
261 276
731 606
761 384
770 388
602 482
596 411
748 202
755 609
666 370
711 624
780 212
362 360
1060 106
684 620
687 553
811 141
687 545
747 261
644 41
1093 406
462 24
752 579
219 220
800 278
791 368
598 668
581 596
371 5
778 490
780 597
723 215
695 472
772 658
706 486
790 660
706 545
847 73
691 533
752 255
760 15
700 564
658 405
711 220
766 658
634 657
788 37
688 698
761 114
471 17
827 623
808 374
757 116
625 397
744 476
639 261
713 223
716 351
734 435
816 437
1101 3
673 99
755 159
724 602
765 66
667 468
857 153
764 380
643 221
356 312
716 515
772 715
852 67
723 484
787 561
714 583
251 131
774 537
190 315
631 378
323 425
820 72
608 686
824 152
384 343
282 326
330 33
248 201
824 27
580 691
696 625
812 682
644 682
686 503
700 355
704 320
400 22
681 618
798 126
704 601
756 378
722 702
778 589
665 393
777 659
795 60
444 14
168 316
306 264
379 703
754 642
782 714
717 44
807 526
913 637
732 626
664 515
762 562
456 156
747 410
696 525
212 271
655 197
692 233
620 677
285 662
712 240
725 588
733 463
766 286
798 325
355 358
295 322
814 56
766 302
705 224
318 454
705 560
705 262
832 114
710 508
667 688
504 13
754 226
773 695
722 666
654 523
689 318
810 189
732 542
675 400
739 99
381 351
678 558
230 253
780 68
314 419
727 308
408 40
767 424
647 230
768 607
738 224
679 348
1046 661
660 383
302 342
795 618
824 161
673 549
706 257
817 111
657 408
758 557
819 224
784 645
819 504
645 348
813 653
673 391
742 113
752 649
671 555
734 551
605 713
318 372
758 89
724 636
198 561
610 375
993 452
836 82
586 307
671 414
783 552
718 488
817 703
755 287
827 65
803 483
723 713
635 345
388 506
735 595
649 308
783 459
682 498
684 705
405 393
818 131
714 280
650 593
734 46
827 676
696 264
710 686
167 651
984 418
679 515
738 623
731 468
769 500
779 399
689 630
693 363
261 295
651 656
425 81
815 117
787 459
648 555
719 505
318 424
998 447
769 331
802 569
231 576
428 89
775 317
435 35
772 224
394 152
1103 685
712 298
696 506
699 719
748 29
774 78
744 249
380 59
805 680
806 231
836 659
781 704
642 335
680 274
232 249
649 656
1055 623
743 625
809 39
248 357
694 451
712 707
763 533
342 37
687 83
827 549
801 117
684 587
783 140
872 41
776 710
777 588
614 303
1120 436
694 217
766 9
767 576
785 650
708 527
386 424
760 636
720 166
669 468
765 671
738 631
773 415
1117 492
770 570
285 566
732 595
781 284
359 542
792 510
443 83
659 226
360 359
202 643
786 534
816 25
730 511
381 16
754 57
1183 467
615 551
678 586
366 331
724 342
430 17
752 57
261 340
827 439
809 560
421 186
710 351
688 514
738 688
718 199
687 389
764 229
743 706
768 129
708 137
789 259
508 144
641 506
677 705
695 299
380 413
319 476
659 23
799 498
230 339
780 268
685 384
752 96
790 179
781 641
731 146
782 509
679 346
791 515
343 415
788 597
642 547
968 547
707 238
748 411
710 540
474 38
208 394
750 688
785 503
660 702
580 661
696 618
774 638
715 566
663 403
665 660
641 339
768 287
777 313
751 686
676 418
250 270
709 361
297 414
315 386
745 525
771 715
353 27
330 401
775 611
670 573
736 558
614 641
694 227
378 367
622 396
645 514
627 450
736 502
788 63
713 307
712 321
786 466
669 527
595 332
661 332
768 440
724 399
704 710
785 536
812 632
798 419
802 369
850 154
621 646
436 404
751 28
717 426
740 712
304 344
697 540
745 558
817 79
731 573
831 132
793 66
761 655
1083 199
625 223
226 275
614 502
276 307
653 288
704 318
205 196
751 570
716 496
193 230
714 129
666 393
698 580
595 597
794 497
740 110
671 515
687 628
645 668
648 693
690 117
1057 649
406 76
797 198
776 153
772 138
725 247
413 165
779 695
911 501
739 692
345 392
759 530
784 523
278 396
657 556
703 634
693 509
677 518
336 367
765 246
734 152
688 685
607 355
692 388
226 232
580 516
644 646
772 467
718 658
590 321
280 357
774 559
685 462
679 329
629 374
702 181
656 569
266 176
771 719
786 510
702 716
275 315
788 548
1114 647
742 132
625 310
615 379
849 124
435 15
809 35
608 522
314 412
619 361
749 221
772 112
659 402
713 493
305 312
622 642
654 540
661 481
791 134
690 555
673 593
560 528
736 401
272 238
599 716
778 594
772 383
624 350
686 351
830 552
761 278
726 486
713 624
702 542
605 367
794 121
615 603
724 205
710 522
779 360
645 310
718 252
794 320
242 297
791 398
672 713
364 86
720 680
631 519
170 645
735 163
757 126
332 372
707 320
774 633
748 621
747 88
795 382
793 2
657 267
331 336
707 633
717 30
271 247
781 514
678 359
748 673
1095 400
667 619
769 488
347 171
771 518
643 380
767 570
703 501
634 355
734 648
777 416
618 687
727 675
757 651
811 562
671 321
796 129
717 491
751 531
721 423
731 704
690 333
723 615
833 16
319 406
347 587
646 515
655 269
764 325
741 626
648 517
502 92
701 419
821 401
641 361
696 429
649 706
799 61
200 217
794 184
791 658
807 102
687 533
824 139
682 97
663 621
258 355
609 419
647 169
318 464
724 640
765 289
774 686
734 511
801 456
692 378
337 33
464 30
740 202
718 497
787 364
607 496
681 358
719 654
683 641
404 367
308 438
788 675
773 646
778 110
754 577
1071 514
766 427
365 543
735 89
770 660
419 56
59 407
578 450
294 398
196 117
757 251
780 650
356 366
843 121
730 596
747 701
293 350
626 521
761 580
756 614
683 591
762 97
733 462
573 556
825 596
725 385
707 564
737 425
759 363
735 128
721 711
813 549
824 411
687 590
1017 560
685 368
700 133
661 673
728 654
691 705
332 404
758 281
785 521
688 250
687 680
729 26
753 445
1088 669
597 624
359 557
173 639
642 683
754 541
652 697
336 372
819 182
794 467
660 177
738 230
208 306
461 10
762 519
693 637
1093 532
764 367
386 80
777 639
677 691
385 123
758 584
742 628
517 142
674 345
823 607
772 243
709 600
1058 515
734 469
1166 468
745 199
602 582
660 627
610 580
434 46
531 142
843 173
448 130
725 311
680 143
1177 592
808 83
733 583
673 343
414 88
175 334
718 541
707 517
254 219
790 579
690 540
678 548
804 67
1017 695
666 377
401 417
816 405
675 472
841 0
731 493
1167 643
779 434
771 621
425 14
784 417
835 116
768 408
689 640
410 9
761 14
697 233
701 364
688 426
813 553
394 394
789 421
804 95
736 22
770 185
686 646
393 86
1117 682
746 698
612 335
312 409
641 116
745 273
363 307
378 437
706 541
681 471
625 431
630 670
804 624
716 493
733 266
724 544
695 534
731 108
748 510
610 531
649 575
331 340
679 194
846 145
791 149
671 560
768 72
248 120
734 148
825 132
698 639
699 388
636 646
787 566
760 57
646 545
822 11
761 507
755 567
639 523
815 135
785 369
811 555
629 555
682 501
627 373
781 320
226 282
655 547
726 597
597 618
764 512
756 305
220 328
744 531
802 114
796 144
318 425
772 226
824 307
713 657
757 607
135 340
722 415
740 704
795 376
302 431
640 667
766 665
685 333
326 330
337 368
743 287
241 343
744 510
776 683
658 654
764 381
804 710
742 659
716 393
670 543
658 418
369 358
783 666
338 317
713 711
666 530
429 1
772 518
807 75
733 523
789 489
622 321
762 301
578 333
750 621
715 0
692 291
825 519
712 349
755 702
630 629
789 214
771 522
285 217
644 617
749 493
154 281
782 380
640 625
700 708
245 176
753 572
651 356
608 675
771 3
744 474
754 400
714 679
707 123
786 586
337 478
970 445
575 567
761 402
650 691
744 630
772 583
705 13
825 19
789 579
719 192
784 495
796 158
617 522
404 68
707 427
682 280
819 168
793 289
723 440
669 530
840 178
746 204
721 645
398 13
784 458
1002 107
218 135
802 524
305 328
803 569
767 515
284 369
900 598
823 182
253 299
752 106
688 700
714 688
358 325
762 304
783 59
361 448
804 623
803 80
290 276
367 388
736 656
811 447
818 457
957 397
645 345
728 164
687 425
597 718
737 0
761 18
784 550
433 15
747 332
374 336
890 53
717 652
701 595
801 654
672 135
786 579
703 114
1145 449
775 415
788 92
813 53
745 387
591 272
105 268
746 534
733 154
624 540
797 404
661 382
662 565
604 591
792 501
722 662
696 535
613 703
856 86
853 153
730 264
224 193
684 679
793 681
804 446
752 519
813 110
699 290
776 418
819 295
800 490
734 426
750 619
714 47
787 252
593 274
732 686
679 480
752 531
606 400
219 290
1080 680
745 475
323 320
508 141
243 273
795 193
810 416
143 607
790 411
351 410
755 351
734 424
366 388
787 439
217 312
818 147
691 683
774 102
644 350
635 684
700 454
667 424
742 461
656 357
185 335
720 227
788 124
560 369
718 682
779 235
782 622
755 5
718 270
589 496
641 548
388 3
703 588
797 655
717 336
659 303
781 709
803 457
827 10
836 151
652 548
1076 714
748 341
310 308
639 377
752 558
693 374
1186 374
783 373
728 238
252 318
853 65
807 241
191 560
805 385
782 568
719 246
678 379
757 259
773 701
704 311
387 39
704 488
591 426
650 366
768 312
609 574
708 395
833 183
821 698
461 37
719 419
331 320
736 412
619 678
318 412
776 438
397 100
803 454
824 169
751 115
740 461
700 283
718 693
713 47
172 276
786 233
459 7
739 594
736 372
780 589
313 375
784 486
780 519
784 100
829 107
713 433
833 181
777 402
769 520
789 526
416 430
819 24
426 402
600 619
804 389
668 717
751 344
735 152
738 678
572 385
809 81
712 433
462 21
705 613
798 240
811 84
787 100
789 589
678 715
624 380
682 390
764 516
724 335
546 379
555 585
221 216
677 26
1073 580
650 634
813 203
296 347
604 420
765 476
815 313
720 154
689 152
736 369
807 612
733 129
729 143
679 547
559 349
722 582
648 418
615 342
667 632
682 488
683 244
808 166
673 364
745 378
822 151
211 181
711 555
739 356
641 492
805 356
686 613
803 598
637 266
726 465
644 525
746 239
778 522
777 96
764 690
691 674
805 434
741 509
748 545
780 710
713 622
308 408
597 284
785 361
712 435
803 416
715 467
567 569
733 569
801 177
765 102
781 40
821 341
648 400
684 488
686 676
664 639
757 531
653 460
798 132
712 700
706 676
694 374
582 397
812 145
780 544
760 392
728 408
575 531
611 644
657 597
130 222
776 301
321 362
694 453
766 235
746 223
786 595
828 354
758 111
731 76
757 216
772 163
1136 603
767 18
658 599
694 644
740 74
764 718
781 696
459 9
746 549
673 634
444 16
817 654
573 531
785 145
595 592
625 620
724 100
717 638
278 321
737 450
368 324
752 297
720 675
324 324
248 296
706 521
774 652
734 26
1045 569
306 441
776 36
226 211
708 192
755 460
820 227
784 42
392 32
358 280
826 78
686 654
747 407
783 430
318 302
627 527
751 316
582 582
613 657
753 651
774 497
762 670
751 534
774 10
333 315
761 12
793 161
681 175
802 487
436 71
657 602
377 708
583 539
780 37
312 336
773 534
517 22
1118 229
348 343
804 662
737 431
682 603
392 8
743 275
733 26
720 150
825 710
311 341
860 151
790 274
581 294
224 307
297 347
333 288
769 277
756 606
671 340
755 362
665 470
786 161
756 678
756 529
733 662
663 537
755 396
613 467
767 427
609 645
598 420
628 533
788 533
820 135
435 13
183 245
797 217
786 481
682 178
710 440
582 611
379 9
264 302
789 460
627 530
272 351
797 579
397 417
816 174
319 382
816 295
265 240
738 557
242 262
708 397
758 496
807 596
602 287
254 221
458 75
643 534
1068 40
752 583
664 551
781 551
376 359
818 549
692 153
195 191
771 351
494 3
732 687
732 679
790 129
817 400
789 57
733 542
733 508
596 497
794 613
765 83
762 8
716 601
799 168
413 25
718 263
715 386
573 319
1146 367
744 243
760 460
774 446
681 444
727 536
296 323
628 596
652 267
315 313
1111 209
714 568
402 163
739 599
680 168
751 254
787 684
828 562
777 18
694 332
787 641
783 403
427 33
400 65
404 66
710 465
801 341
621 671
112 288
719 506
713 390
638 295
744 703
771 593
435 155
775 481
680 539
764 581
440 87
963 394
673 697
789 430
591 282
736 545
354 406
1053 490
797 221
282 332
735 675
747 618
804 626
786 666
676 277
606 700
351 679
715 695
675 565
811 679
292 288
709 369
762 516
839 58
950 603
715 392
622 682
726 718
786 374
822 712
747 671
363 400
732 475
355 388
721 260
734 609
452 172
770 460
289 345
779 670
147 263
794 319
599 437
761 79
791 53
385 32
977 704
712 578
639 619
352 490
563 215
745 591
241 280
705 76
633 544
741 2
769 246
737 58
748 692
582 561
348 376
779 277
378 2
771 653
295 368
778 585
694 716
825 111
360 1
810 257
705 518
722 522
743 604
266 264
779 553
676 307
804 122
693 473
384 396
639 357
784 440
706 436
676 680
473 142
595 522
804 29
792 137
669 614
781 614
643 665
421 66
584 545
671 588
788 593
684 268
692 276
334 297
735 455
765 551
836 131
672 377
789 375
769 547
803 189
736 447
524 6
689 501
785 700
398 342
169 256
707 16
746 568
804 512
727 690
865 84
741 367
769 412
529 159
642 629
762 321
573 716
819 115
765 85
772 89
803 31
221 259
278 365
616 630
636 608
1005 543
1057 666
814 28
685 543
651 280
676 317
196 276
699 651
672 409
776 233
328 403
157 178
713 147
633 573
718 597
722 549
770 235
739 346
431 12
230 292
801 0
687 715
646 336
332 430
790 647
613 392
819 12
428 129
1187 615
778 666
605 266
477 64
803 402
661 710
687 365
334 302
381 83
1180 671
773 155
794 718
545 652
811 33
723 503
724 165
593 487
174 306
701 642
760 389
789 514
397 140
618 508
803 93
384 78
1011 504
679 357
704 386
700 501
701 537
724 538
746 637
1049 154
715 377
547 578
277 321
190 542
668 672
690 178
668 669
666 601
412 101
673 569
778 654
753 13
390 88
700 427
320 381
369 425
707 582
248 390
1104 682
723 452
382 376
774 558
748 107
832 718
626 364
732 249
718 436
691 167
757 299
789 439
602 537
380 348
736 80
819 19
740 496
469 43
745 463
480 11
766 718
686 526
694 546
758 295
807 675
493 150
416 89
768 712
694 318
1189 383
716 626
724 666
673 490
528 135
808 44
214 329
613 546
678 561
785 493
635 403
338 353
766 422
383 422
743 191
793 617
611 440
762 363
308 333
477 143
806 703
590 429
795 388
519 16
840 447
468 59
446 132
745 282
704 674
590 692
396 3
1068 241
707 548
818 97
742 685
480 52
629 310
808 575
666 632
340 432
575 529
588 565
345 9
966 442
686 629
833 569
1115 700
422 58
754 596
764 414
717 703
764 533
1054 524
367 411
349 304
949 392
738 405
781 567
410 179
380 29
767 412
825 462
685 627
755 163
574 297
396 45
665 412
734 202
765 574
776 493
770 43
424 144
796 500
721 285
696 519
897 408
829 10
753 453
329 44
593 259
775 414
743 644
399 331
772 677
797 410
621 596
777 501
766 601
178 130
424 130
846 185
677 635
669 286
769 660
663 459
666 251
785 529
754 611
660 707
720 131
779 379
795 527
820 56
766 428
669 540
782 308
697 380
685 119
698 367
752 716
599 244
775 556
340 403
705 419
652 442
780 627
710 296
746 53
194 189
748 366
663 624
439 6
324 427
718 529
662 676
713 647
734 523
749 693
371 47
788 528
576 662
715 608
426 167
771 0
769 12
1065 623
718 705
606 457
734 525
662 534
734 718
238 225
692 709
334 299
461 14
71 452
770 476
667 626
625 672
666 339
797 86
694 506
797 436
464 18
758 167
79 380
747 685
693 504
760 699
628 543
654 434
395 305
712 422
783 471
733 665
563 376
748 636
204 207
759 229
592 718
804 387
239 154
722 485
774 480
793 556
808 597
756 25
798 567
789 650
672 697
801 479
753 611
117 314
720 11
768 620
797 133
786 638
654 516
760 633
715 531
636 500
470 48
821 236
854 130
785 396
838 183
341 351
748 262
232 263
671 480
688 480
766 309
344 393
626 589
740 587
1012 369
826 113
672 529
307 372
1041 610
620 378
726 388
702 295
834 169
587 385
618 350
611 466
612 359
716 498
417 20
757 447
364 378
747 274
729 570
753 5
783 79
706 379
672 531
824 41
765 495
173 280
785 629
743 508
687 582
344 541
804 686
738 51
753 311
314 408
616 336
644 665
194 202
689 308
703 619
726 297
380 393
724 70
815 77
1199 419
328 498
673 542
418 394
809 61
809 513
715 462
669 463
726 594
310 225
710 251
728 286
800 177
335 328
756 562
380 91
776 249
791 102
725 641
746 233
808 532
686 213
792 704
817 629
738 93
334 71
406 54
807 679
673 582
650 345
766 315
757 507
833 42
816 81
749 604
708 384
759 392
216 247
705 562
588 555
341 294
703 487
751 508
829 506
704 587
731 577
815 369
754 152
655 656
689 382
691 277
677 581
730 341
711 371
678 545
626 529
639 617
260 271
338 363
733 489
737 526
770 709
725 252
832 26
650 346
565 507
698 471
743 286
430 5
711 343
652 69
712 641
653 710
701 283
828 586
664 710
731 703
777 498
632 462
1014 91
772 587
689 485
313 364
793 142
796 633
763 153
451 6
781 23
344 306
750 497
802 267
730 489
800 467
623 41
822 58
454 4
123 535
349 413
657 429
774 300
802 491
739 372
642 537
650 577
727 476
809 227
746 548
792 652
609 157
769 523
833 72
703 638
217 233
754 236
778 374
762 608
600 529
787 553
744 148
652 203
704 502
695 591
805 7
777 570
770 591
742 476
722 268
769 521
768 461
802 506
682 294
151 213
764 716
743 618
753 594
807 437
742 516
356 377
786 339
772 602
639 387
730 544
659 547
717 376
621 420
754 522
677 312
746 150
710 110
700 507
653 5
782 501
714 179
699 120
847 195
308 415
777 718
746 364
706 354
733 416
760 687
707 498
747 500
320 273
317 333
146 379
990 638
754 76
746 31
197 245
771 162
792 184
297 373
619 375
790 361
646 516
652 593
669 617
705 702
666 670
737 95
789 45
711 464
728 388
420 417
687 433
763 285
739 294
359 373
773 707
682 656
760 34
428 22
701 100
381 134
436 159
167 228
770 465
754 489
324 369
807 328
724 572
706 518
749 591
435 151
1036 296
674 665
592 608
708 578
809 67
219 157
761 542
704 560
704 696
611 509
798 561
733 200
796 682
584 210
743 520
637 602
764 572
769 419
727 587
840 172
469 61
363 8
481 8
390 24
773 510
301 382
689 682
635 353
424 52
639 580
747 210
403 4
710 665
789 309
467 37
677 351
599 582
765 441
753 681
492 69
479 63
680 615
724 487
453 175
807 139
535 98
737 589
584 622
478 70
759 576
445 8
701 171
295 359
318 353
626 470
1042 635
674 517
647 419
763 262
783 347
403 45
418 45
423 42
646 691
616 320
434 34
400 115
682 369
945 484
799 466
378 44
400 125
671 577
763 39
582 508
416 162
842 157
737 486
742 410
248 211
621 395
762 640
1071 641
698 151
914 292
774 677
1015 655
787 123
816 569
715 288
833 180
711 320
715 82
769 411
741 445
761 459
368 340
769 375
149 596
826 128
732 639
615 311
760 361
703 719
665 200
761 411
749 490
634 687
798 150
838 180
343 335
567 667
831 440
702 568
812 193
292 329
678 691
656 518
430 31
525 21
751 138
717 584
716 573
735 159
812 86
950 400
736 353
660 348
286 327
1157 711
768 714
337 562
667 544
310 271
741 276
705 491
718 203
259 236
346 23
768 548
778 271
410 395
768 7
142 306
369 421
781 635
711 153
699 516
674 620
704 700
725 703
820 141
617 430
797 453
239 349
788 372
702 289
691 602
793 546
789 61
669 381
805 419
606 403
695 396
751 524
743 649
664 358
601 708
359 430
610 354
619 430
659 613
772 424
233 254
815 63
792 144
788 327
634 160
813 536
404 134
919 109
501 115
349 408
670 501
813 635
185 313
772 28
739 2
727 21
763 568
694 328
759 671
708 617
482 41
750 396
341 390
645 340
787 248
743 713
631 472
791 77
791 200
629 281
602 342
261 219
642 395
711 184
791 228
693 424
797 284
735 300
677 328
786 427
684 541
814 457
391 15
779 206
821 143
741 501
801 194
590 305
574 531
697 345
760 169
680 553
656 490
673 703
717 521
732 333
757 357
780 369
628 506
804 541
785 123
734 579
345 343
591 366
448 94
771 390
739 702
686 518
768 119
435 19
774 273
277 300
778 263
634 382
715 271
774 277
682 610
704 628
751 425
586 268
795 602
762 619
749 494
617 605
774 195
573 300
746 229
283 300
693 506
773 13
652 331
723 627
658 627
709 393
269 159
409 85
669 581
685 296
709 486
703 125
376 413
661 647
527 561
720 502
184 249
718 605
793 150
857 441
677 155
1056 682
267 452
782 649
413 101
835 134
670 473
811 463
772 503
432 384
414 110
1139 77
590 378
163 606
210 233
724 300
794 265
786 458
778 671
780 410
428 43
758 559
716 103
816 161
737 691
215 209
688 507
764 421
252 135
265 160
781 537
753 80
746 249
771 114
452 116
632 669
782 143
759 483
732 371
402 72
800 465
1102 437
395 115
554 82
949 449
709 333
652 63
556 552
196 260
370 376
205 245
629 414
765 691
258 217
1173 635
509 15
395 184
779 680
638 502
718 269
267 382
582 527
456 18
662 635
690 109
315 410
151 386
410 48
400 23
778 229
729 628
325 362
421 111
569 393
669 386
384 46
748 409
615 527
235 311
756 295
764 645
312 396
697 422
726 383
744 600
730 349
462 166
224 267
634 709
757 549
728 465
710 211
739 713
369 12
656 544
680 497
429 192
650 400
759 697
422 120
775 89
615 532
353 415
716 543
797 365
748 524
1083 427
1064 703
366 440
786 554
1037 578
714 490
752 337
460 18
812 22
809 486
716 405
729 385
1192 517
909 268
1097 718
972 477
446 1
379 84
165 44
1070 328
788 515
408 66
1082 544
771 651
236 119
742 598
639 397
1118 229
415 114
1176 392
211 651
151 658
764 595
332 374
798 708
450 12
420 105
702 343
857 230
330 273
310 291
772 600
642 510
1007 639
736 487
672 623
681 384
756 324
839 165
807 261
633 547
794 54
740 31
770 2
645 293
711 495
769 684
259 171
354 14
790 501
718 539
764 686
556 545
793 641
649 348
781 579
521 4
801 181
775 575
788 459
659 410
712 456
406 84
566 530
349 26
712 501
754 374
392 94
713 635
324 426
170 422
796 134
612 626
751 533
405 119
567 314
707 131
691 656
800 24
381 407
476 7
707 501
660 389
692 475
757 545
690 344
585 673
811 185
731 674
758 291
380 97
763 169
582 549
733 383
794 617
688 360
433 6
690 702
785 546
715 316
786 245
743 675
725 516
752 598
783 444
617 401
708 558
783 399
634 240
722 454
722 528
755 540
704 591
805 0
728 710
403 3
656 387
706 489
787 423
761 506
461 5
708 340
694 436
332 411
792 528
701 643
742 359
761 684
749 310
195 206
607 553
773 215
346 396
406 0
432 111
788 499
184 272
296 290
720 613
755 67
771 269
763 651
699 344
700 599
316 396
596 327
706 163
793 171
803 507
864 125
800 407
769 321
444 3
751 195
756 700
754 609
594 410
780 276
609 628
687 380
706 361
686 649
409 136
674 311
719 543
725 470
746 365
649 691
666 567
443 94
823 678
242 315
357 400
733 648
710 490
410 417
786 673
709 386
761 551
743 608
404 73
310 338
353 406
712 439
782 517
781 297
446 389
601 674
736 671
844 81
725 404
628 395
687 488
420 117
655 384
691 539
748 306
655 682
652 391
678 694
639 363
825 140
666 662
702 462
631 596
741 641
706 648
723 257
743 273
804 85
660 550
729 706
705 469
741 634
773 551
240 271
757 49
747 578
660 709
834 153
718 713
784 269
761 64
702 481
252 307
766 535
794 477
759 500
716 633
652 689
849 168
790 651
677 327
645 406
706 396
280 225
797 397
386 79
784 680
754 244
773 544
459 160
715 124
772 71
654 327
688 548
759 644
763 702
808 126
703 362
813 619
728 512
725 159
799 240
740 422
760 700
434 145
771 572
367 269
213 334
712 408
630 504
700 496
158 193
737 643
759 379
169 649
812 135
805 466
734 123
609 366
702 629
795 463
637 587
401 20
330 294
1077 65
827 530
408 143
794 77
794 560
682 621
428 41
729 310
791 67
665 528
697 674
751 329
789 385
676 248
713 513
796 246
780 14
476 33
751 595
1194 483
597 665
793 399
654 329
170 607
761 410
383 116
728 367
738 499
208 314
767 546
1187 521
627 407
775 657
733 519
608 529
781 503
740 308
599 330
748 706
487 119
786 620
775 285
591 595
507 149
517 554
641 505
642 265
674 523
775 162
1069 323
760 621
720 290
707 77
413 146
444 9
782 540
198 296
370 298
634 671
220 299
700 202
617 395
799 675
1059 626
729 574
783 360
778 554
844 149
783 497
769 7
371 397
399 10
678 415
747 665
653 703
794 14
825 716
779 675
692 239
701 312
773 535
673 546
1145 395
290 295
792 54
802 686
700 687
904 422
843 151
758 512
702 631
701 564
718 56
737 565
637 537
827 503
795 437
660 324
777 583
782 545
700 316
627 589
758 515
576 436
676 399
795 666
697 638
719 629
587 399
733 145
779 600
648 605
797 554
708 665
622 713
718 412
785 579
779 125
796 426
725 657
642 420
748 502
222 198
797 97
708 676
758 289
758 208
739 501
331 313
803 464
340 299
709 207
783 388
640 602
793 474
328 57
714 589
691 541
818 62
717 567
372 12
790 584
744 592
734 555
1179 555
629 580
793 73
790 663
327 399
751 350
690 414
761 356
776 674
735 643
728 549
807 86
664 396
748 103
735 254
847 202
791 641
634 305
764 708
692 315
299 345
799 607
726 230
756 304
640 562
605 609
778 196
817 424
621 537
792 102
453 33
759 564
762 551
635 652
391 382
740 707
811 659
790 581
653 426
817 69
688 556
779 485
761 531
225 127
696 718
879 167
734 409
659 556
767 488
464 27
794 623
709 357
622 489
174 173
652 517
606 701
800 363
779 7
1093 622
775 653
665 684
700 76
705 467
239 293
116 268
679 624
698 512
809 421
712 570
754 572
584 504
716 683
606 696
624 589
834 190
596 553
703 646
614 590
658 688
322 340
698 551
743 528
778 557
248 259
762 386
1081 622
699 705
843 57
811 612
745 589
764 290
668 547
796 118
409 29
790 683
731 608
757 23
799 590
1150 219
569 371
714 365
809 391
780 538
810 198
623 650
781 346
814 496
438 124
393 394
739 228
697 560
804 112
731 581
792 689
775 694
698 220
296 341
487 33
767 287
791 480
777 641
817 17
730 588
729 548
746 656
723 498
692 688
644 93
802 8
775 351
816 636
744 621
591 649
784 481
633 617
140 345
702 329
765 170
780 520
791 142
591 274
647 475
659 686
143 516
289 354
794 646
808 5
765 716
773 717
1069 664
599 645
622 423
96 455
695 683
791 41
832 203
781 274
673 340
756 612
765 512
836 615
766 273
777 181
603 509
435 137
621 494
642 425
774 495
749 178
412 108
812 214
666 576
612 476
723 344
278 349
623 659
310 684
330 397
720 482
784 569
760 493
841 67
334 422
855 78
729 501
462 113
844 56
730 595
828 147
470 83
139 271
806 122
792 641
654 492
383 36
744 388
710 320
785 53
682 635
774 426
681 670
791 54
692 77
710 77
739 532
759 366
730 528
746 660
725 17
811 190
683 531
727 535
756 224
423 113
730 629
669 335
765 397
904 397
764 433
572 693
636 597
700 561
306 340
697 431
652 634
654 637
404 37
810 135
779 156
840 28
762 250
374 420
322 357
616 365
721 663
785 413
774 99
732 519
693 699
463 53
350 375
733 539
659 158
774 490
702 680
809 694
1132 706
658 342
296 272
669 696
343 302
803 581
613 654
838 170
692 382
687 517
902 584
707 85
771 586
754 586
650 541
276 344
577 372
250 147
296 434
806 175
731 639
372 374
675 683
599 566
785 401
678 665
608 515
497 403
719 700
679 686
793 653
402 82
581 686
332 566
779 227
555 551
702 574
791 682
782 382
208 243
781 154
844 132
804 171
662 518
765 414
179 280
795 200
716 26
750 609
1029 514
732 706
802 719
789 405
610 462
917 670
819 25
674 427
312 570
719 383
822 609
184 307
375 133
774 501
830 670
478 1
748 628
819 87
584 627
732 562
798 190
691 205
703 603
742 408
750 673
741 718
221 212
410 120
79 367
177 296
726 209
718 220
219 148
585 675
303 280
650 621
650 504
731 667
751 438
384 41
307 404
734 651
795 151
748 190
778 653
755 137
730 330
784 372
689 507
627 538
753 631
760 319
675 616
672 335
698 568
638 547
695 624
786 662
763 426
742 164
706 631
674 482
757 543
722 118
692 702
726 695
633 165
694 330
761 293
782 288
840 203
253 277
722 363
732 319
428 106
752 289
734 569
773 598
305 321
729 248
306 311
816 49
685 654
777 274
675 670
671 510
646 655
488 22
732 19
697 210
810 104
341 365
919 669
618 690
311 394
388 438
688 496
356 315
759 627
718 365
758 556
275 373
170 608
702 247
631 348
370 337
769 604
1042 685
313 337
659 255
767 527
770 175
764 679
770 48
671 413
682 655
726 110
821 625
670 517
766 275
823 362
770 484
311 404
740 361
251 453
755 49
473 153
635 695
582 241
667 504
609 338
657 704
293 283
167 340
684 635
641 409
449 195
788 428
444 44
799 95
820 76
706 251
884 83
685 592
723 134
794 407
779 504
693 653
820 5
758 47
673 491
804 154
694 517
748 489
744 525
797 412
791 623
332 390
785 108
362 157
381 4
716 423
693 512
824 77
825 179
1133 289
263 349
149 251
709 352
300 354
787 345
667 458
684 701
742 661
396 358
623 465
810 395
717 687
675 130
634 702
732 568
798 503
392 376
702 685
757 551
677 485
785 475
792 426
714 350
331 559
300 304
660 286
865 594
766 482
650 680
853 563
720 448
342 303
789 659
723 465
736 248
760 271
742 645
762 203
667 203
804 437
717 601
660 650
775 14
779 231
780 49
731 211
727 373
716 446
697 362
318 394
733 366
353 433
645 525
673 643
723 189
732 483
826 211
659 691
805 659
801 343
383 428
773 14
619 611
791 531
635 348
371 88
763 518
803 465
802 537
184 355
756 102
707 339
672 305
711 166
368 274
656 63
227 265
712 100
828 83
800 219
755 130
371 352
493 149
566 319
667 700
712 590
331 309
690 384
720 473
766 607
768 537
786 719
730 604
778 248
614 356
771 457
352 381
760 618
726 381
664 540
707 677
987 423
720 595
420 51
409 553
295 18
436 76
387 139
662 651
436 24
775 513
477 42
379 29
535 396
717 699
385 54
658 404
646 489
713 564
436 13
735 431
763 683
1107 508
179 603
480 89
804 19
355 37
613 381
856 155
762 58
280 252
337 322
756 185
721 243
758 599
195 546
375 126
742 137
725 324
653 466
584 578
1032 151
712 361
663 389
631 579
717 582
658 291
649 573
432 158
667 417
744 393
463 121
335 353
364 421
801 175
660 509
704 645
531 258
396 94
731 555
681 563
780 509
614 544
716 124
754 344
386 409
760 81
758 572
762 98
701 669
817 183
733 681
1000 622
1112 689
1124 381
691 210
651 364
769 245
819 233
716 418
816 525
485 18
752 60
757 700
730 61
805 19
356 337
783 573
1108 638
416 17
779 450
1122 389
784 399
780 565
424 393
724 483
664 426
981 384
798 379
283 360
742 330
691 568
767 679
691 313
698 622
710 233
811 439
714 601
733 252
742 626
737 374
784 437
977 455
665 543
745 572
769 163
250 49
693 335
748 666
624 447
764 35
307 285
686 551
797 273
619 477
801 404
1146 305
766 663
674 347
742 208
669 544
308 407
431 68
1042 572
817 131
733 404
296 310
385 29
769 502
678 512
796 95
673 518
643 470
778 289
809 658
369 23
636 300
717 583
785 238
798 157
454 31
630 523
757 567
752 546
702 528
806 136
572 695
704 609
728 609
770 581
728 93
703 682
737 355
830 194
255 135
204 90
751 645
769 554
709 9
631 668
812 496
542 503
718 710
602 381
664 648
722 313
759 407
755 451
721 592
429 361
174 267
691 519
208 125
602 556
323 331
769 16
741 691
714 664
701 259
160 468
734 306
309 279
411 12
231 169
641 449
805 70
753 492
587 351
724 278
590 409
741 499
821 151
750 254
670 520
770 480
630 505
795 309
346 317
332 371
743 7
583 524
662 512
765 544
642 401
269 386
738 470
407 48
626 417
569 409
627 393
733 624
724 548
641 666
753 708
704 711
412 29
689 25
830 22
727 52
791 79
145 244
272 360
798 494
812 543
670 50
694 100
759 100
686 249
253 320
320 325
787 368
699 435
703 417
776 426
818 478
761 482
738 635
773 634
696 624
774 622
687 684
730 701
733 653
718 92
736 165
715 506
247 312
604 516
674 447
673 662
631 406
755 493
162 280
793 8
759 184
696 385
789 113
745 691
644 339
676 32
666 707
802 616
301 340
374 327
671 374
747 588
776 532
727 35
749 6
1180 656
157 529
634 529
902 625
741 503
609 362
738 34
637 547
679 534
638 666
727 670
820 260
818 447
777 452
762 623
580 429
759 336
747 428
757 306
643 464
801 491
709 594
606 687
202 229
814 484
703 600
811 256
683 607
799 58
746 422
691 346
578 699
668 342
835 490
841 188
728 322
689 509
791 55
757 381
702 665
674 450
687 368
608 312
627 555
552 319
818 180
750 514
836 130
754 19
376 395
358 42
695 392
706 342
682 661
770 438
335 567
238 201
334 359
816 505
419 3
276 324
419 13
745 689
713 283
408 78
701 392
788 439
338 367
409 131
812 189
804 581
185 182
721 82
680 698
730 567
442 125
676 83
404 14
777 90
293 386
1055 381
688 115
235 340
774 126
711 383
762 468
728 633
767 567
708 632
668 218
695 353
713 495
669 373
701 382
661 703
697 310
649 329
424 133
715 470
809 123
705 106
599 422
631 309
797 83
733 372
736 496
704 490
740 482
769 504
744 546
728 631
764 664
202 338
713 707
305 397
1034 703
777 5
721 274
612 429
674 670
678 636
793 316
767 524
585 321
785 183
663 500
784 401
709 641
707 609
450 33
646 353
588 421
374 374
763 46
672 410
852 116
769 115
405 41
779 634
399 434
726 604
277 311
813 138
586 534
670 533
378 309
774 602
754 291
1193 573
794 212
778 699
723 415
756 716
616 360
736 577
219 231
761 392
784 131
242 200
657 697
701 678
758 431
747 580
690 601
732 367
708 667
791 517
655 404
452 59
760 260
627 405
247 253
252 253
783 164
625 166
171 286
719 407
781 494
648 687
966 118
817 46
713 359
758 276
803 601
811 519
655 716
1034 662
312 347
769 511
772 508
735 497
790 493
352 421
368 395
771 92
416 5
739 244
236 225
196 194
669 585
777 578
821 578
692 598
702 606
738 618
638 536
669 541
641 542
790 573
604 324
706 368
781 319
728 274
728 484
377 400
386 420
777 14
632 215
780 171
801 652
618 664
683 686
702 679
719 708
745 704
756 373
325 324
150 271
347 412
696 409
691 433
653 445
740 638
723 630
737 658
814 185
515 142
814 86
803 399
696 698
729 580
723 557
609 610
690 670
176 282
826 575
670 570
786 667
760 478
668 645
375 397
244 229
691 373
726 660
677 681
806 441
287 212
785 178
669 624
592 546
799 521
630 561
734 611
644 81
334 328
657 378
506 587
774 672
612 589
444 56
708 530
765 161
707 115
737 430
709 569
706 401
698 715
144 258
1052 659
673 577
747 465
807 429
854 213
709 526
615 604
653 482
298 337
739 690
656 442
657 424
784 361
587 530
803 126
731 205
157 329
721 81
761 398
731 359
348 378
690 338
619 712
641 484
819 72
652 349
406 21
568 524
647 513
587 342
683 600
778 84
660 549
643 411
746 517
796 531
626 544
283 181
813 392
692 64
661 412
297 351
739 259
771 89
758 583
592 705
796 566
633 537
754 669
826 115
718 700
733 700
705 503
753 488
721 318
347 328
589 559
676 208
623 484
789 463
785 4
765 520
790 529
713 332
788 648
607 670
717 252
696 559
717 108
590 276
587 653
137 245
604 406
581 443
648 559
1131 717
779 487
792 41
714 506
597 420
806 468
641 129
756 173
639 235
737 719
694 219
719 301
702 500
617 639
626 235
947 192
768 702
300 319
512 19
714 19
727 258
685 393
670 323
287 359
722 677
432 160
617 463
826 40
746 557
821 165
361 547
708 486
679 578
690 564
688 559
793 37
