1231 33
489 264
231 639
717 117
546 666
600 309
987 83
236 260
321 151
706 69
307 593
1040 615
828 97
138 172
202 139
744 165
583 673
717 648
902 337
57 289
916 45
1180 134
966 212
979 313
1242 340
452 398
1244 709
1259 653
1266 661
1217 715
447 666
345 180
345 638
1278 645
1245 7
1248 32
431 205
35 45
1062 93
1259 675
444 624
28 64
1239 688
1232 45
1259 141
1219 34
42 4
1248 76
1224 9
1114 427
1258 108
1269 91
14 9
144 510
230 75
223 559
903 143
1259 43
193 51
677 109
499 113
370 193
224 116
1263 315
528 693
0 200
1073 546
605 196
1222 191
495 710
950 250
331 235
1223 20
1257 16
787 298
177 576
1243 682
224 523
1090 640
42 350
1014 621
391 44
388 177
259 685
33 664
1265 18
945 70
779 472
664 376
1243 1
1262 86
457 544
756 396
6 68
607 644
1025 69
