564 548
245 305
383 436
1265 655
342 85
1265 692
1239 652
13 154
617 363
153 435
4 592
1263 88
1217 62
627 215
958 694
196 202
44 653
989 347
34 4
18 633
1270 50
21 676
1256 112
49 16
1272 314
619 3
970 210
897 160
385 494
1026 119
842 575
1272 646
760 0
905 548
258 80
34 145
196 648
346 676
1147 83
1091 477
1189 136
839 520
429 494
1108 6
947 395
330 310
772 596
760 596
1066 321
754 79
1015 678
1010 389
1198 171
42 674
1 678
1065 443
824 180
1148 508
34 690
550 573
402 442
683 324
1095 197
1266 371
356 25
267 35
852 277
628 160
1268 121
4 144
167 486
1271 15
1028 53
242 239
79 559
1228 29
1051 484
1141 628
1273 555
1105 537
990 327
600 673
827 487
