366 111
1017 103
235 372
289 54
574 449
828 324
934 628
253 76
483 176
196 132
104 601
455 3
1279 447
460 188
593 212
678 62
32 676
227 712
772 504
861 6
1145 219
943 507
1263 595
1266 184
29 701
1236 68
7 668
853 683
56 102
23 31
930 687
29 670
180 318
992 705
559 459
40 109
1208 52
1176 5
790 636
393 461
936 673
33 123
548 462
539 442
652 25
750 9
43 31
588 502
942 96
316 130
1207 703
994 45
21 148
15 164
625 116
161 599
937 483
1127 215
1261 596
868 79
411 544
247 318
809 194
1271 212
306 261
1276 95
32 99
390 148
