347 527
1174 430
384 205
813 453
873 174
500 262
999 16
291 689
705 450
655 307
375 486
656 487
152 708
1077 146
343 581
686 155
1047 46
783 343
980 629
1060 703
297 262
488 343
799 711
991 387
888 648
825 150
485 322
680 220
569 58
65 706
1117 105
1139 348
1103 399
932 250
585 120
695 264
288 526
1136 311
228 155
75 340
117 598
236 370
783 181
469 455
534 34
748 210
428 87
897 99
492 119
276 369
1191 421
795 364
166 237
998 31
582 144
336 125
414 21
605 536
558 549
158 261
1258 425
637 201
840 73
452 404
209 593
1065 451
118 366
1220 445
1227 188
962 267
633 137
62 446
140 589
261 674
1084 376
1078 607
709 599
411 684
816 66
1044 206
928 157
267 365
666 643
716 689
847 609
572 168
313 701
794 694
709 488
697 80
856 557
1121 385
188 301
718 439
318 277
559 340
753 612
474 600
189 519
181 551
960 401
76 395
1048 170
482 574
1149 719
1083 21
921 348
625 591
288 29
403 651
809 152
361 343
420 607
258 380
714 233
840 619
869 287
208 234
647 258
671 101
246 417
871 692
1044 422
430 715
669 30
690 456
512 700
573 396
311 262
865 680
838 111
334 108
528 220
969 378
32 327
427 540
746 48
926 559
706 373
135 368
520 214
467 125
128 438
22 359
812 333
768 11
646 57
278 400
933 125
518 267
1248 461
539 174
171 233
971 412
465 353
1066 527
1024 232
172 248
396 311
927 355
1169 368
642 98
419 10
912 61
599 124
274 78
378 56
381 277
748 77
437 635
667 42
932 225
