1100 698
364 119
352 281
877 515
1165 296
963 700
1090 397
996 672
1002 639
1121 669
632 291
1143 279
1135 429
1034 649
944 322
1071 335
1082 192
810 352
344 518
1080 570
871 370
763 150
696 685
411 321
356 73
1125 138
1150 369
970 479
1033 716
1078 598
1024 59
287 713
1056 687
273 137
1043 696
769 397
939 364
1097 36
1067 350
903 255
870 684
992 123
642 375
1166 162
1110 502
403 117
803 325
939 113
975 155
878 296
1179 513
1092 279
1105 516
1028 75
1065 511
981 472
1063 610
1048 259
761 270
924 522
895 352
1043 650
1060 542
1092 464
357 91
930 466
917 688
1066 333
1081 44
1069 157
1088 399
979 463
1120 322
1073 228
1162 130
846 412
838 610
1047 33
1100 402
1023 48
1190 274
860 265
1056 425
1142 505
1130 651
1040 653
1026 670
1009 631
1029 364
1053 430
882 416
873 418
1007 564
1188 414
1067 82
889 358
623 315
899 544
353 407
999 312
1093 381
993 589
1008 402
883 528
906 27
1139 74
962 256
858 512
1073 606
1044 445
1161 534
1089 547
803 573
399 76
1071 623
958 621
628 487
1072 658
811 242
982 331
1042 360
367 32
1059 431
500 197
1126 232
1081 485
296 187
1067 595
810 522
287 93
1187 461
336 224
890 497
1131 204
903 530
1098 631
1084 120
428 59
1061 400
339 143
1097 488
889 68
985 398
1115 350
1054 82
893 294
356 278
958 21
292 157
323 24
641 325
367 222
409 38
348 86
1085 154
325 102
500 564
893 608
1063 506
811 304
373 67
1091 550
1110 417
1059 272
937 131
1069 644
1052 64
1133 518
847 317
831 356
1037 638
1062 576
462 305
1083 626
1082 637
1071 560
882 567
1092 511
1038 391
1048 710
1086 213
1073 517
1065 671
894 70
834 512
1069 586
866 345
1059 352
1095 104
1029 304
1175 197
347 148
953 226
1127 652
1044 392
1106 392
799 405
1040 160
202 120
190 129
971 108
1038 471
1027 705
1204 472
1087 133
1190 319
849 229
1153 90
1197 243
1176 396
1035 470
955 362
1014 639
1004 651
375 101
146 129
264 674
1075 185
948 188
313 20
427 79
1087 673
1154 194
1170 442
594 592
803 343
1022 273
374 103
1040 463
972 464
350 260
1054 687
1044 119
1091 605
809 405
952 626
1013 595
1066 97
381 88
931 544
868 649
974 414
1127 296
1016 406
817 381
1184 226
843 260
1156 386
957 716
1148 466
1070 584
269 28
1105 601
1093 98
654 397
1125 301
836 189
357 26
1045 526
325 122
757 162
541 234
969 437
934 448
1121 651
1121 117
1165 541
1099 616
1087 223
437 115
967 303
1083 458
176 93
925 514
1167 531
1122 351
928 477
1113 512
422 553
977 412
1100 626
1089 513
340 150
957 508
395 3
1111 322
1015 589
851 257
1154 569
813 625
370 85
789 312
882 308
1102 488
1065 603
392 227
1171 221
974 329
333 704
1036 510
439 171
1114 340
1137 381
1069 566
1092 533
1065 372
1062 136
1068 628
531 290
1051 430
871 501
891 647
1131 604
842 376
324 83
889 338
1067 276
319 702
328 64
1074 687
425 477
1150 263
1082 10
1025 221
1168 432
1050 676
921 710
899 706
1011 633
1100 408
386 73
1061 417
1025 458
409 25
924 706
767 515
1139 336
1139 237
1178 446
1123 243
488 229
1126 123
447 113
1012 707
1047 548
336 81
292 26
347 87
326 149
315 13
972 413
995 426
429 251
800 636
469 282
1045 553
976 551
1084 652
1049 22
369 163
1164 348
1091 329
981 355
813 290
903 504
161 247
1138 510
1086 685
1049 613
329 135
288 75
1209 525
251 67
1004 655
913 512
882 494
1012 675
972 512
971 664
321 204
1160 376
1139 597
626 7
1080 518
173 292
1143 282
955 330
1088 673
707 685
917 523
866 670
1111 426
461 138
1033 132
360 167
896 290
1118 270
1199 473
921 635
377 146
1090 678
420 122
961 719
839 284
1182 360
845 91
406 258
898 718
351 61
1017 271
1091 572
1070 166
950 69
639 329
914 671
829 359
1051 153
1065 494
961 396
942 566
853 264
1118 257
930 461
1087 362
1072 575
994 397
939 349
830 412
1125 417
1089 577
1058 118
619 353
950 433
182 192
952 453
1113 493
1018 354
335 659
293 109
925 642
918 140
171 245
792 254
414 247
1043 36
1105 528
353 138
1026 385
1009 542
302 97
844 267
1025 88
1000 430
409 135
611 66
1157 413
1105 485
866 348
1002 517
818 359
1120 486
667 320
1041 100
1200 477
1083 413
1063 321
821 378
1063 681
1065 572
896 298
1034 648
928 596
803 237
1015 685
1163 468
419 122
439 143
1132 316
1073 664
413 314
1074 599
549 209
1206 474
918 342
895 74
1182 361
371 211
1030 706
330 75
849 563
964 58
338 235
987 288
996 421
1131 537
1173 477
950 94
325 668
901 369
394 18
1092 479
919 376
647 357
644 349
1053 658
360 41
898 276
883 714
649 45
655 304
919 87
1127 380
1048 535
1044 446
1040 678
1130 321
527 673
904 478
905 709
991 602
1123 360
493 632
152 188
949 699
1072 204
920 539
1147 486
310 660
1193 427
597 493
428 398
836 560
1015 102
1063 550
672 70
886 668
1041 630
1106 474
333 697
1017 690
1230 302
188 234
836 543
1031 485
793 325
1102 12
613 675
1016 266
1009 476
346 56
889 716
646 436
961 618
1135 439
1075 24
388 244
913 593
1134 593
1054 301
1083 502
643 405
901 264
1206 478
1125 635
1138 541
899 300
894 379
770 276
1025 16
1057 576
1113 575
864 680
1035 618
813 592
319 28
1125 298
388 1
801 378
887 414
945 394
1160 359
318 102
262 535
814 552
668 353
1037 203
1038 584
1077 524
1192 300
618 65
879 612
1207 372
1115 509
1106 67
959 502
845 367
329 41
1072 48
865 287
1166 535
993 494
969 607
1078 302
1071 506
1101 12
162 151
399 63
1112 102
1039 228
156 258
1020 635
1182 236
906 531
810 393
1053 431
278 145
403 297
821 395
1135 411
159 261
1155 520
932 678
407 294
1089 589
1080 520
325 113
346 135
394 254
1021 228
1052 621
1093 484
801 537
1146 387
484 168
928 362
1144 305
1052 308
382 96
1061 409
1126 446
971 587
549 125
1197 435
301 142
1021 653
1082 653
1064 475
961 342
1044 529
991 472
293 158
977 630
885 580
339 90
1170 162
1053 650
920 321
1126 390
1046 581
386 9
954 455
996 177
1081 657
937 430
986 713
1143 583
952 589
399 293
1202 293
889 397
874 300
1150 537
983 479
1036 48
1088 714
945 364
1035 639
912 328
794 523
881 646
846 428
1100 458
1030 539
920 640
951 497
339 195
315 60
1153 468
946 616
371 191
921 666
902 353
589 65
1020 682
1061 262
434 121
1046 192
1153 642
914 497
679 317
964 670
436 107
282 635
255 57
1054 433
1170 372
645 387
1034 668
1056 668
1059 238
1142 616
778 524
918 310
821 514
367 41
1135 537
400 213
815 427
321 122
894 315
748 287
390 160
851 356
1079 170
1099 51
1004 407
1080 519
1076 481
792 291
883 495
1047 606
1099 605
906 375
1026 373
1019 43
1133 267
1205 404
1158 274
1162 333
1052 388
1102 54
420 263
370 61
1111 318
1030 387
1120 469
429 530
898 526
1064 605
828 608
1098 393
1163 242
410 233
941 401
1170 408
892 713
618 360
959 476
923 367
1146 201
914 635
1053 220
865 418
1070 611
773 287
805 279
383 119
883 415
1011 415
886 568
1082 245
399 205
327 113
346 308
1161 614
1001 122
919 461
398 162
75 343
966 592
1003 572
875 373
1088 256
1187 441
367 91
927 376
386 80
454 231
374 115
1125 528
1052 649
856 642
1160 119
428 188
1154 385
1091 88
1086 575
1074 495
816 328
498 126
1048 574
604 395
302 692
1133 240
989 440
879 501
848 525
1065 519
300 712
1169 503
895 313
1206 405
405 53
412 359
1180 437
828 292
1124 423
1019 713
1100 346
820 590
316 61
1043 566
1077 591
1082 207
375 35
1119 634
836 315
324 146
1061 298
650 29
290 680
950 642
1133 277
331 19
1037 593
1174 322
1094 485
815 402
1063 503
953 370
906 276
1164 218
1078 542
1114 117
1152 425
1056 321
1037 213
1055 437
886 686
1091 377
1084 428
1020 525
1132 191
958 465
1128 130
516 295
1022 59
954 669
1051 480
1147 192
866 682
794 406
1140 175
1156 518
1066 394
1028 233
967 535
1110 577
1002 617
900 508
324 108
957 177
1056 641
1056 510
1148 569
1110 483
865 523
920 673
1096 331
346 145
928 433
863 362
884 653
1052 525
350 44
1140 346
356 107
959 641
1051 617
463 95
954 162
1014 689
1123 642
1028 388
1191 388
476 184
916 707
1164 535
383 227
932 439
449 211
848 368
1049 705
986 480
1046 606
178 118
879 607
1109 428
639 323
1147 557
359 124
855 681
1063 529
878 599
331 107
718 196
1187 546
997 431
300 50
1079 378
1025 547
1153 250
1005 22
1097 116
865 647
704 32
1086 289
356 154
899 96
1135 322
311 696
954 23
862 641
1139 501
1076 302
1059 573
375 333
969 461
1004 433
307 166
1125 126
1199 232
916 621
936 614
1043 668
1051 440
1051 6
592 46
1040 243
1149 613
616 81
943 602
1189 418
874 646
807 275
1046 547
876 593
1007 170
887 549
491 181
1061 677
1056 558
1091 0
394 268
1131 271
925 499
1160 499
1067 463
868 529
996 617
894 519
1067 635
982 106
993 442
298 108
484 656
1088 269
1093 708
1179 335
301 685
1022 611
913 500
1045 277
1130 390
939 535
997 525
364 155
1045 163
1177 142
784 211
1105 397
1041 705
801 188
827 430
862 519
1123 657
845 270
470 337
1040 685
329 92
993 511
627 405
917 65
905 78
902 68
1010 498
1151 609
1081 525
910 705
1175 429
1073 591
320 718
1113 513
378 142
927 363
763 385
244 556
392 28
322 715
890 707
602 674
1140 172
894 397
1187 404
911 475
359 31
1003 639
873 301
885 37
1172 137
143 322
577 26
1139 481
1044 563
655 357
1100 571
1039 529
371 59
1133 229
664 47
1026 577
826 636
947 626
857 640
1044 343
872 608
1110 655
912 23
279 611
875 402
611 70
187 125
845 553
970 488
335 153
1093 107
893 35
1033 519
1144 464
880 381
574 334
1042 370
858 675
318 38
645 9
1152 211
1169 277
931 647
964 338
980 179
753 397
905 374
1063 3
634 463
880 304
849 282
1056 82
1008 583
947 394
1144 540
836 249
1037 153
1195 375
268 56
380 239
1099 484
838 304
1162 478
1079 70
650 319
1060 448
1144 420
1063 371
1077 373
896 384
1015 341
353 101
1049 38
1157 349
1100 63
356 80
1138 429
256 655
1034 216
391 86
1192 230
473 243
1162 571
835 309
985 486
1013 488
1024 640
1061 473
1207 517
871 89
1198 221
640 448
329 68
1163 332
1042 554
958 393
1137 94
935 704
821 416
1032 28
970 514
640 240
1109 599
1137 582
441 50
1023 81
1103 65
881 501
781 534
1028 192
788 394
939 173
1030 8
1141 462
835 24
1022 647
1077 209
862 63
1045 533
1058 286
1168 403
1092 352
920 50
1092 686
1041 3
1172 413
153 158
932 97
886 281
1117 574
906 474
1110 79
1087 205
1127 634
1028 563
1016 414
1076 538
960 515
1077 421
1195 406
896 509
306 101
899 99
1134 348
654 437
729 305
976 337
804 253
1169 565
1073 384
1098 384
830 491
649 551
1064 319
852 576
627 506
851 678
566 310
956 158
975 426
1152 468
991 395
1103 493
1011 495
845 581
81 425
791 280
501 221
297 682
986 682
1126 473
1185 592
1146 154
1031 468
1086 590
1090 239
980 523
1090 346
309 108
598 378
1038 541
155 197
1113 498
1097 219
995 140
1039 501
934 671
615 465
365 96
902 96
1096 634
1114 424
1039 393
864 615
847 261
667 309
1062 400
994 106
311 108
645 467
1036 11
908 66
333 152
1114 612
1115 650
998 581
404 43
477 69
1125 450
1112 546
613 627
1197 423
1040 492
1054 90
877 450
655 276
1151 449
875 642
409 164
1078 260
502 107
855 369
1024 505
1088 367
1025 215
840 618
891 70
964 520
1089 553
659 447
317 95
1003 524
1010 481
777 387
343 690
879 528
950 462
1028 472
1048 471
1182 159
385 139
1175 312
705 665
920 516
312 69
1074 448
1121 613
997 415
875 380
1082 27
988 667
356 97
934 523
326 195
367 384
424 75
416 104
801 338
851 548
791 209
1000 551
607 61
933 471
362 217
339 161
1169 357
364 89
859 524
948 381
773 593
279 53
1076 587
1029 543
894 296
1066 357
636 328
851 681
1172 450
882 402
1107 294
475 61
948 389
790 343
870 398
1199 390
459 508
321 55
382 402
882 67
988 704
971 326
379 213
935 509
1083 641
448 82
900 614
168 261
1100 504
1020 639
1014 445
835 608
1017 410
1085 692
969 360
316 48
382 228
1186 341
813 270
203 204
892 269
948 713
897 416
1062 625
306 148
1066 624
62 214
946 47
889 517
1107 622
1157 516
1179 372
1115 271
1065 371
773 603
1043 165
257 102
1128 479
972 503
156 231
855 401
376 137
1062 579
646 429
336 185
661 371
1089 551
1071 301
364 62
960 644
990 220
1169 399
896 588
1125 538
1210 407
796 18
1097 287
589 37
907 263
844 521
328 10
1013 627
899 719
512 660
871 263
431 207
762 264
1139 658
1112 138
1002 680
874 605
1102 322
874 701
854 612
879 703
895 329
1124 499
864 339
1101 213
978 303
876 690
1129 245
1069 650
899 483
635 314
168 188
343 192
864 372
1198 429
1071 481
1119 661
922 486
1055 667
966 649
868 398
1156 519
1133 473
1073 573
887 694
337 122
787 644
413 28
1053 133
1142 633
434 105
669 57
1133 351
1095 569
681 292
1133 233
816 360
883 413
613 475
1071 502
899 648
939 580
931 533
953 299
906 683
194 263
932 8
1117 647
755 295
1107 49
954 482
344 191
1119 546
981 88
862 70
324 76
961 426
981 397
1148 413
1181 469
937 94
1151 424
963 137
1002 444
1159 385
603 470
884 84
815 379
1053 607
860 244
319 211
887 305
1074 202
927 582
620 29
1044 84
839 536
1034 301
929 528
1100 635
1016 703
1032 69
1103 237
1064 589
1054 653
834 265
908 545
1015 672
1033 176
1087 443
828 636
645 309
925 377
357 158
896 664
669 222
1171 584
334 248
863 338
921 407
1071 526
903 55
541 172
1081 596
459 41
393 82
963 702
1021 535
1107 56
831 403
271 123
897 241
811 586
929 603
593 459
325 79
219 682
349 114
1154 506
962 479
849 350
1135 445
1017 482
1075 520
961 303
1035 689
1133 266
439 316
1040 518
835 594
832 384
1049 290
1103 565
1032 373
792 401
919 579
1079 434
1029 242
316 148
982 424
1005 558
835 414
1083 306
281 91
890 328
1009 482
994 446
329 111
849 331
1080 529
1062 55
1187 213
778 233
1052 395
973 625
1027 542
843 297
871 717
319 53
397 115
517 146
1014 329
317 92
920 362
1029 501
354 428
1095 506
967 539
1157 223
1062 618
881 517
1019 427
1068 149
1054 405
1044 716
1100 380
1053 438
616 460
1040 419
1130 141
903 382
1021 657
1185 288
1067 568
1035 620
819 511
989 511
462 96
322 145
963 592
898 631
1065 238
505 243
949 498
363 292
1150 399
888 331
1158 104
373 75
1045 532
1021 260
548 273
1141 318
914 401
333 53
423 88
1046 650
499 241
368 217
1014 680
1113 672
1062 694
680 93
1050 702
977 628
343 23
798 535
892 262
1015 648
361 29
922 509
715 690
174 122
1086 320
362 322
328 89
647 22
357 182
299 34
987 527
369 195
876 516
1068 471
1136 454
1164 269
1046 258
1114 630
896 259
1056 586
1065 399
1097 313
877 327
928 700
925 650
381 155
1052 259
855 362
1131 478
773 554
1200 354
1076 398
1114 594
1016 603
987 711
273 706
1011 619
910 527
327 81
1079 458
1157 271
831 468
893 529
296 92
887 648
1120 267
1066 115
1130 574
783 366
651 287
979 416
857 528
1153 349
1051 205
984 297
1133 577
1037 344
923 117
367 178
1016 595
1074 238
1196 350
457 230
948 616
1062 170
1039 73
363 130
606 514
374 232
936 554
783 324
834 242
673 417
1150 577
1068 12
1065 253
958 510
1196 404
1001 503
1033 73
1044 265
1028 344
290 155
868 213
1160 524
1091 607
252 626
652 303
656 369
883 703
989 501
1150 424
440 180
767 175
930 553
1131 304
771 292
961 589
927 127
1178 595
1111 618
1034 46
1157 604
1051 36
640 454
1128 115
1038 615
613 352
1132 120
802 367
1188 491
1018 463
890 34
939 623
966 687
1065 672
1102 365
947 656
1005 707
1069 461
1033 683
908 548
466 261
1107 647
876 693
675 65
1089 590
843 371
963 479
941 503
1139 383
1063 671
1060 461
1049 547
319 39
1144 286
1142 563
976 110
319 119
591 386
1011 331
812 333
1202 315
350 266
994 673
971 492
1042 538
301 141
887 387
885 82
285 106
988 462
1126 384
993 669
517 219
371 130
865 253
1125 588
974 702
1021 333
867 641
646 489
275 93
339 139
1122 380
1042 711
1061 427
996 125
1043 691
1001 430
1069 64
1161 629
1072 685
1054 414
1138 364
945 601
905 632
1000 558
908 669
961 130
1107 601
979 435
651 489
1078 38
1060 654
156 305
650 275
1051 38
1098 502
893 232
1084 469
904 97
1135 390
1045 556
652 240
1081 622
1083 144
686 37
825 610
1155 573
860 408
935 291
1107 28
1201 532
1189 446
394 192
574 283
887 701
1141 369
880 397
435 236
970 61
176 53
849 518
1070 694
449 222
363 193
1042 544
295 168
1202 523
890 310
1039 424
1075 609
1052 323
1126 376
931 666
1068 583
1025 416
1128 622
401 240
801 536
609 377
1065 669
406 273
885 509
299 682
260 689
884 74
1072 478
815 279
961 519
874 418
1074 387
631 486
844 709
178 273
979 385
345 28
811 245
1072 53
326 169
1089 566
1058 539
847 267
1111 577
1145 560
1163 393
980 491
370 144
1185 425
330 103
1196 384
172 226
859 79
634 503
1173 497
855 340
946 319
1088 363
1129 98
1264 87
886 351
467 252
1073 290
1125 629
1090 572
842 627
1077 667
363 171
1077 523
900 704
948 454
861 595
568 68
917 252
1000 502
321 119
1168 440
139 161
394 98
914 612
408 9
369 307
928 263
994 703
1141 397
1032 709
354 92
996 526
1052 471
1069 619
747 232
898 299
1041 425
952 340
1026 557
1088 617
1157 109
1111 213
295 694
616 79
1141 140
831 514
1064 425
1015 560
971 376
1162 413
882 238
942 355
1153 507
1040 643
1059 261
1123 94
875 252
1090 415
1136 590
1071 281
1050 244
880 652
1110 537
1097 265
942 524
1174 524
989 502
933 504
998 316
1041 480
926 500
974 476
1114 246
1045 710
1149 253
1129 570
407 85
816 411
398 2
873 718
961 497
978 422
946 553
916 309
1195 271
854 409
1093 92
589 51
1040 555
1111 462
1115 486
792 528
1039 450
807 345
318 163
1128 652
848 621
1050 484
852 622
931 518
1050 34
860 679
1016 584
982 318
335 81
1175 207
917 692
1051 513
907 609
926 478
1027 365
945 357
1144 616
823 349
1067 252
976 716
671 19
1113 346
1130 296
1055 137
937 453
982 513
923 558
1122 457
990 652
1144 97
339 50
952 703
1152 357
998 48
1102 499
834 604
309 132
949 687
287 57
918 513
1084 142
963 470
1085 486
1066 282
1114 276
998 455
938 495
350 146
876 513
979 465
284 118
1124 477
1099 559
1095 533
311 133
261 658
822 487
804 640
1014 308
1016 698
816 387
607 558
1040 25
1061 668
822 325
1012 470
874 375
339 209
1136 378
322 234
1205 269
1104 394
435 82
290 203
1122 344
406 106
967 380
923 340
1092 703
797 220
1085 502
963 712
1118 315
798 305
347 174
413 214
1123 510
1080 181
366 56
302 174
1066 207
1174 542
459 150
1124 630
831 406
817 361
643 328
983 337
934 359
1165 581
1141 399
1068 700
1040 120
899 533
1040 364
690 4
275 694
1023 619
1061 469
334 143
437 615
1148 494
1074 244
1075 671
1018 555
934 367
1091 424
274 46
1119 539
998 428
1101 190
1156 479
1077 446
1069 279
918 568
1056 91
1133 278
920 675
984 675
902 93
1083 624
1124 151
1038 617
435 346
514 149
437 242
987 577
582 358
1076 326
942 655
889 275
1014 435
646 497
1004 551
1035 580
345 208
356 85
350 186
952 398
1066 401
287 711
334 8
1107 202
291 38
1057 611
1103 616
960 645
1057 679
625 447
1100 411
1167 342
1125 386
872 506
600 40
1010 422
1037 110
1033 170
258 686
282 144
1116 187
642 314
1076 577
1049 450
1040 116
1174 437
1147 299
1046 560
599 367
967 492
930 649
1063 639
971 460
891 625
858 365
1052 353
312 109
913 541
938 314
185 296
188 123
318 75
1056 21
991 599
806 699
348 115
931 321
1081 663
984 421
305 637
608 21
1097 648
979 342
1060 656
898 584
998 584
341 192
1138 368
869 518
864 327
346 90
1038 410
531 223
976 519
1098 232
660 348
997 459
799 343
849 578
831 391
1057 605
929 441
420 136
813 531
981 644
1018 337
327 99
1045 369
1146 592
902 545
1043 253
1092 177
1119 100
803 432
1191 447
1067 566
1161 494
902 461
1086 584
976 706
1095 342
1073 289
1205 392
975 581
1135 183
308 97
380 69
872 500
1117 675
891 659
477 508
919 602
1165 149
1082 409
1145 422
857 598
921 511
283 131
1076 377
300 147
1120 132
979 319
178 178
1195 381
977 434
1110 84
1002 630
1063 538
895 516
1068 606
1033 644
1026 604
1026 480
915 656
1084 563
1067 578
892 504
1110 282
1025 556
1114 496
794 693
441 90
1055 640
919 678
904 530
859 697
932 425
480 228
354 125
412 36
854 286
973 402
389 150
397 49
984 507
1104 503
1055 358
1097 305
916 403
1029 692
882 45
1003 521
989 205
1061 574
1116 301
1137 515
1187 489
1045 652
897 603
629 349
1121 659
942 520
885 253
312 229
838 286
898 494
967 340
550 97
1103 559
1039 1
1038 207
1062 214
1171 330
932 471
289 119
974 562
907 501
614 523
1094 295
914 686
813 366
1071 366
1141 341
970 565
942 466
986 596
1045 538
439 248
1145 620
809 589
1106 594
1132 594
1099 689
1094 637
336 256
394 173
1017 584
260 27
451 73
873 229
825 588
366 76
1091 392
1141 392
637 307
1076 31
1065 628
1128 543
1083 353
1156 545
1157 279
904 519
1028 519
1137 195
932 517
1055 367
324 248
1179 507
1185 199
1032 206
886 527
712 633
938 637
1052 287
915 224
1076 540
1047 671
1180 402
836 498
1159 661
1019 706
985 480
449 217
1058 48
1071 207
850 507
1082 614
174 288
958 685
1090 126
1128 440
983 413
916 648
914 120
647 333
913 689
344 149
171 269
1128 399
409 212
1035 704
1128 453
874 295
1028 674
858 306
892 348
1177 349
356 231
1080 266
409 63
1084 459
1251 346
1117 267
1101 461
340 85
514 287
395 251
1071 632
423 28
319 134
949 453
841 380
793 567
928 316
951 518
1195 395
300 82
1136 386
1052 262
1086 339
883 660
952 97
999 559
1138 409
1041 637
1173 611
1061 402
170 113
1197 199
1026 250
1117 479
1047 644
1059 425
400 87
980 304
1045 667
875 53
970 353
997 588
1080 489
870 494
880 366
157 198
913 451
1134 289
313 107
511 112
1049 226
945 696
996 509
1009 422
1147 148
844 312
1138 220
390 93
466 335
887 335
479 63
925 511
1025 177
1157 237
349 29
1029 671
1082 135
1021 701
1053 90
1049 379
424 166
786 321
1023 375
967 630
304 87
1097 308
973 710
964 497
1174 613
1056 62
1100 707
925 395
1098 176
1143 473
1104 653
476 158
1025 670
1148 306
350 132
919 698
482 174
1130 593
1088 566
1069 550
1099 581
1153 334
799 516
284 639
208 149
1002 577
375 14
1121 494
940 709
963 361
893 519
1040 387
163 138
853 280
501 264
1029 264
900 369
1085 499
1052 15
959 390
975 446
472 229
1072 210
1094 532
1024 442
1127 581
868 574
1164 328
1065 623
1032 417
1069 715
1127 134
1141 164
1001 562
946 438
1149 430
1047 463
859 625
458 2
1053 448
966 679
801 551
910 88
298 111
924 408
1022 350
844 387
1132 387
996 674
413 529
1089 661
1080 386
1104 618
1077 586
987 500
800 707
873 305
401 213
1091 318
938 477
782 295
864 515
134 665
945 287
1076 333
1124 479
1150 527
409 361
830 361
1114 289
345 77
956 449
442 606
1141 601
968 615
830 239
914 530
485 88
830 268
1197 338
422 237
1034 676
1043 629
1099 534
935 410
1062 611
826 381
840 362
1080 332
1096 701
839 248
354 93
897 528
1000 492
1050 661
416 119
1078 422
1014 665
879 523
322 118
1111 118
1120 223
895 579
1056 194
1132 194
1118 228
1147 514
983 303
401 306
834 307
1126 238
1202 469
1166 274
254 714
412 123
804 150
1122 309
838 542
1056 633
414 134
1048 533
864 521
946 638
1061 529
1078 653
1029 528
1197 336
1090 158
885 389
855 381
888 384
1106 563
1046 138
1068 141
269 68
309 696
1102 116
375 243
494 74
1029 529
1010 394
848 652
1100 39
1178 378
1108 346
1047 297
937 436
1183 413
1041 105
1090 355
258 657
928 379
960 669
1006 453
438 460
1060 374
1176 316
747 352
1047 388
1152 403
1152 380
971 131
370 124
903 685
1077 13
1086 382
1056 585
488 378
731 130
1166 537
1129 369
1108 255
1165 494
948 629
912 653
1102 433
977 436
989 694
423 341
1098 437
939 646
1083 361
1037 105
287 107
354 103
937 351
922 368
1166 460
1037 645
1155 443
908 320
1077 653
1037 631
878 424
1081 385
1116 411
1179 396
779 222
1161 514
1031 632
1145 284
882 519
999 678
1068 389
322 87
880 697
946 360
1042 134
1118 554
1213 477
374 91
1050 405
1189 561
1103 371
1001 504
966 603
880 368
1154 388
313 710
1104 350
1045 144
1185 495
296 638
1184 560
586 300
1045 513
414 185
953 399
1102 523
1138 296
931 588
1037 574
956 672
1087 624
1035 700
920 637
284 114
1144 568
771 377
400 65
1158 219
1115 602
982 521
1031 543
1080 687
401 339
1080 338
960 341
803 548
953 611
1099 345
1115 216
1124 121
827 253
1083 307
816 392
968 392
923 381
889 288
1059 702
437 208
1043 377
1063 377
1108 684
1088 606
1030 452
1130 688
1040 156
1155 536
891 351
1111 59
994 406
1099 661
1109 644
1207 391
765 500
1036 709
331 69
1140 417
1082 433
1076 659
1102 257
1088 161
314 166
1043 641
1068 641
1125 405
1120 467
1093 501
836 367
829 509
1120 639
404 135
828 334
1159 227
1114 580
930 335
902 63
1167 361
1145 238
1052 109
1185 516
1076 499
1041 215
1064 300
943 498
1025 716
905 368
977 687
897 557
821 330
363 25
1102 587
885 422
381 151
413 246
1035 468
1087 406
1181 598
1153 480
314 247
952 421
847 331
1087 240
1141 337
1044 672
907 356
277 607
866 477
853 402
1187 311
1099 695
262 662
752 233
921 535
1100 387
389 21
1080 664
1148 617
535 647
833 397
354 99
374 178
794 263
1034 508
470 613
336 42
404 42
920 558
958 558
246 681
1042 670
506 91
1103 612
860 385
1083 467
1142 433
1206 208
600 419
1020 223
1072 610
1080 669
183 497
318 33
1050 15
1027 604
1089 525
781 668
1042 326
1033 6
614 504
372 63
994 476
307 201
1047 518
1099 495
1120 145
383 186
1149 392
1030 363
857 527
893 508
1094 452
860 6
414 115
660 69
376 112
1172 617
958 432
274 57
978 391
924 445
301 687
343 153
915 671
1035 255
889 386
1117 593
1045 669
1082 194
360 143
890 620
832 696
1061 23
950 647
179 167
957 587
328 8
1146 226
880 255
946 469
1128 423
182 177
1066 157
575 48
625 484
813 388
421 105
826 172
1155 576
940 458
332 48
1048 264
381 224
983 444
646 315
1115 608
1121 517
1103 135
1128 477
1064 430
1009 663
1076 371
256 715
940 696
808 509
625 6
1125 241
879 522
1043 522
1057 633
947 669
1042 347
1063 512
841 510
854 495
847 237
976 147
119 251
1196 432
600 27
911 292
907 297
816 555
936 135
1089 466
1098 148
358 74
1113 134
1094 323
1061 185
961 353
806 184
926 563
436 39
799 528
904 369
1050 164
1027 490
1144 478
878 413
1024 447
345 702
974 494
1014 679
861 656
841 320
850 613
1176 613
1078 698
1055 488
964 634
916 611
1047 497
1138 553
808 263
999 79
1126 545
1005 674
1024 436
1158 414
1164 488
816 216
900 47
1081 703
927 137
383 72
501 627
929 666
1134 343
1108 516
1088 586
1037 559
1094 309
664 307
950 550
337 200
375 264
1196 353
995 526
1016 679
943 574
1092 99
1090 351
1054 587
951 296
1075 59
938 50
1205 440
1066 255
1117 354
836 412
887 49
382 144
1003 456
966 512
990 569
668 477
826 346
934 108
1058 560
350 184
1169 498
1111 450
695 45
877 626
1014 440
1018 398
1047 284
1108 103
1143 548
976 406
1099 188
1092 544
819 518
304 60
1024 718
873 698
1037 457
1126 418
1048 479
819 546
321 111
993 454
1024 652
930 99
495 233
334 79
1045 574
300 163
332 716
656 313
1046 580
1021 680
291 139
958 555
1111 354
897 706
195 665
1167 532
185 129
1161 545
1076 697
107 184
837 369
959 490
1075 54
391 424
1076 474
1113 291
1099 543
1028 72
1019 335
1078 695
545 202
921 27
1050 619
1194 382
1057 598
804 367
1199 185
1082 557
917 315
305 41
799 477
963 200
651 310
330 52
930 684
208 461
451 324
1000 602
1012 686
923 497
487 250
1068 627
1162 245
750 128
850 290
883 489
995 465
866 402
533 18
275 681
133 69
1171 336
882 281
330 699
871 389
896 49
898 346
819 246
1196 438
1002 646
828 374
1042 521
913 493
656 127
978 397
805 257
886 335
1092 37
1077 203
1076 435
598 462
713 708
1058 287
1124 311
1082 262
941 642
807 268
913 381
195 254
1135 193
1160 355
1044 212
1135 605
1073 691
583 568
1039 35
1018 533
1172 577
643 489
337 117
268 707
1147 571
980 539
1101 632
819 232
187 269
1148 629
886 300
638 67
1118 382
1109 419
645 337
340 194
882 490
1054 582
670 371
466 215
979 365
129 168
877 468
1096 691
647 65
636 332
885 59
1004 133
169 133
653 460
665 349
649 253
1093 197
861 34
1061 585
830 365
1106 431
278 129
1055 501
385 283
676 327
91 455
975 135
334 258
1067 187
969 337
324 78
831 376
1074 289
977 375
489 148
1047 442
627 279
998 620
997 707
992 539
290 83
795 289
340 58
171 141
988 705
922 90
302 142
958 124
146 276
1084 183
1195 491
915 529
910 685
597 571
1000 265
994 468
614 65
1068 533
1037 216
176 371
1128 123
791 332
1082 547
637 438
639 45
635 110
1085 367
645 60
846 272
900 517
1036 359
155 309
841 697
937 618
459 141
1146 430
926 26
990 542
1084 445
1084 446
936 636
974 433
685 24
933 563
1170 264
975 184
821 400
458 691
354 249
179 106
935 454
143 74
949 64
1022 541
961 52
374 190
289 113
1184 519
940 514
1126 526
1051 600
151 312
1083 455
1204 289
940 151
1085 554
1131 229
685 609
1074 290
1051 529
1058 713
599 530
614 16
954 190
1070 499
981 528
1188 350
970 551
948 4
972 609
196 305
1049 405
1028 265
1130 226
1142 507
630 706
285 670
1009 602
1029 441
983 496
383 137
913 578
725 711
936 33
1026 207
1090 537
804 96
924 156
1119 534
634 451
609 64
612 457
655 289
171 177
179 193
954 475
591 435
521 137
394 242
1076 560
197 307
878 247
486 60
346 24
935 369
967 379
862 405
1107 405
1040 624
966 97
935 380
1029 373
1020 394
613 44
623 417
1033 529
1081 470
884 523
369 157
862 297
1040 565
1028 362
1093 621
967 333
332 706
819 276
854 531
913 73
922 718
1036 617
333 27
300 702
862 682
420 238
885 712
1125 390
1059 152
593 631
913 333
355 287
1120 528
1071 421
508 57
1087 326
965 546
940 30
933 73
1167 165
883 49
300 58
402 189
921 683
902 377
1074 152
1032 339
1073 130
1073 566
600 65
794 534
1144 557
1115 487
1014 649
981 496
1179 402
935 595
507 269
1082 392
911 154
1064 622
1101 384
1092 487
791 382
308 28
817 218
980 496
625 22
1015 526
953 115
377 82
1129 401
289 92
1065 567
622 484
637 447
1039 167
941 72
588 471
941 437
1130 578
915 94
934 686
934 151
1070 314
1145 176
1172 340
1091 112
431 139
879 323
559 175
995 533
1065 694
1049 651
1168 371
325 67
627 114
176 299
928 100
64 181
1037 89
1156 356
1014 447
832 272
372 28
568 465
1013 508
1090 331
942 519
569 437
1006 706
993 447
1055 240
244 687
1135 656
209 231
313 117
1025 333
917 664
405 201
1070 63
955 643
1159 579
1181 453
880 526
975 404
1062 522
826 405
938 317
970 626
918 474
972 462
1174 507
884 324
883 540
969 593
871 577
1150 246
310 705
1164 235
801 202
1039 179
945 136
972 473
313 145
316 58
945 717
809 287
1119 509
898 270
830 632
1069 601
1116 366
606 532
840 248
852 175
1118 201
858 388
954 538
1087 312
821 277
1150 568
304 143
1112 295
1031 304
1145 144
1142 628
955 572
808 296
634 0
1133 579
1070 85
440 122
993 629
933 662
811 229
796 280
900 372
1170 350
923 664
1041 612
1182 368
1132 505
1009 578
304 53
1090 396
937 408
852 297
1011 607
1110 342
324 70
627 51
1156 282
911 665
1010 542
368 258
831 397
879 577
1016 460
280 650
399 239
913 344
183 233
1065 345
846 363
1140 627
1083 220
1109 572
1004 430
1020 653
618 485
1087 184
953 350
1055 590
908 507
1133 646
687 164
1066 324
1096 259
1101 332
1058 600
913 701
348 120
644 24
1047 309
1141 649
1073 594
771 696
1041 302
1024 687
1122 441
856 516
870 474
960 323
863 275
413 210
635 276
953 198
1066 198
1011 531
1155 507
1137 595
799 535
175 215
321 84
1052 422
948 271
1115 557
1029 558
1063 562
917 432
1062 657
965 686
867 390
994 405
1008 480
1102 154
1126 580
1067 195
1036 528
336 105
296 59
239 109
1080 661
283 84
1063 429
275 95
848 401
431 119
891 413
900 302
981 353
1042 493
923 360
1013 583
1018 651
323 125
885 514
278 74
831 260
1111 549
1093 500
1078 401
421 255
973 462
1073 470
395 104
1002 460
1147 413
1200 423
1048 414
1047 461
1072 358
1126 399
1120 429
641 448
346 173
315 124
1041 697
473 39
290 166
296 73
1062 48
1110 99
1121 432
345 253
1000 625
444 104
364 185
1042 330
1135 431
862 562
1173 410
282 98
1076 276
1095 481
827 386
1166 266
1047 353
971 464
1087 336
1164 399
1027 596
838 265
804 275
869 697
329 53
1097 505
873 528
468 260
320 70
819 382
1042 640
863 393
408 144
937 385
1110 451
916 356
345 48
669 322
1071 448
850 517
192 121
1143 566
1068 615
864 394
834 482
815 287
1013 543
1078 185
1048 175
1029 9
1110 615
951 499
299 59
1086 84
856 399
889 362
1066 343
1040 26
1054 684
1033 177
1012 690
1039 493
1123 663
834 355
975 318
1165 542
1087 440
878 712
1021 551
345 177
629 514
971 500
916 678
1077 235
721 208
1031 646
1081 194
181 227
1038 659
882 91
879 513
524 478
895 273
382 190
1130 598
1130 534
948 472
1180 345
1034 298
346 64
1147 187
1123 413
938 569
1088 619
908 705
1136 286
688 392
1139 535
953 278
1030 92
343 165
957 494
788 228
306 146
1163 423
977 545
1006 341
1052 316
320 41
592 59
1066 366
1085 163
953 639
1050 610
845 393
320 85
1140 171
1104 355
983 75
930 492
971 442
1066 310
918 387
1065 170
1162 382
928 14
1180 372
1049 368
974 679
884 524
1161 378
173 81
467 287
842 287
240 169
839 274
1101 662
1083 572
277 103
814 419
373 183
1021 566
166 123
1013 471
1156 611
1055 366
1123 619
348 176
897 301
851 286
910 383
1139 515
921 371
379 173
1100 25
1150 475
974 402
1139 661
1015 448
1127 636
1098 473
950 388
1139 488
1104 295
457 130
164 581
1030 369
464 235
417 291
341 90
1024 333
1105 272
421 286
1158 423
344 103
1105 459
1126 500
1043 380
960 716
1146 578
1142 622
1120 592
928 708
1102 705
1036 713
827 228
970 79
993 690
664 246
382 123
636 461
339 136
624 405
827 510
165 195
1104 662
1205 432
781 196
380 75
1173 250
1149 550
940 184
1089 211
909 675
932 693
1174 229
1064 473
1035 183
1033 368
342 120
891 381
1152 566
1174 591
319 30
1035 133
867 297
887 389
1039 518
615 481
1036 593
1070 552
888 629
855 677
396 9
647 39
1024 383
919 105
174 82
837 273
1100 616
1105 55
1004 564
1040 667
1037 587
922 634
1185 489
774 241
1084 706
1159 317
852 671
1089 500
968 478
152 86
855 249
1144 490
1091 60
310 131
1132 529
1065 530
1140 342
344 125
880 29
988 520
1057 528
971 532
1002 718
888 647
871 386
861 638
1119 98
612 553
662 327
1035 613
1041 598
1098 582
345 249
974 357
1147 572
862 690
917 701
320 83
327 26
936 654
1183 589
893 518
912 609
920 604
840 311
834 641
975 451
593 46
1082 403
883 46
1030 237
1076 645
858 516
1156 393
936 389
1174 345
619 659
413 316
883 607
1148 152
1064 467
866 642
421 326
827 575
1070 497
814 295
1188 506
769 100
869 625
323 7
1098 391
938 487
1159 152
939 551
925 584
848 687
1204 287
347 233
997 82
888 388
1048 613
1082 66
1117 510
1155 607
1065 583
1127 438
1103 419
1095 462
809 498
1050 245
917 457
885 279
1170 390
1073 435
895 497
286 624
1014 578
858 420
460 207
713 705
883 96
898 685
278 33
1069 551
985 504
1086 393
973 442
799 341
870 354
857 530
1110 352
724 7
482 120
1070 433
946 134
224 508
177 257
1087 613
890 366
827 597
517 243
1069 276
822 337
1117 648
339 105
1047 455
1093 420
601 10
628 144
138 195
1072 345
859 520
741 255
956 147
1105 637
914 685
981 480
1004 113
1097 64
1062 140
964 484
920 388
154 189
1103 662
180 692
649 282
1182 372
812 245
1094 571
887 512
902 380
1089 345
979 684
652 215
1168 552
1019 322
372 83
145 333
693 8
1032 616
947 164
283 508
1029 447
344 129
611 600
1035 600
905 382
883 280
1127 569
1008 571
1084 129
1188 315
1169 384
1139 457
1197 256
870 307
1092 551
715 710
896 242
446 318
986 496
372 72
1047 450
923 470
339 39
861 277
1042 428
996 689
1094 236
329 58
904 399
848 700
555 33
810 598
1023 625
1063 472
997 135
578 55
1059 438
877 392
877 340
1043 423
973 209
309 119
938 349
445 63
1038 378
840 217
1018 251
1034 168
956 140
912 398
1139 419
1189 445
1038 171
1143 151
1128 649
1165 215
950 425
876 528
1036 630
1157 395
365 47
553 31
995 541
1051 80
853 410
693 18
476 425
1111 381
1150 233
215 294
587 521
445 121
1013 667
369 129
633 270
1020 359
1028 450
1051 515
1179 147
638 481
1116 576
1062 356
787 513
655 285
1109 95
1083 179
316 55
394 8
1140 354
134 64
1010 637
950 373
1072 561
1042 596
968 581
245 535
348 77
1102 321
197 205
896 2
1011 635
1151 537
986 100
1145 127
354 113
1189 481
959 419
377 85
871 42
1102 473
650 253
749 220
653 317
900 96
833 408
992 426
1121 348
943 411
623 72
1068 642
791 596
1053 335
1096 52
618 37
643 345
1007 571
811 403
642 478
292 131
1045 216
1151 491
1084 225
952 199
1116 465
1009 637
1020 641
1204 501
853 528
1024 10
154 142
931 712
1110 248
940 366
864 670
886 670
1043 486
1157 354
845 397
359 30
490 108
935 108
655 283
1033 238
1054 608
830 487
898 570
1107 582
1058 510
657 303
593 62
916 335
314 50
1166 390
709 637
812 262
448 134
1018 670
1043 391
633 99
1129 571
1036 435
422 404
797 255
1034 29
920 651
924 665
867 293
790 639
1047 346
924 401
623 410
648 433
914 672
1106 285
1000 644
963 103
901 378
1102 334
816 324
884 86
912 283
1100 301
470 123
1172 297
910 679
843 507
1071 381
328 98
1083 632
1082 442
681 275
174 378
1031 695
421 47
1024 382
614 449
645 278
968 719
1061 580
1104 581
1166 287
815 668
971 584
430 97
360 26
825 418
800 150
1039 601
1096 362
1138 164
1114 607
587 525
931 142
411 285
445 255
801 286
202 291
1121 617
645 296
1086 337
373 310
1030 439
916 73
1018 616
346 8
1145 161
926 121
1034 452
635 455
500 256
413 135
330 136
815 516
293 632
946 643
431 217
927 25
995 507
1202 454
294 709
928 491
376 93
1051 30
1170 604
1115 62
876 412
1182 532
839 661
1160 335
1042 84
365 203
1179 203
913 562
869 413
441 184
614 105
889 571
976 647
672 331
658 34
637 383
1100 307
874 310
658 486
859 429
1047 193
579 411
1105 68
1142 528
952 176
243 303
689 691
244 683
1009 673
637 306
1015 684
1018 477
1004 534
1135 633
924 604
826 535
1049 681
831 426
1169 209
834 356
638 374
346 180
487 197
597 339
913 558
650 406
1078 611
908 547
1009 685
480 123
866 328
1096 642
1026 570
1156 568
596 86
1080 613
803 346
1122 625
855 276
361 102
1023 542
312 94
1002 165
625 240
1046 334
840 292
604 525
1030 690
218 195
297 683
644 275
1195 365
994 163
904 620
872 244
990 99
733 50
901 529
1054 532
998 636
794 447
626 85
1108 568
946 620
874 57
1104 525
822 375
832 362
821 167
430 649
909 698
1061 523
609 397
649 388
874 623
1079 88
935 481
1030 704
904 636
975 496
912 321
928 364
1001 676
1042 653
958 389
640 532
941 711
1093 552
1147 410
970 424
1129 388
1087 31
346 106
1113 461
297 64
296 62
953 231
380 181
1091 584
1107 545
996 410
1030 447
1016 552
1057 604
953 46
1106 331
1034 467
1134 492
953 109
1147 615
172 89
1051 298
398 156
445 383
330 22
1040 598
1091 579
347 182
321 210
990 699
1159 200
326 82
1081 266
1088 676
318 126
1187 345
1137 634
1162 423
512 227
949 330
1076 472
1150 303
1002 482
812 389
981 639
1125 344
952 698
1163 463
1063 378
823 527
729 709
954 425
1076 548
1073 358
1132 473
1096 528
1154 190
379 47
944 375
881 512
340 113
510 206
511 191
780 369
1083 202
318 165
1074 435
890 319
696 629
949 375
1046 450
890 686
388 55
902 677
1103 145
256 717
1038 669
973 630
911 612
692 678
1195 380
1173 346
1111 434
875 261
1032 240
1083 64
1024 673
806 193
1057 158
1081 247
1096 363
1129 529
1142 543
921 350
987 388
1053 553
1033 325
872 260
903 297
1135 583
835 566
356 139
838 253
1141 582
884 314
388 148
1164 497
1008 246
1182 356
384 198
301 79
1008 533
936 461
332 142
1193 479
1015 564
919 485
462 236
651 304
1038 566
959 392
943 349
301 123
1181 528
472 224
1075 646
1155 279
1145 452
1100 382
1014 370
346 256
1006 604
1057 441
264 112
326 71
1196 490
916 473
396 244
1039 644
337 62
986 274
1032 356
1116 341
1072 484
1044 674
459 132
1030 585
915 103
1063 501
869 701
1025 400
1082 412
924 334
888 415
871 533
930 254
966 635
1061 676
1101 267
408 31
903 597
1051 283
710 638
635 323
941 368
831 500
937 471
1130 402
1020 714
320 36
194 336
308 85
883 65
1064 272
345 47
356 53
991 650
895 90
1012 624
861 678
1009 614
939 90
996 608
1060 296
1141 324
372 403
1155 496
594 574
1092 303
968 338
848 390
775 582
330 112
1170 437
1139 187
937 143
1096 195
877 173
1158 565
1078 619
609 367
221 625
608 175
1009 436
1009 329
1040 174
364 39
1106 231
952 485
1068 581
976 632
1029 695
877 526
1042 488
1088 238
970 698
1043 410
1196 313
1122 619
958 584
1025 166
1182 336
334 43
397 20
1054 488
379 143
459 401
827 590
1002 381
1056 658
1109 429
262 654
1029 665
1048 678
1146 332
833 222
835 621
937 9
985 436
1103 436
925 115
602 68
1083 660
1082 421
867 308
625 463
909 327
993 499
330 146
1127 374
259 690
438 85
1040 331
728 714
359 218
966 145
1156 219
625 551
839 249
658 368
1027 658
1083 297
873 365
846 317
993 410
993 448
1020 666
888 632
838 252
968 661
379 205
1177 585
358 82
960 520
1048 509
812 538
896 613
1047 349
1066 439
572 439
817 414
1123 298
343 144
136 47
1148 558
1121 470
842 708
809 390
1056 677
1070 263
1146 329
1054 309
979 140
1005 630
759 507
858 466
890 524
1121 482
1053 126
248 686
979 457
1021 493
643 315
865 547
1144 290
1145 309
586 377
1058 272
983 504
355 195
325 184
1049 29
486 79
1009 715
924 300
871 292
1192 256
614 83
1129 638
1089 218
1117 522
853 704
1068 250
1172 597
1116 460
1055 439
976 386
313 54
788 694
999 622
1085 687
1141 452
1035 463
915 44
940 296
975 199
1187 439
1070 476
986 628
1017 633
938 571
422 129
1050 266
273 51
190 218
829 251
1082 275
1078 402
1023 524
513 144
1098 268
1142 399
866 522
1137 368
318 151
251 622
317 121
937 567
1181 500
274 700
378 240
987 276
798 532
609 2
322 222
885 623
918 623
945 514
799 596
877 310
1077 588
558 35
801 399
878 500
1124 633
342 161
917 679
989 373
831 515
1106 389
1154 462
1087 349
322 129
935 434
384 165
1073 494
305 52
1176 130
875 376
969 634
977 618
608 52
960 337
1067 719
342 129
311 119
1054 409
788 365
1006 714
1110 172
1068 126
853 558
1119 533
184 451
277 118
1062 384
831 591
1165 499
929 349
1027 688
676 14
868 512
1035 511
1096 328
318 678
975 625
934 424
1041 84
979 301
1138 190
834 667
950 406
449 202
371 79
307 92
1018 689
1110 481
1055 631
376 195
451 271
203 515
917 348
613 567
1081 526
1025 529
1121 497
1091 247
428 116
1073 32
1072 528
867 661
1107 255
543 94
968 505
415 49
1090 473
868 673
1024 513
1047 584
942 489
442 100
1106 367
1077 564
1106 299
1107 357
501 219
1032 90
401 59
1027 45
195 216
371 273
954 716
1059 435
373 171
1058 376
300 26
902 394
1134 118
389 121
383 544
871 636
865 537
1081 639
964 532
957 701
911 321
912 362
786 303
895 477
1066 410
409 189
1032 583
313 106
886 691
1106 654
446 60
275 50
1017 496
840 342
267 700
851 250
1078 390
334 185
1048 413
329 106
674 678
1048 291
896 526
1169 197
1136 548
341 89
968 628
1022 640
298 676
1080 396
970 60
1168 142
572 8
475 86
852 263
907 307
840 594
789 248
1010 690
349 188
888 661
887 499
966 6
974 532
1095 503
947 472
340 183
1025 686
415 35
930 678
885 403
861 600
970 421
916 532
1045 335
1083 391
826 676
336 65
925 468
320 35
1018 572
1004 462
1129 120
1046 527
340 245
1165 200
898 315
1089 11
394 231
1010 401
1172 263
678 90
1043 41
1186 346
811 361
1008 549
796 217
1050 284
1199 496
1110 572
1059 501
1078 697
1063 715
1062 537
1011 490
959 514
1097 504
980 492
1185 533
993 618
1171 271
863 666
1151 458
625 71
178 93
1036 647
971 591
1022 36
1055 256
1276 394
872 309
414 125
1180 602
950 471
853 650
979 650
1002 418
811 291
1152 268
1186 362
1177 458
1144 446
903 682
999 719
1050 477
937 284
1175 354
1096 288
1122 451
1111 338
898 20
372 173
904 42
1199 524
929 312
1035 329
1062 434
851 241
1075 382
1097 382
832 232
1104 635
1111 310
844 375
1098 692
1200 407
1124 313
1000 455
749 194
394 413
1170 459
367 158
900 116
969 222
1056 450
1030 617
1100 91
954 44
342 70
867 516
934 640
974 389
1067 416
1077 534
836 254
345 108
849 330
797 266
637 318
808 268
895 276
594 41
863 517
1095 577
1083 534
358 265
992 612
584 647
624 67
834 260
895 364
320 54
332 86
1015 559
809 691
992 466
250 114
999 717
333 162
303 119
414 188
1015 382
1125 494
922 271
1069 55
949 383
367 123
1110 606
1100 353
291 45
1167 176
293 641
1134 342
406 158
835 212
851 543
1045 662
774 277
967 431
1187 556
997 416
1056 332
300 45
802 509
580 36
1157 321
833 394
386 159
1095 591
398 109
824 302
885 479
610 41
1014 326
404 382
397 32
993 628
1117 381
1063 676
185 230
367 272
351 704
1118 234
842 684
889 324
1064 623
1072 608
1112 473
952 325
1081 353
848 511
1119 411
1084 585
801 543
830 503
480 144
1028 118
612 475
1095 262
941 6
772 272
964 381
856 253
1101 465
1059 266
895 13
932 382
1087 606
1071 96
178 300
911 655
1023 594
1016 322
917 675
999 450
1130 497
1054 478
977 711
1058 711
1139 399
1037 714
892 521
937 366
264 148
767 299
170 562
928 97
1045 401
968 374
949 482
1048 570
1044 671
955 541
364 240
998 521
1185 521
912 461
1045 665
1094 440
387 662
901 428
587 493
943 519
1056 108
951 81
1126 602
1110 52
1150 87
855 395
467 242
848 107
892 51
538 342
1092 347
175 325
1106 432
716 22
882 499
643 2
1200 352
863 78
310 52
938 407
616 705
892 97
972 400
856 355
667 195
1018 667
1001 521
575 16
842 96
1088 529
650 206
1131 376
670 599
887 634
159 233
1099 415
783 236
604 68
1094 167
1167 450
804 525
1066 317
1104 490
1113 478
1138 543
1089 96
1032 663
1085 196
1115 358
424 73
1103 69
381 70
333 84
632 335
1163 518
1105 137
292 51
954 179
198 130
293 95
993 225
901 117
958 188
959 494
868 254
849 400
952 430
614 491
617 525
622 538
1093 415
598 515
375 71
1139 449
306 175
879 81
1010 505
962 481
149 161
596 426
1064 367
962 156
1033 679
342 406
175 247
1057 469
602 368
864 622
613 59
651 130
638 421
412 251
921 132
845 520
942 38
397 78
289 680
314 93
584 621
610 31
1066 616
1014 528
425 152
811 101
884 670
496 208
914 318
1059 670
427 108
1092 156
976 671
161 88
681 306
1044 613
454 237
603 536
152 64
850 516
972 109
1031 68
980 514
830 401
165 95
973 95
609 76
935 129
1057 255
617 360
874 710
1167 198
937 682
598 421
919 10
925 13
1131 331
887 616
1018 373
644 278
1069 635
625 417
981 11
1023 246
352 167
1120 539
844 485
1071 570
1195 240
1049 333
1093 65
284 47
891 87
933 489
562 543
979 193
936 433
411 114
603 437
896 646
1170 494
883 331
835 232
1079 688
939 218
608 438
933 373
783 599
1135 260
984 87
1064 706
826 492
1151 530
1005 472
356 40
1136 541
331 49
1045 581
874 307
952 500
485 284
1112 605
923 620
1015 250
151 277
481 260
1190 486
1110 607
597 479
1102 367
913 388
941 443
1134 503
1004 636
1036 673
345 102
395 314
1062 552
957 421
434 100
962 455
1166 408
381 366
802 387
1150 157
1031 636
810 705
1156 602
937 320
913 714
975 382
1017 647
1197 192
1142 597
1056 343
964 436
910 365
496 187
1166 624
954 14
1203 221
926 583
536 217
1106 524
860 75
681 643
1102 110
1083 469
1094 601
1189 346
1099 646
1136 605
657 181
820 557
961 77
285 37
914 402
1084 595
1066 296
863 649
1012 361
948 111
313 66
1094 271
892 677
1139 516
990 551
847 680
1169 555
1144 430
185 138
1097 378
1012 703
385 107
1058 366
817 550
866 635
602 403
1165 577
1026 507
349 92
944 447
1023 545
444 113
1051 642
1010 670
946 687
246 702
580 51
83 561
862 407
275 65
410 238
1099 29
325 96
964 657
614 72
990 460
1129 340
1056 560
1157 400
166 89
1102 9
1031 586
933 438
952 549
1023 432
509 97
405 12
1023 692
1128 494
884 686
1012 375
309 198
998 530
826 388
1043 690
1065 419
1026 645
819 528
1019 598
712 665
638 188
362 2
1008 396
1034 135
645 429
1112 552
973 399
927 591
1012 346
801 281
1149 426
918 377
557 4
897 640
1112 640
979 711
1198 362
370 438
1034 4
1048 295
1103 507
1061 554
970 450
1155 412
342 40
1089 573
883 473
1120 383
641 444
1050 228
650 332
1044 678
1048 588
777 192
377 96
155 93
1097 403
714 665
345 426
1033 669
1017 696
851 346
1187 590
1051 643
1084 623
1091 160
268 649
609 516
1076 600
981 114
1119 399
1164 404
872 673
948 39
1105 304
1104 437
277 36
328 112
1036 680
567 40
1081 12
939 533
1103 172
875 316
599 421
872 243
1065 599
313 717
908 526
1156 324
929 49
394 68
401 178
459 170
1061 596
1145 443
1123 131
953 446
1053 461
1180 377
951 47
617 411
885 603
341 58
1060 634
316 179
373 243
879 514
914 687
1017 317
921 381
980 58
1141 450
1053 618
807 478
1121 448
1052 693
1135 587
1068 570
1066 472
1059 381
1121 162
788 345
1093 208
315 28
797 344
1151 445
731 678
1166 491
418 11
1034 74
1062 71
1175 231
1069 234
1127 626
317 137
1069 396
1032 569
648 49
1045 138
1041 438
1195 335
1176 518
267 123
1074 609
903 349
1068 455
644 363
897 499
1139 309
370 26
1132 574
985 422
887 212
1054 346
825 270
273 114
885 236
332 28
1104 600
942 431
871 384
1130 632
1139 630
1202 462
1185 481
1015 377
1058 609
653 241
679 274
845 519
984 505
1093 34
392 101
1043 493
1052 654
751 701
986 706
926 43
167 483
834 272
1150 459
1100 475
967 512
776 613
849 251
950 501
1052 642
1118 605
345 58
1199 335
557 36
855 73
950 395
962 614
1092 240
1081 286
1098 188
882 346
963 549
348 62
1137 445
407 224
1056 537
812 291
803 232
451 89
901 640
1129 228
1203 501
1000 594
434 108
1013 570
1037 458
1096 279
1132 100
908 665
1177 448
971 427
962 535
1137 231
461 268
851 294
1144 437
864 698
966 369
1045 544
415 144
608 495
447 274
394 218
788 297
920 488
883 650
938 469
880 684
525 167
606 553
1149 556
879 346
1105 122
1001 573
341 85
266 124
1032 408
1072 715
836 700
922 280
1057 6
933 656
908 281
1088 475
526 105
649 331
929 98
457 48
1083 7
1131 468
828 325
1073 609
843 547
1033 539
1038 499
788 239
1070 558
966 527
946 565
1144 566
800 243
939 448
598 24
1020 361
1118 376
914 422
812 536
1089 651
1086 8
1204 280
1029 408
280 677
1051 635
957 375
599 43
1010 657
185 123
996 639
764 585
912 361
588 370
1027 166
1085 166
978 432
826 536
393 169
766 179
913 276
1173 478
1085 216
829 285
1141 437
859 228
928 333
1121 110
1066 12
324 149
1093 474
337 79
900 359
972 523
974 505
362 268
1099 102
939 444
1120 387
781 403
1072 145
958 308
888 542
837 254
530 174
1157 283
1003 700
1179 471
1132 607
945 536
950 436
1121 223
1073 415
312 161
835 296
741 207
1164 490
1094 520
115 431
1083 231
1163 353
906 377
1115 374
1081 302
842 237
982 452
1026 700
897 270
1067 322
832 299
470 157
1029 321
1068 11
988 379
1043 445
1069 706
1059 649
873 665
248 558
1044 588
1070 487
820 551
314 124
316 77
942 311
929 79
1055 307
990 697
1048 641
1197 426
977 450
1150 548
1124 248
433 165
1176 453
1028 326
908 604
952 604
985 613
1093 93
981 383
1071 275
928 482
947 398
322 683
1121 409
1109 517
308 65
1028 552
1154 563
1052 377
955 702
865 403
1046 503
1020 621
860 271
1070 624
975 306
1026 286
1006 561
1118 250
1091 296
1040 542
1103 182
956 434
1008 573
724 684
684 711
1034 653
1131 285
1123 342
1056 452
978 689
1082 539
1105 537
385 200
1043 552
1087 436
850 607
1070 142
918 684
1108 637
1119 72
860 654
511 122
982 711
872 647
1017 700
1048 685
1098 585
1101 255
814 629
311 124
838 425
316 127
882 676
1080 676
295 59
1092 278
281 129
857 531
1065 267
889 320
1099 470
981 389
1155 426
930 646
1128 579
1055 373
993 655
983 508
874 719
1085 576
1019 397
639 192
1124 403
1044 512
354 164
924 696
1103 696
1051 46
846 535
504 102
187 180
1102 591
884 384
857 618
1161 344
877 373
1122 388
1020 415
1110 496
1143 635
1055 639
1045 515
305 154
737 267
1183 421
1053 79
904 395
852 273
830 703
1103 295
866 666
746 613
1038 244
1140 590
1087 247
996 496
433 93
1127 258
804 239
1094 395
903 403
314 243
950 607
874 281
1098 307
1010 379
1070 379
1049 575
959 488
1052 296
1047 158
882 256
336 195
1157 204
930 680
1071 670
816 286
1057 714
1019 462
340 4
412 232
975 518
837 284
859 655
849 529
835 400
1181 585
1170 209
814 371
853 604
322 105
1019 452
966 443
875 672
1015 533
415 177
741 266
1142 495
832 190
1113 258
959 620
694 713
1041 584
1070 243
960 542
1037 562
955 472
957 634
938 492
964 403
596 567
1125 443
1052 202
860 294
1092 636
1125 602
1053 422
1099 194
916 637
1124 517
980 683
1063 453
850 505
958 610
1166 512
1084 314
889 419
1033 699
1037 462
1096 641
1067 457
905 251
959 511
1171 285
1089 444
914 536
422 204
1110 356
1011 634
756 531
1014 713
289 77
786 592
958 532
952 694
963 694
1031 373
1109 373
1031 46
1153 371
111 448
1095 705
1190 404
248 549
958 384
1091 598
1042 98
1040 280
385 245
952 539
1147 84
965 332
928 537
899 395
903 642
1074 225
1112 343
995 639
849 359
1001 662
1002 679
1089 458
1040 190
931 333
1130 443
452 473
377 204
1128 232
919 573
1118 689
467 141
1109 660
1077 406
970 510
1140 453
691 535
1124 271
237 416
1208 512
844 245
1098 646
353 170
995 407
435 200
1153 600
1124 614
1046 218
956 521
987 332
948 580
1118 269
1070 510
613 56
983 541
1039 305
874 497
924 479
1099 602
980 552
162 514
1080 107
1074 69
381 3
957 468
1067 498
306 177
834 221
304 179
841 297
873 344
989 461
1070 620
627 456
1150 541
1021 370
1102 570
842 325
842 608
1045 554
1075 335
1109 422
951 516
340 8
1115 522
1028 140
529 719
982 49
1129 666
849 593
911 279
1068 279
989 474
999 613
1034 673
1145 594
1053 365
841 306
1128 260
911 307
278 689
1072 514
996 482
442 222
922 570
1068 589
708 713
1075 457
867 396
1173 445
327 41
292 75
1133 407
1101 679
966 546
1099 538
997 656
972 455
1054 710
916 597
1187 597
1067 422
822 633
941 354
1025 438
349 211
987 543
1122 554
1084 588
1139 557
904 322
1157 360
1110 110
1138 567
929 504
1104 608
944 549
965 471
828 415
886 660
1012 654
314 89
805 277
1189 494
1114 279
849 661
1097 575
1032 209
1087 416
1096 373
968 514
1064 533
962 435
1107 616
1105 458
1006 485
430 113
1046 272
1189 344
1137 448
952 94
298 99
945 484
856 576
858 377
313 34
1091 668
897 696
1161 604
690 642
1149 654
1118 480
1062 373
147 176
1003 613
1061 697
1039 431
1137 610
779 306
1088 9
423 248
971 290
1128 246
1010 49
1062 559
380 128
1020 457
917 615
1033 530
1067 594
1100 594
304 166
1072 666
449 169
1179 384
1077 439
372 97
1045 255
487 63
1055 399
1038 275
898 499
281 139
893 104
384 189
332 72
860 683
1039 670
1025 546
621 58
1062 605
926 393
407 126
911 689
904 263
524 136
1083 365
1107 366
623 381
1146 466
1089 180
858 376
1159 376
1106 681
1086 267
148 182
812 287
1122 502
924 483
971 685
895 21
617 56
977 506
882 714
1040 239
1139 412
1035 347
1128 473
1118 558
334 29
1080 13
1084 275
1017 548
1195 569
989 700
989 391
1023 591
310 222
1037 353
638 82
335 92
935 85
362 145
1049 634
959 506
597 11
353 199
991 419
1138 616
523 640
1143 280
800 673
1086 464
343 216
1085 516
277 709
385 263
613 533
575 549
883 346
833 274
1004 699
1068 490
1085 171
330 105
820 523
1062 113
941 655
611 406
349 63
335 303
648 427
945 442
1021 572
1089 497
1074 547
343 25
1045 407
1038 428
957 302
1021 605
876 75
443 161
1103 440
1097 315
617 489
863 279
1094 553
1031 582
589 52
473 277
1019 277
1157 531
1084 119
1033 65
1090 70
1040 201
943 433
908 624
682 292
955 700
1116 461
617 458
633 275
1107 532
1046 17
1133 330
811 341
736 35
1131 659
999 650
336 145
646 352
896 514
1050 593
878 633
970 393
780 101
301 180
285 689
971 71
575 424
136 248
1118 443
600 457
935 437
816 552
277 68
819 517
1087 661
928 567
929 431
321 140
1163 640
383 105
1039 40
738 575
888 703
797 253
842 253
602 9
349 452
1042 589
184 412
979 496
833 311
1025 664
1051 672
1015 689
318 85
853 364
976 516
603 524
944 576
823 367
1141 297
1207 347
860 387
1162 402
1091 700
1173 345
1123 249
1189 437
531 156
939 343
1040 686
1092 188
1065 461
788 309
718 206
854 602
1010 418
540 661
902 31
863 366
1174 265
891 323
1117 666
1143 413
1177 472
1046 519
304 104
1008 703
919 94
392 92
936 376
924 648
630 519
933 551
844 246
451 254
1146 544
350 39
1124 408
988 514
638 450
905 294
1203 442
1003 99
802 411
1128 101
1073 615
417 117
1127 238
1068 36
315 110
891 487
806 602
1044 176
1052 20
1044 496
465 105
791 390
1196 425
1128 240
1159 340
191 165
1080 649
1092 549
639 324
981 367
951 665
1012 609
973 67
1081 387
1116 589
919 84
1128 194
1021 579
905 404
927 430
877 368
587 586
921 515
156 67
602 472
1062 304
266 135
365 194
906 294
589 47
1078 474
394 138
255 701
607 538
862 343
1200 507
325 145
324 72
1041 619
1100 167
1136 357
897 542
424 96
869 61
198 232
1129 469
590 448
1031 448
1033 653
173 322
857 287
1043 554
931 80
1146 366
196 255
1057 647
174 230
818 260
1052 1
1116 605
1087 549
1035 441
860 670
401 25
791 271
1152 543
289 170
879 332
1121 457
1088 473
210 313
1003 547
339 146
895 39
797 195
1118 548
862 369
1226 475
259 515
1063 649
1145 511
899 519
436 95
745 687
1008 534
901 485
403 93
1012 218
887 260
1094 145
425 299
455 86
927 506
941 324
888 486
1014 623
905 586
1021 267
1119 580
890 377
902 521
920 705
1054 329
925 354
982 674
276 104
753 243
840 389
943 533
182 194
1148 283
871 631
1140 605
1043 118
626 74
363 134
1157 545
1056 629
252 586
1203 450
981 319
1056 466
351 191
889 639
1196 510
260 707
1007 508
1185 393
1058 477
920 76
1033 227
829 241
980 328
1016 402
1051 601
1105 461
1077 17
899 260
602 54
920 700
323 101
626 24
597 653
140 148
1035 569
1066 707
780 274
876 533
969 409
1077 196
1025 650
639 40
1095 182
1042 629
905 410
1153 278
872 327
1176 583
936 496
639 83
1082 560
1006 482
1113 482
621 297
1059 581
1021 349
784 371
948 447
981 351
1040 196
215 626
1089 601
865 680
897 398
273 138
404 62
1175 517
964 460
1058 381
265 644
907 396
924 600
1057 637
1044 163
1052 512
935 342
1095 632
871 308
1129 347
1128 198
881 705
1048 519
1077 533
620 355
350 43
705 599
1066 559
865 260
1050 471
388 299
772 367
994 642
916 315
1132 323
1152 275
1181 133
853 206
346 37
883 672
434 129
1072 176
880 257
1144 300
1079 323
1105 389
971 439
1011 489
1192 309
1000 593
916 451
1059 384
1067 73
332 83
1118 569
1181 538
1040 640
876 262
1037 623
273 40
903 507
1174 200
365 269
928 401
1116 679
1113 620
414 57
886 508
868 513
339 174
1074 563
332 169
299 32
1136 192
1065 317
1045 238
1080 507
353 250
1023 578
1119 449
1080 603
916 431
1030 375
856 715
372 74
1085 506
1126 647
898 707
359 231
854 524
1183 387
800 228
1134 498
885 512
1072 512
414 133
1076 545
998 440
653 284
936 365
921 673
789 521
1180 470
795 354
317 211
982 370
1126 364
950 465
276 561
389 96
1031 168
1057 645
426 76
1002 491
470 109
990 473
867 493
1084 650
1084 538
914 121
1200 385
871 228
1047 692
1094 219
982 696
318 63
962 568
1042 704
1065 257
616 373
1158 557
1098 265
792 300
1081 359
1131 475
1075 360
345 36
976 232
1167 217
376 168
387 242
252 648
1090 381
846 668
914 525
1083 18
340 78
339 185
304 103
393 385
1055 657
1194 336
347 192
1045 476
1123 422
346 85
1083 667
864 434
363 106
353 135
834 321
1128 231
1095 361
836 407
251 200
1046 569
898 690
1017 645
307 26
453 66
1161 611
889 399
866 689
323 5
1044 473
785 330
968 414
383 167
990 517
968 648
922 438
813 280
1138 496
994 462
1160 453
1107 523
1172 445
509 149
331 79
1078 639
1077 29
1060 573
829 366
1147 635
975 475
878 716
320 51
1025 571
1093 571
895 505
1063 306
970 383
1016 383
1122 120
1081 462
1033 643
337 198
1009 623
937 527
922 298
1171 209
1174 212
1161 573
1061 393
428 220
961 540
268 139
1055 190
944 421
947 555
326 679
899 396
1103 650
1080 582
383 113
1084 514
320 81
1078 202
1066 670
1103 707
888 369
992 640
1040 401
1121 450
1078 158
1144 539
345 82
290 128
970 681
294 125
1060 427
958 633
893 381
1082 96
833 402
1109 227
1179 178
941 658
1135 441
1057 335
1058 61
917 324
982 439
1109 439
463 104
843 655
468 66
1082 198
1064 711
1157 435
479 149
407 60
927 387
468 145
1121 160
296 112
892 539
460 120
1056 436
1110 625
254 628
348 181
1156 502
842 351
1078 581
1082 428
451 261
1194 251
376 37
825 391
890 317
1099 679
1025 653
771 364
264 147
982 141
1033 541
1014 506
1150 254
913 358
1055 519
1159 533
855 603
1151 276
1098 288
285 16
1104 267
866 389
1132 389
1139 149
1162 326
1069 392
277 23
876 655
1019 614
1112 543
129 470
906 384
953 565
390 66
766 242
287 89
320 89
873 294
1094 44
1081 9
907 498
843 249
322 65
1017 542
1057 468
1036 352
1051 477
874 240
780 384
912 384
1115 610
254 667
1096 577
387 39
1030 666
891 592
895 592
1129 507
774 717
1031 354
371 96
1069 565
1046 658
1032 620
1041 636
383 214
917 430
750 632
1062 288
1018 645
342 168
1003 540
938 630
872 366
1098 285
927 484
1005 593
866 386
803 359
1087 485
252 690
1033 627
1172 459
390 181
313 53
1091 133
943 576
1185 457
907 492
1179 580
959 295
1083 513
1084 668
1143 517
876 599
1070 353
1043 234
1066 89
1068 426
1035 446
474 75
1172 240
855 476
829 258
1186 563
921 425
601 675
854 526
973 615
1174 286
911 359
447 226
824 348
1053 331
858 324
1053 195
1090 493
885 659
972 499
1031 680
916 706
1142 572
300 157
1038 563
849 257
1020 569
1067 300
1085 469
854 297
902 534
1164 213
944 356
944 471
1139 272
462 148
951 435
572 177
879 212
895 333
1170 472
1175 408
1074 441
315 17
1051 238
1085 60
887 546
1163 291
911 46
1078 623
1152 482
1058 478
830 499
333 188
1096 689
1207 487
397 325
882 556
1031 341
1050 353
1079 366
887 654
1172 592
996 396
882 584
929 391
781 328
860 400
913 555
887 501
1191 501
825 704
1035 374
1018 453
350 162
1207 351
652 343
1035 70
943 402
299 88
1046 151
983 700
1055 320
69 401
908 452
863 524
823 266
1061 318
1034 270
1188 580
471 120
910 285
1078 352
953 686
350 291
1121 311
1034 267
1035 640
939 583
1091 435
936 485
1180 590
421 297
1083 336
1030 412
1149 509
1178 529
1194 444
991 699
1025 565
1200 486
309 39
780 678
1015 495
377 79
862 401
324 84
559 437
301 115
1014 417
353 93
1154 631
392 286
1099 164
1166 590
947 431
949 486
1151 257
1125 232
845 261
873 194
1072 583
1071 664
916 525
1093 262
1121 578
1134 460
1123 247
992 654
942 530
1129 420
1091 464
1028 310
482 138
1063 684
1032 393
1159 547
981 407
951 498
1164 241
356 196
712 103
811 340
944 614
367 276
621 439
1053 343
1076 704
971 632
931 581
1144 558
1079 533
339 285
835 360
968 464
445 58
980 399
856 508
1083 664
1066 96
836 380
1044 99
489 80
957 367
293 711
914 305
1061 628
693 696
1168 572
321 62
1000 630
1023 437
840 651
1043 583
285 65
1049 449
1094 648
924 277
1023 618
367 71
1008 686
805 384
872 407
1050 697
956 425
1049 397
389 106
1139 517
1172 220
878 608
