951 713
1249 8
424 482
924 309
1222 701
246 492
723 716
1213 53
602 338
187 367
69 704
534 66
554 617
479 715
738 535
864 679
1168 186
1215 30
758 663
604 205
1231 25
883 671
858 541
580 516
1257 5
379 252
723 588
286 632
222 75
947 6
944 71
1264 184
316 460
48 81
327 143
1086 331
372 238
606 56
64 263
385 189
868 663
50 72
403 363
265 593
108 654
949 72
1223 688
416 185
228 290
125 528
875 650
631 118
221 21
1158 346
18 507
824 655
1234 69
266 423
975 82
1 36
740 116
1230 33
482 438
784 11
376 212
