767 189
1045 630
1116 520
742 150
700 72
1148 499
241 70
171 227
724 176
677 35
938 681
470 528
369 63
825 650
360 689
1148 382
478 623
296 19
755 283
1087 206
217 96
1010 26
1119 299
957 548
280 304
448 286
924 517
362 91
429 434
1108 433
764 321
478 712
789 283
340 116
220 147
1166 356
787 120
1011 420
1121 380
1128 406
846 626
972 455
1162 431
1023 639
458 30
804 598
988 52
995 705
534 634
158 188
324 43
720 38
1117 399
605 186
606 152
975 304
1133 367
736 125
1031 35
616 220
739 347
1109 410
970 497
763 451
1029 66
1045 701
596 283
1051 711
765 344
1104 285
625 238
596 174
454 415
544 28
967 415
1135 392
1140 348
765 199
1145 285
1166 457
1132 464
718 140
1120 411
325 178
326 481
1036 607
144 325
361 118
1121 338
356 3
1017 628
1120 393
717 55
747 208
376 343
1043 94
1120 488
908 522
702 635
242 166
781 288
299 677
925 676
1030 95
1152 389
228 11
784 604
656 350
812 521
625 250
960 417
344 123
1102 310
653 234
741 161
321 25
966 339
971 371
314 702
1143 251
1024 276
1104 229
1020 519
1148 336
982 469
1117 529
297 80
227 190
1151 330
1106 427
1124 283
1120 314
255 530
547 39
1157 367
760 334
317 7
465 645
983 413
427 489
1110 392
1154 467
1140 493
1056 1
1040 678
1025 440
996 698
244 189
218 208
696 91
1176 324
1086 713
1030 653
836 584
599 89
465 35
1009 19
248 183
1138 455
1128 471
1000 53
378 692
733 303
1117 396
1039 23
214 512
763 511
1101 177
382 32
254 222
1020 321
1157 320
799 266
366 89
1041 631
760 285
1025 597
1150 322
273 569
606 183
1035 647
1121 401
980 434
1129 506
761 285
337 50
753 258
358 575
1149 528
1021 322
880 457
1015 457
1124 326
953 471
1030 497
995 704
309 72
996 444
569 99
1033 529
1119 486
1155 399
770 291
1023 292
986 292
1039 556
1021 584
1106 442
614 251
1035 200
536 17
326 583
1159 466
1040 553
1062 555
349 87
889 395
1157 327
840 520
239 350
695 8
385 57
1111 162
43 225
638 289
202 33
1120 318
994 490
1120 301
1128 251
235 637
360 633
317 708
1008 548
198 221
994 435
311 587
678 648
299 454
605 207
1168 314
1020 484
760 189
615 224
309 452
822 589
1019 637
899 440
190 130
614 215
1004 592
1040 600
941 664
1142 490
1124 349
195 99
270 310
1135 403
227 467
1007 474
1014 172
699 610
150 527
1141 288
900 279
201 498
709 119
259 190
280 325
1021 505
350 495
344 651
733 321
349 615
592 63
236 123
697 115
1020 292
989 321
154 367
946 399
808 433
329 580
1056 570
513 536
720 121
744 69
633 232
574 206
1041 338
266 359
1001 679
275 648
361 632
1018 597
588 30
499 3
183 86
240 192
554 361
994 277
973 458
973 467
227 234
288 524
975 535
766 162
1117 273
1026 692
1156 531
261 434
949 285
1040 618
1026 589
903 400
1026 680
266 510
1024 94
823 662
1097 713
983 665
1094 422
207 203
973 502
1044 116
927 716
1158 443
1045 480
1041 518
1099 489
190 375
1037 516
703 129
551 53
276 372
248 372
999 369
226 504
1016 385
1129 479
626 176
335 693
1001 515
292 714
954 660
597 426
229 577
291 508
940 436
547 27
324 694
608 216
1101 443
1035 359
733 154
589 257
1036 509
929 683
982 616
1134 462
1026 703
563 109
371 559
945 407
1009 99
1136 359
195 167
957 684
336 529
149 489
997 668
996 667
957 531
931 427
647 438
242 98
363 681
1043 673
1108 267
756 416
319 412
985 678
951 676
197 559
756 312
583 155
377 649
920 207
343 552
612 133
253 552
948 671
952 31
680 279
995 434
1156 294
1012 518
337 573
1005 283
927 675
739 156
1004 43
240 459
953 544
713 232
335 371
1080 663
1129 248
1162 401
155 492
1031 11
643 243
1026 212
1038 465
1139 269
929 482
1055 698
286 291
181 399
1018 410
1142 266
303 486
615 148
1021 108
946 670
1172 490
184 183
238 105
1021 565
1112 265
645 225
1151 305
197 312
339 115
986 500
621 230
874 521
741 233
298 550
803 550
1146 478
988 459
490 1
1145 344
1139 493
1111 334
629 330
1039 523
165 455
614 246
533 107
1157 505
780 337
405 243
711 54
1121 519
352 81
384 81
263 249
212 55
1163 195
727 106
268 292
1140 449
214 462
1001 545
330 443
191 215
1072 713
315 14
1108 300
926 636
267 273
1019 452
1043 538
235 667
1211 613
923 208
1138 131
523 123
984 543
377 127
199 87
335 600
1033 576
341 608
1002 633
1051 577
709 71
996 532
587 189
318 120
1133 275
740 212
802 556
460 530
911 524
1126 386
474 460
341 699
752 204
1153 391
1147 474
960 655
1154 301
790 248
1145 503
781 184
1159 387
1178 387
1153 448
761 114
716 163
1020 586
320 93
316 673
816 707
1136 509
778 219
1063 675
348 605
1134 545
1125 282
1053 703
378 688
1136 183
1155 408
1100 344
283 295
202 67
534 711
920 668
351 152
962 426
1013 589
974 647
1002 671
947 442
444 532
1103 168
1001 553
1024 178
1145 437
1126 527
1131 311
1001 470
757 227
1140 312
1027 57
141 295
1115 383
1145 445
1132 325
561 614
1133 505
724 236
934 17
1186 454
1087 691
202 124
1147 497
684 43
714 40
754 410
688 54
413 451
1067 687
1008 370
792 477
935 706
272 267
677 554
1142 484
1102 442
238 151
994 626
1014 214
430 317
989 534
543 702
1036 448
540 37
1171 355
1036 575
175 457
973 541
359 170
431 345
215 31
1058 44
229 61
614 271
940 716
1040 50
1103 288
1123 407
738 207
1081 694
1135 390
1147 401
1093 698
905 423
357 123
594 179
1141 518
1119 304
609 137
1103 446
1047 674
180 556
210 60
910 442
812 272
547 666
1131 525
1141 418
978 694
1015 425
981 180
1027 446
819 719
596 63
968 645
1010 445
600 169
980 381
438 327
1028 349
1045 535
1154 285
1141 322
1035 599
1017 6
313 431
1147 323
691 133
750 233
351 608
404 177
344 709
416 120
621 330
1017 86
339 96
953 705
1005 502
1113 263
542 232
352 487
1000 369
973 705
370 144
654 314
215 433
237 497
339 620
1026 532
960 297
1011 19
1136 372
1008 651
978 479
318 112
1022 85
959 462
497 115
1123 458
322 99
714 105
252 215
575 102
1163 238
1143 486
263 626
309 39
323 9
1160 427
236 50
716 23
943 385
1146 252
1127 467
995 475
795 212
1116 360
733 183
826 668
390 159
210 114
1158 536
297 554
552 189
1131 401
670 71
956 656
340 120
264 242
606 471
995 563
1098 495
808 576
730 125
1127 371
74 389
388 91
211 159
1169 435
1170 381
723 297
1175 452
1120 399
1155 480
367 94
1137 465
1162 230
433 221
1166 387
433 469
1031 435
830 603
1085 184
1122 517
1134 410
1139 323
1134 443
1132 513
497 643
1131 235
704 90
1119 384
1151 349
396 170
1108 328
304 53
1131 506
1106 399
1036 639
1168 494
1115 335
1119 306
343 103
730 181
306 620
1142 394
381 232
224 182
1039 717
1111 452
600 300
1162 319
1117 524
483 561
1145 232
1114 517
1039 524
976 429
226 135
806 569
1082 193
818 716
1111 412
771 363
1134 390
830 258
324 576
1158 448
607 52
1145 455
745 187
917 391
1085 200
1126 332
1167 307
1105 333
1144 427
1136 345
738 203
1149 495
1157 435
1112 289
808 669
154 414
1136 445
390 99
396 241
1126 484
1139 215
696 62
814 432
751 174
750 341
1126 424
1157 492
744 413
762 232
1127 236
768 113
1109 337
1124 337
1006 683
1146 466
358 51
691 717
357 126
1126 291
1166 330
706 3
1127 193
1127 439
729 125
811 663
940 669
371 195
1109 441
715 66
489 587
365 199
1109 220
385 153
928 281
1106 321
1135 483
1152 429
814 637
293 583
376 150
1106 422
708 116
799 613
751 240
1133 327
357 149
1116 494
729 344
512 158
626 328
392 129
1124 354
328 643
731 42
1036 338
176 205
364 190
1150 422
751 216
1029 395
1045 633
1121 295
1131 453
1143 187
993 553
320 85
800 598
1024 63
436 272
583 215
1115 477
1164 420
487 592
784 202
1139 369
970 458
432 497
730 26
1159 397
725 202
763 314
1160 486
354 185
322 65
334 56
976 408
217 192
353 532
1166 401
219 53
1123 198
862 638
1171 392
1102 431
772 143
788 483
1119 188
337 68
268 546
831 554
1112 407
716 182
1155 420
532 711
716 176
707 140
1001 402
232 154
1129 410
1138 160
1150 276
1029 576
1148 470
934 691
1038 489
229 263
800 464
1128 534
588 146
517 660
1117 292
1042 657
846 700
472 662
184 179
1029 557
1014 465
554 111
1047 453
1146 428
216 487
1108 366
713 88
1113 555
970 457
397 42
781 225
218 117
1126 328
1144 363
767 210
1117 390
760 446
1146 499
306 17
1137 552
1135 253
304 7
992 20
1100 431
1123 422
1135 347
715 159
304 28
581 296
1035 476
1140 413
1027 250
322 594
313 58
1150 340
1151 493
765 140
1151 251
342 119
772 268
1133 383
764 364
360 674
779 558
815 576
422 471
1114 510
676 85
728 128
1126 257
1108 568
964 640
1169 421
171 343
780 387
1115 443
750 322
344 99
243 463
350 41
936 706
1134 342
449 255
1038 621
1114 449
366 153
1142 452
1152 395
390 163
1005 274
1147 441
409 204
538 652
599 295
758 304
403 220
1108 285
713 26
584 165
757 288
761 326
729 225
244 184
217 445
495 562
753 159
799 610
1142 443
751 184
1021 363
812 708
1145 276
308 55
783 273
1146 457
762 216
1157 412
328 19
1134 488
1019 498
1142 501
1133 317
173 456
1044 463
449 265
1128 472
1107 381
744 284
1149 481
1144 226
1129 494
504 582
1114 324
761 248
768 248
1043 142
451 444
192 134
1150 552
364 687
704 26
1182 438
386 61
1181 292
1107 417
598 666
1028 468
1157 479
1124 446
967 660
1126 393
1020 642
1117 240
366 71
984 383
753 341
1135 477
449 434
1151 516
318 15
858 349
1129 348
1136 391
1028 582
395 186
519 719
1134 334
1125 395
1095 417
1127 441
1118 496
1127 187
1128 377
972 41
1001 442
526 11
753 223
323 102
773 207
1105 431
1115 407
1149 407
864 653
1015 270
233 676
411 245
333 688
361 71
754 420
766 185
1122 351
1104 275
996 319
1107 228
762 49
999 497
1116 376
515 267
391 581
715 80
316 99
1013 581
510 636
1107 285
779 269
1111 458
967 455
1014 558
479 32
324 22
1156 361
788 490
987 316
465 537
992 529
1079 170
733 50
307 496
574 69
408 309
1100 194
1075 652
398 274
544 710
1161 464
417 263
980 126
1140 285
1026 426
476 571
395 235
1142 459
704 137
777 417
1154 547
229 122
731 95
1126 313
217 102
1111 470
1139 275
1127 410
832 533
975 528
727 214
398 158
1108 428
1116 294
1159 527
309 28
737 80
445 471
1134 349
452 470
1145 391
827 30
671 19
843 626
1135 479
1136 241
1161 391
317 22
474 580
1112 330
735 188
1143 501
503 674
1132 293
1021 576
1127 419
1133 446
427 240
1145 507
1177 322
775 278
740 129
748 431
1153 365
305 37
1102 509
766 314
1133 154
326 31
367 87
703 15
1180 481
1141 508
1100 487
1137 271
322 95
1099 189
714 494
1022 471
975 452
1101 417
1142 304
1098 277
735 614
788 59
828 589
1128 273
1092 364
397 149
754 245
1103 478
499 572
1114 254
835 711
1169 443
1120 493
1158 344
763 287
460 339
734 144
731 146
756 109
386 213
1125 295
1117 357
730 223
722 239
1035 4
335 47
760 151
820 333
1143 478
1128 440
1129 351
355 288
370 192
1140 473
1098 464
387 115
760 115
707 462
860 699
769 5
1134 492
1139 450
1153 403
847 606
1145 198
754 505
431 502
836 703
1156 285
849 670
1149 312
435 263
1129 533
765 428
1123 512
1137 349
1126 435
751 206
745 110
1099 459
678 593
705 330
427 252
1111 505
1098 202
1136 297
1119 490
306 59
373 124
1151 384
370 65
1114 420
321 4
1110 259
396 319
532 670
740 216
1122 488
744 398
1147 240
1150 265
748 284
787 689
1132 457
715 49
734 102
1164 454
1121 511
992 461
751 286
766 385
1094 403
352 75
1125 508
1182 469
752 175
733 102
73 350
1129 456
728 52
1156 492
787 581
318 80
1149 362
1157 362
262 685
1124 296
962 458
342 88
689 57
268 273
99 134
748 217
1113 339
841 716
731 59
1031 648
783 395
363 648
1148 300
1158 485
1117 523
1122 498
599 241
1112 339
422 565
502 696
1145 291
1138 474
341 159
1177 386
146 490
372 300
432 458
752 372
1136 488
1118 497
713 154
1161 273
1174 426
1014 432
1108 423
996 450
1162 285
436 461
473 559
1101 251
981 445
326 25
1144 244
1014 339
662 13
343 90
1013 358
525 54
1137 482
1107 499
316 39
379 689
295 392
721 183
667 8
1027 610
564 64
1141 463
720 67
752 375
511 647
374 47
771 325
468 502
1136 505
1077 714
764 231
1028 601
1153 552
359 659
1153 501
1015 287
1096 285
401 198
735 159
739 125
382 82
676 89
1116 139
1054 596
346 102
1131 276
394 222
747 269
1015 513
1169 389
321 13
800 556
744 100
325 111
1154 499
1154 521
1152 401
330 617
315 490
746 372
778 74
754 189
1102 433
434 518
1118 456
1144 437
1117 216
998 489
993 506
748 259
771 15
1099 406
377 31
731 94
758 293
732 92
1025 530
1168 495
1142 424
614 210
773 246
1169 440
749 187
332 15
555 675
1112 516
1139 315
1151 413
590 69
758 238
1130 445
727 472
399 135
1111 200
802 613
386 138
1171 460
800 446
1112 379
1142 450
679 55
1173 442
1145 492
723 101
831 482
621 254
1139 390
1105 577
725 383
1012 75
1116 285
1141 588
1122 206
1172 374
1110 413
474 348
734 198
705 5
297 392
716 214
731 67
1138 203
742 479
536 595
312 47
1163 446
557 56
336 35
1016 160
1098 351
1115 202
1165 503
552 88
1001 518
323 61
1114 250
1113 520
919 17
336 129
1139 224
1111 424
746 216
231 306
1135 326
1222 406
1151 461
1043 115
1160 434
1106 258
1181 396
1142 447
771 242
1164 357
1149 348
793 187
1140 303
1133 487
327 23
1115 199
1139 321
504 608
1051 608
1158 507
1149 266
541 541
282 16
250 260
1164 414
782 590
780 201
1129 379
1120 510
752 293
326 98
1125 336
456 582
820 688
337 53
737 301
800 633
429 266
781 213
1127 411
369 141
1154 414
1122 334
368 708
324 64
741 269
1124 494
349 520
1161 301
187 41
352 127
488 695
517 695
951 416
1156 398
413 463
1119 600
750 141
816 710
288 397
998 396
1098 407
281 471
869 654
732 114
1140 217
1140 375
600 122
1053 504
409 223
1126 384
396 213
346 56
1031 486
708 108
1115 300
1130 331
716 199
211 131
1101 500
295 517
655 587
702 663
765 439
604 208
562 132
469 436
752 76
753 215
428 417
1159 300
1013 484
831 653
776 375
1124 533
1169 476
1037 509
588 69
1094 703
1135 300
422 269
1132 356
568 142
855 716
762 230
391 236
552 708
1108 419
305 25
1134 552
1168 441
522 660
962 355
1125 444
828 508
1132 473
374 241
722 148
336 70
772 176
390 291
1128 322
1135 338
1118 185
989 565
235 452
1027 547
1157 480
1003 376
991 492
1017 457
194 73
1153 229
1024 530
767 329
728 146
1094 357
454 632
1094 317
997 674
297 301
352 92
990 329
972 531
434 410
1133 355
775 148
481 625
767 504
791 272
809 313
730 459
981 513
1150 329
686 31
520 644
1033 154
1102 327
349 140
980 588
826 532
327 102
892 321
1148 301
699 340
1135 427
736 161
769 289
1163 256
1120 373
336 138
1018 629
749 153
1145 483
594 176
181 257
1108 451
759 160
1171 463
1119 135
799 238
305 17
1115 319
1104 388
322 1
1130 205
1124 426
1116 500
818 664
615 350
1128 378
1116 252
69 353
1103 365
1154 261
1152 340
1155 467
1139 401
1127 248
1149 384
1021 369
1098 429
428 10
1127 278
1152 505
766 309
700 82
968 691
704 20
1149 413
1126 411
693 154
780 315
836 512
1117 474
1128 474
1156 474
568 154
360 257
1103 452
1033 627
1125 392
434 486
1174 503
1144 345
243 345
870 718
1001 58
1144 497
396 112
1142 291
1115 517
1123 209
1115 436
550 647
592 181
409 259
978 596
1154 405
356 83
282 31
891 369
1123 344
788 590
1174 538
190 525
1118 298
1123 327
1174 348
1125 399
1030 259
1126 482
320 386
1136 273
1118 287
360 610
1133 402
1143 504
757 177
1113 335
1123 478
281 473
1128 473
517 110
1021 341
1003 171
1061 712
790 376
1112 441
769 321
1124 565
389 123
822 617
695 29
336 458
510 618
811 498
369 233
138 293
345 167
1116 511
450 525
848 592
968 684
431 427
703 64
757 305
553 699
701 14
1030 162
427 256
231 561
135 272
395 317
1107 245
685 59
808 472
733 238
277 320
458 524
1036 548
327 88
1105 454
1130 274
363 212
698 44
1016 157
1132 488
1020 327
754 408
375 215
1131 278
779 345
1114 459
720 96
344 77
709 68
1119 239
1005 656
358 35
343 157
1143 206
377 148
1113 436
746 252
765 171
336 16
457 582
1008 401
746 323
709 58
1119 519
1129 481
803 563
1148 438
1129 182
1133 493
404 349
630 240
1010 504
205 206
842 713
1005 312
1031 514
1133 337
290 702
296 436
1020 400
953 577
752 244
1148 344
1117 370
1134 309
1117 177
1017 29
357 593
1020 658
1138 415
1138 259
1021 64
1123 463
770 281
491 669
1166 369
261 356
356 106
975 491
1123 326
901 530
719 69
728 386
540 88
1160 409
1181 421
521 620
1143 244
646 339
921 667
734 211
1103 198
979 671
972 602
67 462
351 75
1002 654
364 229
756 212
126 335
1010 625
758 285
1129 192
394 359
736 401
487 683
1206 274
1029 331
713 142
1114 180
767 231
1115 231
828 655
427 220
1031 140
1114 461
843 666
404 229
309 501
320 4
1156 242
739 21
496 525
1144 126
1026 339
1133 509
975 345
1043 126
976 445
461 317
347 62
776 399
1132 494
356 19
513 76
1127 400
559 20
449 326
518 665
319 588
958 469
720 95
1041 276
460 373
1120 281
1103 394
1011 160
604 184
715 64
707 694
1038 272
352 33
920 406
930 704
988 686
760 247
974 446
1103 423
1151 316
940 694
1022 524
578 125
584 143
1032 130
963 718
360 672
271 637
212 240
999 454
852 673
212 155
1038 429
970 448
769 359
963 435
1118 435
987 506
732 123
288 210
692 135
819 612
376 711
1050 641
766 252
1124 374
373 283
1121 330
1004 607
198 251
243 384
902 1
228 481
278 316
629 120
763 290
1034 648
1089 692
756 152
813 697
994 705
1035 43
1147 425
483 515
953 294
763 269
824 551
1138 337
1136 507
1132 458
1133 285
1029 29
1115 340
759 255
1105 298
525 605
864 676
331 498
986 498
1027 591
998 439
937 22
615 128
759 331
509 550
926 321
1142 516
991 651
308 537
1007 292
1122 196
681 5
325 56
587 46
1023 173
1012 405
202 81
944 709
1101 190
486 719
1056 116
360 620
183 419
296 447
1030 272
1158 287
953 612
1036 663
1138 430
942 73
230 467
539 7
1127 350
266 260
1045 201
624 281
259 360
1008 699
938 138
1013 234
220 429
1026 190
1042 673
912 484
988 310
182 202
1041 478
822 547
252 398
958 708
983 133
790 264
1159 325
739 115
764 256
647 258
1058 668
1161 304
376 82
1044 365
532 30
931 690
1055 697
1020 513
1031 436
1024 450
537 149
1156 346
1005 541
1015 663
619 255
849 532
559 74
632 206
1130 480
754 147
619 121
1019 155
691 24
1148 413
1039 132
474 15
1038 353
221 129
302 543
988 485
1135 368
677 2
257 173
1023 59
162 319
978 690
979 18
1008 600
1066 703
1088 190
1058 290
1114 306
560 231
451 30
1005 532
1155 550
727 73
949 384
1118 282
363 623
618 249
545 709
368 648
724 89
969 341
1160 463
1110 502
1023 524
244 208
778 238
397 133
1007 278
714 17
334 125
984 450
303 698
1167 388
342 574
1008 268
953 342
734 104
245 234
309 518
1119 342
314 387
340 520
788 469
1010 476
1117 310
562 164
1157 373
792 249
749 598
1146 495
235 305
1041 703
1007 326
207 160
309 15
629 165
1169 392
260 466
944 510
984 406
591 153
1089 672
1091 183
1017 488
386 684
1146 524
929 539
747 113
1122 239
992 481
182 335
686 50
605 240
627 234
369 581
94 592
738 2
882 479
1013 105
245 197
749 107
943 554
1123 273
1130 550
1130 384
998 582
245 68
214 243
1040 715
491 687
306 46
321 6
1137 441
1029 374
846 689
1017 92
367 182
1157 438
1129 536
350 44
1137 258
48 444
741 195
1150 296
753 521
1016 20
1116 502
1132 514
1119 269
371 26
1146 423
331 123
350 123
341 137
372 154
627 179
447 14
1138 298
1114 325
550 682
1108 335
349 53
1121 526
1117 260
810 593
385 203
1105 460
741 178
1121 274
831 487
745 326
1121 530
1126 316
1135 354
376 54
1116 305
355 82
1156 406
829 684
349 59
1115 346
759 200
678 18
714 167
547 719
1163 406
728 93
394 131
445 433
1192 346
402 187
480 708
1128 452
947 658
1085 198
780 375
1122 228
731 110
1168 330
786 196
718 124
688 67
1113 313
1004 297
949 455
1126 498
480 466
372 112
1123 266
1137 298
1031 463
1137 522
692 100
845 532
721 52
795 183
1038 54
689 141
726 233
691 155
554 690
1036 569
930 549
1163 356
823 587
1155 360
1124 176
327 33
1112 216
812 317
213 521
1143 283
367 88
1022 628
1109 262
731 142
1141 439
1109 176
424 203
763 139
679 12
799 506
519 673
1123 260
1171 400
762 259
820 672
737 144
833 689
485 448
1122 290
808 179
393 75
763 462
1120 311
411 264
1056 699
687 116
1160 326
391 262
1139 370
507 718
787 595
979 336
1113 204
634 406
1154 480
1167 370
753 394
1116 245
1140 209
739 49
1148 452
378 94
1159 439
1128 453
586 83
212 442
341 90
1146 234
1154 509
665 2
1011 605
1146 230
424 513
1121 413
1113 174
987 480
954 479
1015 316
1011 558
493 529
1163 429
960 517
1137 386
311 0
788 614
1027 655
1123 444
1010 295
349 34
981 450
470 563
1029 300
1144 387
746 217
1116 264
1033 702
241 368
1041 277
1109 496
549 653
968 45
746 310
619 166
1042 639
1086 209
332 638
758 174
775 174
1020 470
300 7
1104 353
931 675
215 469
306 698
514 7
999 418
488 601
335 570
274 208
1048 576
1041 26
945 701
215 113
387 654
1049 27
1165 413
991 598
775 225
980 467
991 586
1029 267
221 166
345 600
1151 387
309 699
1031 97
1148 361
1048 671
1095 403
981 388
277 233
948 706
1043 291
1116 199
1125 308
416 198
801 629
1064 684
942 464
1110 487
1108 319
361 112
590 144
511 3
1109 409
1167 406
216 243
1025 568
350 696
747 294
701 84
416 176
1127 502
395 309
976 288
1177 480
671 486
1034 401
1128 414
367 180
1161 456
1038 696
1102 320
1106 304
760 142
1100 341
1163 520
432 260
331 649
236 151
794 174
217 85
576 686
1125 436
1045 48
1103 408
472 543
787 298
235 486
724 130
1033 15
629 231
1010 485
969 566
1033 33
1029 520
516 31
958 402
1068 692
1135 189
1122 535
718 220
231 473
401 208
955 653
328 37
816 635
1003 649
1067 703
830 630
1138 501
1009 574
217 399
723 122
353 57
745 306
942 539
1109 242
831 609
933 411
1173 402
1029 32
791 558
470 2
742 247
1030 719
1105 391
345 692
335 72
985 586
1113 374
776 239
443 325
1043 519
734 45
381 57
1013 96
354 643
572 103
389 597
740 353
304 31
1132 408
282 224
1122 450
844 627
533 620
1135 373
1161 248
1137 411
1156 388
1007 416
487 70
356 118
1139 455
1020 342
1023 72
930 479
186 113
358 649
281 381
558 114
321 422
1126 565
1131 272
220 44
1107 360
970 706
344 89
258 237
688 3
627 308
1013 596
769 284
143 319
344 177
369 177
234 399
979 659
387 62
937 445
1019 394
640 291
1033 539
337 618
311 27
1178 455
333 42
1134 223
1023 86
1059 511
976 573
1127 405
263 200
264 289
476 610
1028 690
1038 626
576 53
960 363
1028 660
798 298
346 664
685 705
850 547
596 73
343 555
1144 527
988 434
468 589
1007 407
436 322
734 15
1035 668
975 392
457 311
597 403
1002 502
319 591
773 181
241 181
796 187
721 124
1177 421
1146 515
941 416
985 443
992 500
976 487
1105 190
1041 519
1156 251
402 253
1172 460
1132 383
1126 463
1164 463
393 360
1008 117
306 30
60 413
210 262
1115 428
724 230
779 389
1118 518
754 292
238 667
1022 539
748 87
706 155
1009 713
465 436
938 717
335 36
1117 413
1156 324
1139 287
674 9
725 159
235 68
549 38
1005 492
334 666
1030 590
1036 319
478 563
1228 561
727 328
449 351
721 61
291 456
953 451
324 57
698 82
778 330
1137 443
1022 645
1158 432
352 210
1150 438
590 383
617 126
321 659
1050 7
333 183
321 32
1143 442
296 686
1085 196
1102 106
1022 643
689 103
224 238
1116 420
852 600
1016 688
1115 481
970 386
1133 226
307 6
1154 376
1138 475
245 238
1042 492
1015 569
1147 281
1102 210
1129 524
991 533
334 91
1123 351
1018 545
507 111
1177 307
1069 716
720 303
735 232
1062 654
990 378
730 29
1034 150
181 47
1123 482
812 553
287 579
982 705
1151 433
1052 672
988 655
1001 714
934 558
176 282
744 254
1127 317
742 148
458 555
357 68
1114 315
540 595
558 156
948 43
1129 290
377 310
262 313
545 144
1117 473
763 211
1134 385
1096 326
370 55
1148 140
1144 445
435 448
1066 687
1118 327
1127 284
333 547
1013 715
416 208
301 456
1114 339
783 89
658 191
1134 340
1159 455
983 421
1141 434
1033 629
804 528
396 366
794 552
1078 177
373 182
678 50
758 245
927 559
1106 216
218 109
409 228
752 202
952 437
1117 455
1119 394
421 199
695 99
743 188
1167 490
1027 105
1005 679
587 180
957 699
965 409
584 90
320 14
791 245
1009 409
350 18
953 435
1029 83
1119 338
1161 453
705 123
1028 27
1024 525
1016 484
1126 434
1009 434
1047 510
780 536
364 15
264 236
583 269
305 18
337 109
1152 282
195 170
269 386
1148 346
1139 271
628 223
749 236
282 501
544 19
1046 323
952 468
990 409
498 560
381 82
479 447
1133 472
241 108
1158 491
478 497
1103 460
254 424
593 173
1123 303
1048 82
1153 227
935 663
607 224
1116 479
233 275
896 345
1105 542
956 599
209 76
348 687
1041 658
1102 487
401 178
349 28
530 100
243 215
974 381
1109 448
1150 479
293 431
982 641
702 35
1127 250
1117 458
593 127
991 570
1115 425
824 673
674 0
1142 290
415 114
932 631
955 430
617 219
705 187
1162 295
1097 356
377 89
1155 511
1162 250
841 717
207 321
299 578
1141 302
1042 634
1145 425
1022 647
745 23
1060 672
398 310
793 580
1128 292
1017 199
1111 353
1005 613
1122 554
642 266
1033 85
784 298
717 63
1031 386
778 291
995 427
1032 716
1032 142
279 404
377 129
736 16
1022 294
1135 476
996 414
358 648
523 560
736 160
1026 599
905 133
1151 372
1134 561
783 417
1002 693
1144 273
312 616
853 631
1138 293
989 574
842 679
956 353
1012 422
989 569
382 79
228 597
972 716
184 121
791 339
799 272
620 277
1128 508
1005 291
1130 196
643 251
944 107
1112 203
694 55
1115 505
260 133
994 700
1166 357
612 305
1137 447
1031 682
1012 649
308 602
750 298
500 642
1016 15
535 645
1034 479
362 64
315 439
259 413
720 41
1046 463
1037 600
177 363
1038 532
228 175
257 170
750 133
1018 530
1133 368
313 439
1122 510
195 154
1147 379
334 642
1144 297
611 126
1124 437
356 629
1106 390
960 367
361 204
1161 471
447 225
557 712
1131 267
293 25
1004 565
1027 205
216 170
771 492
785 214
980 351
275 423
968 391
392 344
1118 466
968 459
1135 236
1064 716
1033 671
1032 488
1031 564
1154 501
931 585
755 170
947 351
1054 119
1052 532
1148 492
1148 322
690 118
1118 227
793 339
426 319
1027 272
1096 453
461 480
986 636
975 703
441 260
164 224
816 582
517 118
1135 572
1126 403
1116 395
1113 545
181 12
373 154
1152 381
561 159
1131 304
805 424
1113 451
735 365
946 417
1154 428
1136 230
1029 528
859 690
1126 123
435 306
217 186
1116 429
743 287
313 591
747 366
1005 714
710 612
1049 519
1161 323
958 319
472 123
621 275
967 382
725 41
337 87
1148 525
816 694
1125 556
1143 250
771 210
171 218
1140 343
1152 198
262 648
553 67
592 175
1023 466
506 97
923 653
1152 269
334 694
1108 311
1131 382
443 273
993 426
1101 172
857 702
1149 518
811 706
1147 421
361 146
808 707
1094 325
786 294
1131 125
949 690
308 10
374 80
1156 282
354 183
1116 378
804 657
641 321
328 127
684 87
1124 517
1026 569
260 696
512 585
384 682
816 238
1106 449
455 529
841 628
1043 424
863 562
211 283
814 663
959 709
932 685
1001 296
1079 692
160 314
237 280
1027 376
162 329
555 94
1020 628
1072 718
1137 366
1157 340
457 30
324 621
329 67
358 602
735 487
1003 370
1016 353
1057 678
334 622
363 608
951 431
1111 299
1045 308
967 484
223 402
1176 467
675 274
1154 185
1020 657
976 620
244 444
695 30
997 708
1005 669
399 324
1149 265
379 680
1029 643
590 312
305 565
1039 667
992 495
1037 66
1049 661
1038 261
675 16
594 157
939 456
787 311
831 593
1057 165
528 662
1005 488
562 681
856 679
1027 168
1017 644
298 19
1012 331
361 612
1032 502
101 313
1023 353
222 154
965 631
1119 440
1122 459
274 261
1150 475
314 374
224 52
995 708
320 651
691 36
264 201
1113 182
674 15
1106 232
288 30
375 53
1128 546
415 389
1105 193
572 116
1096 407
235 454
1006 522
1163 486
986 299
1116 311
1142 518
661 387
412 307
212 127
519 133
1062 649
1125 343
635 335
763 308
1120 524
1133 521
1127 451
750 227
592 286
217 126
743 174
751 314
702 85
1157 409
761 334
857 609
1024 345
708 37
1127 312
1127 448
304 56
303 643
1153 430
335 669
371 208
539 670
759 176
767 337
729 109
803 549
1152 210
329 76
778 201
688 117
884 460
1114 312
597 60
921 525
1040 551
1039 629
204 172
712 136
1127 482
1153 469
1108 535
1141 311
1131 260
591 66
542 615
693 144
963 693
1022 277
853 712
330 82
968 382
681 597
264 403
1144 399
1124 270
1096 246
1144 258
837 539
1031 235
1144 389
1138 328
330 32
1121 304
982 33
557 44
1015 680
446 457
969 457
478 574
982 448
756 60
360 158
1169 312
303 617
705 15
216 246
1118 570
1041 391
1003 567
1133 417
535 265
516 619
760 163
717 41
709 440
638 251
1015 394
542 603
1004 678
1147 523
229 256
416 455
383 234
317 17
1161 482
659 73
1105 331
1143 229
740 272
612 205
1153 395
697 25
1129 334
699 170
725 162
1019 276
745 178
1096 389
728 285
1121 390
1138 251
1126 298
807 215
1204 190
769 228
544 22
1125 490
1042 597
591 295
299 443
1089 719
258 202
637 333
1132 344
678 692
294 335
185 229
1140 389
790 571
808 420
273 254
547 491
1029 262
465 366
658 295
269 589
436 309
946 696
1128 524
1117 520
1083 218
1164 301
1017 254
1001 648
1109 287
231 602
269 269
940 633
970 506
290 45
287 606
233 100
302 422
1112 457
1146 508
980 63
760 335
1102 326
644 263
1154 419
1020 703
1143 532
1164 512
1007 649
363 552
1016 479
633 121
369 184
1163 351
310 19
781 162
559 2
1086 201
491 388
995 560
992 436
698 96
318 524
345 160
1122 350
1131 325
1182 446
1110 282
798 184
323 52
735 187
1130 339
415 388
739 53
754 417
767 415
322 92
666 11
331 77
349 139
270 579
1174 487
1104 153
327 618
360 79
429 513
1105 291
318 94
1123 223
546 353
237 56
277 11
693 51
960 410
730 93
369 174
1152 457
425 417
170 180
963 561
1124 461
1171 389
774 60
820 581
1111 367
620 228
295 45
741 155
787 229
707 124
393 168
1150 524
691 707
939 701
1137 456
1131 308
630 344
1114 392
1117 395
1136 400
354 78
1162 437
748 234
406 115
1122 117
943 423
1097 460
669 39
1135 538
768 362
1116 439
1031 710
1147 508
1003 601
417 312
656 275
1111 279
768 208
1132 255
338 59
705 88
1107 138
1111 443
1015 610
1124 385
252 320
1109 245
282 701
423 90
374 179
232 583
149 367
769 108
1124 449
1103 498
1130 481
847 681
1133 436
537 696
1146 239
1151 475
386 62
1156 397
267 231
1163 364
675 28
749 197
1115 189
403 111
1155 519
1124 279
797 575
1158 420
1131 136
768 360
1138 466
242 183
1034 351
1017 445
981 447
1128 209
1118 322
556 631
354 109
1008 700
725 5
1137 242
109 582
758 254
644 273
1180 452
767 321
238 503
767 232
1159 472
344 678
1024 264
1147 580
1112 434
1046 644
990 352
690 17
1026 210
1107 405
1052 658
323 93
1127 515
779 302
987 514
1008 133
659 2
679 61
713 93
339 148
1103 187
1014 617
717 106
1156 339
1119 205
323 607
809 610
217 219
1130 540
1119 275
794 527
1124 571
762 267
1131 412
1148 439
356 9
1118 430
1144 340
1075 689
318 81
482 523
1131 233
1034 303
420 376
996 612
313 32
807 619
736 134
1114 454
1106 264
1128 392
1114 443
311 32
1237 400
372 72
380 103
998 670
395 212
1151 375
1019 403
999 632
1107 356
1114 436
841 558
245 665
740 256
1135 271
792 640
1091 353
1007 88
1103 413
1109 431
691 12
395 43
394 165
773 223
424 316
343 100
696 5
398 221
340 74
1127 396
820 518
773 292
744 269
1112 382
803 577
739 254
1009 640
1109 263
1127 464
1122 289
445 371
542 620
1108 414
322 9
1158 266
769 493
1128 177
694 534
797 234
1122 406
1178 430
722 108
969 614
1133 255
1114 230
1016 480
297 4
758 303
1022 677
1168 269
365 56
1169 455
1007 537
1126 388
773 284
1120 371
985 296
454 578
225 157
924 705
637 469
1112 369
1002 247
1117 409
715 190
700 603
736 85
1121 471
776 146
322 18
1116 525
676 0
1126 222
994 578
1141 485
1135 429
317 79
1121 423
1145 453
749 127
1115 525
496 553
1130 288
1073 689
691 79
423 305
1154 174
1124 186
1105 355
442 433
739 216
1180 459
1122 343
1129 388
346 58
806 287
1134 347
716 63
512 646
1160 422
1166 303
980 342
1099 285
1114 217
786 311
1161 522
958 447
1132 412
730 83
705 14
745 199
703 683
501 555
355 110
502 660
288 2
1130 420
1118 418
1120 332
399 285
1016 551
1125 220
408 333
740 442
996 561
1098 390
362 613
1131 494
1117 320
1119 356
1101 441
306 381
467 713
1109 398
315 37
1012 407
864 719
1028 585
1149 274
838 611
693 81
761 149
325 46
683 123
1129 562
1000 687
353 697
1109 389
303 11
785 433
1137 434
1128 396
737 213
1034 542
1218 405
1154 490
752 206
520 95
1116 487
1035 453
1129 225
734 259
740 243
308 40
389 224
486 435
1094 435
994 385
727 98
249 272
334 113
1139 147
662 3
553 709
200 137
189 449
345 113
343 669
704 16
380 181
1026 314
799 260
772 235
448 238
1147 363
1150 373
343 458
449 247
632 284
1129 442
602 97
561 151
1016 316
270 715
759 223
767 283
773 182
407 256
736 155
1147 236
959 341
1168 500
945 459
565 173
973 394
179 170
772 540
545 68
1109 433
452 348
717 153
1135 247
1162 247
1009 651
722 437
1126 517
528 560
955 391
751 207
1134 382
522 104
760 390
1028 3
967 317
1021 547
738 181
1101 399
603 148
147 463
1086 236
188 81
1113 318
1157 511
1168 476
1129 304
1117 337
864 297
771 173
1105 173
355 644
1040 19
1161 418
561 365
235 73
613 155
310 444
788 284
290 26
1117 506
762 261
682 136
1050 649
842 608
590 135
1149 505
406 216
279 24
1123 390
757 438
1144 274
1026 670
427 403
1144 403
1033 524
1124 486
1165 369
790 671
252 165
1105 381
1132 373
1148 524
1028 481
1174 270
774 446
1114 300
412 106
1111 534
956 691
1105 359
1050 552
1120 245
752 338
1033 603
1109 416
818 572
1120 441
248 199
437 461
1100 432
1053 481
740 180
383 698
1135 438
1149 315
513 717
1021 123
323 48
783 335
368 51
1169 282
739 460
1025 508
437 467
362 122
983 380
688 69
967 344
1111 295
1122 186
1107 327
972 388
1093 446
1116 486
750 366
443 470
435 297
230 447
1101 291
1098 194
784 269
599 154
1126 497
210 143
1131 273
303 9
1113 361
403 309
783 204
744 8
721 111
1118 163
1114 177
750 161
805 80
565 63
575 16
316 528
906 450
349 72
786 280
151 434
1099 267
1013 543
341 13
603 258
1143 380
1002 471
1131 244
1044 715
610 216
1028 265
965 430
1172 410
705 223
323 529
170 338
1161 235
404 331
319 506
529 663
959 447
873 339
1038 419
495 683
750 127
652 500
947 439
1125 334
543 664
270 573
806 515
947 437
995 241
1129 367
1147 276
1117 406
1112 314
1167 422
974 429
716 1
437 303
960 366
584 454
1152 411
1109 558
917 550
1015 652
225 254
757 245
220 241
780 195
1019 609
327 540
1101 158
625 656
941 698
1116 296
735 240
1090 715
576 264
255 193
273 276
555 61
552 139
387 167
324 674
1145 475
1017 694
475 632
1016 395
747 143
1119 560
939 718
119 314
325 110
343 110
1139 256
1010 69
1017 626
490 149
542 112
264 428
695 104
1096 376
1031 214
214 131
252 445
950 573
1103 438
1131 366
962 537
1105 494
1078 382
1141 201
362 666
1033 349
1159 390
1033 99
1136 429
339 48
199 324
1014 355
327 689
1149 427
1048 655
701 104
588 249
821 703
739 205
1020 373
1000 566
1119 540
794 487
976 299
1116 362
712 119
1121 492
231 314
315 697
1124 292
1122 368
587 478
508 115
1155 306
745 412
411 203
1028 277
529 102
1017 691
330 620
1031 633
215 92
751 179
1118 522
585 89
995 551
1017 350
927 373
348 631
247 325
327 504
339 19
1054 617
1089 703
585 221
1015 44
244 345
483 375
355 141
1111 205
721 149
570 209
329 118
914 393
1136 428
989 548
721 194
364 73
1004 553
363 80
300 511
1117 367
1129 326
482 23
827 598
235 408
1173 308
1151 177
183 265
326 588
284 485
570 621
294 475
697 163
1034 680
1033 609
1158 351
342 136
393 157
1137 399
1043 379
330 5
307 110
819 583
1057 715
711 156
1000 680
1136 468
770 556
1141 266
999 484
1111 300
692 143
786 452
366 93
698 165
1158 500
802 545
1006 63
1120 477
588 235
536 652
689 8
307 47
1017 638
998 451
275 228
404 430
417 343
761 87
1119 282
1119 416
624 268
925 615
954 303
529 89
344 168
775 264
358 86
278 392
972 491
326 58
1043 290
1022 553
265 384
503 583
574 132
1218 376
611 415
469 485
1104 459
233 149
1024 442
877 695
251 320
1038 633
227 608
1012 369
526 339
394 205
223 213
734 402
628 237
645 320
689 557
1119 491
747 160
1117 477
1242 370
600 84
1015 566
989 426
1029 19
566 24
1089 189
1086 342
1008 628
621 302
1094 472
628 345
175 185
210 173
292 704
557 3
579 81
375 90
1028 524
1086 177
1020 548
407 338
1001 389
338 63
992 499
832 703
349 713
1125 403
327 19
1137 316
1117 532
1134 433
1064 527
1043 575
762 585
745 322
725 50
1032 337
353 715
1178 416
1026 430
422 266
1142 510
987 446
710 106
1097 221
749 135
1040 33
743 154
316 13
1162 460
1033 247
739 446
1099 486
1029 688
557 87
312 101
969 708
1036 519
355 93
1108 339
839 627
1149 464
1132 236
1027 263
947 466
1050 357
675 608
1161 363
1139 279
233 673
788 344
1163 433
653 280
726 52
383 85
155 367
1104 490
878 294
1099 421
1100 167
1172 260
981 651
1156 319
1126 238
288 364
448 539
1155 264
664 320
1129 462
755 221
1121 382
1126 181
711 8
1125 494
699 112
518 654
1168 320
1023 221
1091 410
361 95
1109 519
784 319
1097 526
1005 713
275 551
649 297
536 545
900 495
751 69
1133 171
788 228
755 462
390 151
1096 341
218 283
1159 508
1011 499
1137 294
811 367
696 86
1017 66
1012 509
968 274
1049 701
747 221
1153 405
625 165
1145 518
413 374
1172 303
1156 528
635 238
1178 469
971 460
916 459
719 126
1065 653
1130 202
821 697
1119 435
1110 558
1120 388
1107 190
321 89
1030 508
753 178
1131 237
1115 156
826 459
407 195
986 491
736 520
1169 418
1170 348
1137 540
1150 368
770 209
780 485
1056 660
1117 546
849 673
735 175
1127 294
962 422
850 620
1130 204
334 59
765 205
1116 465
343 102
699 407
1149 428
1128 197
714 2
1118 457
401 186
710 73
1131 373
1105 248
1118 143
1094 188
363 82
705 85
1147 458
758 211
778 498
323 35
1103 184
435 282
1113 226
681 64
490 533
1153 422
460 426
716 236
160 319
1137 394
761 292
1108 465
316 91
1115 457
748 278
1173 395
723 125
1098 246
1135 237
479 519
1078 198
701 141
376 74
1167 258
1108 329
1098 400
935 691
439 404
1122 463
742 248
990 662
1108 467
448 540
527 573
719 250
1139 305
1007 487
753 54
1163 316
701 92
374 126
752 253
760 251
1134 338
708 85
1152 444
390 239
742 134
435 489
1126 489
1131 402
1127 316
1008 660
1167 322
1127 235
778 216
1136 421
1029 400
1150 348
1169 486
754 196
1124 450
394 238
1107 542
1139 329
826 619
725 167
769 220
1108 554
741 180
103 534
769 383
432 489
466 24
346 110
1105 343
742 252
719 161
1135 394
1117 379
1104 385
981 607
910 387
786 542
1155 367
744 304
1134 279
717 136
1160 258
1111 191
270 309
1113 391
243 295
236 606
415 296
856 344
536 7
355 47
227 161
1125 414
1094 179
1116 394
981 610
1052 702
242 235
1177 433
980 422
1156 373
257 380
1129 198
701 110
661 26
967 390
276 462
423 186
526 105
533 129
766 232
795 597
264 270
1125 520
526 646
1148 356
1162 395
1124 502
1147 336
419 120
759 479
496 616
769 317
370 124
403 365
544 653
806 701
178 217
241 207
1108 330
1066 64
1033 82
1094 367
1145 296
1170 429
698 116
1153 481
212 103
1123 335
791 285
380 233
355 196
797 267
946 697
1104 482
445 457
389 181
718 125
258 412
333 716
369 181
763 255
1121 305
1147 423
626 337
1116 509
768 515
1099 515
1134 513
553 623
732 118
771 148
412 309
1125 232
1053 258
354 24
410 375
685 10
842 649
124 624
820 652
1100 265
747 393
1155 527
1149 314
1111 290
1133 498
407 234
810 554
1113 392
1117 255
399 249
1043 615
365 59
478 508
1133 251
237 58
780 282
633 191
1082 191
1131 440
1151 440
953 717
757 190
1159 452
754 217
1131 204
717 1
307 84
1125 443
725 197
974 538
1141 429
1130 321
1158 404
358 38
355 140
1139 258
1128 423
1175 423
438 437
1142 453
532 717
327 98
967 613
1144 271
398 119
303 100
1011 644
494 455
730 133
200 147
1138 411
1137 521
942 668
1039 367
825 545
285 353
1117 253
809 489
766 363
567 144
385 71
283 444
75 280
292 551
286 407
160 668
1143 316
1156 458
957 419
783 604
311 19
1066 7
765 317
973 714
292 498
721 521
585 206
1110 508
704 118
1115 454
509 711
795 319
1112 460
1105 441
980 473
205 490
151 388
1163 512
1134 399
752 430
751 331
203 94
511 695
1165 492
612 213
159 181
797 290
807 519
854 614
980 314
764 307
1061 642
1159 464
1178 357
507 565
532 71
280 10
1110 503
440 351
730 161
1155 313
753 201
1127 306
146 395
1129 563
1157 321
1016 61
355 41
260 543
714 218
561 57
1176 392
1103 403
336 43
1128 280
395 308
1131 332
1139 414
1163 420
1123 186
1040 451
1119 547
825 566
587 146
1149 527
1001 109
1135 445
1164 271
325 33
799 576
995 521
1117 341
195 215
750 237
943 702
1134 351
728 26
714 93
1160 482
1170 321
686 143
791 461
250 322
377 72
540 670
498 684
337 27
1161 275
1109 160
932 677
1130 440
1104 290
1139 472
934 149
1170 419
550 93
374 105
1100 453
760 274
787 416
317 679
755 25
367 200
1150 433
709 141
1123 357
1128 195
403 219
1002 571
998 408
1107 320
327 51
1017 376
557 2
762 486
219 52
975 398
427 382
262 264
986 681
125 300
920 532
540 353
618 151
1133 193
1115 459
704 1
306 578
1121 524
716 204
335 4
1144 489
519 593
1148 392
1036 226
715 83
1111 438
402 244
1012 205
743 356
1050 315
290 682
1137 308
1120 419
1040 348
731 158
1135 353
1128 317
792 304
1112 383
937 498
1139 489
806 566
1113 366
760 299
962 333
339 91
758 161
728 176
905 551
293 37
445 555
1139 259
1017 708
1156 332
433 346
1133 464
676 28
725 24
783 244
1150 252
992 588
425 177
1161 330
1145 255
1112 504
789 245
995 322
1216 388
954 457
1104 463
1013 346
1019 277
1176 394
551 622
810 527
1133 268
726 68
1135 389
1025 367
375 262
307 451
1124 282
1013 561
257 311
1156 311
1020 551
980 301
352 111
948 26
983 673
1144 304
739 155
766 619
1108 171
304 95
546 229
1173 405
767 316
980 661
1017 418
309 61
1145 543
982 383
1158 427
318 113
1114 422
524 8
1166 407
1122 512
616 125
1085 195
318 18
988 339
754 276
650 22
973 700
615 157
768 409
1026 30
1123 532
763 464
866 19
558 50
959 319
585 17
800 567
1112 424
527 661
1044 657
1104 163
1144 402
686 23
1111 327
1138 559
310 670
1169 357
602 366
1050 122
1102 353
813 715
461 446
1014 430
476 704
790 225
1142 241
1027 660
1145 183
1124 375
1052 670
265 467
1101 391
948 369
1062 661
1029 360
535 659
991 471
1027 353
1023 327
1154 218
623 137
769 336
1051 683
1021 253
530 74
235 215
607 689
1093 369
222 485
156 384
997 683
363 51
282 619
525 690
1143 537
296 362
1153 441
290 601
965 567
1082 708
727 242
1074 690
1063 506
957 700
1160 283
1122 359
1026 657
1090 541
695 376
233 276
1102 312
1155 404
1140 491
1020 44
1034 368
1110 369
1116 202
1115 254
366 21
996 103
701 41
1059 663
1156 390
1150 520
1161 349
1009 344
346 599
1072 699
1008 1
297 647
1121 415
650 215
1152 488
671 3
1003 554
1131 425
459 589
541 609
404 283
994 655
212 260
472 108
398 161
1034 442
558 61
597 567
480 42
1001 455
980 525
1008 647
718 224
738 131
1014 561
195 19
1027 460
1031 100
186 439
595 358
1011 690
700 65
1160 476
708 96
417 230
467 450
530 102
217 67
988 445
693 31
1129 523
876 359
697 703
587 242
1127 471
764 370
1004 180
95 498
1151 369
755 141
495 530
922 673
737 184
416 209
747 472
1147 514
1134 344
833 578
1172 402
479 603
1148 312
1030 131
562 65
1127 150
358 139
1131 553
296 16
658 0
257 440
799 520
337 65
978 643
1029 419
1162 453
755 176
1116 387
1016 489
1034 592
1010 526
1025 188
711 135
262 366
256 389
961 662
1129 425
731 140
1157 498
1020 297
474 479
941 665
221 456
371 89
545 715
602 168
294 460
589 209
340 599
700 23
405 234
944 415
1112 514
1071 673
151 344
1027 710
1167 403
522 121
805 591
976 680
660 11
1030 677
422 335
512 525
310 23
1135 482
1109 426
683 71
219 216
581 149
1020 486
205 577
778 184
1037 492
949 388
414 149
1035 377
198 308
996 554
743 204
1113 469
279 262
1027 703
1125 465
1154 329
748 253
1109 527
225 475
1140 332
1032 299
981 688
331 74
1104 453
998 496
1138 493
287 265
1035 623
383 46
1147 348
1006 549
164 180
1115 363
273 454
1109 487
1156 304
1009 325
333 474
1139 232
1025 305
989 519
1023 189
952 663
347 95
550 50
368 86
334 127
1105 172
1134 358
444 370
791 152
257 362
402 403
1025 485
548 150
933 644
1115 374
961 633
948 705
399 294
1041 22
1023 409
1150 681
695 63
324 119
322 485
1003 81
323 455
724 161
1092 697
1050 65
1139 164
719 83
1123 283
949 679
301 539
668 340
1005 655
973 638
331 579
750 256
1118 336
1123 296
1138 503
1122 170
565 145
623 233
578 64
988 384
1001 211
328 663
1157 499
1087 446
1132 349
599 331
833 602
1140 494
569 294
710 203
1083 708
998 629
1111 358
980 464
1178 317
1004 37
682 18
160 82
975 497
476 639
558 58
873 693
1147 524
1160 388
330 639
334 657
199 264
1010 668
895 366
991 393
260 455
817 655
550 15
1103 426
251 197
1118 492
1172 447
915 464
565 699
371 115
346 659
196 194
1034 478
680 628
944 689
1131 409
697 74
189 98
604 81
386 224
374 706
227 335
1015 383
806 586
1119 559
1138 554
198 547
575 162
943 709
696 36
354 606
251 466
953 679
1005 395
519 52
359 613
986 411
1009 586
1103 320
1030 382
957 43
516 671
227 57
744 140
1007 613
1142 327
455 495
487 554
780 303
977 430
617 266
331 52
1031 152
1146 333
339 23
1101 485
1110 425
1168 323
579 116
1003 280
350 92
1028 491
1139 423
1014 297
989 82
238 404
648 308
225 68
253 550
987 452
234 686
1104 419
1159 483
992 527
178 508
240 149
1003 492
1021 424
788 486
355 138
1144 512
827 561
1005 631
594 297
531 24
367 619
761 338
310 433
631 237
927 513
950 64
350 591
973 417
295 397
387 694
933 482
942 52
211 134
971 412
959 701
252 161
157 270
579 197
946 380
1020 464
259 400
999 257
997 427
1031 139
265 404
458 28
1019 265
1096 288
1092 321
304 545
1114 361
1063 36
1090 195
231 363
349 504
1135 446
1020 449
188 334
302 23
703 23
1133 477
322 33
1140 305
614 324
359 476
1038 693
527 39
1143 345
191 65
682 583
1054 687
1090 212
328 434
962 699
1026 294
977 351
1039 659
535 6
722 195
1015 258
313 503
239 545
850 690
951 394
1049 699
538 77
959 109
357 670
1018 310
361 627
1029 269
1151 515
978 279
987 323
1180 453
716 167
1070 644
341 629
1113 382
744 321
315 676
1133 283
759 129
344 35
1101 361
496 528
1012 202
1122 293
1031 282
1092 340
1005 58
966 342
275 445
206 563
903 533
888 411
193 328
1041 27
164 316
526 210
1040 227
223 687
829 637
1032 630
744 240
773 255
240 470
568 238
1133 483
991 438
252 267
1152 445
1110 337
994 372
742 37
1120 470
1118 319
1123 574
717 109
223 441
969 439
1046 411
1172 321
1175 432
950 383
1114 393
1158 308
1161 492
959 428
495 577
1120 487
745 290
808 580
371 92
1128 353
950 309
1134 235
748 254
348 48
1059 648
1111 264
226 168
219 605
1165 232
599 172
309 13
1174 415
849 623
1111 356
927 715
444 321
1129 321
1131 346
261 538
339 178
340 110
683 151
395 131
382 113
698 79
373 671
803 536
1129 433
1120 443
1100 202
1008 691
1168 324
653 338
846 655
1133 347
747 186
1136 110
322 20
924 533
700 421
1162 484
348 105
345 155
750 642
1117 424
1126 460
741 100
849 697
398 279
337 122
442 222
343 714
757 486
801 345
679 69
1120 402
322 126
418 321
1041 551
1099 252
1115 515
1103 289
750 231
1108 397
971 693
318 30
726 251
307 3
1170 375
1156 431
751 494
935 667
1095 399
339 32
1097 582
1146 453
1127 362
1116 432
1164 473
933 640
1011 104
739 88
1172 291
1108 165
727 198
1042 294
1136 259
572 66
681 58
1150 289
813 484
818 593
602 186
534 50
645 196
1158 222
470 534
1131 265
965 663
1104 333
1122 465
314 74
584 62
770 129
209 191
1148 297
188 83
1098 466
993 668
717 254
958 520
1032 13
931 472
270 240
1121 420
1129 550
1155 477
315 203
372 603
998 533
1031 626
687 6
1098 274
1116 284
1029 283
1153 324
872 698
1145 348
1140 486
1121 323
1112 487
157 209
1126 440
1014 624
1033 712
680 390
1134 339
737 53
373 180
1009 502
406 197
760 187
1123 436
723 445
1119 286
766 250
1172 440
723 21
784 245
742 227
801 281
912 14
199 472
376 296
1111 499
1105 350
614 445
1030 12
969 277
1135 530
1119 408
1166 395
778 331
482 655
1020 693
269 268
312 108
213 138
1070 686
615 95
737 199
1083 198
999 185
1134 185
759 212
1031 31
769 273
411 104
1135 473
706 162
750 240
458 489
378 133
793 455
1153 455
976 485
260 256
387 132
595 422
716 219
678 44
720 141
741 365
1136 284
984 510
728 137
230 411
962 406
764 208
1101 533
1101 386
801 539
357 193
1028 655
761 150
1017 396
768 186
1162 447
1141 443
1014 168
1118 304
693 25
552 61
301 78
1155 411
517 560
978 34
1159 287
746 259
1114 252
1144 330
699 54
1035 354
1045 704
160 326
435 467
212 218
1012 682
385 229
1142 414
303 36
1014 437
1111 268
727 221
759 221
1158 516
1103 439
705 100
301 516
1143 320
960 365
1114 506
1097 204
308 638
1106 192
1123 150
1110 291
1126 453
1166 422
1170 422
1125 152
976 378
1119 302
996 524
1032 587
1111 232
554 263
1090 385
1161 296
686 102
308 61
1107 299
240 563
748 187
600 328
808 665
605 173
714 151
393 164
1124 333
400 269
1140 450
977 427
765 38
372 660
1107 549
270 678
243 672
1094 359
847 633
1143 363
1033 433
1115 294
1032 71
1128 301
976 466
1109 439
1151 439
758 194
404 406
775 473
734 107
1143 379
950 479
561 208
986 669
746 125
318 52
712 207
200 305
781 321
250 646
331 481
714 155
1176 410
462 515
980 522
1118 550
1101 296
1117 537
1125 364
1113 334
1103 381
1183 408
1182 489
591 127
755 339
1103 388
1131 464
1026 502
1130 448
434 230
322 22
1094 271
356 188
682 52
1158 257
744 476
740 137
1024 534
1142 220
527 26
1120 269
765 258
695 59
1047 660
1019 108
1095 705
709 60
224 600
1144 390
772 117
986 398
1109 345
708 266
955 565
1129 277
379 289
1045 559
965 589
516 638
684 14
1063 634
777 281
1140 369
1096 461
371 110
695 598
1128 255
845 545
759 182
1106 432
741 84
293 492
775 266
1134 160
293 497
319 393
750 185
795 683
1046 42
1023 14
1110 471
685 641
725 169
532 47
739 221
740 187
1134 331
382 95
1030 570
394 153
702 707
1097 403
760 233
682 61
337 74
681 684
333 45
382 193
753 194
1180 410
259 297
311 95
968 457
1139 528
791 85
770 619
995 505
1133 470
1134 330
106 550
785 236
1014 392
737 168
327 78
1133 129
384 312
311 717
1014 660
332 17
1038 359
721 116
393 253
1116 414
327 60
1130 286
967 474
1048 371
407 257
1118 395
789 360
945 399
1139 483
1104 283
564 58
1157 478
362 124
228 440
1266 325
747 192
767 180
733 146
693 84
413 224
705 232
715 239
1160 459
778 108
728 240
754 328
1094 351
855 565
1138 492
1134 425
965 300
1142 482
1107 281
819 581
715 7
1141 506
336 163
792 10
1188 386
751 503
826 706
722 67
337 117
1152 267
1135 518
389 86
348 50
795 449
1150 449
510 714
737 38
1137 346
1103 386
300 24
803 718
527 564
1129 296
445 319
479 702
315 49
1125 507
769 126
1134 430
1091 199
1019 377
536 130
733 165
516 667
528 667
802 428
1117 333
825 653
365 127
743 141
1114 475
1173 559
1115 299
956 421
1034 87
801 520
475 506
1124 327
810 74
1111 336
1140 333
788 283
783 451
745 223
323 144
984 305
320 87
966 658
241 261
729 135
432 317
483 618
726 147
1141 337
1167 350
1124 267
1041 242
429 449
757 352
725 215
746 263
1162 392
1113 407
1151 441
1106 406
1100 296
323 62
1032 50
1137 472
419 174
416 344
655 42
1013 418
1111 469
767 331
1144 461
377 125
1175 532
759 180
1025 270
933 524
1124 260
567 138
1106 238
1147 322
382 114
389 315
451 384
697 119
410 385
1149 216
318 16
510 690
1145 292
1167 484
849 671
400 350
1101 452
1151 511
1116 554
739 464
1111 484
742 232
1128 327
392 187
1148 258
1142 324
664 9
1140 287
1158 368
1123 483
694 99
1122 410
234 427
602 270
372 280
1024 523
1136 403
720 138
1101 457
699 39
1096 162
799 622
744 105
772 370
371 166
1134 442
1174 495
370 145
323 68
355 182
730 323
1138 267
388 144
458 407
1147 464
988 590
1102 552
822 655
1118 421
1164 226
478 696
726 0
736 244
1134 532
392 113
342 181
1124 367
1094 152
1038 427
301 7
317 66
504 674
832 525
1152 261
724 103
678 32
1160 403
719 115
1145 227
1119 106
1139 219
1113 277
1126 452
1140 251
459 258
1109 313
738 249
731 383
766 301
810 517
351 714
1161 479
1114 380
367 116
502 560
1143 156
706 26
721 130
1153 362
336 17
459 571
676 6
456 277
687 1
763 294
1104 451
733 40
64 512
998 12
278 32
1122 390
1115 244
1128 609
1133 478
341 133
1099 354
1143 528
454 242
386 288
1120 606
701 69
724 21
377 121
1128 540
1136 320
1152 374
327 68
1163 335
1113 195
318 21
1124 240
1129 368
1155 379
327 563
819 563
1140 489
1105 447
331 9
1168 466
1172 315
342 69
336 1
1164 411
345 120
601 128
769 291
1154 361
1129 451
1126 510
365 17
719 328
1167 372
377 109
1112 345
330 105
1032 503
801 255
226 352
677 104
1134 464
1165 464
1168 405
414 349
668 124
740 371
1147 212
1160 385
1077 176
1124 285
375 289
313 55
1127 229
1097 220
1177 295
817 678
1132 219
798 714
334 121
333 2
1157 414
1108 373
200 119
370 635
994 264
1138 240
1112 378
791 344
819 508
541 708
611 253
457 624
320 24
1129 278
307 63
1113 357
1029 411
826 600
751 342
655 535
439 290
487 675
1158 488
1147 527
571 123
409 67
740 39
696 45
824 686
756 184
330 83
672 100
1111 514
1151 280
1109 204
1128 186
708 127
497 542
1121 520
1127 380
1123 489
1157 525
362 56
1129 397
314 62
341 78
1019 14
1154 487
428 318
1023 433
1130 597
706 111
768 321
1043 65
1113 271
361 142
823 631
792 252
1101 378
1115 472
1151 302
780 338
1162 344
340 66
822 553
745 211
799 347
538 713
494 231
764 254
1113 292
802 280
1139 435
395 301
1100 340
1156 240
365 209
425 355
353 115
492 682
773 248
1138 451
684 167
760 227
1166 235
844 715
1141 208
755 220
802 567
1112 306
1177 306
793 359
1119 392
750 304
811 590
764 220
750 270
1094 439
1166 423
1139 544
416 130
342 165
728 241
1130 402
1107 456
531 681
468 479
755 279
1130 450
1055 664
1128 257
977 415
768 265
1119 200
251 480
1124 431
752 623
1139 498
395 296
1173 387
1105 536
648 361
271 401
701 116
1151 298
755 347
744 135
1118 239
771 281
752 198
418 332
366 257
1143 480
1107 265
745 333
306 111
1091 299
1145 410
805 582
699 113
1114 350
433 336
492 576
1103 555
785 663
1148 397
1122 286
1149 321
1130 495
739 133
1146 374
706 83
323 132
387 260
479 389
377 336
287 14
711 143
539 24
766 319
1119 359
443 298
750 281
528 689
979 24
820 554
804 235
599 194
909 530
390 329
1137 182
716 101
729 154
947 667
1106 476
822 340
1092 381
1122 437
712 138
741 254
419 439
413 211
381 44
740 173
327 485
461 535
1124 535
1123 193
711 103
1147 260
823 702
727 41
1137 318
1106 373
292 78
1104 430
307 574
791 280
1139 417
1134 507
1147 507
554 579
334 135
777 554
1139 366
1102 291
783 207
386 81
1120 458
772 172
823 655
948 392
366 11
1006 477
913 441
1019 515
1067 677
315 698
1010 294
728 210
1066 712
233 335
597 147
1121 268
397 205
994 445
1133 506
1127 260
482 564
327 99
954 464
361 54
448 451
1111 273
121 590
1025 603
732 310
947 607
1158 513
1167 513
310 18
1054 501
309 12
1138 371
1016 701
329 71
343 713
755 227
362 112
572 190
783 587
1122 203
451 466
420 257
679 28
210 176
1159 428
1017 533
558 38
941 696
300 39
952 322
419 340
1123 528
658 1
824 572
245 461
1112 235
1105 518
1010 315
1146 194
1030 149
286 613
338 470
396 229
216 221
1099 221
947 414
1002 496
557 18
1176 429
961 392
782 172
1035 497
726 30
940 644
586 25
343 97
305 490
1032 355
1152 420
1013 694
1061 678
1036 481
1031 579
1156 506
682 97
1114 532
683 17
655 177
409 178
1122 380
1160 373
1143 452
267 192
431 188
377 210
773 314
381 426
1111 486
1004 716
1037 623
1170 344
700 11
1166 296
1137 474
781 238
1004 688
1138 248
1119 364
1107 507
1010 322
400 198
1165 360
338 131
513 684
460 418
1132 483
1097 486
754 218
1101 342
1160 386
1096 303
784 440
667 43
1183 452
1125 489
457 330
1090 202
1163 322
1128 487
304 63
744 52
727 256
1131 302
740 233
231 387
739 42
982 580
1164 446
1161 353
516 131
630 278
1121 392
506 620
1154 423
1021 671
1124 407
748 211
391 136
318 103
1092 222
416 265
969 430
1147 238
756 425
743 355
1116 538
354 119
717 68
1098 350
1129 342
1132 262
968 550
680 39
1148 216
430 487
1134 435
1110 459
327 8
287 399
462 497
994 428
1152 540
1133 212
520 640
1151 376
782 321
759 265
725 130
132 588
759 252
1140 383
700 53
1171 415
544 708
769 281
1117 244
515 707
814 135
1127 292
1135 457
1158 525
1107 306
972 397
47 295
677 6
538 605
296 24
601 76
341 181
1045 507
709 36
1117 463
723 56
770 234
787 147
1108 161
788 366
776 87
382 185
759 322
349 179
280 597
957 679
179 81
1077 697
991 472
1088 276
376 256
1121 405
271 628
777 274
1046 88
1100 335
1026 230
817 342
427 169
659 22
1029 230
351 52
1135 130
1034 55
1178 470
811 653
1132 195
751 511
326 18
1149 339
1005 653
433 314
551 712
840 701
345 584
352 610
995 539
1145 495
681 105
1135 274
754 37
525 128
1138 400
1118 296
419 273
1113 477
1173 439
776 179
1123 248
515 617
1104 352
1153 308
1123 258
769 375
1154 375
508 494
437 436
761 477
1162 440
565 177
547 698
1134 539
280 340
968 663
1179 431
82 534
1003 217
1139 503
780 268
741 129
1165 364
548 81
431 242
1143 207
1125 503
1016 7
684 97
807 633
789 186
739 246
1117 392
348 26
83 577
309 529
778 231
763 233
637 320
694 43
763 275
715 108
1154 255
1059 687
973 614
1111 460
1137 428
1114 157
1163 329
1115 382
759 108
785 303
805 614
943 374
1003 365
723 15
1103 484
531 27
1155 265
1131 514
726 1
357 82
922 310
333 129
762 8
775 334
1006 262
348 642
966 42
1153 453
1154 489
1131 393
743 243
734 322
327 5
687 5
794 476
614 309
1014 289
1121 407
1116 498
806 588
1109 503
296 56
192 317
966 433
325 65
760 88
720 98
745 116
1141 369
1140 429
668 38
1119 204
1138 416
1183 440
1146 384
1165 488
523 715
305 71
1115 350
227 179
680 22
1143 230
1102 337
487 701
1141 456
186 256
327 526
1001 381
1123 378
398 191
1130 515
564 223
359 650
1046 700
725 78
1103 417
958 455
424 162
809 466
986 511
779 540
1149 432
409 414
1158 357
358 667
307 79
513 711
1128 445
697 53
1095 362
1032 629
977 416
1018 516
399 289
1117 171
1077 300
1098 371
1064 679
406 451
1271 636
1142 322
546 191
721 118
225 216
1160 445
1139 359
1127 458
547 663
310 53
737 345
847 718
263 213
357 139
1142 299
1116 292
1169 316
245 204
784 196
1100 467
1108 403
775 212
1114 291
1171 490
1114 401
1136 486
1093 459
376 246
1144 476
291 3
962 345
351 635
294 11
1149 498
1017 687
1134 502
751 176
394 122
348 673
992 23
833 651
685 25
1167 329
818 713
767 229
607 105
1113 401
187 112
1056 239
1153 375
732 193
731 216
1174 388
427 335
749 16
1110 297
1031 548
751 188
1106 369
353 643
1143 392
766 403
484 206
684 16
1110 395
782 380
1159 416
664 573
742 209
947 400
1010 623
435 320
834 602
966 703
758 117
727 290
201 462
382 217
1029 31
1123 225
1164 408
1137 503
1129 215
1142 331
1133 307
315 612
535 34
752 502
364 66
521 676
743 148
1041 127
368 35
413 204
158 282
440 368
484 129
1130 254
439 546
1047 589
1156 291
437 272
733 142
407 310
388 220
672 80
338 537
1128 537
1108 260
1145 397
404 125
711 437
697 131
1098 405
828 706
1119 316
765 314
1088 168
1129 564
481 523
304 179
372 83
854 660
1139 430
1129 422
1156 422
779 272
1130 273
471 524
545 596
961 686
481 437
1109 353
1123 490
810 523
411 399
1116 227
1127 462
749 147
824 711
1106 405
366 102
1120 449
734 46
1146 518
402 291
1145 472
1019 669
341 16
1117 558
1111 563
743 178
1095 406
464 477
325 85
398 289
1173 388
1155 465
425 234
1155 394
1014 287
397 62
1148 302
321 542
1111 409
765 492
1119 534
1127 333
1118 350
788 161
1135 320
1100 140
1133 274
1155 492
485 687
1160 232
767 109
1109 589
753 112
1142 520
1099 375
773 373
10 616
487 584
1035 403
729 200
759 132
1111 289
774 184
379 166
1152 568
364 44
905 201
703 5
714 83
769 332
186 385
333 657
1167 488
337 688
1131 562
750 130
980 300
781 586
1142 535
1135 284
1134 327
358 187
748 378
538 355
693 161
356 100
1041 115
738 162
1095 208
691 683
242 277
791 128
1109 318
1110 318
957 449
756 209
626 219
426 235
800 285
1154 231
184 101
980 340
1163 348
300 2
1107 189
167 101
510 698
768 199
1131 533
725 141
261 250
770 64
398 346
1109 404
1126 405
567 248
1206 535
582 179
811 582
1118 355
704 32
244 150
739 137
288 523
1110 278
332 62
358 37
1009 337
793 390
445 540
756 175
705 153
650 277
607 185
1171 395
786 263
806 715
792 549
1147 427
404 315
1019 555
227 171
728 225
475 635
1133 497
1028 689
379 46
474 582
1131 161
504 578
1126 461
952 606
545 75
673 75
717 13
1108 244
318 152
1121 512
998 462
696 27
307 77
767 314
764 310
293 498
792 378
754 323
1147 434
700 153
763 148
302 49
1108 480
756 32
831 421
725 264
212 144
418 393
262 338
1022 157
1156 359
583 256
804 551
695 55
1119 125
1005 479
773 317
543 676
407 226
1127 395
685 17
1129 176
1131 344
1156 344
797 216
726 95
370 163
1109 261
1139 410
1127 547
1124 353
1169 283
198 325
1122 374
131 457
1102 315
1113 490
1116 359
546 636
1084 180
726 122
1011 610
445 491
907 514
1163 310
220 448
563 620
803 587
346 95
354 122
419 122
1026 73
1001 567
1133 516
295 436
265 533
765 291
379 188
1127 480
1150 305
367 337
649 631
1030 319
880 431
779 268
1002 82
967 683
290 318
1152 190
1135 455
936 385
1148 287
746 205
958 426
1136 338
1099 284
768 468
524 589
807 416
752 181
747 293
477 583
272 232
781 291
423 163
126 229
317 25
1014 19
1155 535
956 454
590 212
972 509
347 620
1153 513
1012 517
1043 502
878 49
230 647
1027 464
781 354
783 369
728 97
552 692
1111 287
751 218
1118 500
551 203
330 65
1078 712
996 473
713 56
1111 346
1010 670
791 256
755 305
638 217
703 16
170 347
1124 263
764 456
413 274
643 332
347 54
740 126
1132 393
1137 418
768 246
1012 487
801 527
735 189
490 653
1053 696
1138 529
1124 482
996 586
360 90
464 465
1123 219
1130 361
1153 530
939 652
370 91
404 378
967 581
286 339
752 199
353 616
1151 354
467 590
258 362
258 708
1021 392
810 553
797 567
363 705
1124 248
1114 491
1144 419
1091 287
1006 389
449 41
969 635
679 6
804 436
1148 401
1160 421
803 712
1000 493
1130 527
1138 360
1132 433
754 359
1097 390
855 666
958 318
785 228
581 259
345 58
1167 482
769 128
413 442
981 425
410 182
549 706
1154 317
1118 273
1131 392
1120 361
730 439
1147 229
758 375
971 424
1120 453
1166 435
1148 308
456 471
1006 625
1129 330
457 546
263 311
1143 338
501 652
1131 395
678 75
65 358
393 184
403 297
1104 260
806 689
304 16
1136 448
1129 357
1136 411
1157 500
750 542
388 223
361 588
320 62
737 163
776 243
789 555
1114 579
1106 463
344 190
752 271
313 20
1128 518
343 77
472 221
1103 256
829 583
1167 366
1145 491
341 103
963 308
327 76
736 220
1122 191
753 504
408 120
681 49
358 607
802 607
1117 373
1154 478
216 87
987 329
343 37
1102 467
1131 213
1130 482
396 231
1148 403
1104 195
767 362
305 87
741 262
772 445
1101 415
780 493
700 78
1115 187
724 203
738 245
633 324
716 492
280 395
803 439
813 439
1036 365
382 147
313 64
692 80
1168 290
1136 404
1115 361
1093 296
376 145
865 712
746 445
749 209
975 637
372 99
325 642
1154 431
1107 470
932 428
365 591
479 610
630 252
714 88
957 662
436 323
488 652
1124 403
412 206
1107 264
342 103
1099 160
796 339
760 202
1146 533
336 58
315 31
1022 400
1113 400
739 104
786 659
1080 434
1044 587
1112 354
757 456
1094 463
803 519
785 232
781 177
290 11
762 135
810 135
535 562
774 131
1089 468
1111 481
1140 526
361 91
1129 471
835 640
488 587
383 243
1143 291
1145 426
1070 169
1122 347
295 19
325 129
1116 104
1138 459
518 653
788 481
1131 340
301 12
1121 383
1186 521
1151 448
1119 433
393 155
707 64
785 175
385 44
820 682
1097 362
1171 479
1145 433
782 126
1184 461
679 56
1140 406
1098 366
338 101
1117 397
1134 367
749 61
732 178
345 40
758 248
1150 410
1121 334
1124 334
345 82
1117 398
732 246
787 164
1139 338
1109 268
329 49
527 673
1103 395
1119 493
1172 369
1149 487
1152 432
1127 507
1175 407
761 2
1155 449
386 186
1088 329
1165 392
788 466
317 149
1101 220
1120 506
1150 288
1103 290
1117 354
1099 517
964 482
1108 524
335 160
389 67
1148 390
1154 284
1099 411
1108 483
1119 273
723 196
790 227
1109 231
1123 516
745 443
771 341
706 159
1142 346
347 157
1089 166
712 64
347 202
805 655
351 142
1162 513
762 207
1127 366
762 474
1116 468
1159 497
1081 175
1134 234
1129 279
388 141
681 91
1001 579
1118 290
456 262
357 367
679 29
771 413
1142 191
1117 352
666 33
279 473
1168 499
342 715
1144 479
721 70
1112 419
406 269
974 689
712 21
1172 392
1157 282
1162 455
1022 639
717 128
1115 207
1134 287
1144 521
460 354
402 139
1137 367
608 301
376 294
1160 464
258 277
1143 524
746 237
363 680
342 128
495 546
1168 300
1147 200
721 105
993 27
346 24
408 280
214 116
356 168
1158 375
754 96
750 146
1126 264
1128 264
1115 259
413 173
489 705
966 525
781 158
1099 321
1126 432
687 37
373 319
685 14
1098 307
1129 500
729 38
740 107
946 549
1098 331
1118 329
858 491
43 403
1000 343
592 122
1086 214
1154 443
733 428
1137 345
767 125
1167 237
1167 352
308 68
1145 359
1102 232
1143 389
372 74
1105 178
430 464
1032 92
387 141
1086 190
486 611
458 326
511 538
236 513
815 697
775 437
355 584
1164 344
1176 348
795 380
1154 282
330 74
441 441
1042 242
1084 375
1133 183
1092 187
1006 709
483 547
739 175
1160 515
496 595
517 618
1147 510
813 598
385 249
757 174
562 121
366 96
1091 207
831 632
750 273
987 518
1150 411
1122 427
747 244
323 3
360 76
375 71
1150 443
222 536
1135 536
702 57
1122 393
551 577
1143 368
739 63
513 676
949 667
463 297
1131 374
1147 364
1127 404
1152 474
663 700
796 478
194 580
338 78
586 664
993 368
419 272
765 190
768 263
806 551
552 36
717 85
789 498
1139 529
1112 451
1017 494
320 41
825 204
1164 556
394 147
826 342
1129 237
738 470
1107 254
1188 451
895 436
1119 227
1112 482
920 77
809 648
239 470
1172 288
638 264
1129 276
431 204
336 20
1118 467
1102 189
1140 480
1111 482
1136 267
1006 548
414 430
1119 508
747 243
851 622
1162 387
1113 358
509 479
791 611
1131 353
411 246
767 161
1113 176
1133 357
1175 369
708 160
1129 459
1126 205
482 487
1041 263
425 217
1202 307
1148 435
224 299
1110 518
359 64
1164 528
1135 229
1023 258
426 442
772 272
1163 205
721 199
709 248
726 188
1164 462
323 683
432 233
1122 294
705 2
437 561
1032 706
298 15
1025 240
747 374
710 69
1172 478
1159 475
745 99
1027 137
732 272
1112 511
1149 359
1101 295
1114 152
1070 34
748 412
1122 506
1102 351
1143 396
695 6
1133 224
1111 498
532 60
247 503
349 124
1118 443
1157 275
289 424
772 260
1142 480
1163 493
828 577
326 45
473 632
768 338
1170 486
774 408
1122 259
690 399
762 442
706 143
719 506
526 585
1029 298
784 467
673 12
768 428
1102 314
728 73
1135 424
812 570
1165 362
739 310
1159 310
