526 672
546 476
476 79
426 162
291 143
736 135
1236 43
1010 237
322 403
1277 73
1258 548
19 617
920 100
19 55
980 82
221 76
425 269
373 81
1231 373
58 109
104 281
1046 42
737 171
663 207
1000 265
1192 372
283 141
340 491
921 96
889 362
80 359
1222 689
42 700
693 45
1279 186
262 281
238 248
821 550
1188 25
736 316
1279 387
6 138
291 636
405 621
666 699
185 88
1235 50
32 74
600 271
386 447
574 491
748 95
1097 471
568 469
749 583
1278 133
78 715
1266 532
1236 676
899 185
11 660
1163 126
254 154
1002 489
847 517
1146 488
552 695
772 30
242 189
687 653
706 210
1027 634
942 670
1133 530
457 719
894 676
511 573
