922 183
285 49
240 250
956 111
501 705
1107 282
925 1
1061 247
904 170
411 242
923 719
425 171
186 503
164 172
1084 133
439 280
213 480
905 339
452 716
974 703
560 436
436 510
848 166
528 217
924 685
1010 62
156 338
876 26
293 670
791 117
328 31
377 419
131 199
678 127
232 67
353 668
828 425
538 191
558 61
682 31
245 243
733 103
792 495
905 148
155 498
1037 117
751 636
683 539
964 181
793 701
311 627
446 267
774 163
707 98
223 432
310 80
1111 89
422 658
983 175
990 711
197 75
1100 198
918 155
722 131
851 188
1012 423
1229 401
930 169
975 92
248 272
569 706
903 400
965 229
492 109
363 176
1237 473
409 55
186 465
149 486
627 132
988 712
694 667
595 70
251 103
1181 140
278 513
592 527
