284 512
636 266
470 257
1132 417
1209 383
420 72
811 183
280 51
1003 700
941 84
1223 404
404 140
1269 100
512 163
671 208
775 186
1020 136
236 12
207 596
1106 678
218 419
596 265
909 271
762 421
153 565
451 524
516 35
619 570
75 410
593 666
917 43
569 270
792 161
1123 185
1013 157
594 162
320 82
445 652
274 318
672 619
793 437
279 703
547 468
861 26
403 21
70 506
1041 686
286 589
339 661
974 112
143 292
1182 303
1113 197
964 543
151 477
844 489
323 410
699 16
929 715
1008 26
185 285
1275 671
837 487
247 150
1179 243
18 111
72 301
959 247
291 41
1204 217
551 368
152 105
408 111
595 36
579 62
512 175
750 703
542 443
470 658
725 141
893 560
950 680
284 290
