820 492
897 595
537 651
557 265
170 215
395 352
442 339
555 387
353 494
464 494
522 256
183 596
1109 680
1189 361
200 113
581 503
222 305
527 595
797 614
540 21
494 555
166 592
441 622
407 365
213 535
487 179
454 695
702 543
459 556
542 568
452 607
513 591
749 705
227 281
200 610
1036 471
230 175
203 484
221 104
206 193
529 177
242 519
204 637
248 226
1143 538
238 143
191 77
1002 340
462 528
225 472
572 93
569 418
861 517
462 566
976 234
552 212
538 414
182 121
218 59
231 68
871 254
503 571
526 643
505 299
243 364
191 577
448 577
533 545
251 45
224 94
541 584
249 167
229 248
209 103
498 686
210 239
553 385
444 651
224 434
533 58
556 648
459 699
821 562
469 517
431 391
251 266
201 153
528 401
549 549
1116 529
460 302
225 205
288 66
264 131
534 432
410 360
222 318
1122 455
408 426
461 609
197 303
275 626
223 209
217 634
1131 633
1121 684
232 250
191 637
247 424
171 126
195 29
459 301
456 75
792 419
450 313
233 324
465 540
401 610
189 496
466 194
177 259
478 214
235 489
234 47
464 605
1171 67
256 246
251 68
768 707
536 276
298 123
192 604
505 648
391 322
260 449
224 536
467 383
1024 695
154 192
707 275
968 262
466 570
507 344
224 519
569 652
268 72
205 313
382 403
1071 170
232 545
321 21
467 540
798 361
436 410
219 70
187 545
189 268
572 515
496 40
455 384
206 213
233 331
585 120
218 373
217 226
596 429
746 101
216 529
430 284
1104 496
276 168
233 191
809 683
220 303
502 550
212 95
528 347
554 189
253 640
504 413
198 330
564 538
186 671
481 664
260 123
484 527
228 215
246 589
211 551
490 505
233 183
181 153
225 72
243 217
269 64
185 80
476 569
180 195
282 121
195 75
128 48
159 222
153 310
527 527
533 615
951 218
545 573
167 145
240 453
440 709
478 198
245 459
531 255
202 278
292 44
220 256
511 637
256 220
492 181
121 79
515 571
247 426
568 533
943 371
812 416
536 446
224 623
577 446
512 701
1108 124
984 15
202 569
456 546
152 129
486 407
1113 547
1082 156
845 588
381 587
1132 684
444 336
509 499
731 255
244 343
227 552
543 554
219 429
203 480
181 609
224 24
187 106
151 565
442 365
492 182
227 96
215 10
1002 508
238 273
178 174
167 644
254 57
544 478
275 128
240 287
427 235
458 319
505 349
551 232
270 88
819 345
552 518
817 400
173 93
466 355
223 500
250 669
523 568
192 74
135 176
446 384
959 271
238 564
203 146
544 209
1131 688
142 159
167 306
1131 601
523 511
562 201
228 47
418 247
153 70
431 233
450 565
466 479
195 138
514 682
526 329
446 551
479 308
878 611
541 122
227 590
206 482
1110 523
526 243
999 514
451 576
496 498
209 313
203 105
519 152
170 622
486 619
247 106
1147 131
492 406
573 655
1012 528
243 236
1043 502
478 568
762 532
246 54
777 688
484 550
219 206
431 389
171 569
418 260
464 73
499 594
143 107
764 601
860 276
268 109
528 493
114 103
530 712
225 185
230 191
226 96
534 558
1088 382
183 265
222 585
535 442
392 649
1108 665
513 416
466 279
517 599
182 610
538 580
235 408
202 601
163 73
505 121
416 545
794 603
534 352
259 465
586 345
481 432
539 244
413 567
208 92
1030 702
1075 187
590 200
515 310
453 507
475 618
524 17
440 630
197 20
527 107
204 458
512 350
510 173
157 241
525 179
407 646
219 186
460 383
750 557
578 544
955 387
198 674
234 311
539 656
516 651
462 452
252 60
501 155
554 549
476 692
549 664
516 360
447 417
436 372
462 624
275 20
487 609
341 620
504 497
240 469
230 48
247 367
207 166
237 130
432 361
1079 390
536 298
557 561
480 669
551 228
212 18
486 410
505 279
471 628
551 265
488 421
491 124
200 179
415 685
1147 702
203 191
537 179
372 655
379 323
369 320
509 269
556 505
486 568
477 601
521 549
517 557
441 334
250 338
254 656
569 86
433 395
519 44
519 671
403 278
206 549
495 611
263 170
553 611
452 702
505 508
455 586
521 590
567 645
402 638
469 379
511 156
233 458
573 414
951 524
374 356
500 706
213 54
479 217
489 643
1107 572
820 689
414 602
341 606
1132 502
689 52
167 210
210 308
586 601
456 511
500 421
249 68
185 595
531 257
547 599
470 714
538 179
392 486
187 535
380 588
478 560
286 92
243 527
484 517
873 407
170 176
503 364
154 168
213 248
522 367
455 544
523 277
260 0
530 522
274 473
496 522
449 475
528 188
567 127
495 385
511 617
585 435
374 583
560 563
482 580
553 247
463 693
574 555
552 689
529 359
198 257
549 483
193 56
457 701
454 512
557 503
1196 471
514 649
238 354
435 710
517 541
189 517
204 218
452 432
509 118
548 593
552 542
547 211
403 63
562 579
167 610
182 269
486 667
407 569
171 531
229 213
244 442
242 116
474 568
583 441
468 609
448 400
261 76
510 499
515 659
755 197
1153 529
247 409
497 645
597 439
209 172
499 553
468 429
495 199
413 449
493 619
437 561
163 221
443 517
511 253
369 566
496 258
514 666
198 229
906 387
210 646
403 417
423 537
545 339
456 411
561 620
548 459
559 517
395 703
531 286
375 299
546 533
212 55
539 658
209 128
564 552
435 537
509 551
214 220
516 563
423 327
547 331
311 642
503 610
387 540
229 356
230 267
537 569
543 276
1095 164
454 216
451 82
419 143
1016 584
440 412
430 482
358 566
573 483
464 514
485 405
174 274
538 526
548 435
547 529
525 676
209 505
418 565
415 327
418 709
255 111
555 587
547 393
373 691
375 593
508 653
539 303
561 300
350 551
511 580
465 700
222 363
165 110
513 455
1078 466
1122 407
933 436
190 537
261 130
1091 12
458 617
427 43
506 548
409 655
536 233
494 417
505 223
601 149
520 705
540 347
559 227
479 569
483 714
504 669
526 344
521 447
559 547
1114 77
552 371
393 421
547 598
587 467
539 390
225 557
467 509
547 715
471 570
216 499
142 109
542 564
556 337
546 15
475 242
543 657
472 704
158 554
426 624
565 82
470 516
538 707
523 569
548 638
417 498
457 181
506 616
530 104
499 627
724 545
518 551
789 637
393 577
442 629
887 359
213 632
556 230
211 78
472 645
239 241
491 373
493 595
226 610
194 96
541 521
224 584
452 379
213 508
901 619
362 326
240 100
485 696
240 590
511 579
91 144
245 457
476 651
241 437
587 328
455 667
237 133
1048 540
226 83
547 136
505 509
379 231
547 534
455 709
479 651
848 713
225 486
235 549
556 566
257 174
560 423
535 224
240 512
448 604
555 347
560 103
579 558
171 115
161 57
479 230
140 174
464 670
535 371
202 137
517 123
446 379
498 319
867 480
539 415
270 158
1148 620
475 320
260 198
860 618
1082 530
649 237
291 171
396 232
550 648
184 130
493 368
198 255
232 68
252 435
191 252
607 466
175 115
441 692
457 718
193 369
214 177
503 154
587 570
174 77
204 311
514 269
562 415
513 291
245 301
272 55
293 135
912 410
355 392
599 241
464 256
548 361
465 209
512 317
230 271
205 655
401 282
584 94
473 458
236 250
210 353
227 541
215 537
241 148
256 277
263 145
559 574
1025 592
487 176
158 136
500 356
208 648
535 605
475 579
219 354
408 541
225 409
454 683
431 586
357 717
576 536
487 522
517 230
546 398
272 71
549 566
181 233
590 509
560 524
467 435
371 703
526 383
422 667
174 370
469 529
534 235
447 245
222 365
165 603
416 583
187 79
498 563
538 238
122 594
276 84
238 463
254 145
554 225
947 244
225 408
1195 360
552 280
494 376
226 501
222 285
444 579
398 267
430 453
486 359
854 315
513 366
253 356
554 705
197 143
237 143
1087 37
290 29
543 483
213 135
520 333
521 429
235 94
447 637
453 514
505 541
468 535
201 576
251 477
199 479
163 206
470 435
227 138
544 540
463 265
1090 42
202 60
495 571
168 118
245 329
1099 49
229 301
542 618
244 12
1125 419
215 584
471 417
565 165
547 544
216 228
586 238
369 556
1103 314
557 370
729 478
211 258
71 204
237 41
216 562
505 125
255 460
537 325
922 539
706 256
172 344
216 624
166 245
207 99
202 237
501 579
262 181
275 187
121 150
696 547
247 20
482 700
507 543
504 406
170 67
174 604
231 469
530 545
473 657
211 574
1089 574
241 104
494 122
27 35
489 705
304 10
189 237
175 108
539 386
876 284
509 566
568 561
438 328
200 638
233 200
595 403
575 439
505 384
249 507
548 541
207 236
204 303
1174 478
538 286
231 120
536 247
574 207
590 496
206 418
516 246
186 94
561 654
481 369
841 487
206 148
536 622
682 388
441 354
515 354
460 624
485 440
544 493
230 127
427 379
192 406
536 552
494 571
228 383
575 88
281 104
569 401
478 503
220 600
228 257
457 670
529 363
1039 363
1047 628
548 496
510 641
223 261
402 426
409 382
412 710
564 0
394 615
1042 429
518 415
255 437
410 517
382 598
570 157
395 714
517 714
465 709
561 17
207 97
432 664
545 219
409 523
508 385
523 195
226 237
232 116
184 176
246 453
518 298
512 334
430 209
190 533
243 538
424 563
367 711
481 247
472 528
577 328
487 237
512 286
617 462
462 629
528 119
429 409
491 605
536 554
497 105
399 551
216 303
505 628
435 550
570 152
299 83
226 630
826 528
495 602
267 191
547 613
224 589
224 484
247 484
552 124
138 64
638 477
1031 411
579 336
168 102
417 383
535 134
544 709
239 94
550 532
501 621
280 125
596 281
210 227
556 200
178 551
550 691
223 436
425 652
479 498
251 161
529 228
529 622
218 333
196 217
521 375
159 215
389 619
248 559
526 299
454 699
431 410
710 29
529 694
997 498
480 377
576 512
569 205
200 302
457 78
527 244
210 470
878 364
244 387
201 66
208 66
168 233
182 231
508 553
186 174
240 255
179 584
229 390
217 509
571 91
472 513
238 97
556 79
499 95
244 615
261 155
521 651
529 321
1158 370
244 170
254 501
223 190
985 144
453 504
182 177
163 142
562 492
560 535
363 443
542 294
488 377
567 530
584 280
579 19
532 389
233 181
208 507
549 275
456 602
252 478
385 495
555 419
562 350
538 588
565 581
579 191
531 613
212 119
293 113
331 635
386 558
474 631
507 510
576 257
531 233
452 504
452 4
459 531
537 90
477 254
480 573
464 387
544 501
452 556
180 109
1107 715
537 646
458 658
553 687
547 239
245 187
462 294
372 596
967 429
429 517
341 548
453 428
409 507
534 259
186 518
504 397
216 489
439 696
162 586
574 383
164 247
241 295
269 111
566 135
104 154
430 351
393 568
531 680
820 374
516 520
186 291
541 595
535 608
954 550
163 556
411 661
473 236
487 644
233 484
502 245
437 413
537 79
919 304
538 210
1009 517
1105 627
552 383
373 641
471 410
516 532
239 107
401 544
1130 698
1118 101
563 623
408 381
434 401
544 308
473 684
254 148
538 176
236 87
158 584
227 127
561 69
679 414
460 594
178 640
575 116
371 677
609 489
513 43
446 477
206 473
472 243
951 597
436 552
480 328
544 588
216 177
550 504
251 167
238 249
551 497
504 315
270 185
195 190
446 410
525 140
154 125
538 261
511 571
454 584
501 499
573 555
218 473
447 379
463 257
540 697
493 264
265 88
546 536
202 155
501 601
1057 536
485 626
435 294
530 593
501 567
438 591
427 280
439 325
240 413
559 493
437 409
461 666
224 60
531 117
260 154
535 256
490 440
224 474
488 548
550 547
184 244
183 312
289 6
445 395
507 516
487 470
404 558
224 118
570 172
533 317
493 658
515 499
555 133
542 417
577 256
454 621
551 94
473 312
286 69
530 496
515 512
517 480
524 532
468 180
548 420
554 419
551 546
429 165
411 432
533 376
559 612
513 537
253 369
469 29
451 699
181 123
721 318
444 505
484 166
251 436
252 205
552 477
470 7
574 175
447 470
527 337
557 348
202 605
536 270
515 412
428 544
1023 707
585 582
396 569
398 577
424 592
458 520
560 565
525 624
313 140
222 312
570 330
559 551
577 547
335 639
464 546
449 455
489 644
455 634
411 381
542 395
523 160
408 567
392 291
446 308
427 419
566 159
212 587
553 431
527 593
707 344
531 123
518 561
562 643
364 379
399 396
657 532
510 201
491 533
231 194
494 482
486 570
393 501
479 408
676 577
538 300
243 329
358 403
558 481
487 501
528 643
403 350
515 425
452 570
523 305
437 558
275 113
421 594
460 71
490 569
532 471
1193 627
499 402
537 454
433 245
610 65
576 13
484 686
423 560
442 414
522 504
508 211
471 551
494 397
448 221
556 567
577 205
512 450
548 488
550 374
544 343
546 561
481 546
544 649
556 185
552 140
673 221
435 362
432 383
491 300
440 509
207 501
500 522
548 522
245 524
385 544
219 570
416 669
310 703
501 713
490 711
189 71
578 48
863 58
557 364
552 380
570 326
448 312
444 318
541 311
569 447
238 397
449 541
516 524
504 561
382 551
458 620
538 700
513 361
497 417
1247 399
519 512
523 554
556 581
556 503
457 525
468 710
548 218
558 433
528 652
382 433
534 130
291 15
448 644
463 497
364 719
513 606
708 316
459 536
577 217
186 390
185 81
232 252
423 580
407 613
580 305
578 430
497 561
263 121
457 363
539 495
458 112
461 608
272 469
542 542
194 266
527 629
476 626
191 662
234 103
492 448
278 199
266 401
388 402
473 632
528 9
386 345
405 675
441 555
339 693
483 430
228 235
175 151
160 624
554 411
378 570
504 668
478 36
456 685
464 535
141 101
378 604
167 70
258 85
254 68
241 436
373 683
538 534
678 481
923 628
560 701
598 199
592 533
522 676
180 76
251 72
446 536
257 273
549 520
481 365
489 461
266 150
584 123
609 443
420 397
603 494
226 634
1130 608
176 237
525 416
480 524
211 510
518 589
1085 653
227 242
445 70
197 117
558 311
738 143
871 612
244 233
828 315
474 609
386 373
404 313
225 85
213 286
679 620
551 575
92 97
244 31
475 297
472 341
555 222
403 628
247 227
447 601
443 613
206 64
419 399
247 239
534 153
235 494
184 165
470 379
1015 478
565 205
489 390
532 474
442 621
878 252
565 632
212 361
528 421
544 408
555 392
248 168
240 239
245 428
1126 677
574 607
249 124
223 470
202 264
197 75
519 544
254 201
460 499
508 416
167 88
543 605
512 542
483 396
207 480
500 227
213 516
523 439
1083 439
535 98
493 214
526 308
216 342
582 429
521 509
231 254
545 89
556 425
397 321
522 284
557 22
491 254
541 719
818 411
222 192
195 235
511 360
589 328
61 444
550 708
569 570
538 590
420 597
210 632
240 52
561 353
442 361
493 590
432 508
165 645
516 64
287 147
505 163
516 568
568 550
492 449
577 448
559 660
557 48
558 58
521 683
443 354
528 495
424 649
462 702
210 552
461 551
514 585
556 313
1151 405
490 178
471 523
485 618
521 471
484 40
465 604
445 340
437 716
543 492
522 397
437 404
515 206
519 715
484 344
570 546
514 592
472 719
523 606
199 556
552 699
504 259
553 475
444 623
436 172
525 540
462 305
534 715
166 109
205 193
239 435
436 209
591 127
147 181
581 195
234 346
573 322
197 31
1006 508
565 374
411 643
225 242
561 229
402 253
269 136
227 461
521 408
534 580
534 586
294 141
1165 425
426 598
202 331
462 77
411 561
412 416
233 67
489 410
202 175
520 175
544 594
175 590
519 385
227 544
231 113
548 658
472 508
242 316
417 668
241 325
234 595
680 262
166 204
231 109
240 127
213 414
1140 218
675 694
192 482
177 607
166 9
264 117
929 409
532 525
474 600
486 500
1084 28
246 65
267 162
182 559
525 43
835 603
497 378
331 617
207 180
538 227
342 444
533 602
213 498
387 530
197 197
198 612
901 344
256 106
520 272
221 314
549 482
542 628
207 70
241 99
454 357
576 213
193 69
223 324
584 478
507 385
195 191
212 89
237 391
218 78
240 510
228 379
447 624
821 364
242 263
378 357
224 612
507 325
857 356
191 262
1053 652
547 703
511 602
552 710
529 389
1055 598
547 229
208 499
159 110
177 110
440 179
522 325
458 392
1190 578
390 462
382 368
202 78
575 493
1170 475
195 146
180 288
1030 293
378 705
387 506
491 367
263 130
529 340
573 433
496 67
594 77
214 101
1047 197
577 583
539 455
407 429
530 672
793 521
232 448
516 172
150 162
552 432
398 413
1031 332
177 67
192 520
906 594
236 151
563 649
488 372
466 653
903 148
477 677
221 568
430 320
511 309
242 89
455 501
1102 9
209 474
231 258
555 613
416 364
472 212
431 563
453 295
254 292
481 565
538 504
493 44
527 635
438 406
224 260
899 260
420 719
441 553
519 12
544 480
455 718
433 590
596 565
195 121
460 541
251 346
196 610
480 686
510 573
232 478
507 287
1050 481
495 666
506 566
460 107
485 199
524 27
225 330
384 718
255 273
570 112
389 649
906 596
506 452
478 595
53 709
487 104
538 386
522 347
213 622
260 33
662 646
556 155
489 513
675 639
426 274
442 633
405 302
185 65
1015 415
487 371
449 93
550 535
419 210
451 507
448 513
561 121
201 231
223 302
428 491
555 319
223 98
529 245
383 601
530 256
355 347
416 554
529 716
232 548
254 396
531 399
519 4
908 320
198 32
246 57
552 250
214 234
216 92
444 244
448 337
478 417
167 148
453 181
455 592
925 59
530 589
509 705
156 171
240 274
463 626
567 356
405 378
506 457
515 296
758 346
586 428
564 478
496 714
582 307
556 659
334 655
472 454
387 403
1071 285
555 404
520 526
571 276
425 161
564 658
215 594
226 317
501 490
456 710
511 224
526 607
454 336
193 86
445 441
513 525
546 448
489 176
457 542
250 178
206 334
197 583
550 491
439 279
492 346
465 579
411 402
459 406
502 336
545 590
490 643
546 643
559 511
490 632
528 589
385 565
206 181
572 245
498 599
515 395
864 132
484 583
724 2
522 84
542 607
484 631
511 26
565 566
395 657
421 263
582 531
535 516
587 400
489 29
473 529
450 600
462 548
510 718
441 144
512 522
534 523
431 207
553 675
550 687
512 252
570 420
463 438
542 670
566 418
577 274
209 129
470 317
588 473
225 249
432 280
539 442
1135 629
567 549
526 674
500 444
437 604
207 560
309 51
838 26
239 140
469 416
558 706
555 172
435 514
436 450
502 586
656 116
434 379
453 301
413 609
419 510
225 121
456 326
303 109
247 483
230 223
1076 331
797 314
230 152
222 551
534 622
482 625
490 308
226 431
456 646
354 719
200 111
229 149
489 312
183 83
223 653
551 481
196 75
506 427
463 395
491 565
263 26
611 82
485 408
408 317
467 394
514 368
249 459
497 512
248 299
476 624
549 260
481 137
523 670
541 99
410 595
450 644
475 581
446 563
487 578
481 196
521 404
800 211
375 681
269 469
517 512
462 557
502 322
577 220
236 394
239 477
540 607
777 272
542 441
389 319
479 670
490 590
480 641
898 586
499 545
558 700
183 91
176 361
516 357
471 648
436 247
402 430
436 548
463 400
495 161
207 338
244 347
1110 359
387 710
609 602
407 165
491 158
459 692
531 679
522 512
242 205
519 260
773 450
565 121
200 227
611 291
762 468
414 659
243 277
144 126
406 585
255 390
225 56
500 559
451 577
534 554
247 157
219 338
343 390
504 66
413 694
531 601
511 175
527 414
450 650
199 173
499 173
472 577
461 377
516 623
528 331
443 428
525 216
407 279
236 310
241 455
457 636
239 326
433 389
549 615
567 644
199 59
856 150
565 621
386 493
179 174
409 411
802 66
244 144
218 207
556 431
489 532
432 258
589 137
537 626
174 72
555 509
1041 509
552 257
205 24
368 571
561 546
237 494
230 501
561 647
223 268
517 505
191 70
520 115
524 551
724 128
576 497
485 601
453 250
1025 705
244 222
548 536
170 640
428 388
457 518
549 583
494 298
437 377
419 558
499 652
740 411
257 184
538 27
498 598
313 111
206 159
205 215
563 547
192 388
547 305
188 196
182 289
503 330
272 72
617 592
127 155
499 196
453 372
215 400
485 569
1088 366
548 336
188 268
514 597
1132 554
357 441
231 596
520 277
446 531
736 428
431 475
335 585
150 562
191 224
246 268
218 123
721 564
776 353
447 658
507 558
397 405
503 626
453 559
530 402
240 249
578 316
542 5
560 401
454 646
1028 682
544 259
484 691
189 98
523 498
437 594
756 88
518 378
784 359
213 506
694 459
1154 649
201 595
723 620
1134 536
453 554
551 68
212 542
350 581
466 401
517 633
463 547
826 505
237 46
235 109
472 309
517 384
460 712
577 342
766 86
419 334
499 532
518 330
420 573
251 297
565 11
446 318
467 682
176 239
418 528
171 197
233 433
222 394
1041 406
565 169
388 413
1101 502
191 106
300 88
427 406
191 111
224 520
241 503
525 516
1111 193
167 587
222 460
1134 557
195 192
201 574
254 271
1059 338
448 690
229 511
253 23
240 113
1151 619
219 152
506 555
241 527
495 548
421 10
175 280
502 173
442 276
510 691
362 559
239 111
252 125
513 56
447 666
226 248
225 225
254 252
516 668
234 157
542 486
203 73
189 204
581 218
230 189
670 207
1094 560
483 670
228 284
543 714
242 382
542 619
252 145
187 170
256 272
255 408
123 129
155 165
349 41
214 79
555 529
209 516
241 329
1105 532
1128 633
196 284
153 64
263 80
267 154
191 536
214 593
1025 263
154 601
416 543
1053 679
493 618
255 90
233 354
197 95
1153 678
218 458
229 84
231 485
217 474
231 474
243 321
468 401
231 177
246 480
1098 530
249 257
920 360
237 376
1002 537
230 298
270 165
735 345
222 553
782 653
231 70
229 94
199 587
204 123
213 556
219 127
154 28
212 656
194 533
209 360
197 90
259 468
226 644
248 219
240 222
233 479
517 707
1023 253
199 628
471 262
186 377
1110 513
176 618
229 446
434 500
499 256
993 503
762 273
245 311
215 153
282 124
209 112
135 173
834 559
190 156
230 133
203 534
246 316
218 571
147 161
189 263
244 276
175 98
823 525
1042 422
171 102
245 240
161 653
215 61
545 506
209 89
528 571
250 290
801 612
548 121
236 242
535 584
446 390
197 602
541 539
220 593
180 174
517 716
200 157
177 258
218 579
220 208
247 407
475 423
1002 418
490 669
218 529
228 510
476 641
196 77
929 536
215 219
498 653
543 624
500 560
526 705
477 184
220 194
822 330
559 469
506 517
363 715
1148 457
600 203
712 465
249 293
250 133
851 301
469 598
158 153
463 406
573 509
220 595
251 97
353 541
495 633
1092 582
241 261
562 435
593 240
237 93
520 308
539 508
526 543
531 540
526 600
495 242
241 196
258 145
435 538
1128 318
228 322
1049 439
433 161
492 679
544 344
523 660
1071 660
1106 549
450 576
571 465
227 324
448 717
471 619
225 164
536 295
539 597
218 133
232 539
211 257
782 279
378 345
488 286
514 474
551 521
209 184
587 184
456 19
445 655
1039 678
215 140
750 545
155 246
1176 405
156 620
820 268
499 698
353 151
425 362
598 50
514 482
567 517
219 361
486 654
230 257
487 528
696 561
452 676
571 334
423 603
534 707
199 154
563 185
257 93
479 0
398 531
167 150
493 684
518 398
503 470
698 414
167 549
181 7
732 379
544 587
516 593
572 415
542 377
404 436
444 540
201 186
532 409
461 74
498 521
720 262
520 189
220 450
261 279
469 342
234 390
200 596
498 646
239 343
665 426
374 352
529 599
834 347
214 184
1080 657
522 423
577 131
473 179
508 678
412 439
220 551
1182 572
984 478
175 150
231 87
233 655
1155 457
218 128
988 386
512 616
183 123
470 629
218 391
156 168
473 384
431 264
193 238
547 44
527 690
399 344
232 67
519 539
196 112
576 117
466 632
465 613
564 205
379 239
204 399
213 166
423 533
521 441
428 474
1189 268
542 179
562 619
243 227
211 89
511 198
469 705
480 92
489 412
566 646
504 502
418 549
562 262
723 717
198 497
527 613
698 439
178 101
424 335
527 492
473 699
464 502
457 648
451 391
515 170
430 41
375 488
548 491
536 613
205 131
502 641
296 96
471 543
177 160
191 207
1101 251
323 586
446 484
203 580
590 583
427 414
426 675
564 112
455 254
427 539
446 161
475 377
439 373
422 341
261 133
269 221
218 253
250 177
245 318
536 337
416 505
212 204
196 162
462 589
536 614
125 90
453 657
1073 229
241 69
258 121
547 255
458 40
232 308
486 542
243 125
477 523
547 384
419 496
505 652
517 423
220 134
214 521
508 689
589 160
498 66
402 342
530 244
229 187
419 685
1075 590
573 463
495 552
527 79
372 583
566 216
540 405
546 403
847 531
380 376
427 512
481 583
189 148
545 123
557 588
501 528
247 371
202 170
509 369
241 71
163 235
425 547
419 386
521 534
507 49
435 291
800 363
566 373
559 275
475 178
555 171
458 716
427 305
568 627
490 612
565 232
262 120
583 260
487 622
210 324
571 36
457 549
233 218
530 389
510 210
505 570
479 103
444 702
193 457
329 567
583 473
951 473
498 674
279 130
420 302
478 626
521 411
458 675
201 364
409 522
494 225
484 132
544 406
147 532
561 352
539 376
406 176
494 541
237 39
429 584
377 518
555 266
564 415
565 524
491 689
221 413
529 374
474 402
502 161
485 420
221 55
1115 504
562 454
487 668
212 596
529 306
587 519
557 240
518 597
566 414
562 129
458 493
549 527
203 144
537 239
453 378
1042 378
219 105
997 367
529 25
479 718
220 87
208 204
558 484
350 63
532 537
500 335
202 116
295 104
513 660
514 90
219 321
513 673
570 512
539 209
573 170
562 539
569 419
179 99
350 496
526 687
511 593
501 704
515 658
501 106
472 120
349 369
564 14
530 697
356 318
571 425
519 593
549 671
419 412
369 500
544 87
501 570
470 282
242 262
213 266
305 559
444 384
234 102
1026 532
198 224
503 190
231 399
503 367
160 126
178 64
565 677
518 313
431 698
437 407
490 678
459 99
231 236
550 341
288 114
203 222
239 618
817 680
500 603
522 603
199 70
527 376
194 445
682 318
186 142
264 98
532 4
214 88
228 152
195 206
187 93
515 175
490 422
184 643
437 431
189 84
221 77
246 343
1166 226
182 142
470 646
981 436
259 104
680 532
464 661
668 674
1032 372
170 277
536 631
239 115
1039 709
440 532
550 392
493 220
549 627
915 490
241 135
208 199
425 350
375 240
1138 557
412 563
285 92
510 560
418 310
438 393
208 548
160 74
555 505
238 329
480 417
561 485
223 89
526 311
241 418
552 97
442 664
525 401
472 404
469 100
528 89
279 55
566 185
449 547
1068 329
269 483
155 96
475 76
259 202
490 139
570 87
553 500
149 638
625 216
538 269
409 573
539 540
415 137
485 678
592 361
566 26
523 634
455 706
528 538
453 58
498 699
513 304
1085 298
584 141
548 183
209 522
711 313
448 511
324 578
570 401
452 598
506 596
536 278
521 675
540 673
562 149
418 60
1097 442
531 242
530 688
517 245
520 294
462 571
496 25
264 140
1179 615
539 403
218 179
550 625
549 597
480 625
1125 242
535 301
556 434
552 301
464 552
462 549
523 320
567 671
543 631
482 675
556 521
538 328
390 548
557 315
469 282
512 385
459 518
418 158
502 217
237 615
193 262
556 152
429 581
456 374
513 629
483 684
463 570
416 427
530 695
468 439
225 337
155 547
536 403
255 274
758 26
201 241
458 214
513 347
437 436
549 209
244 85
474 694
536 671
496 667
552 675
392 434
486 526
434 545
249 103
520 438
541 549
587 17
500 689
467 646
586 125
548 539
498 657
532 491
480 564
508 620
721 371
503 320
432 667
227 201
483 579
551 182
533 635
516 408
572 536
483 196
448 274
367 552
233 311
209 156
425 265
596 352
282 109
582 172
502 594
607 472
413 274
526 415
557 147
562 590
406 659
473 531
542 324
491 657
217 175
560 534
357 234
527 203
520 102
494 418
488 603
401 367
432 531
1101 598
564 145
480 554
455 642
510 230
587 544
528 76
482 347
493 87
465 630
620 179
490 387
830 151
431 528
522 114
529 4
418 271
528 242
205 681
518 586
488 572
613 59
585 258
489 688
251 347
508 347
504 518
494 607
481 674
433 414
578 148
413 355
183 45
494 394
435 543
444 555
558 400
475 421
440 706
406 580
438 361
226 465
511 64
570 446
516 672
258 221
590 177
568 250
446 250
541 284
433 396
455 200
219 572
499 707
531 383
391 644
557 340
449 264
446 365
520 704
545 639
973 371
568 404
361 702
561 506
573 556
494 34
436 385
547 52
577 112
513 373
538 653
1080 637
389 445
464 466
534 113
495 328
566 203
485 713
163 122
519 712
259 422
205 102
534 576
541 529
475 670
466 184
222 75
348 415
477 358
582 153
209 286
462 550
486 320
486 611
470 624
436 395
441 654
550 653
567 680
412 44
463 532
240 64
509 563
528 626
564 183
367 493
524 677
191 274
1145 527
525 594
221 95
471 314
508 204
501 524
479 635
570 609
534 612
418 257
604 108
183 142
472 706
473 418
517 277
228 605
477 658
527 177
679 404
515 599
527 568
141 518
538 587
350 165
531 341
457 274
558 249
211 230
198 137
606 148
458 243
511 425
473 361
489 577
544 711
578 4
517 295
509 476
524 479
481 595
432 516
434 102
479 266
435 551
534 625
253 58
481 235
516 302
204 137
489 82
549 85
402 481
523 107
493 149
549 692
491 710
429 184
443 636
492 234
464 275
407 633
191 608
488 488
1057 619
459 500
150 62
515 324
541 324
529 689
426 294
420 639
433 516
458 18
563 368
507 553
459 674
541 106
420 634
350 629
274 94
248 405
587 23
530 346
486 312
504 427
447 668
527 328
486 473
520 19
810 152
496 609
340 483
566 548
562 568
524 376
514 400
502 252
188 120
535 546
559 291
570 598
359 543
553 602
471 87
369 531
484 652
498 652
467 310
596 372
491 629
726 493
587 130
514 659
541 614
406 318
527 489
525 19
357 553
459 358
569 646
485 247
556 526
222 514
542 526
397 533
565 366
599 137
581 492
452 567
569 614
558 258
528 435
482 688
535 526
527 495
549 495
477 698
461 428
490 429
544 321
429 426
397 403
407 382
475 123
540 409
505 622
259 158
563 291
549 115
566 629
504 574
497 714
528 26
664 287
556 518
501 551
554 603
465 710
503 645
487 248
443 331
534 294
511 335
532 257
537 587
437 411
570 701
552 337
554 529
518 650
482 268
571 151
484 574
469 507
513 404
419 236
469 629
455 360
513 520
386 651
461 590
567 595
791 439
530 501
534 559
459 123
413 325
581 583
537 515
558 563
445 639
617 84
492 352
546 242
234 408
251 383
413 441
457 379
480 684
383 418
398 419
513 414
475 622
540 709
493 212
493 466
559 297
515 527
530 559
427 650
581 634
498 553
276 36
536 299
211 44
479 478
39 226
439 365
502 631
401 691
555 627
501 483
473 332
454 494
559 143
501 134
517 691
409 567
259 522
534 38
556 622
491 716
1065 415
559 638
446 557
443 422
1093 268
511 658
416 199
525 483
472 688
505 662
522 508
411 607
476 520
482 50
384 562
560 623
551 659
463 538
441 380
522 537
509 673
550 555
552 353
425 221
567 478
225 444
355 714
383 406
461 247
520 247
497 57
240 171
355 538
493 9
397 559
538 495
482 670
348 689
411 689
530 703
543 479
510 413
502 479
749 532
368 498
482 644
468 511
599 90
457 203
531 543
465 643
426 568
408 643
483 378
411 592
425 532
487 7
420 537
440 670
808 426
212 148
177 581
557 408
496 672
496 71
537 261
1075 615
535 180
563 199
794 358
472 76
590 15
503 703
456 245
217 243
560 551
445 673
458 336
457 197
564 128
438 389
238 517
429 697
505 527
580 690
447 422
481 671
600 176
491 380
455 662
532 467
456 9
544 217
771 210
761 550
385 431
228 253
450 201
432 643
474 654
458 477
203 578
506 12
490 639
379 383
1174 437
276 187
488 357
509 597
426 192
407 377
512 446
470 486
423 701
466 706
465 388
512 689
566 459
560 233
519 308
414 336
530 476
561 200
400 348
193 137
534 648
493 649
199 298
266 124
232 260
601 41
461 150
509 564
441 717
237 430
455 281
223 293
229 499
511 531
389 602
407 695
429 639
559 614
573 256
219 462
260 72
196 165
243 489
221 219
470 515
457 26
522 242
366 613
244 430
240 197
183 603
236 395
1084 599
196 156
507 77
249 218
232 352
226 619
434 611
454 575
500 697
230 182
534 183
239 185
218 345
508 619
235 271
119 238
213 354
302 96
1106 703
750 400
347 709
1024 639
467 508
232 182
515 590
880 398
456 406
447 345
748 372
256 175
1026 707
483 674
509 544
228 137
261 24
197 282
1108 97
546 552
546 579
519 580
247 188
902 137
1144 431
201 527
421 707
244 77
926 217
506 559
247 97
455 693
222 379
543 352
213 567
497 301
222 546
229 553
237 442
900 105
147 128
492 659
518 657
207 197
522 76
224 134
244 633
195 184
589 148
494 548
547 312
754 306
154 581
429 543
517 344
207 647
506 535
183 594
215 403
490 701
218 318
470 498
227 136
445 168
513 357
261 326
1155 630
215 578
476 594
227 571
520 690
566 442
233 494
520 669
523 548
201 98
246 121
186 477
512 520
300 2
210 400
195 37
282 100
500 565
537 76
494 410
226 105
494 323
219 603
279 94
667 643
603 62
542 411
201 240
213 345
541 429
254 483
167 638
429 341
160 587
530 719
199 281
212 539
215 215
172 635
449 309
264 105
514 227
512 98
125 484
227 88
150 123
464 180
234 150
453 560
709 458
428 271
548 547
247 170
205 260
196 65
264 65
520 254
589 256
434 653
529 462
1084 401
514 694
410 541
479 637
413 717
210 508
552 231
1049 534
213 199
561 123
226 347
538 493
472 603
428 418
234 517
298 119
204 453
160 99
490 666
478 558
151 201
575 215
189 100
223 336
467 650
468 327
226 167
973 323
904 466
171 175
267 483
217 511
208 192
503 596
859 623
155 129
235 505
168 609
486 644
183 537
545 688
582 457
282 118
272 108
520 359
410 551
1008 384
782 587
257 252
237 315
165 576
528 45
174 174
530 640
193 400
179 101
223 136
712 520
426 648
420 381
537 520
261 465
454 673
671 387
454 571
248 272
1016 677
523 708
158 636
528 216
562 631
234 39
1050 591
183 170
504 102
483 345
489 163
313 117
246 464
507 295
245 255
1111 667
388 388
468 612
246 318
1040 613
521 239
136 79
909 255
229 323
508 598
1028 545
534 649
449 588
361 321
525 700
520 190
171 612
494 354
423 217
1013 419
492 138
460 691
534 98
453 689
477 647
149 554
391 396
539 671
213 73
184 64
512 595
457 211
466 626
228 81
451 322
169 138
462 533
447 205
215 552
791 519
322 6
432 114
536 147
212 426
529 630
890 52
236 424
253 227
211 627
216 143
225 22
222 47
543 544
478 613
189 295
242 111
292 84
862 516
1055 588
544 515
456 316
512 260
472 263
561 155
469 513
283 123
406 209
480 513
693 386
501 430
461 559
1121 583
228 142
226 565
714 121
288 115
247 476
551 634
571 140
435 60
565 406
1183 473
245 19
244 486
436 563
405 420
542 10
235 184
225 98
472 570
227 481
546 506
533 546
168 98
540 293
563 660
234 652
581 416
250 308
254 33
410 6
719 666
501 658
265 417
349 246
246 241
430 647
508 542
577 201
580 451
395 671
506 513
1160 678
532 432
492 195
495 94
593 51
239 250
607 498
199 565
503 630
412 661
1074 648
148 193
454 436
214 151
274 11
571 605
552 431
382 401
563 422
251 118
215 208
508 242
222 72
1017 240
540 521
231 224
519 370
891 643
234 310
569 278
413 674
424 544
567 1
254 79
215 249
383 660
205 324
551 338
457 343
212 475
557 621
560 224
493 415
443 409
547 236
461 705
345 391
211 562
268 158
249 177
498 91
499 477
213 170
512 673
955 532
595 39
465 353
1156 471
170 111
211 192
736 581
171 577
542 107
210 291
470 386
519 657
521 340
519 394
237 359
230 199
522 551
439 74
209 178
469 590
372 549
493 116
412 422
513 403
478 154
215 538
504 201
462 513
177 117
385 633
177 72
224 207
588 479
245 345
546 582
487 400
209 467
553 586
547 499
751 276
228 298
436 570
217 274
467 662
141 110
240 95
512 571
514 571
537 392
462 174
226 115
243 89
473 534
246 149
484 218
249 281
413 287
498 605
531 216
381 489
451 650
500 550
404 430
517 584
171 65
488 659
208 243
397 652
921 548
231 157
182 341
234 196
1006 671
752 7
548 544
531 227
455 622
549 552
248 458
517 370
1088 596
188 66
587 46
464 569
606 34
182 126
221 557
457 688
494 332
507 189
400 663
487 496
564 476
472 592
535 576
467 400
455 549
438 179
478 190
533 631
227 23
240 478
280 117
277 505
387 459
541 627
950 273
468 698
482 697
514 484
593 205
507 462
559 554
528 459
1173 438
528 260
240 210
508 251
780 638
506 421
555 413
366 367
497 554
521 405
423 536
441 388
542 553
190 611
447 400
535 545
444 495
595 548
528 588
560 309
548 512
666 676
457 687
243 141
509 217
222 245
362 556
751 601
533 564
531 501
568 599
233 341
541 62
406 710
467 171
213 78
470 392
599 429
540 126
417 653
549 422
540 688
520 686
560 238
568 501
414 74
198 581
231 111
516 452
428 421
551 599
525 320
249 143
419 242
427 360
488 622
542 448
410 291
192 633
542 291
501 521
505 310
518 624
552 95
511 501
524 435
208 551
471 541
171 148
524 171
569 118
265 28
470 567
375 553
380 495
475 132
531 652
484 638
514 500
509 651
216 181
295 25
204 139
549 514
569 596
522 523
193 106
488 680
533 285
495 717
426 528
469 654
366 544
227 527
669 168
397 386
537 491
536 518
293 131
377 645
224 192
245 113
510 686
245 657
538 413
412 603
545 701
462 146
560 280
251 302
224 259
577 546
428 267
439 215
436 420
294 120
483 499
289 119
566 547
471 198
378 503
207 472
513 562
563 220
446 244
472 346
528 654
566 412
258 99
428 106
240 496
582 630
384 522
422 674
553 591
510 473
480 6
492 702
496 139
147 131
506 413
558 543
904 662
436 574
516 326
494 539
540 253
433 358
518 352
513 693
483 645
261 488
390 366
563 42
551 604
537 403
234 370
546 71
370 431
627 263
227 226
432 625
271 102
500 509
567 183
200 217
431 552
462 193
454 582
466 715
774 517
294 22
472 323
549 276
512 336
553 208
536 553
403 560
447 715
474 419
460 626
558 407
195 220
406 133
487 582
483 514
473 437
1160 405
572 671
235 385
462 426
558 544
451 596
930 137
257 111
402 611
417 370
586 165
231 383
520 634
878 417
442 693
467 305
557 210
413 435
508 566
268 2
224 322
467 564
431 539
463 708
230 76
213 203
1094 556
461 623
451 386
452 646
468 573
487 417
364 393
454 707
502 407
167 135
487 410
407 669
570 491
224 127
543 127
579 286
918 126
548 332
393 653
435 246
576 505
254 30
240 533
516 653
224 61
575 153
510 264
426 569
484 162
468 653
350 425
536 665
534 81
1036 511
565 546
522 493
362 580
497 685
425 685
613 182
381 586
564 77
582 432
442 263
527 250
529 621
501 366
465 543
532 647
493 81
524 516
412 664
474 700
221 100
538 583
435 515
543 353
535 352
393 389
828 609
515 510
568 202
444 584
454 618
501 654
521 488
218 83
414 397
524 635
413 389
710 647
243 413
598 264
270 456
508 621
411 568
607 445
505 356
557 413
477 702
259 32
518 405
185 210
1129 447
424 395
466 351
242 318
409 369
521 714
217 253
209 120
474 646
212 594
219 438
196 315
442 506
555 264
225 294
130 163
600 130
473 445
554 284
240 213
509 571
510 571
405 432
204 164
522 545
251 349
435 531
607 165
227 595
214 573
481 575
173 577
444 616
552 634
475 27
420 490
967 518
249 21
199 175
483 366
1165 316
222 64
218 262
894 275
223 548
212 164
205 557
512 679
418 199
179 109
1052 700
173 623
238 111
227 135
232 368
236 373
1101 518
254 61
415 263
434 123
228 477
435 682
210 53
160 202
650 639
265 203
190 261
285 84
197 220
199 578
730 401
940 428
337 75
836 344
222 247
188 111
229 256
943 404
231 221
223 158
1151 655
194 108
532 608
558 443
234 211
215 633
429 693
200 606
1011 529
473 622
227 306
839 630
218 114
191 137
223 560
556 546
288 88
259 420
188 135
251 108
166 97
297 9
495 531
135 98
234 449
219 366
744 496
480 37
198 367
615 9
234 79
241 422
208 678
881 429
217 578
169 560
1056 660
1138 669
1058 545
470 633
548 590
223 192
190 82
264 83
1041 593
559 513
243 525
537 481
880 147
569 440
557 242
454 113
206 178
249 469
197 156
890 277
658 658
1110 564
763 531
239 300
193 235
290 155
218 565
161 128
747 503
500 589
302 87
1071 484
195 159
571 301
431 177
211 307
196 618
219 506
478 382
832 477
485 510
1091 687
228 103
477 616
215 242
554 639
571 433
529 78
749 512
176 99
659 709
1022 709
140 221
1122 617
224 261
234 304
377 352
206 170
249 62
527 40
217 85
261 444
235 156
213 550
201 196
218 454
196 625
574 591
451 236
519 248
472 497
250 520
236 344
443 662
586 395
464 356
521 295
208 246
549 284
1169 64
437 527
153 637
227 585
248 265
533 617
1074 603
1120 544
538 659
473 653
494 183
466 432
469 313
210 525
134 550
241 289
243 458
394 425
556 693
207 304
192 114
492 428
515 536
605 151
248 371
253 464
470 580
424 490
587 565
152 127
209 133
181 375
530 101
1078 590
196 231
440 518
397 362
972 557
791 242
233 446
1044 458
268 10
529 379
190 216
525 533
488 575
813 575
780 357
548 289
507 601
865 165
585 253
442 565
221 447
252 340
524 429
239 356
207 158
208 190
193 628
503 360
229 364
850 379
480 369
200 263
229 644
212 202
259 302
162 575
1043 542
498 381
234 165
127 210
1127 630
171 190
549 513
216 167
214 53
227 179
201 328
413 183
892 364
472 573
546 73
265 155
872 105
210 63
516 196
696 252
518 502
362 413
520 480
504 675
452 317
1112 712
502 496
476 676
500 598
705 488
208 467
244 451
572 137
476 315
521 335
486 143
488 617
626 101
538 133
429 408
537 402
245 361
546 649
197 174
561 179
527 562
539 200
426 326
505 302
518 583
518 488
504 566
528 496
531 518
403 691
472 638
471 689
432 405
244 172
422 346
233 187
469 478
187 612
660 21
279 54
491 465
442 544
439 414
491 634
398 576
534 628
536 313
544 522
208 264
511 545
581 402
1147 619
537 58
237 320
596 236
399 301
484 221
465 606
492 703
196 99
409 405
197 548
459 616
546 622
186 612
407 408
569 461
203 268
574 52
508 35
484 117
263 71
525 244
529 656
496 637
555 457
419 499
166 590
500 624
213 131
580 565
395 618
206 98
225 53
516 259
445 312
540 114
408 522
472 545
558 345
565 377
525 188
535 129
548 298
512 672
525 277
510 67
418 668
548 662
1151 591
520 589
219 470
587 154
1069 592
224 625
222 624
536 205
498 309
213 600
541 445
457 323
393 676
193 128
492 645
465 440
508 711
550 149
434 241
212 254
487 663
526 499
507 149
508 453
524 126
464 465
582 302
518 254
226 497
405 436
591 566
503 609
510 701
491 632
587 512
595 51
546 388
462 379
489 633
174 529
460 670
568 46
540 539
373 700
831 365
490 518
513 269
538 464
507 190
508 524
488 307
515 543
509 603
460 354
571 540
522 663
231 85
350 707
716 357
529 582
508 699
513 614
607 288
491 536
496 647
464 704
329 579
509 192
483 704
604 14
568 526
532 546
606 3
541 216
496 695
242 106
550 158
452 719
216 428
563 484
483 583
451 612
476 417
552 307
510 370
432 514
599 144
434 394
475 479
242 139
462 131
547 65
428 551
608 150
541 223
558 142
502 437
528 324
529 299
477 620
497 524
527 580
194 63
567 489
550 670
203 219
586 341
453 281
469 231
559 208
538 266
513 541
498 93
499 72
507 546
391 332
433 640
198 495
483 254
429 612
407 373
413 643
487 659
547 451
480 303
408 634
433 613
548 393
531 497
453 411
505 700
515 265
467 249
543 599
730 506
1128 401
376 394
255 381
476 253
502 370
286 119
488 471
462 398
417 640
150 500
537 636
464 719
488 649
435 589
487 441
415 332
472 571
500 66
461 228
496 196
270 599
222 86
492 397
244 367
586 259
519 288
317 45
520 630
476 512
511 567
501 541
242 427
228 148
410 419
495 487
470 579
465 398
456 102
490 519
453 329
462 509
166 164
460 528
509 63
517 654
474 187
680 669
447 437
413 556
541 421
707 387
194 162
408 345
504 414
240 447
244 106
430 349
516 372
517 527
306 27
513 411
520 56
493 384
467 343
464 370
488 431
546 255
471 611
265 42
161 105
542 376
234 199
233 342
526 513
240 305
495 330
1204 453
499 662
260 237
539 57
245 520
396 595
241 145
530 24
1176 483
482 546
538 654
467 99
239 89
502 263
485 706
198 234
206 475
270 205
232 157
161 585
438 346
545 544
233 18
487 414
461 387
174 175
534 357
124 130
426 264
670 242
258 310
224 359
412 360
188 274
230 102
522 698
1144 361
497 502
223 633
424 371
242 477
190 195
280 91
561 291
410 598
176 77
421 199
221 296
524 253
269 74
426 558
248 275
470 514
269 124
1054 398
446 548
436 378
493 261
509 663
480 533
992 457
236 34
237 148
194 316
214 27
199 191
280 133
221 248
241 475
245 226
169 96
1052 608
561 446
213 243
236 534
890 363
216 537
1084 456
347 398
522 601
225 588
707 360
491 637
114 154
257 427
323 24
581 550
196 145
554 349
218 257
459 83
225 109
452 684
225 657
1172 650
499 430
559 592
565 127
507 470
504 356
511 465
505 466
423 390
539 611
531 411
200 578
474 648
186 101
402 437
409 250
495 517
256 548
758 659
521 716
571 574
262 59
1078 354
532 705
440 588
451 530
806 330
168 131
559 250
579 498
586 528
490 531
472 663
1075 621
544 626
500 591
332 529
423 595
523 322
578 152
407 272
465 553
294 127
460 651
424 427
469 637
524 259
411 605
218 511
432 528
522 61
452 407
551 593
246 211
517 408
455 89
512 655
560 440
210 556
568 216
530 543
529 90
247 254
473 689
729 468
585 332
405 413
518 198
900 683
503 643
217 194
501 372
430 391
450 701
540 571
540 337
493 227
248 448
246 304
497 415
511 441
474 110
524 256
572 36
572 391
509 667
504 524
548 673
376 403
504 643
531 106
453 552
814 333
580 198
462 222
481 569
191 331
543 688
909 479
273 445
552 655
408 686
471 591
481 612
519 499
329 491
517 437
486 411
503 346
195 326
499 318
389 128
410 192
559 233
233 88
553 43
565 589
410 581
454 609
409 637
494 630
401 671
468 705
483 711
405 349
550 457
399 428
271 112
242 123
532 102
545 236
430 253
190 157
532 528
1055 562
490 574
538 548
500 680
450 640
505 647
908 667
430 707
551 342
450 266
480 448
542 472
430 390
477 390
506 106
504 593
467 603
479 520
425 377
517 443
476 549
510 583
565 255
525 678
723 661
197 502
527 502
216 366
452 608
534 257
749 513
407 262
463 379
527 531
414 469
496 189
474 383
475 542
549 626
225 546
312 38
515 539
1121 658
545 469
477 54
581 241
460 598
468 543
669 459
483 461
496 128
403 333
451 633
415 278
276 66
438 504
557 562
435 261
477 391
817 314
594 550
179 207
481 713
439 545
481 591
547 179
924 175
524 194
205 281
242 296
391 521
449 539
1091 437
463 554
223 602
507 628
187 594
545 299
578 567
457 665
470 215
426 401
1138 495
461 669
257 218
444 295
450 193
460 94
572 655
586 422
520 505
893 365
475 200
250 186
508 381
545 614
477 602
547 387
501 607
218 233
524 646
557 545
431 690
233 352
500 114
518 562
520 486
453 362
588 335
513 429
602 514
1186 392
511 352
459 557
549 232
531 89
500 586
496 708
470 613
573 476
599 546
1212 187
436 538
733 658
541 193
198 156
246 408
520 578
181 93
539 660
257 299
550 583
370 369
227 74
564 303
192 88
508 468
299 22
464 483
175 130
261 206
266 36
193 499
292 156
491 582
459 527
249 118
470 397
512 694
220 559
545 445
1114 417
523 380
195 108
238 234
535 678
775 524
242 215
493 643
225 639
470 371
553 228
241 425
209 531
195 137
478 351
577 590
424 373
506 332
222 596
1034 125
1090 145
219 574
529 615
240 158
576 230
221 273
189 115
685 586
266 123
491 596
168 216
539 274
480 666
214 504
533 492
193 107
552 706
563 519
276 163
542 567
214 211
562 555
500 490
557 683
548 432
523 637
498 326
571 250
231 556
234 230
224 236
181 245
196 80
582 5
427 664
560 252
475 186
842 625
581 229
797 292
561 171
253 55
223 170
1053 363
505 603
210 137
218 65
234 500
216 107
207 486
316 10
521 430
231 144
1078 668
463 483
269 162
544 557
493 565
390 41
427 574
580 541
484 13
216 118
150 513
233 474
574 521
952 483
557 53
245 150
265 62
288 120
231 509
541 125
999 582
238 230
266 204
164 184
596 227
408 580
222 599
481 407
223 670
172 224
757 207
249 31
521 510
221 493
191 317
543 232
233 349
250 300
515 273
403 304
231 131
198 597
198 296
266 326
248 312
607 532
234 116
1174 419
423 561
457 338
556 240
232 204
190 349
261 275
238 152
1034 527
537 116
548 553
216 326
217 641
893 515
455 658
667 699
229 89
509 381
229 110
105 179
473 378
280 138
230 292
451 617
830 274
221 327
980 701
544 277
1068 549
235 564
274 243
258 616
1105 589
474 706
433 341
256 88
484 622
197 541
454 486
202 324
562 663
502 695
431 558
273 203
155 101
904 334
240 167
459 304
219 466
265 451
503 31
896 646
212 618
440 497
230 324
530 547
539 480
507 585
249 70
550 688
1131 608
684 617
502 559
281 90
560 578
783 214
155 148
1077 551
593 177
438 429
226 62
232 151
557 412
246 350
1101 417
249 130
227 410
741 705
277 84
550 472
1069 597
1144 705
577 422
204 124
230 157
504 545
430 243
569 518
567 535
251 259
552 645
237 425
970 432
228 301
524 531
253 411
592 265
216 130
224 498
571 438
873 377
511 432
589 193
493 676
440 379
512 512
439 428
758 694
238 407
230 482
475 658
221 589
568 528
474 278
501 696
212 251
1136 553
208 461
250 426
450 602
565 663
503 494
242 224
274 18
246 455
194 140
254 80
179 102
253 224
236 184
212 177
888 614
528 497
1136 595
240 307
233 85
209 281
696 234
207 263
197 528
187 197
608 495
224 126
185 623
480 566
1013 526
433 501
128 191
1073 389
241 485
419 588
251 324
413 513
259 411
167 102
227 130
245 456
286 8
232 550
428 359
194 296
448 35
982 407
159 111
461 544
171 105
176 183
480 384
565 464
179 142
547 383
570 393
700 177
530 567
568 435
505 496
176 493
225 662
508 467
201 183
208 559
119 85
230 567
192 154
548 438
1123 418
1083 655
711 113
538 199
454 698
545 649
479 545
475 541
406 369
1017 585
201 335
250 363
245 480
427 385
461 405
482 387
351 343
492 335
199 577
459 255
590 180
434 473
1131 486
576 107
952 350
227 196
261 137
561 78
414 599
276 64
580 490
565 563
148 187
509 496
423 403
561 612
221 342
1214 591
519 231
589 211
213 181
247 291
248 311
238 459
283 120
602 55
596 192
237 183
389 536
218 535
565 35
988 443
493 393
466 646
472 684
231 531
530 236
239 436
498 351
174 235
530 243
675 622
1161 218
244 135
504 346
270 391
1029 714
206 534
1069 635
1003 708
497 624
379 520
384 528
568 562
214 474
552 525
358 617
176 148
448 245
1106 618
523 665
254 197
530 627
506 408
423 550
1110 713
265 4
509 288
471 35
255 116
423 583
244 361
168 146
512 497
271 105
901 608
502 294
491 686
171 117
502 452
572 685
246 118
1053 464
212 77
241 506
460 285
219 56
1019 704
454 620
226 322
545 560
326 18
220 234
234 521
261 319
180 272
1037 419
548 412
251 104
228 451
221 291
855 480
967 428
542 480
233 135
523 525
503 493
1116 303
558 567
180 107
246 547
232 399
1076 569
220 280
231 280
253 43
567 519
424 667
228 343
519 540
201 472
474 687
486 635
340 588
398 586
1130 546
417 336
244 528
204 510
569 533
498 339
205 98
305 562
244 148
227 606
284 106
555 691
223 589
212 252
544 563
530 8
373 360
525 286
203 447
531 385
253 126
432 697
235 528
550 621
220 212
459 617
236 163
199 136
852 486
225 298
239 32
232 268
195 583
692 321
224 219
515 637
523 562
203 604
217 122
132 159
271 621
986 541
202 92
1105 534
1083 456
600 289
442 357
180 111
492 180
164 105
691 320
228 112
555 576
178 173
482 486
222 527
175 77
471 200
238 192
233 254
268 194
511 493
564 514
473 530
553 307
792 190
248 493
182 141
1087 464
223 155
556 437
207 520
1022 527
223 476
239 276
123 99
205 624
1125 69
247 507
219 493
260 256
247 92
1025 613
980 546
436 641
245 270
425 263
1039 565
1055 114
157 219
816 637
809 370
243 22
492 294
231 392
239 165
541 531
453 486
215 184
269 473
1033 659
222 201
1075 434
241 59
173 594
201 488
285 149
220 192
242 261
261 74
495 589
236 88
582 150
202 156
288 152
385 612
511 426
138 221
433 188
1129 355
188 385
226 78
226 110
226 293
771 269
223 264
234 264
374 681
187 131
450 392
1080 392
574 617
1150 662
177 146
1086 259
498 498
1166 499
469 377
235 195
247 72
216 120
1180 455
1011 28
243 279
897 587
226 177
831 458
234 263
224 614
240 289
479 558
1106 473
154 75
573 552
565 515
536 666
841 574
334 499
162 588
179 663
248 26
188 167
211 283
486 404
468 544
393 630
478 265
263 111
423 637
506 340
932 448
225 166
225 154
545 637
508 533
181 61
339 397
445 14
253 309
512 321
1126 506
550 209
233 227
534 175
215 646
1178 352
233 114
252 207
493 395
532 660
173 137
596 202
954 568
241 166
231 533
214 94
452 399
531 498
390 496
521 575
269 33
208 594
245 434
719 642
463 718
207 353
210 170
159 119
536 404
232 299
445 668
231 307
438 716
493 700
499 453
194 103
171 654
246 475
802 541
510 522
596 487
431 715
527 17
1078 717
465 257
545 620
490 493
1171 120
292 119
179 500
246 511
216 596
219 59
502 118
249 147
186 44
276 140
215 507
526 587
570 466
401 642
510 668
451 275
198 150
507 541
209 274
555 121
219 328
221 83
214 494
237 267
207 242
213 574
1066 545
259 419
251 102
186 538
379 387
704 652
541 561
446 525
232 165
521 553
221 25
253 522
212 507
235 370
236 104
550 579
204 132
234 611
1169 486
1111 411
258 146
203 278
527 622
494 251
187 599
480 185
194 215
580 199
557 417
261 66
276 27
200 110
693 553
213 670
220 539
447 657
823 521
507 494
193 126
209 533
196 491
556 594
820 386
178 618
763 568
707 659
177 188
209 110
473 360
520 574
847 577
210 295
419 639
228 536
511 530
208 251
562 127
243 290
449 551
180 128
223 357
262 408
174 650
526 510
223 422
166 153
901 499
524 553
443 646
598 41
197 543
524 574
489 664
199 510
550 203
509 351
256 364
510 95
551 249
544 497
589 3
224 610
218 172
479 654
206 347
432 511
521 693
462 288
243 514
274 43
533 532
195 98
489 550
203 155
618 139
222 286
206 137
474 649
482 285
292 110
247 474
1197 474
373 555
502 561
533 482
566 411
535 599
501 392
529 586
529 534
568 294
510 450
212 528
196 78
540 398
558 196
254 324
427 216
255 328
255 634
523 650
182 91
582 235
472 293
215 192
248 470
243 218
495 701
1032 501
205 141
393 391
238 331
177 78
240 71
561 1
466 337
512 130
155 128
478 386
565 209
539 473
206 639
224 465
235 114
921 503
544 262
488 544
589 263
211 164
233 456
410 298
265 78
500 463
205 90
350 671
548 233
303 101
583 556
227 89
699 76
554 625
571 102
562 682
283 35
497 579
402 361
495 355
451 496
948 586
580 27
428 62
512 332
1112 665
891 638
237 300
563 192
533 537
536 396
575 470
482 548
214 522
176 118
129 221
979 415
479 715
188 184
437 692
236 621
509 643
466 420
1060 680
225 130
454 394
513 483
225 613
425 569
204 84
507 396
540 621
402 578
188 263
1074 348
208 398
548 684
184 461
535 482
236 517
438 719
261 81
563 373
1082 367
487 407
225 77
245 269
468 709
232 502
916 514
237 444
1209 559
378 326
470 385
156 543
1150 428
206 588
505 558
225 475
432 556
1071 625
207 332
232 119
803 562
166 618
243 621
461 683
396 326
208 638
149 126
250 184
804 488
1043 570
154 59
182 250
430 444
399 710
1030 396
240 272
261 83
578 422
164 147
265 59
1085 445
745 565
439 630
251 392
425 415
503 342
878 628
407 686
554 498
508 535
229 508
450 348
495 512
440 354
517 600
516 474
530 454
395 130
536 507
214 191
234 195
235 172
505 551
1187 466
244 359
216 526
1095 385
465 258
518 503
702 507
261 63
493 547
225 146
451 593
256 38
208 614
496 511
543 550
194 207
256 263
240 529
559 248
235 508
808 422
1068 484
226 202
473 311
1002 268
453 512
531 127
484 361
118 357
485 697
521 672
264 446
1059 505
284 34
449 397
520 395
593 460
242 249
551 549
574 486
556 605
1116 183
500 377
457 668
1094 200
466 627
366 346
208 676
516 260
215 89
664 439
562 210
264 91
532 490
190 512
890 561
520 323
241 446
1061 500
802 546
392 339
237 245
470 552
458 628
791 469
566 321
268 74
466 163
255 181
553 347
532 254
824 528
167 69
872 654
1164 401
170 106
471 680
185 236
200 99
250 343
570 260
1124 663
259 440
908 314
574 395
524 575
251 422
518 402
484 565
1058 520
209 273
955 564
560 564
235 72
259 166
275 151
191 129
1091 573
229 48
235 434
231 128
240 349
1210 214
552 557
283 95
468 538
184 81
538 315
244 270
483 413
205 555
233 321
454 642
249 36
411 484
247 220
269 263
218 197
1176 455
499 565
560 107
494 453
255 432
1103 544
391 529
1147 434
558 434
230 491
551 564
230 601
811 385
194 143
275 135
415 239
545 495
214 175
207 209
240 580
570 236
234 194
239 374
183 198
499 279
251 439
245 81
242 371
218 190
246 162
202 215
530 477
216 678
220 323
437 237
552 669
169 97
313 67
194 222
241 653
684 652
435 573
203 61
962 540
201 284
363 589
535 247
235 480
1045 644
433 641
286 105
168 162
250 491
245 197
1097 575
423 564
206 395
246 382
1172 670
245 50
236 188
547 244
536 685
555 255
211 630
518 633
292 24
211 564
190 251
211 217
238 473
232 449
478 462
1070 494
259 634
591 435
579 688
548 272
253 228
549 553
198 649
1155 518
846 640
170 80
217 112
465 617
180 167
420 566
557 136
163 66
502 617
178 126
160 179
510 491
379 392
274 411
541 302
540 460
443 528
269 186
838 507
235 550
549 314
496 442
219 211
506 717
252 519
215 117
254 264
213 104
258 120
220 318
203 160
175 511
237 405
146 601
232 237
238 209
591 190
547 505
245 383
131 162
733 271
448 627
259 303
242 35
257 464
136 530
591 478
512 717
153 580
772 278
243 114
438 171
419 403
245 192
151 593
473 501
507 564
1192 369
539 546
227 534
251 282
605 502
554 506
438 652
1072 396
249 202
244 432
539 544
204 556
473 661
530 582
173 211
575 551
1033 576
211 30
505 665
473 69
462 572
293 158
528 698
539 361
461 708
184 109
234 414
250 360
458 654
225 161
237 283
431 241
1089 632
318 377
284 112
224 34
848 689
211 247
96 128
446 672
373 509
769 264
1136 606
223 601
620 99
529 543
525 557
231 108
1035 380
513 244
1146 484
859 553
271 61
545 588
705 514
515 523
526 200
230 108
249 203
183 62
466 151
926 350
249 160
843 706
439 243
979 450
202 571
218 180
185 66
1089 531
723 586
527 398
215 504
1148 486
556 540
471 522
415 704
177 121
543 706
587 458
882 518
1042 573
206 86
524 675
511 548
651 73
199 137
592 609
502 371
490 532
445 629
1091 522
229 487
209 287
472 468
436 9
381 500
578 58
201 363
426 358
388 544
569 199
279 134
170 83
576 592
486 679
534 418
547 156
129 158
211 390
419 95
222 270
1155 208
561 447
577 462
112 172
253 460
263 167
498 612
556 527
507 641
528 245
224 387
1072 533
420 373
456 554
733 469
441 638
538 119
217 132
161 102
218 607
235 472
219 661
520 661
219 637
223 109
527 528
580 648
529 579
243 452
558 490
531 533
448 211
239 52
165 39
435 167
678 331
495 579
514 240
595 651
268 32
540 623
420 604
519 286
526 321
478 29
548 532
388 372
240 455
193 423
488 702
1101 670
259 227
196 133
421 400
236 100
512 338
396 614
415 538
510 270
558 514
505 579
487 586
232 147
559 456
169 141
426 674
478 186
196 603
402 607
462 489
559 319
554 588
254 113
525 247
227 124
522 518
357 662
419 346
506 665
459 467
568 639
512 181
589 287
187 245
483 212
526 545
453 239
486 393
535 406
514 83
443 604
139 153
508 288
550 145
231 19
462 499
488 253
589 218
491 673
492 145
499 407
496 365
508 237
477 223
421 537
430 496
440 377
550 283
469 496
543 553
567 620
440 663
284 43
534 575
732 515
177 82
459 634
445 394
524 56
579 708
442 262
467 584
457 697
255 173
402 612
396 395
124 180
212 579
472 381
592 93
368 507
216 602
436 694
225 240
419 698
417 359
459 710
532 458
437 574
556 306
552 260
499 608
517 666
209 261
577 212
516 170
561 552
386 414
559 537
488 642
232 633
561 573
365 703
260 117
496 168
569 234
452 636
544 584
491 646
1234 385
552 566
576 523
225 215
593 227
535 407
472 569
388 229
1099 109
713 423
541 356
204 247
565 124
496 605
1034 451
467 456
561 112
224 229
526 542
397 713
497 421
479 419
477 559
479 205
278 58
514 568
587 119
499 614
209 280
481 712
595 577
610 106
571 432
456 239
299 56
470 602
548 521
499 156
256 103
541 282
243 109
373 511
531 491
538 665
283 43
344 543
528 590
562 235
991 332
246 324
246 69
525 513
537 411
546 496
601 142
422 434
257 58
458 629
395 268
436 271
471 575
890 665
528 368
250 436
568 583
548 270
442 313
403 591
191 197
561 676
411 625
461 369
445 546
263 76
572 609
373 422
506 714
401 573
467 638
224 33
231 534
773 392
413 552
204 118
401 673
520 675
585 303
944 497
1150 465
515 501
240 284
242 114
262 205
227 602
220 224
117 219
454 691
485 478
165 60
229 171
234 147
523 481
157 40
1090 452
241 480
246 529
412 406
491 640
189 91
562 647
243 280
811 570
531 627
497 539
435 707
559 608
215 509
176 107
247 114
525 331
227 68
247 560
432 252
511 522
510 478
208 267
886 506
224 62
490 648
285 261
251 503
155 248
578 691
535 353
523 294
567 349
162 144
267 158
196 173
230 494
360 560
286 89
492 73
231 193
258 27
211 208
478 588
582 420
486 565
192 178
882 614
558 709
508 230
486 518
425 560
148 153
314 26
528 371
545 20
233 306
477 132
199 219
529 696
522 667
224 234
436 228
537 486
529 625
221 396
213 477
505 297
463 586
419 425
503 672
571 53
160 52
435 539
515 213
501 25
251 125
532 407
535 527
229 65
801 675
251 371
478 671
458 2
504 511
386 378
477 244
668 445
448 517
494 315
491 221
231 636
503 254
415 380
508 464
170 193
531 573
185 205
521 702
554 80
501 544
579 205
549 539
409 542
510 594
586 424
443 89
476 672
519 419
470 537
584 131
533 713
508 207
192 103
152 629
534 390
538 273
431 671
527 515
236 156
141 165
592 340
466 538
486 130
241 253
520 620
440 342
546 558
459 539
485 18
590 267
402 525
217 631
408 240
559 540
1091 496
535 430
446 305
510 567
518 575
182 200
205 84
476 33
593 79
207 165
471 492
458 59
538 606
585 130
552 577
366 707
356 665
575 567
385 697
1181 200
534 196
256 45
418 300
474 643
258 170
467 481
487 529
212 573
520 370
594 310
574 514
500 647
837 279
507 692
997 515
552 274
503 327
1136 352
1063 485
264 71
238 501
215 65
588 577
204 148
567 224
437 480
570 413
198 85
254 82
1203 555
547 101
1056 488
251 525
396 503
197 122
250 254
499 703
172 135
461 320
499 581
354 360
243 181
224 345
220 141
948 427
568 217
770 701
240 250
488 594
220 467
282 59
528 393
881 653
515 246
230 211
521 540
177 142
516 710
252 185
999 463
589 478
201 61
289 96
1116 316
533 156
505 200
225 545
570 507
569 527
428 412
953 351
407 566
1018 530
553 638
475 285
516 473
473 703
195 607
242 302
227 304
230 161
538 343
511 391
217 16
500 298
246 63
564 337
515 309
1025 589
208 123
469 688
1022 501
464 158
202 419
293 138
289 38
418 641
217 179
518 216
1070 659
257 447
394 703
520 598
995 223
487 231
519 328
1122 360
229 515
218 540
463 567
527 418
162 132
219 115
221 359
390 576
473 385
234 357
226 271
560 204
423 631
253 511
553 605
583 608
1046 279
225 90
564 677
247 415
417 551
890 510
226 472
442 579
84 150
270 545
580 500
255 426
273 117
560 310
554 616
563 132
352 617
445 570
494 682
556 395
257 293
582 526
223 345
1096 436
410 359
500 495
180 632
503 507
554 640
165 54
824 141
411 703
520 353
225 413
1099 553
859 462
531 642
455 339
466 629
528 248
449 553
514 375
512 566
282 4
203 49
499 296
221 196
312 101
466 584
243 505
184 131
588 189
476 674
244 224
312 9
206 462
450 567
526 529
230 39
1097 398
210 509
519 547
523 313
238 477
216 506
232 570
1044 400
493 551
375 665
537 279
220 220
240 111
499 573
399 442
268 192
225 608
256 490
549 442
226 595
599 139
494 581
493 147
424 685
484 685
250 539
238 476
174 610
221 558
564 410
518 346
156 197
811 138
448 704
566 419
231 321
492 323
1035 697
467 531
231 410
421 396
1040 466
366 590
1071 631
1016 593
474 412
544 140
225 303
1177 175
557 261
559 397
232 191
220 158
1126 339
708 615
226 460
563 379
423 416
1171 548
757 291
235 133
465 626
196 54
480 619
1132 480
188 112
460 692
521 528
217 381
455 255
241 170
372 628
178 98
1036 497
225 197
422 701
579 197
227 251
883 657
262 436
563 310
226 443
239 191
150 67
145 51
249 53
247 521
251 184
382 697
500 710
521 326
542 121
1081 527
540 550
235 460
576 35
516 431
233 120
433 679
426 625
219 123
248 37
528 658
218 488
239 170
479 630
245 278
569 255
233 56
468 383
673 605
251 285
191 585
703 323
210 543
359 692
494 523
534 562
478 717
598 611
515 13
553 539
389 282
159 121
211 254
172 101
228 192
183 579
229 147
248 227
566 251
511 557
300 47
248 398
180 71
574 54
246 140
248 430
488 564
507 554
509 409
582 430
186 99
522 211
448 629
214 567
527 535
483 440
380 407
563 650
206 100
557 229
548 400
511 436
546 697
570 587
485 506
467 686
559 102
450 698
215 548
578 528
216 182
509 590
528 362
604 101
494 717
535 487
466 384
585 95
371 566
560 634
425 380
516 68
168 619
372 491
391 409
623 123
221 357
518 560
913 133
527 359
383 434
288 645
196 159
233 368
446 478
557 541
511 645
489 375
254 397
473 648
488 97
514 450
525 625
456 515
512 577
589 544
208 606
263 232
582 520
1050 444
123 163
548 655
223 614
458 702
551 151
499 265
505 627
545 661
514 573
545 365
701 81
287 170
1057 120
441 637
557 447
443 558
427 258
460 150
494 540
470 354
207 220
219 577
576 270
736 270
482 685
377 383
473 538
480 495
480 519
510 335
432 588
219 576
240 609
524 84
481 605
199 550
213 145
289 111
494 248
430 508
1126 554
168 90
388 316
1001 445
558 502
537 319
168 147
579 388
714 539
214 516
512 642
429 429
485 542
544 556
478 715
471 647
1072 469
138 573
496 413
543 263
437 329
553 486
446 496
433 580
548 105
460 577
959 374
220 304
563 545
408 605
468 416
449 703
549 417
498 636
452 437
298 131
497 711
188 599
232 146
439 268
513 367
219 266
459 673
533 508
517 243
255 345
1045 421
536 395
170 69
182 353
245 30
237 503
431 383
437 668
203 207
520 244
246 152
237 480
223 442
619 75
243 599
413 320
520 495
684 347
464 429
214 595
727 396
467 229
1040 417
491 428
241 705
218 397
396 667
218 251
451 555
250 319
183 544
567 229
234 69
473 638
968 596
233 282
203 32
535 715
248 217
584 669
252 230
199 291
134 99
782 298
221 585
239 133
531 559
1101 396
743 648
177 75
455 548
228 92
285 97
294 58
1025 708
202 160
196 580
260 274
1136 439
184 186
182 183
222 597
201 70
505 248
222 63
524 701
469 415
209 608
490 536
152 124
516 465
477 508
548 243
532 708
242 71
220 168
262 80
411 552
191 23
260 284
240 154
229 394
538 409
553 167
692 502
485 197
560 72
878 310
206 188
