1277 671
318 468
1199 18
1254 19
1274 44
1268 665
32 94
797 131
752 43
49 714
479 96
1012 62
368 484
315 312
1057 62
1268 666
473 501
14 4
455 47
1214 36
285 199
1124 276
776 457
155 699
1241 627
878 495
1234 5
26 19
480 626
42 79
45 65
3 96
405 37
291 14
554 379
1276 659
84 419
1256 52
1254 94
1133 507
929 653
241 125
672 89
1 613
1277 155
1279 112
60 81
1122 59
435 477
128 137
16 169
1257 34
1277 44
41 70
236 489
851 82
525 684
1206 306
1144 476
224 78
1082 297
47 12
51 56
1277 117
239 274
1266 632
1254 51
29 43
520 196
1127 142
20 166
444 458
996 495
1014 304
534 166
1221 193
977 125
846 40
991 5
1225 11
680 332
198 639
1235 707
527 323
128 697
1079 408
1219 712
814 396
779 557
147 303
1026 35
733 418
899 440
827 37
940 188
604 695
494 29
1088 411
1003 567
1159 467
874 383
109 591
734 29
338 354
284 142
485 14
1252 27
534 6
1259 1
824 120
1149 611
789 573
1131 212
58 476
