1063 464
1050 357
299 381
946 40
64 244
1053 238
59 499
1254 696
499 498
164 405
895 183
1261 681
1000 696
953 42
644 701
590 255
1012 216
2 645
1224 250
1270 703
680 381
698 90
377 39
682 265
35 692
676 492
3 116
458 94
668 306
448 343
986 523
135 532
486 187
1176 248
984 284
32 98
1271 608
39 55
41 9
99 238
831 50
1202 30
6 580
467 162
48 56
642 429
409 267
1176 719
989 629
636 505
1008 265
987 100
1270 669
460 32
1221 25
60 699
606 389
552 290
1270 8
317 335
1269 694
853 255
982 525
207 76
1040 179
668 689
1204 504
57 41
23 702
319 6
335 684
821 676
58 714
1005 98
609 10
1187 499
1273 659
1272 122
601 106
1276 48
1264 691
1232 37
806 18
98 9
36 168
1278 686
14 668
595 188
497 414
1271 570
928 321
647 278
922 395
1276 126
850 213
1116 544
642 375
392 471
803 129
732 577
953 251
278 199
1227 15
821 366
545 124
