1057 382
39 682
1028 676
406 570
1250 73
242 145
1218 11
593 654
556 705
954 506
1156 714
80 34
621 568
1035 689
856 205
194 176
449 557
24 18
485 339
817 10
173 302
1065 294
487 165
228 506
404 289
1223 0
182 504
39 76
114 452
1274 623
994 329
1267 650
823 30
1278 560
42 74
412 290
1243 100
1268 100
27 684
626 67
1263 132
367 465
509 651
907 158
1091 153
8 634
957 18
1276 715
378 605
1060 285
1266 102
558 65
631 410
956 359
390 521
0 276
31 226
38 684
1261 695
1267 706
269 608
5 536
825 442
18 601
1245 56
21 58
6 650
811 702
1275 42
1240 663
354 340
44 152
1278 74
540 80
36 173
795 81
1081 526
23 714
6 149
1260 570
31 2
875 217
15 80
1035 243
120 480
433 500
646 717
976 234
1278 620
1048 19
1116 214
50 70
104 535
1246 99
1257 604
1230 40
1268 594
15 132
1258 94
1254 81
76 713
378 82
1264 139
1107 516
6 156
964 539
1274 52
817 7
766 487
84 118
1266 106
1229 28
423 71
1265 108
