1095 552
1151 659
1274 72
387 123
1125 587
996 605
808 626
915 30
1011 73
707 46
618 577
698 571
483 410
68 342
1246 24
78 545
273 28
710 159
1215 107
1274 680
277 38
1176 65
421 363
184 540
999 243
984 40
911 403
1071 29
536 52
37 480
307 331
1040 438
598 569
696 61
997 182
14 121
1224 32
9 144
253 382
17 694
1268 42
555 25
26 112
707 42
1261 40
1077 86
1225 22
1275 487
1260 89
113 459
1268 40
1261 69
1276 155
3 249
1253 716
1255 72
1227 697
366 93
686 143
432 699
1266 677
511 453
1078 217
22 37
875 297
1 602
1242 699
728 578
325 690
1253 29
701 644
664 20
1102 94
1240 26
543 550
794 613
516 501
341 125
408 438
28 620
763 124
1268 51
53 8
229 75
