284 420
375 411
952 134
1140 610
1132 414
1164 186
569 264
278 291
703 451
413 76
571 192
727 82
923 80
949 39
374 564
334 411
435 29
360 414
1175 174
1022 452
777 248
376 573
340 425
938 284
384 682
267 409
370 449
975 34
979 138
70 369
258 184
1007 615
1200 435
380 205
99 301
434 25
350 459
284 578
250 663
133 544
1037 29
854 397
923 571
536 238
587 291
1130 500
265 690
382 434
674 700
661 634
557 192
426 32
350 528
610 676
342 556
259 628
1026 226
972 261
901 242
810 83
555 85
783 131
195 636
391 569
900 0
133 276
662 267
986 354
993 358
266 109
334 483
341 533
323 423
1006 712
989 134
1154 365
806 330
1169 497
997 219
260 265
431 701
222 427
289 711
177 526
574 16
1126 16
1040 171
1176 549
979 258
903 206
404 576
356 604
190 585
886 629
1163 285
192 105
971 154
1152 417
141 613
792 213
876 612
862 132
1195 387
348 538
223 578
269 421
249 83
406 26
1023 19
983 165
331 523
898 339
363 649
554 205
205 85
681 615
1127 701
1028 181
624 564
1152 289
872 653
1008 268
156 509
1007 656
1019 151
419 529
652 534
642 88
265 371
704 27
280 454
643 486
987 405
1165 648
1155 97
1198 121
287 685
843 97
608 407
790 312
274 363
1179 582
1200 211
302 687
1026 437
1054 705
1023 35
827 73
1117 29
576 441
1192 557
994 137
879 91
199 1
1019 153
982 84
970 575
1245 408
261 691
1190 561
237 439
385 524
802 24
1024 290
436 596
250 302
231 75
107 211
178 446
362 475
471 153
873 99
131 136
237 540
626 140
954 491
824 581
219 90
1158 607
185 287
261 539
1208 428
803 202
146 260
170 310
568 210
113 365
320 519
149 411
978 125
400 711
157 173
342 533
226 479
1204 513
883 567
175 549
1188 468
570 672
225 120
405 542
1196 452
400 476
833 121
218 602
318 426
336 512
653 569
331 244
950 559
509 172
1052 30
296 397
1175 445
364 377
291 202
918 60
479 75
917 54
284 369
309 186
352 312
275 400
230 49
643 206
645 44
234 157
647 628
668 251
280 325
203 128
857 203
465 32
307 444
333 554
977 278
958 128
159 313
597 36
990 200
389 481
804 38
505 156
339 549
356 408
873 329
219 77
348 367
916 43
272 308
435 512
382 612
326 537
204 137
283 155
392 431
977 299
1010 406
345 615
1023 397
956 5
945 32
683 552
939 90
650 250
231 143
337 518
304 256
345 537
346 429
308 425
334 296
434 561
983 322
322 391
1025 150
106 256
417 465
674 395
603 45
221 197
440 639
243 183
153 474
932 6
278 672
294 343
940 605
303 229
439 705
955 587
192 45
630 576
379 492
546 152
285 435
1014 209
995 251
565 327
1010 372
627 147
365 626
44 710
387 586
921 69
590 50
299 344
329 392
727 497
364 465
286 428
289 439
280 146
373 643
997 178
191 70
179 396
260 366
683 197
966 18
1202 604
298 709
384 423
1099 282
417 314
383 609
471 40
217 44
995 289
656 179
247 214
393 446
332 508
278 246
319 590
261 106
243 519
214 59
959 250
481 686
444 559
332 312
962 162
863 377
683 643
402 380
173 33
323 520
883 123
285 679
705 352
149 277
240 178
194 530
802 561
574 50
276 334
348 536
247 331
299 375
146 227
578 43
698 401
275 325
1160 116
287 418
409 673
409 710
763 326
787 45
343 379
617 96
644 101
396 506
318 432
817 20
530 127
199 61
976 304
392 701
967 261
343 493
1188 598
411 644
119 383
431 590
572 22
797 317
212 138
624 107
1026 208
290 246
279 424
231 213
1035 17
498 187
356 439
862 287
137 300
287 351
396 515
529 66
920 87
359 441
242 232
997 370
326 356
920 96
220 20
1022 251
978 27
1017 457
196 73
171 320
302 333
336 420
966 160
929 20
272 197
809 389
624 593
306 488
655 483
304 357
317 406
299 462
279 384
275 306
979 22
318 161
486 714
242 250
1039 51
1017 92
369 610
407 686
929 81
1030 121
303 450
251 370
249 652
236 211
268 402
286 209
1076 136
351 597
852 139
227 477
372 449
228 141
877 468
915 420
235 567
1189 456
298 359
1040 178
248 90
384 408
596 46
1010 193
1020 11
418 651
342 455
416 594
366 444
410 457
1022 67
329 570
431 699
194 35
646 207
412 370
453 32
225 167
1009 484
607 93
293 426
237 172
415 562
295 410
1191 374
1035 76
380 335
457 698
1072 102
1088 635
332 145
940 119
766 616
1176 517
349 340
250 220
406 675
757 413
208 4
236 185
455 683
1054 259
407 679
341 334
295 127
518 573
281 328
216 173
269 406
1045 36
270 415
263 175
325 316
1032 68
586 39
361 394
680 469
313 536
363 517
370 447
926 12
266 289
928 90
241 130
648 261
841 148
220 174
145 328
197 119
348 592
280 386
980 22
981 60
249 218
654 218
682 538
321 191
256 266
818 409
355 384
238 463
1010 9
1010 393
270 377
366 478
362 506
953 56
441 8
649 151
997 188
578 35
249 284
362 239
533 676
988 294
605 41
297 409
356 388
1065 719
147 38
989 373
364 589
328 598
397 453
248 297
244 577
438 360
313 239
954 173
334 445
302 425
983 181
813 252
293 382
858 118
583 574
262 183
1042 158
857 505
185 39
1166 442
1177 669
1118 406
263 242
964 218
261 361
385 644
673 299
282 703
265 434
1164 421
1141 160
915 193
137 435
289 5
304 340
272 410
689 689
308 428
417 648
237 558
251 243
341 320
1194 320
939 639
365 517
443 613
902 45
624 563
545 530
273 594
1032 40
279 398
1191 384
699 657
427 698
1000 16
352 569
1171 539
955 190
677 605
191 29
666 610
322 522
795 151
213 528
514 181
140 303
158 306
496 180
1141 560
924 99
965 243
817 128
876 128
894 313
86 348
912 231
170 525
730 497
1147 344
204 527
976 658
190 641
1021 75
421 473
1000 43
179 259
372 628
176 348
605 681
896 430
329 581
257 578
652 664
437 640
119 202
796 47
504 12
118 203
846 123
859 282
835 563
219 596
836 576
1180 548
132 213
265 650
210 424
1119 387
892 503
577 204
281 323
330 389
217 443
300 261
919 513
248 283
61 301
365 492
1184 492
153 430
1143 591
806 370
895 253
970 571
911 509
890 443
616 460
410 708
1197 594
139 195
633 434
229 555
258 512
222 22
167 293
1008 226
935 578
1083 376
385 552
564 336
461 35
162 301
1083 194
355 598
853 465
137 441
567 246
988 418
1186 456
705 623
414 482
924 117
1123 216
981 352
945 192
257 602
982 395
1062 585
210 170
409 168
549 160
940 154
304 348
195 616
672 556
941 502
1131 505
256 270
980 196
123 219
969 699
971 632
247 116
432 91
206 554
251 663
932 37
304 607
330 494
811 282
970 236
846 294
823 390
479 14
930 0
346 592
300 641
697 423
942 514
285 644
338 220
222 615
1171 496
782 407
1192 292
664 564
1126 233
1105 606
1125 350
1174 478
771 370
865 598
930 531
847 154
218 88
584 312
380 405
423 77
453 24
473 49
448 136
664 267
939 134
196 104
772 18
190 393
321 571
1172 364
1160 250
848 289
274 714
796 148
212 146
247 324
818 60
611 476
511 20
239 597
569 201
831 152
1167 480
647 497
861 131
475 77
173 513
132 206
1004 119
325 344
267 304
1152 168
890 267
207 153
255 560
334 478
404 583
901 40
230 214
1128 485
321 308
1191 463
1127 482
268 192
919 639
83 232
1034 521
1209 376
481 709
170 343
144 427
208 552
169 255
959 685
122 485
342 372
1176 483
1201 421
1038 137
181 519
122 400
190 556
265 343
451 507
288 609
166 517
571 442
982 669
218 147
606 493
1173 511
227 539
148 446
1203 323
1027 89
1132 260
292 650
130 416
265 711
490 72
632 380
152 282
495 68
903 549
541 228
1134 536
198 63
633 520
1206 220
638 375
1189 374
1163 579
1097 543
611 528
234 87
1185 560
175 534
318 702
568 455
553 342
944 708
242 566
617 541
751 300
143 288
658 677
1160 407
179 290
915 691
614 361
848 35
151 337
1000 414
671 685
1092 316
164 392
268 371
111 177
1181 511
112 397
1190 295
139 323
142 349
97 131
849 170
1161 243
817 158
613 614
213 440
456 82
916 320
134 222
141 256
1109 558
796 33
611 357
1068 679
924 537
874 219
266 667
566 553
118 453
1144 345
198 515
273 647
982 203
185 415
1114 294
295 700
968 597
498 43
791 33
693 648
954 496
246 624
215 400
1072 710
495 89
944 527
1191 307
268 574
184 344
931 682
859 195
545 134
1158 448
1117 514
835 225
1140 488
902 383
757 55
604 437
1152 492
128 491
256 598
946 541
128 512
173 259
1212 478
527 127
779 122
494 84
896 177
286 641
1120 657
177 610
321 519
157 303
1168 333
1168 466
488 223
521 92
986 7
841 669
199 485
1135 528
293 656
1184 500
891 575
217 432
782 351
895 492
1040 17
808 112
159 270
202 587
673 556
827 261
124 348
271 342
833 192
1164 303
89 348
114 348
1158 500
504 58
514 88
111 144
469 183
909 215
1135 421
1131 448
266 300
283 690
844 47
497 36
433 59
831 25
390 638
122 304
833 238
794 220
1164 345
1186 271
491 63
587 244
1172 673
260 121
242 513
132 165
284 623
782 122
444 27
163 354
828 180
1191 405
578 120
182 391
588 635
479 31
841 17
1182 583
1026 434
438 1
849 115
272 333
704 649
890 166
874 79
835 47
144 269
1144 57
197 545
836 243
1263 32
962 536
229 223
183 245
590 240
1182 427
708 465
244 586
246 211
932 577
1202 501
938 523
358 58
1186 627
578 143
443 694
1099 630
1145 533
578 542
766 113
435 639
542 81
128 263
1153 575
1169 403
308 452
98 276
1172 502
676 616
313 433
255 240
861 118
255 528
128 155
963 204
443 148
226 589
789 83
1106 135
675 564
569 550
237 468
814 142
1011 307
870 74
846 256
466 9
529 155
877 309
1043 21
666 559
1023 12
530 184
219 443
1188 460
813 43
294 646
851 166
1140 524
786 287
885 277
171 288
409 469
267 595
622 670
344 578
1155 410
845 128
283 357
249 262
536 239
1163 545
185 523
374 447
439 631
1101 480
1165 639
175 300
1202 555
194 576
440 163
295 422
167 508
466 660
1134 535
979 626
800 299
1002 714
496 64
823 413
1147 510
957 647
1166 483
669 424
195 526
1109 710
1100 687
554 107
850 344
305 407
229 114
821 227
678 611
1169 450
189 282
583 398
256 610
1133 501
700 657
632 659
947 589
545 117
448 719
135 497
1107 583
1157 438
246 708
149 206
486 202
265 344
131 357
279 652
288 476
965 622
1188 495
849 118
494 55
926 503
1136 550
1190 257
183 305
690 719
242 605
1172 409
190 95
848 319
260 341
1182 391
522 95
127 273
549 227
623 672
221 576
569 423
636 655
817 149
1184 293
807 46
334 372
694 390
600 459
152 535
1179 205
120 248
580 189
1157 164
1131 569
962 103
964 695
1151 254
386 568
249 693
643 660
1135 328
1199 518
838 115
336 565
832 95
271 564
420 701
1191 593
965 531
417 26
329 572
173 241
917 634
225 608
1148 590
935 7
996 460
1116 287
1067 349
621 449
301 442
696 673
454 60
1171 603
473 7
573 554
927 599
507 259
184 416
257 691
193 611
645 621
623 358
975 86
177 33
1208 560
156 414
110 216
669 683
897 248
1143 296
439 111
472 147
995 468
1222 206
867 186
552 554
971 714
542 564
968 604
110 198
170 503
1150 564
808 37
247 715
208 448
1011 703
345 390
1136 603
238 534
202 532
840 44
1160 517
604 518
1167 518
1120 299
167 297
171 282
148 428
179 289
611 489
903 525
800 117
868 183
860 27
688 615
555 96
286 577
580 306
618 415
388 631
470 311
994 664
87 194
452 669
95 301
494 145
255 711
414 632
1178 519
1125 207
122 506
829 57
253 718
974 513
1150 362
1215 543
455 43
99 470
509 161
859 486
912 75
279 414
797 123
364 622
719 133
573 423
870 154
357 472
772 13
422 517
887 255
1186 447
1138 297
1177 496
163 545
1008 718
328 171
1198 366
1188 529
1159 203
251 227
165 369
754 74
1148 645
424 512
849 436
179 226
818 70
344 571
474 659
1171 446
817 116
279 644
1085 316
440 565
616 501
950 147
530 510
1182 473
1141 608
213 461
267 349
647 183
971 711
392 32
1095 7
267 651
833 302
589 492
242 550
150 307
1153 626
148 148
925 615
251 322
478 30
541 84
549 348
517 55
1200 494
227 548
513 33
1134 550
173 475
242 587
884 530
224 569
1102 498
184 470
266 135
276 588
931 512
1163 511
443 219
678 703
401 67
302 415
106 204
105 329
339 498
248 545
239 606
964 209
210 19
313 677
217 537
1168 660
774 359
566 78
454 75
1126 639
268 597
584 288
1170 416
915 325
555 250
441 472
184 407
884 694
438 75
1125 635
454 12
323 403
718 575
1160 484
950 161
938 0
742 5
503 174
296 364
576 325
507 206
446 479
957 170
192 136
332 573
424 107
243 615
220 486
1056 180
1134 315
1170 562
1029 268
1177 373
768 185
210 134
1117 652
1203 293
1163 394
387 432
271 688
1096 440
271 344
726 678
587 236
300 470
919 79
323 357
301 636
583 52
956 693
185 414
509 116
173 503
1193 303
1104 297
399 29
1148 420
930 567
963 688
887 368
217 454
127 282
360 622
902 708
554 151
482 46
923 407
655 300
1195 506
788 50
171 371
372 427
1193 526
177 164
483 112
390 568
176 425
646 423
1143 499
1149 60
1191 476
901 304
353 420
529 103
1210 526
1109 704
683 662
253 334
248 233
1154 664
1145 611
164 364
252 681
497 327
109 169
1169 288
1163 344
1160 470
201 535
455 62
218 457
435 251
283 667
75 214
270 309
1123 630
155 441
735 100
1208 540
691 484
857 120
553 530
1205 182
569 584
1165 295
931 218
411 540
610 607
1116 313
335 242
147 413
1068 454
217 653
115 246
1089 717
549 350
719 716
1165 279
448 460
550 119
402 668
1186 526
287 590
900 252
378 98
449 55
149 346
1200 236
978 712
556 335
321 466
429 128
1177 582
601 650
163 222
116 282
1119 325
853 216
819 272
468 149
527 247
534 170
298 209
438 661
206 44
536 217
792 424
908 262
1138 435
1132 394
555 548
688 681
801 368
412 691
287 564
292 686
160 316
815 150
184 558
1174 358
247 491
500 96
742 138
1183 260
898 233
844 76
367 495
811 428
845 219
137 330
458 119
192 69
692 549
630 701
1190 497
412 608
838 348
485 63
404 681
938 538
1190 611
635 533
194 326
1173 492
108 252
212 512
476 60
1111 691
146 505
173 226
622 400
888 285
497 17
221 496
1017 381
231 580
884 565
456 137
1153 621
280 679
125 131
198 451
1175 606
131 196
1148 313
245 151
1180 417
1162 519
562 419
1143 197
1198 302
855 231
607 608
593 445
861 292
1105 617
143 140
782 124
114 314
395 88
603 23
875 550
491 65
175 252
504 509
194 567
964 512
169 284
441 683
535 326
1197 180
188 450
1171 177
580 384
969 535
1115 653
380 479
1157 183
207 481
271 569
731 129
297 621
761 57
111 285
547 414
349 354
860 125
1137 56
581 429
276 548
978 222
186 364
191 361
614 550
150 283
446 703
219 552
1174 629
842 111
251 101
955 636
202 388
532 376
1132 670
1147 387
686 714
942 578
513 113
140 285
805 40
1015 201
605 631
699 609
372 78
1145 516
275 240
1210 315
1177 391
181 248
569 131
158 199
860 257
1191 468
667 574
1192 468
1189 515
1183 288
647 603
571 161
565 265
183 269
1185 456
493 167
1178 449
796 508
857 300
260 365
653 579
466 113
905 674
1103 701
319 670
897 223
573 488
957 718
768 55
765 156
227 447
546 546
1157 435
994 467
167 252
869 290
874 604
776 56
583 428
164 454
291 660
966 564
1182 634
444 18
830 567
475 123
629 633
255 617
1157 645
484 116
178 483
634 584
289 698
182 484
175 226
668 294
153 254
921 453
514 91
312 665
793 409
1102 694
548 105
552 133
559 266
856 266
876 98
612 557
921 521
950 558
1066 362
868 198
919 545
410 81
641 526
1137 596
537 171
258 289
132 136
164 505
427 684
843 99
1190 148
1170 629
938 546
478 106
895 645
966 699
806 123
1160 659
659 659
986 112
953 601
1176 125
258 601
924 315
1116 562
1192 593
1160 57
998 18
869 76
929 225
668 542
728 439
485 44
736 461
132 354
497 192
237 508
299 642
358 457
319 497
777 120
1191 543
770 99
461 69
132 470
132 171
915 190
720 150
297 682
487 85
1162 259
487 28
578 388
111 342
571 388
1185 609
200 299
1141 502
248 584
630 666
596 513
868 131
561 394
1198 625
561 296
491 191
1043 183
692 687
249 508
876 577
639 490
820 410
622 351
554 132
161 351
116 421
553 624
131 565
819 303
670 550
156 193
278 701
1144 453
570 352
782 28
848 116
897 205
519 266
119 236
565 557
293 691
911 557
1207 438
168 447
868 102
799 593
195 591
940 531
1190 411
508 208
851 256
172 323
495 35
266 718
1113 313
793 194
151 233
252 698
1137 305
1179 478
890 515
1166 570
208 394
955 504
217 701
615 515
956 534
924 662
846 169
203 423
499 92
379 44
389 679
1190 505
876 116
1150 187
645 633
550 211
114 149
179 294
197 268
656 531
122 404
162 512
1152 201
483 23
320 685
540 113
274 675
826 354
608 419
286 656
864 325
615 391
866 109
952 555
863 603
1002 224
289 424
999 46
486 430
255 580
816 2
765 27
269 318
594 295
856 335
586 248
885 318
1148 197
948 602
561 452
878 198
1105 287
242 603
881 147
123 235
223 188
889 268
531 279
246 588
1092 517
942 140
1148 629
892 490
113 202
107 249
918 462
510 134
636 648
582 264
610 389
403 443
1147 384
1120 670
661 467
215 300
804 140
1183 465
419 42
187 429
884 169
1179 519
881 317
909 470
192 399
260 551
1149 508
224 533
1158 559
861 204
297 308
1127 615
339 424
609 71
159 253
114 161
267 695
1151 572
807 7
557 538
899 592
178 347
914 591
295 640
260 251
1166 416
101 233
263 255
881 301
62 236
172 271
248 509
965 536
927 564
313 153
350 267
627 119
297 630
795 70
1142 565
196 439
190 213
683 670
1093 538
849 74
270 590
978 669
496 91
974 133
1183 222
1091 13
261 328
167 433
657 628
909 280
382 455
642 52
287 169
549 122
261 601
387 685
906 255
1099 639
855 100
456 146
455 45
594 545
489 75
515 129
317 313
109 280
1120 294
1196 496
1132 182
1117 190
210 530
615 676
191 448
642 177
241 624
956 112
827 311
338 421
298 323
503 185
598 706
257 345
921 294
332 474
176 421
604 427
896 216
121 165
575 21
846 479
482 76
613 469
142 164
646 481
1141 651
130 342
1076 686
779 10
610 84
1189 204
298 625
566 413
1183 584
793 33
929 505
1211 505
503 109
304 371
891 206
1208 480
661 643
843 458
1201 358
184 267
588 263
1208 542
872 599
528 177
197 312
573 688
157 373
1134 569
920 272
622 617
605 86
1153 572
609 561
1181 600
255 72
167 322
955 672
1024 449
517 71
248 653
175 527
402 30
839 540
322 700
220 555
1054 360
330 272
1180 658
246 212
866 99
513 265
900 461
658 472
851 454
642 520
396 94
133 190
508 59
772 345
1198 270
288 635
640 642
1166 318
168 340
1159 541
1159 261
534 97
488 449
482 163
939 671
1191 584
388 34
910 284
573 456
173 256
212 439
1198 291
1204 445
639 446
1169 625
1152 545
950 520
695 691
504 70
284 664
138 459
89 252
199 440
273 639
180 513
131 297
233 507
1171 511
556 318
270 595
552 251
762 40
1165 606
90 226
174 470
959 637
174 283
202 366
1196 475
531 83
896 139
246 618
93 345
504 186
868 237
247 666
1149 620
285 653
921 709
310 687
222 719
1205 508
598 265
863 346
1180 229
1178 655
256 261
798 253
816 7
505 40
539 335
1175 187
466 486
162 451
1157 530
865 198
958 616
641 586
971 183
1194 508
1127 351
642 606
617 617
1133 571
501 52
993 649
866 131
1053 696
282 434
925 285
1159 610
795 156
534 563
832 85
1131 710
821 282
588 377
544 423
211 673
175 363
288 627
1184 378
155 202
444 99
974 717
202 401
591 272
157 304
841 73
820 70
474 55
1080 331
918 492
847 607
227 571
122 336
1164 628
1038 687
150 381
614 462
679 582
176 249
142 442
883 154
75 393
830 101
1158 627
532 580
810 611
856 228
806 129
1188 275
1127 694
108 117
530 445
688 713
1180 525
270 104
185 434
951 29
1104 30
182 320
645 501
550 124
1123 621
514 127
327 560
735 269
218 369
185 352
1119 517
353 592
147 95
328 520
131 119
227 171
883 313
226 663
855 451
498 261
1142 431
250 138
368 707
123 323
276 411
412 568
589 606
1170 639
166 58
919 274
281 213
1194 481
1126 544
240 209
308 704
994 291
1018 355
163 422
237 515
1181 595
999 39
932 588
339 452
204 346
177 393
821 424
250 573
183 400
217 111
191 586
856 134
148 238
1023 414
514 69
274 243
742 14
257 563
1097 125
366 607
513 166
967 113
317 554
244 283
1137 683
568 117
324 218
263 391
1195 365
344 617
947 694
490 498
623 560
569 310
976 110
1189 610
142 121
948 53
994 106
1186 479
940 550
1163 342
441 712
538 543
478 43
1018 261
1019 207
954 643
1178 530
615 45
304 279
604 100
1184 245
470 132
958 227
998 134
238 147
265 237
293 654
272 360
249 567
817 19
673 703
376 663
409 663
317 188
309 375
966 262
413 304
973 602
375 577
251 264
130 197
239 711
899 711
178 350
999 423
668 690
371 219
265 528
476 30
679 548
968 698
250 301
810 112
969 234
421 719
891 527
317 515
1146 283
314 475
333 30
1167 453
1017 4
523 396
942 536
378 597
288 657
577 448
524 56
327 380
1117 695
1000 493
1179 595
1037 158
398 602
1002 490
371 369
1113 360
234 132
258 188
901 48
919 600
329 678
698 423
389 664
994 340
225 663
400 613
656 215
1151 568
481 120
1165 486
1171 241
355 641
697 31
901 493
1173 629
916 213
542 143
193 289
962 153
338 305
589 469
111 390
911 293
108 203
188 108
1175 634
255 297
409 570
885 273
871 241
239 605
146 348
329 538
317 699
248 564
313 318
931 51
847 345
999 23
1167 529
234 117
1021 151
1158 245
481 58
123 220
172 278
330 530
442 44
262 581
989 225
128 290
1028 495
1187 524
133 460
309 658
484 178
561 215
201 481
555 281
1126 564
202 561
127 170
1130 412
990 698
339 503
948 503
674 626
148 486
1185 353
575 679
703 671
1189 197
234 521
518 216
977 128
777 64
321 543
902 9
1125 536
183 314
281 384
1186 519
1158 352
864 163
926 58
1169 247
375 474
1022 240
939 408
563 189
193 379
414 382
316 231
375 655
338 505
204 79
315 182
918 112
426 615
559 445
1171 587
298 430
1052 52
268 256
1142 437
981 257
402 563
388 686
665 569
356 207
246 250
987 194
294 346
1180 596
974 221
264 202
342 540
298 325
522 447
320 1
1133 316
334 583
175 493
505 71
311 526
395 375
266 283
282 353
1041 125
1013 292
917 102
1125 421
409 400
249 221
218 33
644 58
558 24
139 161
329 578
920 231
622 563
270 541
187 390
194 79
432 104
135 545
1152 208
282 717
627 572
692 709
365 345
447 709
248 145
992 297
952 37
918 532
972 106
1159 648
285 115
488 152
365 520
253 542
403 701
828 136
171 280
360 521
930 24
1162 417
250 159
185 34
1192 612
837 369
864 125
1166 108
240 254
210 132
410 443
473 459
758 8
240 688
963 195
132 202
269 315
1004 129
1089 438
235 214
1142 645
265 562
1193 525
388 500
571 36
302 129
211 71
1012 403
952 610
325 405
1088 441
326 540
966 663
349 506
342 561
176 248
665 669
252 645
431 509
636 506
522 301
1143 680
966 127
1008 454
169 508
388 508
393 702
898 712
375 569
1164 474
246 626
308 504
639 617
1155 270
811 291
665 456
545 560
190 100
350 369
991 715
981 20
212 166
191 512
114 260
435 637
782 147
1005 413
1100 174
911 491
1151 246
91 265
818 139
930 504
534 109
977 665
299 304
632 420
355 521
617 704
306 648
165 609
315 525
922 532
404 82
590 488
626 427
128 499
696 5
977 185
171 295
304 452
1019 329
403 694
201 396
278 711
251 539
375 405
526 420
268 595
168 243
1093 628
997 28
237 474
421 34
1156 381
307 446
374 639
811 234
275 295
136 312
1157 324
591 554
257 242
473 200
151 274
854 343
1209 522
689 652
621 488
1182 141
383 645
121 250
211 540
242 98
277 301
278 339
256 171
522 13
350 445
567 635
985 86
457 81
271 232
597 386
118 557
601 320
1028 155
1158 610
197 438
749 5
161 274
493 664
320 310
1162 647
979 186
821 86
447 608
140 325
262 333
204 386
289 707
183 234
809 1
622 467
1186 347
175 471
185 538
612 705
130 322
886 220
1135 432
900 341
187 403
1126 443
1104 614
924 509
1173 245
243 563
1186 435
106 281
760 137
530 66
1172 381
986 200
153 213
848 168
639 687
802 365
446 1
592 178
927 651
183 422
238 532
497 115
134 480
1181 481
855 614
734 83
498 36
1203 363
1097 523
1145 524
82 165
264 702
1209 426
796 19
1135 437
160 462
949 625
697 679
1136 179
547 117
1187 375
140 353
341 475
175 460
955 695
339 719
956 579
897 38
1208 160
146 228
283 420
131 287
1122 469
984 360
817 452
232 226
704 710
306 710
177 448
192 318
1111 628
662 489
213 458
584 467
1174 628
624 138
276 645
258 199
1129 269
267 364
515 336
529 535
886 265
206 629
1123 504
105 212
243 200
412 663
186 513
462 70
174 533
267 583
171 507
289 674
259 223
288 611
267 655
145 496
1185 422
602 657
802 150
586 464
283 344
682 696
1180 329
1114 564
1100 3
252 621
112 366
1040 47
611 556
1194 476
107 351
1207 531
1186 182
826 147
889 483
196 462
493 130
394 663
1073 432
538 304
1109 287
104 365
505 97
870 230
936 612
612 279
751 38
874 280
602 381
646 616
426 618
1185 357
320 227
900 281
584 635
338 479
1013 214
492 89
611 689
147 295
112 263
972 263
1118 206
1166 554
841 464
483 104
169 434
1104 424
158 457
133 120
452 30
598 308
643 618
1092 318
126 456
250 578
112 313
1196 247
231 522
595 388
558 388
779 251
771 22
324 525
184 512
205 611
548 336
1166 662
253 158
437 86
1090 671
194 233
200 416
486 43
941 556
1195 486
779 85
1126 399
232 473
678 598
483 80
467 138
1010 392
182 279
565 117
450 577
811 38
1136 171
618 558
841 161
1156 241
183 516
163 520
204 667
1196 298
1183 496
837 163
577 459
898 150
939 683
933 538
1120 510
174 324
825 211
534 138
1194 629
1007 85
884 225
908 248
1148 502
103 219
281 653
1176 316
1148 467
289 628
844 263
920 313
1189 402
199 546
792 371
176 577
1173 213
1203 552
780 87
813 282
1211 369
848 350
89 244
649 509
1188 405
695 700
95 299
528 111
468 52
1151 525
1168 449
169 502
1141 634
1096 679
364 652
141 346
447 65
706 145
894 615
127 118
1099 310
810 178
353 330
473 498
998 699
1212 463
961 592
872 660
1183 248
286 371
1112 542
179 625
795 613
144 114
213 474
909 522
235 622
918 529
1135 498
161 228
163 470
1183 317
241 526
167 236
848 396
842 52
1137 384
525 315
970 26
290 698
275 704
216 119
968 598
127 363
627 620
489 12
1026 129
637 444
862 364
505 219
159 271
899 250
309 291
840 295
518 329
192 460
142 466
869 203
1181 354
976 89
824 98
1146 103
814 138
848 553
238 427
271 343
503 42
1106 200
546 148
867 288
957 529
523 189
1141 702
403 556
156 366
293 716
275 324
819 85
1091 537
327 711
247 635
251 342
629 604
248 113
409 456
155 417
1123 581
915 608
1180 193
137 461
494 105
554 425
308 706
244 534
141 431
1163 576
810 553
448 565
1192 555
932 69
950 564
863 168
362 94
994 331
557 360
1193 528
316 309
892 292
272 304
228 170
826 111
998 29
910 298
1119 50
788 243
596 514
266 574
759 161
908 357
296 590
215 555
565 567
201 134
829 63
166 493
274 655
870 166
142 248
271 359
832 72
324 567
277 590
306 430
1179 203
474 144
1021 259
907 532
407 523
410 574
913 553
669 637
273 655
911 295
1146 314
898 462
92 258
328 438
199 539
533 53
263 526
267 667
773 19
157 453
1178 307
204 128
1131 127
309 411
290 592
684 687
327 353
190 520
445 45
1195 428
1125 650
263 530
109 293
1035 67
1193 411
184 567
102 179
218 586
311 505
160 189
206 54
264 582
176 314
884 199
204 469
272 318
1121 468
664 664
954 625
884 513
541 209
1036 106
155 392
920 343
529 257
224 527
391 527
1120 494
1197 173
501 290
329 524
893 551
514 224
1103 667
593 636
520 199
950 513
1175 277
786 37
132 152
272 334
564 577
675 535
324 464
808 619
125 217
371 578
368 534
532 455
1106 444
486 86
1113 490
841 16
1005 97
875 149
617 585
845 213
1009 125
963 537
1129 685
93 205
879 640
235 618
1177 149
1119 92
1146 538
1206 528
1023 456
630 706
912 469
666 513
188 326
792 32
835 82
939 159
253 262
1099 681
1198 259
148 410
241 122
938 584
509 699
195 553
636 579
1188 503
1018 192
629 662
1200 472
978 708
410 432
454 6
533 58
942 617
808 116
958 599
916 257
308 441
818 341
228 209
155 424
264 692
553 78
156 303
1100 330
287 127
909 463
522 254
213 556
219 567
1182 153
675 539
1134 200
919 521
462 707
1180 353
569 505
973 629
1159 464
483 143
536 557
469 161
211 594
337 647
367 474
540 321
883 506
66 349
1143 551
1184 538
545 168
194 440
509 108
689 640
263 674
199 58
212 515
582 35
919 354
674 627
955 540
77 253
452 22
1150 447
267 420
790 665
430 158
1114 444
113 351
275 646
960 527
193 506
1181 269
1164 264
196 489
209 454
583 131
124 295
501 143
70 279
206 496
667 452
335 608
491 58
617 393
673 627
948 195
616 522
1198 511
522 72
307 269
1145 519
969 247
398 448
196 447
445 32
384 634
946 443
888 262
255 683
584 285
451 663
1155 648
506 122
248 322
121 327
1170 380
827 83
591 679
1175 506
1155 644
639 198
1171 202
93 339
291 411
584 246
285 157
456 22
555 121
788 75
1035 102
669 571
810 102
195 203
128 253
967 661
608 532
308 638
1190 421
144 288
1144 173
558 337
958 560
475 48
154 264
881 190
843 194
895 383
347 53
970 143
391 31
977 600
513 46
1185 284
955 650
570 422
852 606
876 105
257 685
547 68
428 81
321 637
1203 474
796 109
1085 123
1059 101
301 459
381 386
248 536
1141 292
1161 281
1149 469
416 505
196 289
825 5
261 700
796 191
1091 508
660 585
641 416
547 215
898 533
1199 527
280 718
1142 457
1117 477
595 254
199 521
279 429
147 456
292 633
1186 536
110 279
1160 676
558 268
278 680
1125 402
99 479
198 593
301 652
493 693
852 483
191 455
196 356
119 290
278 608
1146 614
1158 463
760 323
1110 623
850 464
296 658
861 144
967 505
168 429
1141 376
910 585
299 410
671 602
953 697
868 152
344 419
463 142
931 603
1167 439
205 391
974 275
611 323
326 444
1131 673
195 415
1122 446
692 708
499 161
227 573
701 651
316 315
1177 437
524 393
928 503
903 406
343 353
230 521
580 336
253 126
83 352
732 367
1178 587
1189 466
149 426
330 583
568 336
944 134
597 390
873 115
184 428
867 327
528 67
190 454
958 40
602 527
203 605
823 28
1107 501
1087 299
406 579
151 156
953 577
139 279
927 533
567 473
133 264
279 438
1101 342
1206 521
428 698
999 32
901 514
1201 491
1111 579
111 279
929 575
1022 176
1189 517
896 140
900 403
934 341
282 383
260 181
238 705
1160 310
215 71
680 472
573 341
1169 382
893 196
356 312
195 87
267 378
253 249
609 520
1122 627
164 35
295 671
625 662
378 603
265 403
354 261
1033 110
942 124
1115 413
592 61
343 459
168 50
709 451
120 335
992 41
217 153
978 145
432 419
1004 330
519 82
273 310
988 158
266 581
369 596
940 486
51 409
183 326
1014 342
643 693
992 219
328 427
220 202
402 678
238 66
1162 622
362 257
279 381
983 385
271 637
723 457
342 395
839 103
239 201
642 82
382 443
332 339
565 440
261 105
319 504
282 243
168 491
1003 404
223 118
706 676
326 241
409 53
870 637
971 119
243 254
272 296
171 225
1108 529
109 370
811 29
675 376
273 140
258 138
338 244
905 513
861 257
295 160
191 405
788 51
913 610
395 402
184 15
609 81
281 416
576 1
881 278
392 413
1002 304
827 110
871 490
1084 155
569 293
297 367
210 468
887 169
544 93
1164 569
282 236
764 22
655 670
1116 674
358 268
873 111
684 619
906 5
1002 267
516 235
820 101
1130 437
125 390
179 475
924 21
819 103
945 153
1166 341
331 283
425 416
382 412
280 379
957 542
219 489
64 420
315 123
334 388
445 44
1195 298
1123 62
287 444
901 344
243 292
271 249
205 545
1194 357
1133 598
528 3
811 128
300 227
205 148
286 475
624 149
991 65
551 451
284 657
868 159
383 388
488 235
391 72
358 593
314 504
581 416
1130 116
292 237
253 172
565 227
215 102
968 275
132 88
516 284
264 40
251 74
223 590
954 674
214 114
237 179
594 277
334 471
399 427
300 346
1070 328
91 181
259 672
829 215
949 669
328 575
1096 514
558 435
618 56
184 88
364 599
835 43
326 393
923 593
709 460
907 360
668 258
851 139
97 443
694 245
482 41
400 144
257 403
1179 558
271 385
232 92
241 108
202 438
408 430
1002 493
187 473
968 200
395 478
404 709
192 643
194 83
202 638
1210 366
959 39
620 509
264 340
261 373
680 346
699 403
775 224
242 72
1071 125
236 200
631 78
525 271
355 348
278 356
299 372
978 256
296 258
259 176
887 449
965 713
366 544
1146 613
622 136
607 40
97 202
520 72
969 654
368 674
252 331
195 89
150 224
156 444
168 272
1004 522
1063 101
375 528
283 405
1010 234
480 76
199 118
334 546
230 142
971 142
306 497
316 468
313 154
445 11
339 366
221 105
1007 24
370 457
938 74
252 100
320 170
908 17
689 513
608 465
1156 465
658 101
530 176
439 605
263 254
859 133
549 164
1125 40
312 304
406 411
589 333
912 60
643 380
838 280
948 164
330 554
1174 487
287 143
1173 468
999 272
154 141
911 528
947 657
322 717
654 519
347 422
1207 437
342 232
889 374
619 704
110 222
215 606
903 557
228 135
384 691
116 527
827 21
443 99
238 180
521 213
376 547
331 538
1035 59
903 568
275 331
567 204
1083 715
1169 167
213 506
762 354
309 400
295 312
578 280
111 441
875 408
1191 393
655 183
530 246
1048 113
563 401
242 275
357 210
286 707
659 270
1183 656
548 332
252 126
1197 544
333 246
678 719
119 434
563 362
330 308
688 595
856 3
563 250
113 286
1154 345
936 638
1013 360
1165 662
859 228
338 443
247 207
900 588
350 82
977 199
210 457
1164 551
788 600
1170 298
891 537
257 501
199 496
626 687
1161 300
382 684
865 206
649 571
103 153
832 278
224 494
389 692
356 502
1010 76
768 48
1062 318
159 451
713 117
311 701
514 164
677 716
149 213
155 199
423 24
466 61
144 502
411 146
1202 566
393 588
1140 652
253 632
878 650
170 404
193 434
1158 166
1100 514
396 532
532 243
489 33
76 423
924 416
281 680
288 585
1191 331
230 205
301 656
800 277
1163 642
481 84
1158 399
886 432
140 165
843 248
239 710
204 605
167 303
425 597
882 459
105 209
1202 508
103 258
1015 305
1196 141
402 554
661 672
747 23
704 615
670 667
901 453
263 586
761 38
473 202
183 95
143 84
839 163
108 261
561 218
206 123
795 81
1201 300
627 414
784 73
174 340
722 28
557 398
915 301
333 240
872 465
110 159
1207 353
836 460
1157 633
773 149
985 427
1171 378
1196 453
126 306
1166 537
240 604
89 441
1175 199
161 500
591 561
516 228
233 620
112 253
222 608
1030 116
1167 186
1177 461
1176 282
222 560
255 569
216 664
682 594
236 566
385 107
226 80
156 294
876 131
1176 372
461 56
1137 552
342 418
1172 675
107 261
942 540
240 593
397 487
1184 425
273 3
1193 366
1184 301
282 670
906 279
1207 352
260 572
252 703
219 588
345 416
569 493
457 8
858 113
420 20
942 109
1120 708
796 85
126 169
712 523
354 396
781 39
184 618
826 572
909 290
159 288
133 123
763 166
1198 579
324 671
556 5
291 692
913 565
701 7
996 712
1185 189
545 278
903 498
1111 440
444 456
1057 239
722 1
406 703
245 638
314 654
252 561
599 584
350 232
348 448
931 492
878 266
824 73
934 655
1159 251
1128 587
1141 421
950 574
680 699
1170 370
1190 613
803 34
871 342
867 401
1199 559
1193 407
152 552
703 714
976 51
392 38
62 375
593 399
850 527
1194 449
949 534
236 269
438 383
233 605
92 277
436 60
1184 260
66 352
579 284
176 497
286 700
721 440
304 712
1206 503
246 718
239 213
288 652
546 293
590 312
499 366
1177 177
837 449
244 483
564 265
243 682
425 64
309 290
217 686
720 17
614 478
542 63
898 13
1180 380
872 213
1012 288
197 211
181 487
1102 692
174 440
133 284
852 165
842 551
503 177
1196 320
559 123
1146 630
357 48
228 615
133 155
785 155
840 410
938 645
297 649
937 719
243 547
169 605
1190 573
166 297
526 150
142 515
267 415
1175 481
1161 624
1188 555
769 59
181 284
155 228
303 459
569 155
208 451
848 521
444 73
683 667
211 389
653 675
143 204
823 47
661 92
1030 509
842 80
763 354
1141 458
1030 406
172 263
1165 385
234 633
957 33
1189 380
561 322
249 649
297 209
1158 602
890 133
299 653
729 715
301 449
553 441
1165 510
378 456
294 338
351 99
1135 531
227 87
208 569
318 661
412 680
805 94
736 67
248 210
262 705
1188 439
1100 11
1004 78
919 583
188 353
1155 516
293 209
829 478
971 135
896 286
811 86
319 472
1143 628
635 535
445 719
779 83
1191 406
697 694
1172 614
709 649
491 54
482 675
277 366
933 603
310 275
187 29
170 526
566 459
478 701
919 533
931 489
179 563
147 449
648 62
808 236
978 209
361 656
990 114
965 218
429 610
428 73
967 71
766 34
1170 109
874 199
696 427
1104 513
256 134
258 380
1166 470
1135 633
473 91
345 461
275 349
328 291
250 252
413 483
1064 120
890 357
1175 367
265 292
198 111
277 197
1026 102
395 569
899 274
832 142
1198 403
535 115
329 171
372 300
498 244
603 364
1165 303
420 464
625 447
360 247
458 33
546 22
272 429
677 292
132 353
947 128
853 135
795 205
645 458
871 599
332 436
263 386
82 201
1090 240
447 121
500 145
674 179
1103 353
1015 173
312 658
987 314
86 274
1136 283
981 705
695 693
1111 277
389 670
492 55
810 119
294 472
556 205
880 208
95 382
618 709
926 480
1189 551
244 270
808 23
197 358
176 60
911 709
1133 493
614 194
247 558
241 560
255 668
833 240
892 142
668 622
265 303
612 560
1157 585
594 28
138 290
998 430
385 682
209 145
172 337
456 136
753 237
464 16
1173 506
625 64
257 84
194 600
938 88
975 654
1162 531
911 487
768 113
867 125
335 358
471 362
1158 669
991 255
193 307
1146 426
876 274
551 258
288 166
240 192
319 376
307 711
295 495
245 201
256 39
570 545
280 616
904 301
346 200
883 255
962 210
912 538
427 43
648 98
611 405
1014 530
1010 4
1136 530
1001 151
637 68
315 713
953 103
439 463
1012 210
354 497
996 448
795 39
71 243
996 288
970 239
179 287
279 263
357 482
1174 588
218 647
1059 503
154 257
803 162
1010 293
980 599
198 88
481 93
1193 506
349 435
497 100
284 422
1184 163
1005 622
459 173
364 569
1117 601
185 65
287 158
222 501
425 36
191 358
674 558
305 375
688 404
936 112
156 189
710 648
314 217
1007 525
722 441
1174 608
460 29
825 98
291 380
874 293
1207 515
187 57
343 452
429 538
913 17
966 273
1030 98
360 594
131 361
656 71
349 539
1078 214
408 93
934 132
272 148
305 695
321 374
321 399
157 528
411 36
851 1
257 716
1206 388
929 140
921 124
256 573
274 646
85 147
1013 10
956 542
153 189
718 439
401 692
206 124
349 415
686 660
1116 619
398 474
1027 413
183 519
331 675
148 415
260 339
329 560
264 414
625 703
904 300
1143 602
317 415
958 668
269 333
310 436
532 165
247 140
853 396
849 488
306 464
1184 595
793 184
335 534
529 347
534 536
869 204
235 549
277 645
492 157
1013 708
163 533
1200 482
197 401
1003 143
936 714
227 436
251 310
812 448
76 333
236 443
438 186
586 274
367 636
89 378
248 343
270 177
138 127
844 32
691 663
1147 109
1158 493
1142 635
1188 274
804 16
252 552
949 550
946 157
120 378
1152 621
891 289
978 645
297 407
835 173
516 339
596 63
346 540
286 701
879 88
305 325
958 229
174 403
928 526
520 243
915 299
1113 498
1205 439
855 65
853 438
204 117
318 353
431 139
156 152
99 181
956 512
187 352
1179 287
319 561
757 45
224 572
581 404
276 658
543 63
274 405
125 199
1144 555
975 205
1133 441
667 577
598 397
1098 635
499 155
214 135
1147 340
1031 216
277 640
565 352
352 622
158 471
309 716
814 421
245 152
532 89
1145 196
563 593
428 11
1182 512
951 648
263 272
543 272
150 299
1098 614
1095 183
273 670
1154 375
841 13
831 65
973 653
253 673
214 488
802 502
898 306
1156 162
111 131
90 231
1093 202
680 518
233 659
780 6
840 275
1186 272
1142 376
1174 441
231 491
613 524
1135 523
1170 638
477 714
974 24
298 165
828 158
1182 212
1102 295
836 257
1198 369
276 404
881 626
833 32
873 43
371 53
526 58
797 124
882 125
879 115
134 119
318 87
135 196
552 209
885 178
1167 134
1197 304
794 382
1176 358
107 417
1149 452
246 546
971 696
468 120
484 210
234 241
502 139
113 187
249 275
254 298
1128 483
1172 471
1142 432
240 669
964 710
1092 587
229 558
945 556
1192 512
602 516
611 527
260 526
880 541
863 229
169 238
186 243
512 247
1166 193
489 164
881 183
1003 70
516 118
794 106
811 100
781 28
779 17
311 463
1188 497
1106 500
974 490
1114 279
114 288
197 319
1210 318
563 336
846 343
203 346
582 367
204 576
463 590
350 593
192 618
224 622
646 613
206 628
208 629
252 568
939 562
919 566
1126 553
626 539
191 543
1148 527
1131 525
255 250
262 248
153 252
116 208
559 162
1157 177
1202 176
438 91
507 70
397 105
846 52
662 470
903 474
116 472
219 501
1183 439
593 299
195 300
114 309
570 259
1169 338
889 348
1147 333
181 371
216 590
264 598
893 609
1177 617
656 619
934 624
238 632
1213 541
684 533
659 515
176 514
348 547
1196 550
1017 673
294 688
265 703
580 97
449 71
804 73
434 80
722 26
1145 27
479 8
519 48
821 147
137 137
547 183
1159 173
156 162
93 246
1169 337
1096 347
1162 326
1082 365
1157 364
1169 375
862 383
161 290
889 290
810 306
827 259
166 489
194 480
571 401
953 575
915 567
1164 618
1186 609
279 599
172 580
312 710
969 649
659 660
1075 671
969 702
606 700
1009 696
297 674
796 108
822 59
458 60
133 253
576 247
106 245
879 235
560 153
1053 142
472 130
148 129
125 293
583 258
1206 259
1171 262
920 275
878 286
898 333
911 331
549 327
440 357
134 361
128 369
185 369
1194 478
232 479
627 476
187 486
594 484
850 389
605 440
641 417
643 538
1113 535
613 525
1191 524
664 515
958 568
666 554
1211 578
1190 589
1157 605
599 639
250 627
933 704
941 718
261 664
776 665
295 666
996 656
1113 645
1024 690
105 243
828 193
1095 195
1166 205
483 140
134 135
570 152
752 181
249 190
1137 168
425 58
465 36
833 36
757 17
507 84
401 91
477 109
1144 303
601 289
1138 276
170 277
1180 359
1109 356
105 368
1184 436
223 448
401 456
1119 479
1167 522
890 534
1193 553
276 572
606 588
667 595
843 615
275 611
916 647
256 659
1105 691
316 675
951 714
866 294
53 316
551 210
1200 222
1132 201
848 147
888 159
480 61
743 43
1094 26
640 535
141 557
506 570
892 331
539 332
1173 334
188 373
1084 300
908 416
467 219
512 152
1130 321
1164 438
807 28
506 192
917 390
589 422
577 625
1118 655
162 547
554 442
160 483
780 472
1206 313
485 215
832 167
1127 289
347 325
147 428
543 100
520 70
933 575
135 208
918 330
1122 436
869 259
511 89
798 31
1171 216
1141 196
1158 643
1086 203
1091 30
58 336
916 277
162 214
897 210
852 41
1168 641
571 170
304 613
588 505
858 114
290 635
1142 647
673 610
361 32
1198 215
803 340
1089 193
870 143
794 101
249 589
1096 670
466 84
441 84
278 595
392 704
674 595
185 254
343 716
1121 462
653 584
143 195
1099 365
889 628
535 261
625 502
869 232
81 357
991 420
840 106
769 117
837 401
671 627
1194 193
548 227
505 132
195 291
958 677
500 103
715 38
140 449
1195 446
760 305
126 289
568 180
1148 354
90 220
967 656
128 242
1188 320
517 275
1149 695
147 169
574 285
1157 483
780 34
684 643
940 535
888 524
1166 513
672 517
1174 579
736 80
436 104
820 57
803 422
1187 600
1174 639
625 634
1214 531
926 229
834 210
152 223
551 147
175 310
896 257
141 279
842 470
812 500
270 627
211 579
554 228
73 242
571 178
791 143
466 106
349 53
669 676
867 299
890 263
228 506
1201 470
950 127
258 578
1200 278
163 255
1103 194
524 78
847 90
1161 596
1177 446
156 305
132 269
550 358
971 605
1126 636
1113 626
834 406
1204 448
123 200
491 200
844 58
256 632
625 539
1207 539
672 676
218 472
200 447
407 365
168 283
1169 283
520 143
883 191
884 195
518 73
627 568
1188 480
1193 619
466 70
465 38
598 533
523 89
1154 637
1132 655
1151 239
93 218
941 687
818 328
1200 396
182 525
791 102
919 436
1082 12
1130 236
213 484
1193 375
1139 548
1179 392
244 559
580 531
625 363
919 567
1171 658
834 64
171 577
564 428
599 417
341 702
1176 537
315 483
788 85
1178 641
176 354
720 3
819 52
1194 603
679 715
79 364
155 433
219 437
651 673
1183 490
217 659
548 306
220 548
193 503
1210 405
466 58
110 291
246 493
1109 402
209 562
1179 591
1133 608
304 694
528 65
784 8
161 425
704 432
219 507
217 559
234 484
350 590
565 181
1208 639
523 215
637 525
442 19
1162 492
325 495
599 615
554 84
163 244
834 167
1153 307
186 373
678 540
199 540
494 42
735 250
938 509
919 445
577 197
215 614
79 256
977 644
1181 596
924 294
198 430
768 63
207 374
1127 597
923 85
311 703
619 514
412 713
783 91
478 168
1112 568
650 628
368 631
298 222
291 326
659 701
1121 450
579 517
684 660
1019 716
635 499
281 577
715 143
90 260
207 409
1192 611
253 587
1185 282
135 161
238 457
1154 273
1149 652
1087 441
464 67
1144 443
1110 359
1126 289
254 341
1175 356
799 193
655 504
842 173
1186 279
1115 431
87 230
1155 607
270 405
1170 255
365 592
1124 595
993 698
256 212
814 154
371 456
1170 558
852 302
530 53
334 556
190 62
264 355
246 591
681 701
652 529
536 111
864 349
1108 444
1108 271
963 669
1146 483
543 72
127 397
993 413
1132 473
112 314
810 197
804 15
986 712
978 671
983 621
442 11
128 320
621 653
160 249
640 449
223 517
183 343
1193 310
171 379
960 64
1092 286
173 447
906 589
53 327
413 21
224 70
374 537
70 278
679 229
656 626
210 123
123 297
574 107
928 609
784 93
943 132
501 69
372 550
690 661
600 402
67 223
997 431
1087 334
847 586
149 289
693 673
362 462
221 69
151 218
887 106
984 714
540 70
549 708
589 599
1201 345
631 52
463 69
417 572
1160 428
977 152
1108 598
832 426
229 578
287 369
541 269
212 105
383 587
652 520
499 65
1132 383
416 512
524 87
285 292
689 704
372 611
168 454
319 405
312 422
919 480
935 111
1168 576
568 569
1155 113
263 387
314 552
300 299
248 571
366 466
1166 661
957 238
741 345
665 603
769 133
332 680
258 350
1008 377
242 508
1149 513
881 153
907 161
640 80
650 214
484 39
192 81
1154 87
245 594
1182 167
737 9
294 297
158 556
242 180
226 551
211 649
190 53
581 399
291 613
585 409
247 293
925 635
100 214
1025 530
208 155
1189 405
269 275
287 363
890 596
314 420
995 238
407 442
507 81
395 629
297 499
1173 652
334 360
227 145
1154 152
889 141
990 132
175 276
357 619
208 133
355 544
1209 503
654 265
994 207
294 275
364 611
191 89
188 1
367 41
992 341
1082 706
625 467
283 153
234 215
964 77
385 673
232 154
385 685
279 418
223 161
980 9
356 401
933 83
1011 275
231 242
640 665
340 521
158 408
233 248
987 155
102 145
331 592
356 626
386 607
198 66
686 434
996 434
253 189
984 332
370 555
931 55
230 143
989 29
249 253
1000 196
1016 228
334 327
373 246
312 356
325 242
301 351
232 170
876 340
1017 368
306 509
465 684
461 273
543 91
193 5
657 654
958 144
838 135
405 417
273 390
248 18
346 493
692 589
950 82
1083 397
228 201
303 417
925 41
1045 136
410 590
624 49
431 710
253 196
302 459
325 275
240 193
379 430
336 369
1191 444
893 244
201 107
677 669
977 270
1177 560
224 37
209 111
555 374
1224 277
390 420
237 17
344 180
356 613
416 434
1010 168
321 243
256 78
1003 59
305 350
892 542
248 598
329 540
1003 45
600 71
396 679
279 324
940 48
1098 439
427 456
351 533
1034 94
769 320
569 13
992 707
410 700
253 258
605 497
270 333
860 274
357 229
924 81
406 194
316 481
298 406
254 583
626 91
391 212
887 403
992 25
363 321
853 706
552 121
908 43
1195 441
363 408
1174 499
413 590
1006 111
406 387
298 125
482 137
388 659
121 271
1059 162
226 626
259 217
699 708
245 254
489 63
580 311
825 62
289 625
899 672
980 331
1150 451
1191 395
290 711
353 577
864 415
334 552
369 462
327 432
333 544
74 295
983 77
143 469
885 236
617 511
302 503
319 540
228 183
1107 483
333 417
349 417
186 50
945 668
992 355
376 656
1133 432
123 138
980 218
301 400
257 695
1180 521
312 516
984 202
752 51
865 63
517 272
740 35
1125 170
1195 379
1169 373
347 544
440 686
941 125
565 574
771 380
169 374
938 432
427 524
929 9
624 445
145 239
409 59
596 84
538 165
359 599
1171 488
319 549
225 123
684 593
640 196
617 580
592 214
893 302
1196 400
147 512
711 130
137 283
198 506
191 547
98 148
594 37
920 45
661 468
806 175
404 672
1187 431
848 266
161 271
288 374
714 434
391 269
665 566
900 690
359 36
1170 623
366 663
461 697
1187 588
191 182
280 198
344 530
668 424
389 625
294 686
339 343
802 218
542 345
1158 496
365 632
382 426
228 498
966 16
341 274
606 491
988 360
1000 388
493 42
188 437
874 435
1084 21
369 569
1188 193
948 213
1156 530
770 403
139 293
72 480
400 687
69 322
396 411
138 557
402 707
461 7
232 494
204 553
266 314
789 686
815 4
182 486
811 408
821 488
974 253
487 104
1123 602
927 705
342 515
804 33
1130 517
242 312
300 495
660 177
769 103
261 662
1033 211
766 5
220 191
687 643
370 311
623 491
620 492
270 365
550 473
954 624
175 362
1001 308
1134 630
703 416
826 416
1021 464
219 198
570 507
145 256
168 391
147 265
952 33
1123 706
372 513
130 328
305 686
491 72
167 7
330 500
1195 337
636 529
98 195
264 349
1020 348
1087 333
1194 554
897 217
1198 447
301 675
331 499
248 341
653 135
438 35
655 719
804 150
1159 345
221 612
864 143
498 617
1005 440
700 698
1004 446
259 264
1144 403
397 691
250 51
182 311
460 63
351 537
900 288
1170 459
309 371
653 508
831 517
1131 294
432 658
769 61
1167 444
1201 509
135 470
148 366
809 44
1122 688
945 541
271 540
163 330
1194 118
702 664
705 557
458 98
617 48
509 609
846 491
222 154
210 422
140 384
1136 627
143 323
1149 265
357 357
122 349
331 541
145 273
115 264
306 487
291 366
517 181
1144 710
103 574
1160 535
315 151
217 623
1203 452
281 601
292 672
1162 655
764 63
321 487
1168 501
405 525
173 370
571 349
321 258
198 89
274 656
1040 217
392 544
776 287
1010 64
103 526
281 689
1040 405
788 406
355 367
257 637
609 83
944 82
321 412
797 118
172 525
627 491
369 619
163 198
895 223
260 312
1136 402
1167 463
119 272
1095 363
261 195
765 142
796 139
159 389
416 509
267 326
704 605
1182 465
371 654
629 522
1089 27
244 525
190 66
837 94
1007 480
289 336
1155 306
238 190
779 190
91 482
241 657
670 648
681 706
215 141
895 36
197 251
220 121
284 38
1178 369
390 418
259 116
383 428
131 117
356 503
516 87
1099 16
394 460
521 350
652 684
281 711
589 48
1177 200
697 407
699 528
380 593
265 695
389 705
1159 534
648 707
99 191
408 598
922 75
1148 347
580 407
382 404
923 559
1160 443
173 449
224 116
1078 350
176 466
1015 409
1207 530
441 699
371 432
543 489
901 0
281 382
295 492
444 711
1121 445
1159 277
296 704
981 294
355 455
221 595
570 634
634 442
410 515
442 503
941 131
215 401
200 474
244 106
272 404
1198 422
1170 494
962 660
897 710
407 453
454 98
268 403
933 714
178 413
232 624
827 573
1093 451
183 530
1079 29
147 147
311 677
1174 425
294 369
922 35
375 661
257 597
863 192
1169 540
217 129
290 389
250 53
652 290
259 340
567 279
182 397
243 273
251 295
228 200
298 476
1164 661
203 62
1176 508
1012 8
319 339
999 339
983 43
304 442
998 185
422 631
306 499
987 369
232 240
311 349
265 69
190 57
122 381
903 13
292 280
1010 159
391 690
411 686
680 527
253 228
923 302
876 602
629 53
1198 406
900 305
946 667
620 41
296 190
606 389
685 304
253 292
688 715
954 172
647 601
351 641
910 6
420 415
233 82
323 480
981 137
127 169
1178 428
319 234
265 309
348 520
279 345
346 568
321 333
432 542
917 28
319 475
194 92
267 331
278 423
547 284
396 545
1160 207
259 211
340 531
124 197
1056 118
606 60
683 629
400 457
404 685
322 687
212 386
350 164
416 643
1097 220
646 206
159 266
936 671
392 650
399 574
223 105
354 651
931 79
283 281
160 434
1046 224
326 534
319 345
259 326
283 225
1007 467
850 144
331 584
332 478
393 674
1220 332
904 77
988 264
504 96
287 644
338 316
149 171
890 270
239 208
400 265
954 150
313 503
545 119
805 187
650 528
219 531
1121 702
288 474
977 186
979 184
106 366
1180 556
878 695
363 422
270 342
486 97
898 17
342 466
981 292
1225 183
311 278
989 312
498 88
874 186
413 697
1136 312
841 78
257 334
918 76
508 320
303 680
435 573
1194 352
190 368
226 183
351 485
285 174
952 174
398 443
642 548
978 105
1152 531
676 627
914 692
830 554
899 21
241 171
201 574
253 650
517 98
187 89
562 143
245 216
786 132
166 401
636 455
899 48
650 413
1169 591
506 93
1148 364
474 192
785 361
804 361
894 526
813 406
504 327
1122 599
760 38
1195 433
420 48
816 50
1139 286
851 42
1187 566
108 196
85 228
872 520
1179 551
888 341
1208 297
845 200
314 449
210 647
818 286
216 66
793 49
991 168
234 196
336 570
1169 552
928 524
325 530
763 13
679 686
258 173
145 477
1203 181
435 19
616 679
256 69
372 460
1150 537
1014 461
638 379
573 340
192 348
1225 210
1131 317
204 602
252 626
814 107
1161 466
1127 285
810 9
947 1
371 270
251 254
1047 157
749 178
1116 616
1182 616
601 676
387 94
1189 358
1109 686
761 163
1110 333
1093 662
1192 529
921 185
924 696
875 478
898 648
1172 458
610 435
592 712
196 329
150 237
1179 298
388 444
876 222
432 87
1155 464
1149 113
893 256
585 202
926 495
386 582
881 594
1197 247
572 448
1138 535
873 140
1159 629
581 560
202 507
911 425
549 182
642 400
523 257
120 175
1155 459
783 111
512 657
405 453
616 99
129 326
585 354
1138 196
1203 451
312 207
332 300
1106 302
650 587
787 140
267 585
1150 520
1180 656
825 89
75 465
183 570
1187 541
911 436
285 616
218 549
880 512
175 469
799 128
536 297
226 623
586 302
105 181
201 391
565 146
206 442
545 396
449 41
265 637
459 687
521 399
86 343
275 716
1202 211
380 612
887 264
579 470
777 18
246 532
159 223
1149 147
1176 533
954 34
184 566
108 414
1015 282
830 614
853 58
478 36
408 615
350 507
284 423
818 104
362 611
938 631
1125 691
383 657
1001 163
243 249
996 260
254 581
1155 592
522 536
186 381
278 641
245 711
449 661
1210 583
865 101
343 424
654 606
363 452
537 89
434 56
571 429
237 11
595 323
374 595
1096 286
119 384
705 672
229 80
929 531
1003 247
540 74
118 177
802 118
244 527
240 260
297 176
844 104
105 309
1185 238
303 677
332 454
978 282
905 26
338 671
972 352
615 677
896 321
340 480
346 710
446 68
1195 490
425 289
313 134
400 587
590 334
1209 245
296 324
514 167
282 438
474 47
664 514
405 568
1175 438
917 7
840 313
1181 561
391 627
867 113
261 277
180 527
175 3
960 36
1131 328
247 177
348 346
544 169
982 116
1116 677
821 378
388 568
252 199
155 322
180 7
291 668
123 226
274 596
969 620
763 1
1163 291
554 142
987 592
457 627
474 163
355 564
996 190
895 597
438 698
203 682
833 134
510 149
1098 647
842 79
959 70
477 110
1169 172
260 617
866 297
487 109
923 507
308 712
432 473
617 632
85 454
266 332
648 607
1072 116
412 44
1141 521
276 716
225 129
381 688
1095 422
151 310
260 631
982 267
197 25
393 378
855 474
627 589
754 413
866 446
924 503
1020 29
87 213
819 194
1141 233
451 203
497 52
981 67
482 44
603 597
356 549
225 231
904 236
1007 120
1202 483
363 423
134 144
1139 520
358 398
876 304
363 645
386 425
199 562
1142 212
1123 458
588 514
282 602
1126 542
979 181
1142 585
196 537
435 626
1189 300
135 360
184 450
264 648
1207 262
465 43
555 9
356 447
1167 517
1134 491
1173 495
1188 334
1159 185
171 449
411 498
554 293
675 554
200 382
1185 513
882 314
310 511
1120 630
280 708
792 104
205 510
559 509
146 496
111 89
372 435
1159 545
731 204
1140 482
119 152
925 485
135 124
590 338
1178 452
217 601
1144 498
660 521
248 523
490 106
648 602
381 592
1170 404
537 155
374 18
1140 529
482 367
1168 563
802 298
852 254
878 681
692 694
856 61
1167 198
1122 382
1103 614
1207 341
1203 212
974 250
749 236
1203 257
508 97
1180 554
407 557
902 261
1203 578
892 176
919 501
202 487
1181 360
136 303
916 534
664 567
808 120
1183 272
622 600
211 156
932 480
653 665
740 154
177 261
1151 477
485 432
640 598
497 72
579 103
831 39
518 226
773 139
253 313
787 127
487 105
1182 99
439 50
1143 418
618 479
83 509
179 370
545 290
252 614
278 614
151 562
939 522
230 514
279 671
1136 658
455 180
91 166
836 168
873 132
904 196
486 80
519 78
551 110
877 108
480 18
825 50
768 51
1175 444
86 441
1175 425
822 420
78 411
589 309
1159 352
1201 341
277 704
1124 713
317 670
266 603
245 602
221 586
948 525
870 535
447 32
974 25
442 106
477 123
1163 113
125 142
725 140
859 137
105 260
1136 280
972 312
1097 346
912 334
1181 501
345 505
128 492
637 451
1194 463
632 458
215 475
157 387
228 610
349 608
1183 608
1213 547
936 527
1089 519
292 709
1102 700
889 690
625 676
852 65
160 112
446 44
513 38
131 158
863 128
544 166
885 229
235 231
449 255
878 194
84 270
562 287
1198 282
92 294
1189 312
1091 316
117 365
1196 331
1098 488
1129 484
182 511
230 505
728 458
611 421
638 423
1104 404
938 598
1175 633
683 638
1175 631
1124 546
524 549
1211 573
951 718
658 707
1087 704
295 705
1152 679
692 643
791 660
816 75
434 85
136 127
817 16
726 163
157 227
579 241
532 252
788 208
142 194
317 203
1210 291
119 286
909 256
1157 373
1147 380
1122 381
73 359
832 333
1170 323
208 464
1133 473
554 460
672 505
1171 492
1157 424
591 400
571 528
1210 531
869 530
811 542
1109 542
614 558
559 598
1146 602
1163 626
712 635
1182 622
212 623
258 716
1113 694
288 684
1153 649
520 86
366 79
768 22
828 29
105 162
509 168
544 182
1148 190
524 133
532 140
1108 214
1109 211
1167 223
118 226
886 254
152 247
132 307
1180 290
836 281
127 274
890 266
335 262
907 262
1124 325
901 320
210 331
516 344
842 336
101 338
1079 378
1182 474
1204 454
612 486
1168 481
1186 432
1203 436
607 440
1147 512
807 531
872 636
1176 618
174 578
1000 714
275 719
290 665
986 655
258 680
696 703
1008 703
793 74
482 83
419 61
798 7
808 6
572 253
93 150
165 156
736 130
868 166
177 273
133 320
542 347
181 378
1172 413
482 442
640 485
1208 508
438 468
880 598
1142 578
271 612
1123 566
934 555
894 554
1172 523
280 542
81 149
1152 190
1190 249
592 217
463 60
855 62
174 422
1198 331
126 256
664 565
1115 708
586 657
643 668
847 253
170 338
211 467
584 455
623 557
253 619
439 30
859 151
1194 598
324 687
907 656
1130 307
1165 398
191 400
1155 215
518 210
779 44
1043 58
1147 660
967 657
905 531
125 245
900 228
1002 343
78 325
1211 325
593 510
223 641
277 568
436 77
586 287
285 434
492 196
1086 204
1112 704
787 32
1120 81
1089 345
933 596
220 589
364 540
598 547
215 619
501 73
668 586
614 604
113 206
1174 208
108 299
330 668
1202 562
319 664
423 133
1118 507
1054 57
191 478
1193 295
677 643
155 279
877 220
666 22
121 259
1203 442
120 451
152 290
110 197
90 546
331 341
1087 341
883 276
460 22
649 548
146 313
1090 713
565 165
310 530
270 660
657 611
181 344
263 319
241 481
194 417
160 391
186 23
1194 297
1180 286
1100 488
1178 534
206 441
1170 621
906 275
487 106
1109 313
1151 284
1004 440
502 245
293 407
299 460
1186 341
837 89
519 27
250 348
550 255
900 255
243 282
342 464
394 678
537 534
288 651
205 22
516 74
613 32
292 439
178 50
979 50
986 14
898 10
335 425
223 60
373 507
343 606
296 380
650 640
1219 221
182 95
859 488
954 68
270 669
397 528
1198 330
228 210
1173 624
955 64
925 88
599 62
226 219
168 565
332 465
130 483
524 31
1010 187
137 496
1167 359
612 79
264 290
662 632
968 115
238 233
971 233
1019 256
611 88
836 149
407 495
607 73
302 383
299 236
462 18
387 558
341 324
1130 327
274 277
912 52
978 284
245 332
373 662
491 177
749 117
388 614
700 714
710 425
414 588
316 248
409 654
357 382
370 536
1159 597
1221 350
379 638
436 557
360 457
484 25
337 466
864 266
219 163
285 309
703 406
408 626
319 578
987 419
977 92
823 351
290 328
1211 447
1051 169
654 587
326 504
906 59
282 642
392 297
265 419
1015 648
663 647
186 536
188 495
669 699
293 412
250 223
1157 189
287 468
657 289
192 485
1046 578
661 503
481 87
252 238
617 92
1192 451
379 458
203 125
266 235
173 297
987 450
247 266
193 528
403 587
379 675
109 208
813 246
311 710
768 322
332 567
323 407
332 492
377 300
305 501
268 250
1036 96
356 136
1020 106
277 144
1030 25
292 669
803 57
746 485
775 571
339 491
291 433
1118 529
583 37
1026 86
355 530
292 447
230 105
151 356
972 252
444 478
264 326
170 62
512 66
416 574
1032 229
276 444
373 444
937 529
237 258
377 647
197 27
186 485
266 372
343 523
332 525
416 676
961 126
288 473
910 52
323 437
1150 376
246 279
372 202
875 274
849 198
153 426
407 115
603 530
382 561
207 89
804 398
1008 252
281 386
261 247
944 642
475 712
248 667
1094 327
393 465
337 450
392 677
986 122
250 305
805 418
297 243
358 619
240 236
228 207
1015 27
300 445
163 344
941 377
1177 372
278 424
358 636
385 648
265 349
195 58
1150 351
345 543
1026 63
283 653
182 518
352 172
131 258
261 325
1193 595
322 419
304 464
207 152
228 523
611 118
986 688
1150 353
334 449
830 120
368 63
420 24
324 553
1005 381
1011 251
204 574
345 514
1126 298
1156 489
391 480
1005 119
61 233
394 18
248 147
164 316
433 628
1096 188
846 78
829 59
649 544
619 674
567 14
409 535
993 423
287 193
392 496
877 214
1006 157
270 606
369 613
840 135
313 493
966 698
375 674
386 705
194 529
893 319
851 261
956 147
130 516
186 328
261 220
242 189
137 440
384 697
1159 445
1201 527
788 136
1125 516
271 185
630 57
413 540
1190 280
664 653
780 269
805 504
274 415
625 360
833 75
537 407
474 132
1156 578
1144 673
360 59
986 79
236 204
402 355
576 675
998 156
1097 295
235 489
894 317
464 13
854 414
990 420
764 129
279 707
529 169
1140 527
1197 596
919 589
1120 481
139 488
1136 418
477 63
472 75
161 305
1127 584
1187 379
1206 188
434 67
233 543
627 663
1139 564
544 149
300 195
1135 185
280 682
1175 296
1181 554
560 235
1013 224
1174 650
1156 616
1082 362
1196 615
800 188
936 508
795 15
804 435
398 496
397 51
1145 352
619 397
200 53
1180 559
138 356
318 539
1175 497
1135 116
861 186
1200 339
673 695
856 536
1136 201
314 482
71 220
1186 389
959 476
235 494
1177 499
968 212
545 424
1142 319
279 664
1124 655
646 214
470 340
334 549
371 643
825 0
375 619
943 560
827 378
915 237
594 67
919 652
313 700
902 682
1014 478
132 222
789 306
267 253
162 257
391 596
973 158
988 612
1147 342
410 102
669 675
999 352
395 688
350 643
164 319
191 464
161 257
196 575
345 429
260 315
830 479
492 70
315 501
1130 685
166 350
271 439
861 263
1117 368
309 258
365 329
660 584
1046 670
735 460
409 502
