312 637
275 209
194 540
178 144
597 167
184 430
643 91
1167 487
487 115
1167 604
600 535
213 287
333 685
332 334
590 378
133 275
1175 531
284 162
276 151
974 713
883 624
1200 329
492 564
611 331
1003 231
143 340
520 229
659 402
188 181
779 35
522 190
319 674
1021 671
221 322
1113 158
217 415
234 60
998 68
266 202
845 135
857 541
374 513
1002 442
276 173
184 426
414 620
968 14
963 506
313 475
620 390
299 662
274 233
984 675
656 152
581 181
724 690
593 233
1010 697
368 451
633 464
894 251
1202 261
914 265
391 577
1191 450
1185 394
713 674
171 48
536 100
1133 309
910 261
852 243
878 157
837 288
1161 309
914 514
1178 217
853 530
576 202
160 187
654 402
1190 345
141 345
539 257
861 137
585 439
306 653
1171 330
865 488
886 188
1177 366
1167 446
123 232
564 695
520 442
958 715
620 543
1005 642
252 535
858 380
715 249
229 550
836 60
267 663
606 482
527 76
193 690
388 44
897 222
232 587
293 377
1024 59
799 40
523 112
1032 702
229 425
156 229
588 556
967 528
734 639
1114 636
1194 202
885 148
627 492
917 53
1134 634
377 453
1189 590
168 213
1197 358
1121 607
442 56
261 143
875 293
179 362
710 516
892 505
336 678
738 81
210 358
617 119
658 389
547 313
902 201
813 134
1022 222
440 718
198 378
412 496
1018 268
545 118
556 470
863 414
1153 71
1033 694
123 372
371 629
360 443
942 520
1046 716
161 167
1189 195
643 564
690 679
1156 215
642 455
545 151
848 535
677 470
268 147
1031 4
804 98
1156 358
619 423
209 460
897 499
356 429
1153 633
218 436
240 635
352 533
892 521
284 105
510 104
1093 361
365 518
134 351
1199 351
625 501
966 30
817 121
1187 475
233 74
837 246
513 112
1207 344
157 286
935 318
614 525
864 282
1161 386
263 519
549 199
122 167
617 248
667 589
212 76
1006 131
1149 418
248 578
383 452
951 20
313 652
655 182
230 81
927 343
602 473
772 88
1185 176
898 244
1004 640
299 273
1174 563
1115 432
1070 31
673 467
963 120
611 223
374 571
638 555
907 22
1009 173
1200 314
1174 373
421 632
968 154
219 351
1160 375
156 251
856 156
990 241
936 78
528 56
269 221
252 547
200 463
343 446
513 56
943 304
1202 435
906 679
418 267
715 617
429 612
172 215
228 710
329 430
498 50
909 623
996 344
766 235
394 536
1113 503
376 540
671 491
190 308
1151 529
899 363
285 282
175 292
453 634
1008 369
892 178
833 651
365 586
1188 322
850 138
238 208
969 57
930 303
336 364
395 364
939 43
430 627
354 710
795 89
658 454
301 325
621 441
995 116
286 186
1042 543
428 696
332 517
986 313
316 266
1011 384
734 465
370 406
441 666
577 281
310 349
303 287
397 697
992 260
347 470
438 713
519 100
591 62
385 676
857 141
1012 408
570 33
924 352
118 298
219 18
1016 448
286 390
1151 316
378 428
285 340
905 331
393 503
444 497
395 271
245 257
339 588
439 713
311 394
1151 604
875 268
1174 533
185 285
966 158
302 648
1039 163
228 398
599 217
314 445
258 233
654 679
912 461
257 83
656 670
1019 10
234 88
281 408
250 161
418 709
396 562
943 425
842 489
1183 502
503 719
428 666
186 242
384 643
1020 130
193 63
254 121
328 401
782 109
103 395
638 633
157 144
369 484
831 69
935 646
323 432
996 651
284 529
914 169
264 311
1154 480
392 373
315 676
236 132
338 578
433 677
210 386
298 648
817 107
654 423
924 286
1007 116
1169 437
543 165
201 326
673 564
971 571
312 161
1182 389
266 318
526 63
385 563
868 47
649 573
848 453
460 44
345 442
367 518
255 518
208 336
912 226
631 309
951 312
1015 211
424 388
822 520
276 609
213 147
314 294
622 293
519 356
260 581
246 161
1028 652
308 699
823 439
858 142
1043 679
1037 654
843 83
197 249
1192 610
818 26
682 490
155 164
837 84
715 699
217 458
579 82
227 480
263 689
184 413
319 684
464 17
656 368
246 217
455 660
1196 391
1174 172
634 260
482 85
937 428
923 412
937 684
207 524
880 467
802 406
639 595
1018 361
266 107
610 156
191 180
662 672
189 236
295 602
226 371
562 129
867 140
312 214
712 672
309 298
1214 578
870 110
758 154
590 352
519 28
669 505
170 394
403 542
488 78
129 291
636 570
146 354
817 375
133 242
521 351
264 505
945 627
898 3
569 621
867 320
752 60
269 577
1167 89
886 336
229 122
1041 54
995 606
867 106
242 537
778 90
67 225
342 446
394 474
198 230
932 590
243 609
868 170
252 508
391 626
447 113
1184 230
513 39
822 288
351 303
192 407
855 57
863 99
541 81
207 340
938 402
1173 218
695 596
148 365
254 231
996 357
964 32
336 457
917 280
846 493
1177 359
611 248
871 46
814 51
687 610
147 289
192 307
289 208
1005 641
402 642
601 465
362 459
1157 459
341 497
194 500
891 284
942 287
282 571
717 635
921 611
1021 233
177 386
860 109
613 290
486 104
272 366
215 517
1016 179
905 217
268 386
1196 180
1182 509
371 431
581 411
683 661
1009 707
1179 415
239 418
863 125
381 677
267 557
140 355
608 428
345 447
196 221
1177 486
794 65
180 342
164 349
123 182
484 508
287 597
579 493
1012 99
616 454
614 547
308 203
908 155
202 400
883 588
420 647
85 268
235 54
897 209
591 318
921 420
240 486
175 383
219 559
1181 542
672 287
222 561
1006 293
449 627
197 404
912 247
838 20
221 437
545 95
967 515
297 257
865 166
1202 541
853 212
817 376
577 155
366 441
790 56
691 557
252 533
558 119
1173 309
577 177
249 566
248 202
220 507
815 18
928 412
584 400
323 653
831 214
200 393
226 294
240 141
879 316
346 360
484 167
668 610
613 557
1119 25
901 258
729 710
219 435
559 433
856 545
840 322
1206 579
513 242
210 378
795 74
205 395
1133 638
1179 342
935 563
308 613
394 478
911 406
172 135
81 329
280 273
631 485
1166 125
283 86
1179 383
945 306
796 289
271 571
891 480
613 597
534 340
1150 545
581 313
310 253
727 622
1159 498
246 548
547 200
1203 389
163 447
1178 527
177 201
652 429
609 193
845 41
1029 686
1196 636
221 347
736 703
829 373
1021 712
948 443
605 257
188 358
546 108
212 361
1180 624
158 435
218 385
1144 362
328 371
150 301
875 126
355 579
776 64
991 196
1155 555
366 701
387 499
914 521
399 622
1165 198
374 542
377 604
130 262
572 514
422 566
236 36
278 156
1021 445
198 261
985 111
951 134
788 341
1076 144
380 558
390 647
310 393
636 122
273 211
297 421
1187 317
307 173
418 548
253 483
1209 387
597 75
341 366
343 258
967 506
900 172
1023 137
362 439
330 416
874 242
1040 691
1132 415
248 678
289 201
1105 332
265 477
940 344
1174 446
342 573
226 171
368 416
213 326
1190 394
988 269
211 502
611 552
467 142
337 430
223 478
317 383
572 144
191 597
869 171
460 673
228 82
804 117
1026 229
442 516
205 384
483 87
874 85
588 242
391 414
1005 94
856 76
357 624
295 646
555 154
905 597
661 443
379 523
796 162
218 343
191 330
1141 356
657 96
936 439
935 8
373 548
228 312
272 317
735 135
588 275
148 402
1166 389
273 486
288 149
825 17
182 283
118 330
616 281
304 716
534 267
946 561
583 127
149 252
955 426
390 583
874 84
243 151
1209 526
557 151
1074 376
863 43
1125 417
1199 323
629 424
452 700
891 319
495 104
257 33
894 368
587 277
227 681
299 321
595 172
814 42
633 313
592 417
952 186
282 583
893 259
1180 197
387 581
1006 42
615 647
186 312
1163 362
615 238
201 690
347 689
462 11
342 375
833 125
894 475
307 352
305 434
633 513
265 361
239 487
904 421
342 359
357 507
603 226
836 99
839 41
174 177
1077 678
296 175
182 514
374 622
1062 716
613 637
959 520
185 335
161 547
605 540
444 588
982 600
1168 533
833 408
1162 477
937 528
795 489
509 33
1160 429
704 564
814 91
224 409
593 322
197 272
161 610
265 560
926 430
1107 331
725 678
223 387
827 305
185 455
987 564
140 255
863 253
600 539
952 58
1134 120
232 43
775 15
1123 312
414 646
341 618
825 103
204 48
881 441
1187 476
234 520
1095 319
862 473
831 24
675 681
245 472
864 397
261 221
1007 660
1157 412
330 710
219 446
189 3
798 246
1172 518
179 445
358 507
83 269
358 376
980 575
158 365
857 417
423 474
459 692
666 509
1091 180
335 353
160 327
907 138
827 23
578 382
302 593
455 106
834 622
171 179
895 117
220 470
1204 508
322 342
625 714
173 199
1159 449
673 479
790 66
196 318
393 603
419 618
1206 417
1163 482
1010 679
540 131
928 345
126 176
925 273
906 224
1124 207
953 563
155 131
344 683
680 708
354 370
195 384
621 589
1154 338
619 540
1092 588
502 336
274 125
1002 227
345 703
66 201
836 92
1046 154
883 152
420 465
180 472
307 647
1151 471
586 131
434 33
230 370
179 394
755 699
298 715
458 130
725 688
102 198
181 200
370 519
633 504
984 702
611 254
334 361
222 463
665 458
1001 13
177 500
685 522
635 455
843 455
1201 298
902 614
385 638
1203 532
266 538
578 105
974 118
1121 491
1008 602
434 35
502 40
844 458
531 70
327 645
995 709
447 60
86 557
869 247
1159 418
905 433
217 615
1017 561
188 418
565 295
1025 682
208 62
1208 436
1176 205
991 37
1189 633
568 139
563 114
593 210
1164 531
539 82
859 297
211 100
1206 292
871 253
270 334
234 317
736 663
723 665
341 392
344 412
488 74
588 274
987 231
366 332
218 354
1172 188
1160 690
877 546
356 678
576 223
698 516
653 488
138 383
574 220
263 126
174 265
263 552
1028 65
613 478
403 533
326 676
371 490
980 44
194 221
1004 450
999 48
192 312
339 690
322 386
840 222
280 318
1167 543
423 694
274 177
187 406
857 113
669 697
353 576
380 511
277 341
374 613
1157 653
610 511
435 698
340 499
717 625
767 29
1057 719
1165 580
953 353
363 345
778 630
231 598
876 262
229 398
816 4
1133 528
100 460
165 131
561 484
977 677
575 157
325 697
230 541
713 662
1195 219
1203 274
596 579
664 581
199 419
197 311
147 122
950 368
202 511
1199 194
284 589
815 543
790 16
1194 393
861 240
224 150
1012 18
195 329
177 143
321 523
226 231
830 43
216 118
606 173
897 346
243 611
311 313
1205 316
477 113
283 599
619 502
736 450
1181 388
237 62
214 54
282 372
281 282
536 169
309 648
956 136
198 283
178 616
318 360
249 123
436 691
335 416
265 206
924 361
233 481
915 16
319 455
333 524
373 578
1178 361
584 138
309 191
1168 354
993 26
1033 634
257 291
277 224
296 278
1018 146
421 322
179 573
1012 371
334 533
876 481
849 423
1188 481
218 487
500 88
407 528
821 440
923 645
373 708
730 704
315 376
689 653
1208 212
926 38
817 142
261 115
239 112
215 312
381 521
221 288
368 457
302 607
388 359
330 652
992 680
284 143
943 287
168 137
1008 391
339 528
420 610
910 254
260 606
595 340
821 46
597 243
696 541
370 503
246 694
677 363
194 217
169 199
732 692
709 547
147 287
277 571
850 487
269 639
414 568
304 203
385 545
152 470
203 366
345 479
176 576
618 428
802 33
274 563
967 157
298 361
524 145
360 584
993 616
1012 184
298 689
1142 562
1189 484
820 165
967 539
961 518
343 503
373 566
590 410
587 415
257 250
200 221
963 122
334 284
165 326
594 50
201 317
989 391
193 81
283 246
851 14
861 570
693 708
322 378
354 567
995 268
206 498
275 242
273 134
636 613
675 618
873 37
313 324
779 210
838 64
125 202
980 261
323 348
299 248
185 424
327 367
308 678
409 450
740 40
1154 600
713 408
879 86
912 224
627 436
698 631
917 318
840 58
1141 527
1197 536
1090 710
671 471
389 612
1149 612
1030 662
1191 193
518 116
640 515
404 679
263 257
424 602
668 281
239 120
1018 631
874 228
949 342
729 711
695 662
1159 108
171 378
735 683
898 115
192 224
226 506
923 39
837 205
1167 212
598 428
223 446
281 214
1081 677
959 515
1021 397
920 598
326 259
1185 437
1118 669
389 475
155 284
317 345
1212 562
1168 627
1046 696
995 710
150 290
571 142
237 150
233 68
1168 639
216 300
951 506
878 606
868 64
102 366
607 584
208 334
903 325
1163 222
832 48
892 119
403 422
816 96
278 547
183 490
252 459
304 654
267 554
306 590
250 577
144 117
126 239
103 384
161 330
1169 589
1143 634
399 689
1014 667
991 661
1020 3
743 32
410 41
864 145
170 188
173 214
1199 434
1193 421
833 413
1174 506
107 280
1183 271
217 368
522 341
282 537
272 532
206 590
716 591
1038 690
249 687
602 676
545 89
780 66
979 108
477 47
1162 203
900 211
520 130
800 151
1168 177
157 435
231 387
1001 389
1181 408
679 502
937 485
634 487
358 461
222 257
207 315
1142 344
338 332
978 520
682 540
240 631
1015 668
946 43
882 148
1037 149
830 147
811 251
304 220
822 517
258 541
255 619
772 275
974 256
220 481
267 91
174 164
284 157
1012 709
964 661
285 550
1124 328
76 301
194 281
1154 409
364 489
359 478
917 191
315 238
195 202
623 81
735 642
1022 695
313 402
543 216
1015 705
618 372
1181 198
271 157
202 311
577 84
602 502
327 419
123 351
185 411
249 116
664 535
934 384
446 661
188 414
382 441
471 80
226 92
377 462
314 423
144 197
184 440
775 3
894 167
955 169
117 502
243 202
753 102
512 165
185 307
962 548
612 375
366 719
605 302
408 525
726 587
658 622
888 144
258 312
304 344
1189 333
228 475
1177 307
286 19
847 40
638 659
655 688
945 47
143 208
1170 646
244 53
1033 158
151 235
433 535
347 509
961 140
265 68
246 191
1185 177
997 191
390 434
623 113
1000 57
610 31
312 258
1176 421
372 624
630 430
288 626
996 302
136 407
1020 227
234 485
330 459
322 349
907 226
319 309
563 271
1208 287
676 175
834 30
232 439
401 201
781 326
993 104
1138 509
440 675
1171 599
324 230
366 456
1168 225
1006 26
309 394
1003 372
1010 58
394 476
458 56
967 102
353 570
392 634
393 480
351 235
1016 219
387 621
423 642
311 405
219 421
388 629
338 341
159 559
286 125
987 712
288 304
436 521
950 46
656 669
973 257
335 408
879 579
236 551
705 364
850 433
326 269
357 527
274 378
264 261
154 207
275 298
508 292
285 241
597 510
311 456
309 656
273 191
244 242
309 255
1207 355
995 376
1000 307
455 633
1006 308
360 547
588 239
794 232
897 265
1029 55
398 621
193 280
449 693
965 520
246 426
977 170
274 207
410 632
736 709
283 324
957 52
225 329
393 607
919 195
221 313
828 173
907 206
296 347
221 415
1001 662
183 6
1055 103
1011 157
1137 591
1145 198
277 102
270 303
1009 194
471 681
1016 569
981 317
263 176
318 473
632 74
943 51
337 457
442 632
275 132
353 452
332 367
979 48
322 397
270 292
893 262
394 389
249 143
1005 361
807 12
295 427
1021 208
410 715
1003 171
422 659
486 154
435 601
618 66
287 350
215 152
329 442
240 588
607 64
1021 197
419 652
965 61
230 136
789 25
348 441
663 562
397 425
1007 91
331 281
414 654
703 617
1055 391
1152 414
453 700
936 44
331 358
994 357
999 402
510 716
1049 43
1019 281
296 191
380 378
274 290
362 370
979 285
354 523
707 592
375 459
314 480
485 172
1041 124
210 340
183 457
409 661
1149 491
385 526
197 47
1010 135
306 28
295 136
989 87
295 164
240 118
234 497
255 282
274 282
937 379
676 363
292 218
400 477
317 396
224 506
342 554
984 95
997 441
400 552
276 205
385 636
197 321
376 497
245 164
893 321
321 315
1010 315
238 541
247 274
334 8
286 427
311 292
219 105
266 73
295 243
252 154
711 622
400 500
957 139
322 308
239 467
286 282
259 193
589 654
415 702
212 466
1014 45
652 210
905 456
339 454
189 50
1168 445
974 218
300 229
781 200
1009 212
348 554
358 334
1034 646
407 718
216 44
962 174
312 471
296 302
999 86
908 22
974 245
322 417
308 297
334 437
977 268
317 285
198 340
226 155
1011 273
252 103
947 7
368 586
284 368
983 91
233 137
1056 104
304 286
274 337
225 371
947 432
345 499
355 499
399 693
976 234
293 329
296 195
917 74
305 511
293 242
1013 86
1223 244
277 652
992 28
568 209
1175 427
386 565
977 705
1200 471
1173 419
285 144
346 585
407 632
449 704
432 552
956 228
294 211
424 635
943 84
263 483
223 19
362 523
436 461
1021 432
1025 97
350 705
336 549
380 613
872 161
938 57
160 438
335 460
1003 430
242 261
330 570
305 285
291 249
1004 301
1016 64
333 455
286 312
235 168
295 159
400 647
304 622
466 704
962 116
302 234
235 514
654 92
658 277
241 140
359 286
983 211
219 151
373 515
608 62
412 664
392 682
224 344
476 45
392 477
908 37
399 611
1022 430
652 582
1178 197
286 193
311 210
281 356
1005 401
1135 355
355 536
1003 113
214 105
276 323
208 349
641 650
801 323
393 648
730 620
942 355
267 139
428 676
335 266
304 296
340 356
342 708
239 91
98 180
1014 109
160 300
448 683
981 71
296 281
336 515
388 515
497 107
371 617
325 421
883 316
650 140
359 392
332 273
708 680
570 497
389 599
476 50
551 159
249 176
285 613
233 143
416 605
339 582
318 330
297 218
244 61
995 18
245 443
284 132
941 26
962 101
507 79
1004 398
916 40
167 394
215 478
252 215
365 530
175 369
219 553
329 527
410 678
293 295
210 262
200 45
215 330
973 632
241 102
994 412
417 664
286 572
529 167
634 116
135 117
629 601
918 25
236 189
115 357
1008 216
699 702
967 557
930 398
305 437
163 494
1024 681
497 77
833 235
431 616
420 634
440 531
453 627
1179 436
552 433
911 333
233 176
289 286
233 596
974 533
482 91
267 89
291 262
439 125
266 98
173 420
994 144
148 190
920 64
595 144
1152 284
271 102
905 268
1005 688
328 415
653 605
1191 486
1178 204
321 255
162 321
1064 112
258 162
119 538
604 320
216 474
786 286
901 436
885 264
640 418
351 500
730 597
589 549
865 126
212 447
760 80
356 705
681 690
904 429
244 477
214 348
890 168
273 550
861 311
837 38
831 12
981 108
1001 309
904 297
1012 411
922 413
789 18
440 29
1166 333
351 294
200 552
588 569
193 370
259 478
941 28
1163 502
619 340
245 573
992 361
1159 193
1145 438
673 429
417 624
304 230
888 111
859 120
213 383
647 410
1099 666
272 254
536 96
317 265
636 345
737 682
1130 245
1082 93
1030 669
1003 50
556 80
358 543
572 394
960 657
827 583
634 515
623 96
312 696
323 695
231 71
867 486
242 600
377 455
402 582
578 108
430 656
875 488
186 589
512 341
454 28
164 239
660 164
841 18
388 641
322 234
977 88
767 710
331 186
738 42
290 265
831 10
1087 360
954 157
432 696
1032 634
227 427
228 162
1009 611
278 323
265 99
396 527
971 584
322 371
271 596
579 579
656 63
650 562
1202 588
406 709
353 232
311 400
1172 401
664 565
256 68
561 164
331 456
247 455
286 152
76 309
997 375
407 708
417 621
213 676
1022 102
213 73
925 58
605 359
589 183
977 144
1030 604
1146 589
299 684
341 430
237 133
302 653
1147 337
265 566
215 39
320 271
435 125
1000 171
162 190
398 509
205 394
1048 547
970 656
273 156
587 683
375 507
360 367
585 367
349 525
596 215
847 129
960 54
260 184
384 486
514 110
498 121
258 278
692 516
501 130
712 648
204 58
340 432
407 555
1030 66
373 535
305 422
593 29
643 490
1016 264
1137 356
162 491
258 602
288 217
804 60
919 259
186 368
323 452
220 363
139 173
981 289
215 108
1009 646
272 294
945 350
994 248
897 160
984 237
310 327
1008 155
561 198
412 684
362 458
1208 292
148 188
665 475
285 308
1153 495
370 586
638 586
257 149
291 416
444 191
283 237
443 667
352 370
955 131
947 378
422 642
1188 577
943 24
419 673
952 673
1142 283
997 339
950 67
270 115
1030 11
944 43
996 82
464 101
971 549
685 554
426 629
260 227
199 495
416 564
985 615
576 454
934 270
1145 317
503 116
357 717
955 571
908 448
566 113
269 204
1190 503
352 489
644 407
217 457
304 208
629 69
452 604
236 431
350 306
663 478
281 295
255 487
888 187
300 685
311 367
148 257
424 542
307 631
200 371
1175 311
415 696
157 139
430 143
351 554
946 265
1109 681
797 98
244 574
142 314
621 307
758 43
327 665
231 370
629 126
102 223
958 141
1183 266
855 404
284 656
224 340
320 330
201 402
1201 245
931 221
693 677
867 92
199 4
1158 388
615 336
1152 205
904 291
726 44
210 402
254 67
622 380
214 469
210 258
182 282
1141 404
857 225
572 172
183 264
569 287
119 130
681 671
639 633
352 460
342 204
319 700
229 195
629 404
159 123
695 646
205 62
260 639
929 293
414 148
1146 433
566 285
326 699
567 127
81 226
373 595
227 120
675 706
290 565
1185 114
952 606
1146 479
346 555
661 494
1146 491
547 177
952 188
341 298
832 154
999 465
214 319
1174 466
206 334
299 409
288 218
213 413
673 632
706 583
857 321
878 186
425 673
574 565
1003 264
718 689
1013 700
451 718
726 703
533 209
171 174
534 150
295 660
305 217
437 683
824 338
458 570
442 642
538 195
303 643
241 147
843 327
420 102
637 102
403 586
1177 284
274 618
228 589
1150 335
488 63
248 171
316 410
204 431
347 453
320 492
955 466
267 572
533 191
281 535
662 292
379 418
832 323
477 54
675 218
353 682
894 293
917 486
235 424
253 131
171 533
580 202
874 176
877 143
263 294
1007 642
533 123
247 489
223 617
305 691
211 394
201 256
421 466
1201 321
293 381
309 675
494 96
346 562
785 10
675 477
556 124
377 526
1187 409
1171 199
937 127
569 274
1178 319
263 449
278 157
897 215
397 513
259 595
975 671
224 392
1099 209
1195 214
584 148
390 574
1202 531
1170 537
192 445
209 441
882 418
1185 628
168 495
940 522
720 613
939 319
809 101
894 117
918 651
923 280
1157 549
252 26
857 10
402 632
452 690
556 562
333 239
582 176
145 258
507 147
625 93
158 137
184 205
242 474
677 498
791 18
319 656
379 656
849 395
218 80
292 679
291 706
307 305
291 134
292 713
237 401
862 313
701 615
216 110
891 118
1195 239
206 352
1170 561
238 175
727 590
303 671
979 298
557 369
711 600
200 87
398 616
255 86
669 523
534 91
476 640
1105 104
1196 392
255 679
466 92
223 343
928 313
394 580
664 682
781 62
1125 400
288 306
294 353
850 106
178 373
562 546
1011 24
786 90
534 107
868 53
1031 699
314 451
392 658
197 42
598 554
920 194
657 534
664 568
1006 336
274 267
235 547
346 383
1158 382
281 287
994 32
1136 458
334 690
639 62
779 131
262 512
917 21
363 429
210 266
734 692
940 317
1210 533
955 615
1174 530
671 552
1014 671
132 298
123 298
209 352
299 689
1116 535
943 230
502 130
407 570
238 144
892 105
235 202
627 527
590 152
274 612
611 400
1001 217
1166 362
91 487
1133 496
395 517
838 143
122 142
916 546
288 402
888 170
329 484
164 261
271 660
730 612
527 120
643 118
904 633
385 551
922 195
668 680
1132 594
413 568
849 117
691 541
732 672
241 522
991 421
988 375
971 256
335 451
553 305
1175 312
1001 319
339 701
198 359
393 643
347 543
313 345
1091 302
602 303
328 228
757 263
654 510
329 351
1126 391
729 716
672 498
1053 92
1210 174
281 337
377 517
287 688
115 242
304 211
213 374
234 427
251 553
422 101
723 633
1131 57
626 354
181 211
586 272
1029 708
296 314
214 347
213 381
1017 224
286 423
428 51
453 36
1170 505
740 681
948 87
376 545
468 708
923 273
883 85
1016 331
1050 151
999 681
930 70
161 224
276 358
375 510
212 335
709 630
545 133
466 664
172 299
132 153
1016 216
1125 687
382 461
686 681
199 294
907 197
688 588
209 119
262 155
298 599
884 485
337 252
1022 384
302 208
1001 326
949 426
214 452
223 453
224 458
866 141
1196 542
891 397
177 442
628 612
319 194
563 166
410 638
681 651
260 465
319 447
301 199
1199 500
421 618
1158 528
183 21
630 55
357 547
657 577
838 92
1113 670
614 364
167 172
354 457
1156 488
761 133
232 496
251 229
1192 539
622 502
903 512
250 462
646 445
606 327
608 253
923 76
159 369
341 429
152 401
1000 113
118 200
574 157
998 619
338 360
896 545
545 346
877 160
208 402
259 136
1197 566
722 665
171 198
591 310
211 333
424 437
570 108
140 307
608 258
540 61
546 106
937 369
658 97
424 604
1155 543
597 337
397 586
961 47
718 698
571 254
834 215
709 681
266 630
396 580
214 364
289 277
598 277
164 188
281 518
186 489
961 129
868 156
881 244
142 214
944 668
143 384
873 107
998 616
214 435
1191 530
1029 166
166 273
292 205
546 86
1161 479
812 37
1198 521
957 314
904 239
1011 638
949 484
644 449
1143 425
881 523
873 82
261 75
502 179
1020 174
1004 649
586 520
586 501
1144 501
351 417
1223 424
241 434
308 653
662 644
616 462
351 465
932 336
910 508
318 674
1183 197
917 160
1190 433
529 93
1178 208
572 326
947 358
1191 188
665 429
493 24
494 61
1045 71
353 712
986 111
868 88
852 97
859 94
427 97
321 267
960 99
544 239
344 320
227 560
202 391
886 107
143 392
240 435
374 516
987 275
332 315
607 346
1002 641
173 249
487 78
286 309
619 577
92 288
268 528
1180 231
952 603
229 50
206 396
1206 232
318 452
387 452
1162 400
190 376
142 366
516 285
213 359
1208 183
875 518
297 255
936 476
312 662
565 318
228 419
94 338
381 466
696 544
186 169
285 379
215 523
400 597
398 648
943 324
949 340
860 154
218 571
1196 182
158 170
175 170
231 398
1167 431
248 76
377 493
611 260
535 178
343 649
937 526
513 188
292 325
1181 628
559 81
383 595
721 611
876 463
281 290
1116 635
191 435
564 304
233 546
138 314
935 102
272 570
650 505
983 68
1031 31
971 123
1186 409
219 420
858 268
605 455
299 702
372 467
173 144
221 497
1013 626
219 315
406 551
791 36
939 306
871 591
514 95
302 251
865 406
278 640
428 703
591 346
172 256
751 47
844 1
1014 303
956 14
1002 61
841 181
582 41
1021 76
505 98
222 135
1136 590
254 501
832 529
309 684
1176 191
902 161
1204 423
1196 412
632 563
257 540
1189 285
221 71
206 548
285 170
974 170
113 237
939 593
303 617
249 530
1158 523
404 714
898 714
892 183
521 296
120 345
667 536
219 374
511 106
1123 385
604 465
282 402
118 319
1176 528
239 405
875 507
307 339
278 280
861 57
967 148
584 702
1167 283
650 460
525 76
184 222
356 537
1114 216
389 466
292 639
511 369
305 401
625 486
1167 465
600 252
846 537
267 119
626 71
1025 44
716 634
142 487
272 315
256 259
566 511
290 535
124 319
1183 189
842 391
1180 347
240 9
202 56
180 365
950 66
982 507
748 710
275 432
270 285
657 486
167 152
193 387
1035 106
390 597
352 459
273 388
226 564
457 663
259 262
188 380
763 77
353 551
671 512
970 164
615 44
281 253
833 422
247 152
295 244
1114 657
994 611
1017 231
333 692
1030 262
1162 204
1122 699
637 89
371 517
358 634
205 378
841 24
665 663
213 276
1185 450
1050 9
187 469
277 576
380 518
742 25
1110 18
379 592
445 613
272 180
1072 104
1166 660
1006 165
1189 523
872 73
338 406
505 691
226 400
142 238
974 123
921 487
401 613
388 606
810 125
321 419
241 584
515 248
422 550
1154 238
175 150
218 595
933 93
291 301
424 633
251 189
486 113
971 25
966 393
429 613
415 605
643 175
1162 199
331 360
101 435
958 78
1095 0
806 55
321 368
966 69
301 241
270 295
551 568
413 704
536 58
361 496
541 153
997 268
156 282
350 518
301 117
844 81
139 361
895 379
594 22
1124 217
175 253
176 310
927 386
277 552
967 461
239 276
994 692
207 100
943 428
877 74
257 308
191 16
422 624
446 708
733 634
168 281
375 478
573 383
594 271
957 111
156 221
249 183
151 442
1041 711
608 360
826 460
969 138
307 453
380 566
1037 100
229 508
325 508
276 176
600 469
348 530
251 238
1161 618
952 44
510 254
125 203
1197 462
631 465
403 449
272 202
233 441
916 171
511 259
173 203
394 608
951 31
233 565
1030 492
213 379
827 152
320 445
265 188
1168 139
279 582
542 83
197 366
282 20
263 269
567 322
415 662
985 5
556 112
946 329
313 666
543 330
395 548
279 546
413 630
994 323
671 605
198 388
364 581
258 564
273 403
174 308
1025 111
864 47
383 622
750 67
1207 371
129 406
277 348
1185 496
225 376
267 233
945 35
961 166
924 319
894 583
1182 225
1207 180
838 62
1112 496
398 564
885 147
537 233
198 222
1120 588
564 124
500 108
559 91
485 41
823 20
1014 358
250 443
1115 353
967 88
1198 212
725 459
999 459
884 215
1166 448
633 317
256 532
525 68
218 312
197 236
604 225
1049 85
1160 576
244 174
691 711
1186 423
176 522
414 488
1189 216
307 307
928 236
1130 322
159 131
412 601
674 556
1040 700
607 219
519 709
219 414
236 441
476 277
462 130
1013 465
809 471
259 667
1043 82
1139 613
442 587
889 275
1012 223
771 61
242 565
177 338
193 413
403 619
283 254
1197 579
343 485
129 511
213 490
268 704
621 437
1190 597
1193 230
289 404
864 38
908 495
625 701
305 132
902 712
193 7
358 561
455 639
289 403
1192 263
983 22
189 417
132 187
393 525
683 487
208 309
626 518
239 220
261 490
294 373
191 446
816 47
495 106
1146 178
290 305
212 483
553 216
145 198
887 211
204 276
691 593
213 537
964 234
368 615
150 592
986 583
1107 671
874 371
229 562
748 7
657 545
946 659
313 479
896 460
274 172
283 252
216 374
478 107
156 144
1159 446
1176 520
420 680
1192 538
877 665
1150 595
145 272
258 586
673 484
262 307
924 50
244 49
124 274
591 454
394 544
101 220
270 571
910 163
190 557
1062 699
623 444
322 641
538 128
245 66
287 658
601 675
1192 157
370 563
922 306
1187 247
228 434
341 464
712 635
686 447
196 227
925 22
564 74
1204 492
888 299
1161 647
363 343
655 713
991 369
371 416
357 495
366 492
233 494
338 393
1090 346
510 255
244 114
729 688
941 316
956 352
310 286
302 237
872 427
259 488
382 479
242 195
625 669
229 474
799 34
209 254
933 350
750 35
387 661
238 389
1180 504
173 359
811 4
425 596
288 268
373 644
179 328
270 508
668 632
927 372
316 484
618 697
721 704
680 501
251 0
723 635
296 413
645 77
410 647
305 269
1032 665
294 357
1200 224
400 621
981 712
255 324
147 365
314 285
310 174
571 306
786 127
927 47
326 394
232 557
243 106
814 140
294 612
912 251
949 618
383 374
1034 102
179 246
657 650
437 279
320 385
303 384
1192 530
219 389
869 283
586 257
472 709
389 440
902 150
967 190
847 128
234 524
428 697
615 65
532 81
367 534
937 366
295 675
891 380
347 285
314 201
272 255
350 700
360 322
1037 102
571 393
338 702
313 250
343 310
163 122
232 85
238 465
108 499
908 35
289 346
1011 443
1024 20
863 454
863 180
490 693
752 676
262 217
870 624
214 86
336 380
884 273
87 350
627 35
920 342
311 449
635 77
299 145
231 378
704 651
290 322
289 679
185 390
559 345
1197 251
285 182
930 85
169 216
884 470
1020 72
943 92
321 234
271 567
1186 532
926 341
1166 536
219 475
884 137
936 139
152 404
607 247
376 714
293 284
288 278
1009 267
995 665
566 71
462 476
1004 716
1137 506
1181 333
451 17
115 222
995 650
167 135
331 403
285 291
286 379
860 48
228 399
382 459
1162 514
209 464
146 467
669 130
719 667
916 500
1003 35
508 8
1000 111
559 111
505 128
135 121
379 538
249 153
288 441
305 117
364 346
286 192
285 610
898 29
282 409
1009 81
210 302
986 77
268 327
274 600
244 95
262 15
639 438
462 514
933 29
379 629
224 327
835 480
1125 607
376 503
232 102
216 459
343 498
970 573
660 180
236 58
661 549
404 555
368 618
296 284
543 425
377 496
1175 353
1049 90
1189 370
279 201
185 362
387 562
1141 484
251 210
958 168
354 454
842 127
687 705
147 261
368 522
180 276
232 493
143 263
1204 571
270 88
266 110
671 450
725 701
1009 245
217 160
225 146
851 477
753 5
279 329
378 515
331 434
288 292
1083 83
290 200
346 392
237 141
258 132
241 391
1021 30
136 229
989 22
912 152
1040 173
295 442
227 84
266 147
372 537
214 298
142 281
493 700
693 531
1130 697
222 151
1160 400
414 662
399 564
192 254
240 511
218 528
866 255
548 181
569 335
326 333
904 246
292 309
254 127
1019 32
965 535
269 609
860 453
185 312
130 419
1171 508
992 156
601 316
114 166
357 334
318 311
1015 326
326 319
935 302
225 560
276 315
288 315
591 52
248 481
393 429
233 151
183 331
187 377
278 307
283 89
951 100
1022 163
272 362
857 35
1202 286
304 200
1032 295
1027 8
246 76
246 29
960 52
216 413
330 332
943 357
724 414
334 455
902 500
811 148
600 335
1033 177
358 495
447 626
391 542
292 302
400 550
294 417
944 52
229 111
241 207
675 569
245 222
331 266
236 16
1204 485
390 621
382 528
536 127
307 713
244 60
1185 307
607 369
387 630
342 421
303 221
182 375
820 154
291 410
337 391
251 140
365 497
1005 253
656 123
372 459
622 694
525 75
287 152
396 438
123 445
291 317
851 39
281 238
383 624
193 317
139 476
312 626
1146 193
284 174
680 602
1021 429
465 53
1041 236
228 307
855 290
310 328
420 655
467 66
514 12
206 306
443 425
278 609
157 408
473 699
518 203
218 394
863 81
1172 166
1206 450
967 526
525 123
250 184
400 551
395 609
910 193
656 435
884 318
502 86
326 478
189 279
145 447
419 577
605 248
215 510
575 114
209 65
667 467
1021 387
969 581
373 604
213 422
753 329
1038 97
239 115
1004 645
792 3
1001 433
205 296
320 634
646 628
848 178
919 64
906 42
203 494
310 324
166 324
542 103
583 262
357 588
152 313
192 280
578 268
104 344
869 67
237 490
663 616
582 343
149 217
370 482
263 201
1158 433
855 18
635 66
896 154
436 666
1186 647
368 564
721 703
963 2
712 683
239 160
1020 677
931 429
599 520
1166 581
310 473
288 194
852 74
996 625
928 289
674 465
122 429
531 211
224 294
381 584
308 619
1057 25
853 391
1129 607
765 4
216 93
233 464
340 460
961 33
1176 204
236 469
962 507
970 88
246 440
200 506
278 635
241 486
891 429
709 613
997 645
559 94
522 136
1184 626
244 581
674 614
942 506
280 570
533 133
846 81
987 598
281 245
328 489
920 410
120 273
789 4
423 597
601 324
1132 357
221 336
140 143
1020 102
620 436
268 252
534 184
282 622
695 548
1005 312
1191 438
838 14
1174 176
984 608
705 648
718 714
286 149
621 231
529 105
517 80
1190 314
609 352
249 515
1150 103
129 245
299 637
835 44
175 163
1124 404
203 525
1026 677
830 218
617 283
195 314
853 676
285 647
708 714
1185 547
560 130
917 297
1018 298
943 310
1182 372
633 346
1196 483
203 462
175 28
840 0
808 121
509 90
291 196
869 206
1166 212
120 239
591 263
886 337
921 580
669 631
251 533
991 538
1188 538
814 127
1192 125
1170 195
536 277
256 470
1164 426
650 566
1019 717
297 248
1012 147
486 92
149 505
575 480
89 389
939 339
243 621
391 584
261 513
953 516
784 531
862 534
858 535
564 548
700 661
1014 687
219 335
879 407
1153 397
301 465
339 457
158 489
430 107
246 87
794 39
624 538
185 520
974 526
249 560
1099 658
926 307
600 268
999 444
552 102
269 103
586 195
564 209
899 144
557 147
1089 716
447 642
183 528
590 340
195 263
395 55
1049 136
906 515
177 539
330 684
891 327
330 299
1141 680
223 372
210 448
971 705
665 597
695 513
643 310
94 182
437 127
298 614
1010 268
178 296
518 194
614 210
713 664
978 627
272 257
1226 257
1127 286
202 390
211 498
1156 198
887 166
243 537
1005 653
795 382
701 351
471 9
235 55
178 153
182 313
574 138
199 305
804 27
626 463
191 483
144 286
178 188
545 404
297 270
409 650
257 335
868 201
126 263
222 331
1158 191
330 695
296 268
278 554
1182 459
617 405
670 663
912 575
851 6
1172 204
882 137
472 127
679 684
157 321
1193 532
137 171
634 434
177 169
1032 421
619 495
638 575
618 549
1194 150
1140 500
161 284
902 627
995 440
1187 340
879 128
918 673
194 207
927 295
921 310
720 597
602 312
972 299
540 112
908 395
599 166
681 659
945 61
186 382
815 154
376 365
318 470
853 102
1177 534
709 615
948 388
239 48
855 48
1026 391
968 661
894 139
341 436
1188 425
204 485
872 68
626 492
642 149
830 110
249 689
1179 482
960 699
250 202
383 614
337 563
926 427
1192 324
1049 113
846 47
309 673
807 299
1161 470
606 420
403 450
104 152
1174 551
148 331
876 172
221 443
1014 20
305 424
1058 133
400 338
740 76
352 293
168 149
615 264
193 334
383 494
248 477
920 561
1018 639
965 484
420 470
1026 665
115 176
906 611
227 418
418 685
320 703
1019 77
1007 295
198 234
1179 289
266 250
690 636
716 636
178 222
1160 584
347 164
350 712
383 96
357 515
996 648
652 410
558 264
175 350
600 549
227 581
779 173
1035 683
109 212
170 286
343 681
848 27
883 162
594 167
389 503
1177 505
687 686
1026 200
900 125
631 265
746 78
865 226
838 579
305 295
627 402
396 620
966 256
212 445
153 422
1141 405
210 507
632 459
703 559
1181 612
1014 663
461 87
803 96
1165 169
1005 409
815 414
196 480
615 480
882 362
168 295
612 301
302 582
146 159
890 216
937 284
548 266
1169 508
603 463
314 450
195 316
183 432
947 373
1153 506
842 103
593 281
451 111
154 200
890 715
1084 645
271 609
240 453
592 427
531 232
1203 492
327 498
186 277
801 39
226 386
1181 448
660 509
1198 540
226 454
633 245
1171 342
594 302
661 617
894 418
869 262
927 486
204 292
853 82
308 690
328 431
372 465
556 76
679 711
461 98
324 669
822 57
692 683
986 646
290 316
509 104
854 491
1142 607
217 414
1192 575
710 680
914 62
582 100
778 121
666 496
241 120
953 593
241 495
836 0
909 333
1005 567
453 48
380 546
645 530
306 624
346 302
245 6
842 46
249 187
317 320
341 449
156 228
401 527
256 554
189 229
474 25
765 64
604 432
1176 228
718 49
1061 687
1152 333
1193 372
672 554
1018 97
196 220
841 347
314 625
595 174
1164 643
890 579
962 381
917 82
630 386
216 164
318 652
1078 508
175 411
281 551
882 201
940 409
901 341
1154 549
643 383
337 392
116 168
996 385
363 238
1043 570
937 277
998 315
151 216
393 623
992 153
424 659
285 366
372 622
1168 370
413 264
1197 370
650 626
810 241
286 306
271 341
190 229
718 630
579 398
935 709
624 463
957 514
1159 649
261 267
152 416
304 631
869 456
555 115
1010 181
834 146
177 151
1019 257
1102 657
223 322
482 73
614 295
258 221
271 119
725 639
1005 634
1027 684
988 17
608 375
1064 716
161 429
156 188
885 162
197 509
522 311
988 670
811 7
900 315
741 693
570 127
914 236
588 211
195 259
900 184
619 301
586 365
316 331
1099 697
998 305
337 713
841 21
910 654
273 282
1009 82
975 604
872 650
704 556
547 627
1169 356
501 96
942 497
679 635
653 462
586 327
604 185
938 283
222 70
793 21
252 46
136 138
647 591
172 235
971 61
314 647
1151 453
980 240
851 113
297 427
847 323
178 533
1155 453
974 532
597 367
180 312
482 221
614 203
966 11
951 626
1123 438
351 703
1206 468
617 318
898 169
338 411
180 332
554 522
541 454
1030 613
242 618
714 646
805 479
352 327
366 447
405 546
289 309
733 233
436 607
838 63
967 591
1206 194
262 634
678 595
960 40
158 307
1218 230
825 493
626 488
1146 657
976 56
809 312
301 231
702 580
709 544
905 253
269 680
204 313
814 72
945 257
263 312
160 367
281 353
257 448
660 574
856 320
224 343
396 642
926 241
318 369
636 387
937 672
584 248
262 141
395 656
807 547
1178 536
599 363
922 628
421 676
383 47
601 154
364 466
901 511
1180 357
592 375
1202 334
837 166
714 527
1081 66
246 656
949 623
689 584
100 191
409 587
1089 393
1029 623
1020 590
604 406
1003 640
412 459
577 188
76 279
145 145
383 599
193 328
334 380
173 299
916 194
224 581
204 345
182 328
821 326
273 696
536 118
910 391
547 127
583 396
207 430
300 625
1016 710
855 68
906 146
890 151
700 616
277 536
109 240
229 362
687 581
363 562
1201 545
624 513
218 617
1000 646
593 538
87 396
168 170
1168 181
216 547
662 541
323 699
962 690
117 147
298 155
600 238
592 232
72 495
341 286
331 364
938 637
794 24
604 418
617 6
183 405
668 617
167 262
840 157
828 31
1001 676
1054 707
274 240
876 171
113 347
1187 386
226 527
210 514
205 21
814 75
791 212
1205 308
553 302
686 494
292 553
270 687
768 216
471 111
790 15
372 485
208 474
1010 678
320 696
901 236
866 178
209 0
1143 317
149 325
206 523
146 116
208 513
545 75
216 395
675 650
185 299
198 284
442 677
1183 190
269 615
278 555
642 664
1060 714
185 439
934 289
1149 591
729 625
205 562
656 494
990 356
666 545
861 96
238 599
961 689
398 580
1157 238
581 380
1169 173
817 123
361 434
628 433
1153 547
204 274
901 113
628 656
918 275
961 519
839 512
1071 312
912 235
1159 661
719 550
1181 496
498 132
648 514
381 564
922 453
635 654
878 159
595 190
581 24
193 211
570 602
295 672
264 700
891 425
655 470
149 322
515 60
658 693
279 218
594 518
750 5
865 155
959 659
895 207
1118 539
1193 205
384 468
809 83
859 92
651 565
219 612
1159 327
612 219
330 279
1028 640
1186 388
181 279
317 644
315 419
261 146
898 125
597 362
222 450
654 583
532 483
455 99
926 652
219 76
746 654
723 191
529 601
1007 707
299 381
307 348
880 123
80 236
627 368
1189 369
433 581
960 648
639 382
915 45
205 532
151 220
1181 342
1142 47
286 628
782 39
171 445
896 269
52 327
994 539
1178 478
960 47
364 582
972 124
563 183
430 684
381 554
179 345
550 302
958 348
1026 599
565 219
373 73
976 541
1185 304
1199 165
559 96
692 346
1146 695
961 146
1032 55
222 271
442 393
1202 494
161 375
224 594
1165 359
1141 666
162 349
1185 441
1136 342
949 430
518 507
955 657
127 233
251 196
1207 404
920 12
126 483
311 615
927 440
1011 423
630 557
1197 414
254 529
355 394
1127 327
741 175
186 226
191 658
251 474
922 624
905 185
1029 609
398 628
126 290
460 92
1176 514
588 370
1122 391
939 114
232 529
977 257
664 693
954 21
1172 312
1128 389
443 640
872 407
688 550
220 477
282 62
285 375
425 96
588 347
969 603
470 658
308 436
601 271
401 640
191 328
963 111
271 553
238 107
917 285
167 276
121 310
995 310
214 498
216 260
1203 344
773 64
672 602
294 680
553 433
547 325
595 455
576 525
465 98
171 416
1001 115
680 621
251 113
580 444
709 637
257 411
144 523
290 337
323 421
514 74
925 336
915 200
1163 308
665 479
518 105
991 660
1004 639
925 247
166 418
637 688
556 209
935 307
332 477
648 501
264 688
298 363
616 204
160 449
1007 197
1121 508
220 315
817 3
638 664
1137 529
222 370
417 499
272 540
684 512
893 77
587 282
670 574
1192 505
954 413
623 680
617 236
393 605
868 488
326 695
958 87
956 553
1025 704
275 531
919 318
274 291
305 322
121 147
113 522
260 667
1161 549
368 595
287 323
202 483
587 484
289 593
967 501
305 230
321 230
288 672
295 619
923 298
299 654
190 388
589 198
864 88
1171 529
308 281
1132 496
551 441
1061 560
207 259
548 256
1124 672
454 621
874 182
1179 308
612 212
176 484
184 502
465 162
895 270
686 631
1171 188
639 307
368 512
657 523
681 661
847 573
565 155
857 383
234 358
918 288
1171 351
155 292
379 455
860 236
856 183
627 533
174 353
1000 391
255 527
160 437
639 383
169 296
349 518
365 561
857 53
161 447
234 111
252 107
910 627
432 631
1170 541
290 628
219 320
687 615
1046 691
719 556
363 381
159 331
696 577
868 271
224 453
266 602
255 506
1206 392
835 523
300 599
339 321
956 652
661 94
898 278
867 393
721 655
180 232
981 655
569 622
646 569
667 507
460 647
196 384
1130 677
856 126
212 469
670 482
1037 709
188 197
236 562
233 373
349 425
124 208
224 139
753 52
393 619
370 594
973 259
863 407
1172 533
153 531
194 29
647 473
620 378
263 649
64 271
985 649
868 448
521 87
162 203
655 563
146 470
450 103
571 84
1074 85
821 159
840 246
612 558
1107 656
306 302
1132 339
626 499
230 473
961 673
649 156
105 327
624 294
276 647
660 680
918 546
601 537
226 120
217 337
222 622
870 271
272 521
935 603
259 644
229 388
950 310
955 718
104 326
910 523
1174 583
903 164
594 225
508 81
628 662
927 425
337 451
962 144
308 448
808 12
1194 502
278 292
605 225
921 205
300 338
1115 447
203 251
549 120
289 126
259 501
582 632
1007 647
1172 281
434 110
135 156
801 248
712 606
845 224
673 486
578 128
352 686
661 463
345 414
921 248
877 519
533 81
527 77
175 155
249 148
463 105
1120 476
855 353
166 396
877 183
677 684
589 259
931 271
1133 621
515 86
203 478
632 544
589 212
381 601
300 259
381 571
948 455
574 113
442 63
190 459
918 258
141 205
908 474
210 57
987 2
658 413
912 182
601 132
1164 430
1172 437
608 543
215 481
610 374
613 441
927 40
237 341
875 229
198 335
415 687
146 350
1103 666
390 578
595 446
828 446
191 304
236 404
1195 417
548 73
541 295
265 488
194 460
1173 345
667 659
1191 302
182 383
1190 463
351 443
302 176
887 215
717 523
304 590
620 657
1130 282
1189 409
576 168
274 225
530 110
1162 537
666 638
312 379
280 377
1099 377
310 314
548 308
329 707
971 606
619 550
861 81
260 241
100 193
153 196
249 451
661 476
692 616
1013 584
349 488
144 98
1166 315
1167 320
262 322
1213 425
863 141
1194 377
912 154
893 231
295 581
141 369
934 663
192 569
1111 467
687 687
215 374
477 414
420 529
138 156
167 363
1156 273
991 276
1072 140
601 301
1045 689
492 71
1147 706
190 352
141 110
135 150
1107 519
375 279
144 77
188 310
626 542
226 349
98 370
993 153
287 542
240 117
988 88
1009 616
946 527
1129 468
580 411
778 13
558 498
295 623
811 289
572 119
617 558
741 52
1023 168
570 218
260 266
652 68
165 126
226 478
868 254
150 260
995 287
234 95
1155 401
321 681
171 442
326 666
166 237
921 313
1117 23
962 19
309 495
895 102
135 598
205 219
217 498
694 577
526 219
697 677
846 9
253 497
898 360
231 538
831 22
589 208
148 396
851 95
512 157
886 376
784 31
1138 627
522 171
133 160
914 271
390 590
934 446
1014 617
287 314
1089 541
786 4
402 621
324 419
1015 704
719 594
936 30
971 569
315 375
200 489
1157 567
244 127
797 18
183 309
1014 444
310 306
395 631
910 272
282 200
995 415
926 497
1011 232
538 149
902 207
478 642
321 671
687 706
926 378
278 204
299 150
242 152
238 493
988 261
425 667
293 281
980 95
155 381
330 417
435 524
247 515
603 52
384 419
146 333
656 658
523 195
269 127
459 9
258 144
252 530
1171 77
1046 111
417 543
1229 195
257 240
970 556
295 335
270 176
282 146
876 298
299 401
616 48
381 426
495 30
995 56
314 241
1202 395
998 69
199 87
229 68
988 111
288 143
683 585
203 0
523 141
277 162
256 76
1144 71
918 627
205 94
99 228
380 601
297 213
331 352
914 687
280 368
579 427
586 335
602 347
287 303
225 328
858 245
207 37
278 568
343 412
259 123
217 340
331 689
527 175
1118 530
1194 395
376 408
317 407
706 558
335 443
613 555
207 30
131 217
1146 169
1016 175
253 213
911 198
561 184
937 415
968 703
271 76
997 62
451 103
166 444
422 596
156 118
205 57
1095 20
1203 523
401 655
997 623
242 121
286 174
557 322
698 338
192 46
277 334
409 23
388 454
266 704
241 131
205 86
1170 504
667 646
253 461
1015 159
763 312
143 388
896 390
166 524
638 550
1003 85
227 93
276 170
1172 378
178 262
179 526
232 514
255 563
825 113
199 82
864 50
952 277
423 684
1011 693
238 114
454 35
831 48
243 406
657 564
1017 614
303 602
938 694
234 621
930 254
1016 592
885 637
226 391
569 300
924 699
949 330
811 83
941 41
668 600
220 395
931 388
712 614
385 579
906 525
625 553
485 71
1023 0
612 187
181 182
603 259
936 365
1002 385
227 421
272 630
425 577
522 35
882 209
343 476
921 357
765 273
426 652
224 549
125 179
636 111
814 40
1168 539
215 431
148 500
950 466
1190 363
887 334
609 269
297 197
207 236
633 167
501 162
723 650
1136 422
336 386
1151 335
548 283
286 649
577 547
611 188
155 260
871 302
282 695
900 310
212 420
557 104
332 274
220 356
856 113
612 512
840 238
303 178
793 105
927 614
170 207
499 60
404 543
568 216
242 568
257 461
1164 296
656 412
207 471
579 508
927 239
279 628
148 311
619 272
1140 601
165 159
941 428
255 498
151 94
1206 308
274 220
619 685
943 401
463 72
637 406
191 254
426 676
821 550
236 359
885 202
546 139
1018 660
394 654
736 697
308 283
174 459
911 140
502 63
874 448
151 266
1207 420
1190 509
1184 589
1144 366
874 128
461 42
209 533
956 533
1172 477
589 143
272 154
267 237
149 243
611 632
606 270
208 424
1220 200
685 715
532 112
830 56
144 138
271 617
1200 402
866 122
948 548
478 45
308 431
526 92
892 87
334 640
322 695
473 695
206 404
522 715
334 446
860 628
142 432
621 494
209 321
341 338
986 204
934 447
1031 59
273 259
484 95
981 509
972 518
828 174
600 278
335 279
343 562
690 699
1023 189
1071 375
925 236
198 561
922 271
669 472
57 250
138 158
1174 212
231 689
185 181
985 101
156 304
324 472
346 304
970 91
191 196
346 473
193 314
939 4
967 75
560 102
463 618
786 46
487 46
1181 314
573 390
899 369
948 360
370 637
969 523
523 135
836 352
342 483
1125 226
699 668
995 216
897 154
246 532
336 471
169 25
568 555
309 655
827 74
251 127
323 544
785 44
872 87
1205 366
948 496
511 145
1099 389
453 52
267 223
208 323
254 115
290 632
342 322
964 232
281 583
619 479
1021 243
545 61
982 9
588 303
318 565
393 614
243 177
1033 68
945 19
989 19
289 224
959 705
541 108
307 213
1169 203
1149 471
1160 387
698 657
303 274
520 291
837 471
1176 491
274 25
395 468
291 186
367 519
1026 30
565 251
391 655
223 324
734 713
1007 193
527 68
749 674
944 557
359 542
647 179
269 105
405 452
433 669
847 692
293 230
929 300
1178 513
968 26
979 170
167 248
498 337
203 460
250 484
660 451
959 444
611 281
1003 389
1007 65
383 543
615 47
297 296
867 68
442 689
555 260
970 46
629 55
1011 710
181 289
285 422
839 157
397 608
185 244
597 197
384 327
999 239
280 208
534 482
929 31
247 183
753 540
639 185
1026 468
1173 271
241 484
348 523
1039 257
426 492
306 345
380 413
592 298
388 432
552 83
453 97
392 486
393 448
592 23
605 347
858 465
400 565
1036 44
1147 99
443 685
206 246
256 243
225 481
557 86
245 24
442 678
632 319
217 63
174 190
403 657
598 46
956 607
629 504
1121 322
972 593
244 177
432 518
640 118
433 710
621 292
244 30
877 209
917 247
264 682
937 679
293 267
920 73
705 619
230 568
784 21
981 697
814 426
228 367
990 407
991 319
991 311
565 103
933 638
144 144
350 717
264 212
408 496
336 381
939 534
870 100
246 539
363 528
625 419
930 242
336 421
605 421
158 92
573 185
1003 706
270 126
242 483
195 427
977 83
585 199
604 162
1184 402
909 500
592 42
1222 329
368 565
1000 446
379 612
917 2
212 376
828 45
255 451
292 380
647 102
1030 160
1169 278
961 536
691 542
942 318
66 276
910 486
413 533
1208 318
217 450
1143 610
1144 421
699 616
991 21
585 299
268 273
201 530
1003 429
1010 429
623 691
235 468
317 653
509 96
431 695
497 129
113 231
1203 307
364 532
423 607
382 630
486 117
1000 596
604 207
392 606
374 503
840 41
142 340
200 505
261 467
662 504
529 168
130 160
258 226
325 131
997 384
569 187
276 381
978 172
298 269
109 294
373 532
253 48
151 126
490 232
569 249
917 535
239 61
285 225
822 100
657 442
195 476
1033 714
908 282
201 483
1011 56
159 263
631 597
159 153
463 56
865 73
905 418
275 609
592 416
208 275
874 472
723 639
937 504
255 533
697 0
588 397
1009 2
291 610
726 289
194 446
149 240
991 655
1201 276
1150 577
653 409
584 152
365 458
385 467
359 580
935 598
414 678
670 457
82 445
203 537
1165 197
171 250
843 62
599 73
460 676
348 480
519 158
922 78
196 418
887 233
805 162
321 215
1156 289
135 240
281 543
270 626
74 253
555 98
731 627
744 343
446 686
1006 3
181 430
428 702
724 665
222 413
606 647
408 636
542 92
959 349
276 286
638 105
424 686
223 409
299 710
426 710
1020 614
1158 375
109 259
564 439
969 689
428 222
403 489
1195 408
1187 462
1209 316
396 475
871 699
274 256
228 75
275 577
206 260
339 308
746 451
449 634
361 615
561 147
442 639
146 296
444 614
324 336
349 426
304 265
397 531
288 419
679 717
960 544
580 399
295 271
423 686
316 655
303 299
257 277
1179 477
243 32
127 149
1167 578
920 330
293 211
330 670
597 166
151 368
430 717
999 299
1000 299
645 399
123 430
297 383
1206 455
295 318
321 350
423 613
328 546
341 598
330 516
399 526
421 648
343 524
1004 386
973 627
412 641
220 349
851 292
246 538
1039 50
1014 274
563 120
1011 457
997 175
240 404
287 422
771 56
291 394
891 650
215 421
977 526
1050 135
418 705
933 454
406 600
839 80
324 289
553 97
522 210
873 251
1022 304
370 709
396 675
1009 121
223 431
705 550
288 601
309 305
963 140
382 604
947 604
315 383
371 546
319 255
163 223
645 596
195 400
378 446
323 346
1030 93
700 623
328 569
951 114
328 161
468 700
887 221
249 467
987 303
968 588
305 275
1014 283
644 246
304 642
1158 452
683 569
225 180
1003 662
994 251
356 412
202 552
269 519
211 16
464 632
893 200
308 273
789 302
601 184
503 147
454 55
555 161
372 335
328 258
361 445
355 531
1005 647
546 128
698 599
268 231
257 188
866 421
953 17
1152 618
1161 458
603 685
237 156
879 481
320 389
408 517
797 31
615 298
195 33
1176 569
879 505
719 173
920 425
292 318
579 225
386 499
359 611
213 407
208 366
1176 243
878 155
583 209
134 316
615 580
902 336
298 306
884 306
275 292
966 46
804 363
451 710
427 642
317 667
302 236
278 301
266 274
1019 45
987 102
364 699
310 165
266 568
918 574
826 8
373 624
1164 526
669 691
275 307
412 693
220 38
1175 293
307 678
989 688
828 24
536 68
1129 597
245 203
475 78
138 180
125 285
421 681
973 91
236 633
423 523
874 183
624 680
975 256
339 400
663 630
301 460
404 566
137 661
965 32
215 537
975 600
410 506
627 78
1183 278
186 400
270 193
207 459
329 716
924 714
1201 553
871 49
219 341
706 649
575 125
1010 256
1146 421
572 153
1009 243
219 6
204 364
217 478
583 484
873 151
856 111
270 717
669 629
444 706
186 223
1143 473
332 524
993 411
967 435
269 498
282 634
602 247
158 239
149 241
898 130
801 23
1050 181
204 329
143 136
884 414
620 432
899 289
963 20
157 276
997 218
424 475
273 535
674 517
497 219
576 213
691 547
258 43
928 471
301 210
447 536
1207 158
615 490
301 409
147 218
332 90
643 470
287 587
336 392
277 294
101 374
315 715
948 577
231 424
568 539
304 652
675 536
317 519
686 2
562 185
409 634
223 550
457 615
574 192
701 346
671 704
1021 218
1016 438
729 51
844 88
378 479
279 312
405 681
839 15
157 491
116 273
154 154
194 293
198 302
1202 309
706 524
706 621
401 660
1231 383
1137 373
724 714
155 193
751 719
205 526
273 216
392 575
672 646
777 306
229 327
317 267
673 618
982 174
1048 114
289 275
279 206
942 329
394 468
919 349
388 628
318 708
1188 238
363 534
274 364
754 715
625 614
161 151
568 191
147 263
639 106
428 693
1195 470
333 511
1009 140
935 336
420 441
1131 38
829 54
562 168
484 207
653 486
230 469
358 484
376 618
1163 542
935 51
954 44
126 252
170 363
1217 216
941 584
843 218
969 622
308 420
352 539
271 561
325 225
389 485
950 427
881 242
582 254
251 255
309 253
298 302
898 200
248 157
612 498
838 412
1005 272
242 427
943 411
1133 531
310 351
1205 324
242 55
294 323
876 508
730 96
323 395
209 62
1007 472
1177 274
649 111
474 53
545 91
548 362
498 291
835 17
275 618
951 393
368 463
561 612
619 505
242 538
663 664
913 278
679 687
1032 187
646 589
963 83
701 674
473 336
1027 657
919 291
291 429
349 429
379 531
440 32
945 525
135 224
816 42
901 158
466 153
365 363
568 407
290 349
271 208
423 645
342 521
970 539
1176 264
1176 431
376 593
851 27
392 491
260 516
871 175
197 185
261 573
1149 455
393 518
545 86
790 73
591 497
723 644
128 374
221 489
205 431
832 111
146 149
1012 254
619 655
472 61
660 613
508 102
797 45
969 151
695 547
850 420
1118 545
1153 399
726 710
327 679
123 194
206 209
258 116
1039 2
649 7
882 393
265 476
167 559
232 344
958 532
1172 306
834 0
206 315
601 602
187 358
343 682
202 58
905 178
983 528
1177 590
343 708
232 495
228 340
1203 345
859 269
193 272
1121 319
505 112
212 103
428 106
868 18
612 191
146 222
708 595
1178 395
679 500
156 271
1155 260
554 122
857 115
554 138
522 132
1180 204
1195 570
227 542
205 265
259 202
854 147
1023 626
609 333
183 20
595 412
1013 678
239 583
720 22
993 272
1201 453
1163 517
875 193
1011 19
1148 363
225 543
1172 293
539 152
343 294
189 388
774 79
573 145
605 541
1119 470
157 363
1176 341
596 342
589 207
908 243
297 149
246 156
775 26
486 90
962 658
619 313
153 278
304 331
179 326
645 363
345 471
548 473
221 506
743 11
216 56
861 225
966 633
713 641
936 309
357 288
222 381
189 478
309 444
956 441
849 44
927 81
933 81
276 245
962 551
1152 526
685 534
978 638
1011 590
336 712
1008 696
121 156
1011 608
645 523
694 574
1144 279
524 374
670 625
598 503
479 109
525 125
1031 121
671 625
834 348
689 547
903 501
274 232
883 507
872 29
877 192
713 605
1155 173
173 304
224 85
246 421
1169 588
830 108
896 511
470 334
1162 607
882 161
188 403
634 407
238 611
702 619
1099 634
312 639
935 556
338 526
276 667
1021 680
583 164
620 220
355 496
335 461
107 388
212 388
240 440
597 374
1187 363
284 287
375 713
645 643
686 615
257 531
1155 233
908 222
558 152
323 331
165 346
230 444
1141 494
1157 601
982 629
1000 698
462 104
891 104
535 94
824 36
836 133
869 237
244 379
262 342
234 495
332 536
377 536
613 678
609 245
948 314
940 514
843 18
1024 641
196 37
282 142
175 407
860 206
170 21
1175 343
944 496
965 12
569 139
356 538
1115 361
367 358
568 292
947 300
931 264
909 275
1014 226
805 182
700 548
253 144
696 714
366 543
650 417
399 668
306 376
967 0
1000 76
632 162
209 277
420 697
135 116
396 640
338 566
1028 163
291 247
983 89
254 517
895 243
277 527
383 607
464 665
862 270
440 637
436 681
334 422
268 181
310 705
331 280
1187 603
547 184
97 358
235 614
288 240
352 514
333 300
567 155
224 29
978 621
1025 192
258 13
207 239
263 111
816 263
239 60
953 104
385 485
973 613
1082 348
192 194
209 310
210 310
677 550
1010 260
668 715
363 482
450 713
337 461
1168 669
1136 553
171 117
1147 449
278 334
357 460
307 421
384 469
686 608
928 481
279 252
984 97
412 642
265 295
880 223
681 579
1196 445
252 266
541 101
948 539
305 634
577 337
150 129
211 292
288 350
515 29
822 131
468 666
165 483
744 137
721 675
254 70
967 667
418 696
252 203
307 717
651 513
702 585
411 708
1054 686
354 433
559 102
919 242
198 249
711 714
1008 65
986 98
903 170
261 288
1001 591
1016 424
257 583
878 409
946 381
1135 330
502 105
526 96
1157 469
218 564
331 471
314 641
187 341
638 74
594 347
616 707
1028 697
180 393
982 505
222 431
134 233
1099 335
683 10
237 200
928 418
345 467
867 453
1178 545
430 70
1151 545
1010 677
1068 55
167 519
406 580
242 480
562 274
945 52
318 448
683 516
166 436
101 183
1191 510
417 490
371 606
709 602
530 115
591 197
240 626
935 268
836 289
318 173
155 434
994 65
906 171
892 321
431 515
527 397
812 167
605 429
226 414
810 371
920 523
943 494
295 387
90 184
1006 445
955 78
233 141
554 137
287 625
240 456
278 490
230 112
309 365
805 26
623 98
865 284
309 20
246 132
507 511
178 210
961 713
491 66
552 176
277 314
717 708
153 205
1189 461
153 132
299 268
1032 675
1232 377
976 540
876 188
898 587
451 636
304 403
318 630
140 154
1015 716
616 304
843 39
192 509
314 376
289 152
272 617
666 635
695 611
290 539
292 588
892 260
153 226
859 71
201 260
225 467
270 338
257 507
1182 498
984 619
1115 433
225 470
907 602
325 667
200 510
1154 103
337 330
271 355
1171 205
537 159
236 54
190 196
597 196
1164 477
345 437
175 194
578 247
989 687
332 677
323 524
307 665
306 383
574 144
374 473
636 278
333 694
208 278
928 527
384 655
135 416
985 49
833 18
546 178
926 322
518 157
673 629
943 433
266 586
616 315
618 222
824 52
990 232
1112 606
504 102
749 304
601 220
604 402
1031 719
1164 439
378 435
343 499
888 487
247 90
467 118
535 275
407 703
652 479
576 431
960 92
374 242
1164 604
932 73
384 440
1166 594
859 112
262 138
348 363
900 9
98 582
197 20
1023 666
617 91
827 197
951 341
221 330
353 336
222 634
430 508
292 719
866 37
279 572
272 618
343 311
541 94
1135 653
1007 436
298 369
345 454
195 6
235 457
120 262
254 166
281 321
116 163
1114 681
217 489
998 659
666 478
352 532
977 136
1173 282
330 447
867 310
671 509
675 657
854 33
868 525
853 231
360 494
1209 494
468 583
207 544
882 429
1070 711
495 169
855 143
1154 597
650 466
285 179
935 596
85 256
1176 299
461 43
744 3
691 676
902 87
345 682
391 521
275 246
316 683
685 543
198 542
1191 280
400 688
402 487
203 294
758 82
205 364
864 388
697 492
190 283
875 93
355 314
167 334
182 205
1130 409
976 12
541 17
990 253
569 144
556 210
301 194
750 702
163 360
507 77
1187 228
315 442
269 506
144 284
1156 529
1000 260
853 347
1187 490
190 28
918 270
258 675
145 260
678 537
1083 334
714 705
952 27
976 533
1194 587
1008 236
1153 211
895 2
711 655
303 364
364 357
858 119
535 123
867 25
329 712
1128 513
86 293
898 293
629 330
1153 450
1045 109
304 661
262 629
288 323
777 38
567 135
305 685
677 625
886 349
1192 438
593 40
180 175
206 298
365 717
729 465
799 24
956 337
189 299
199 410
535 163
1046 188
590 571
1199 535
893 349
246 406
512 38
610 336
926 502
197 380
174 468
846 25
704 600
587 384
628 493
1176 215
211 443
659 429
495 28
702 458
1006 124
963 514
1165 81
271 559
598 165
1186 441
864 417
698 642
1184 398
821 438
554 203
207 356
320 320
191 276
188 302
352 542
655 604
670 604
564 387
851 135
263 152
585 159
707 184
250 218
185 536
654 564
239 501
1147 438
246 433
861 148
554 176
203 248
622 287
619 300
225 339
119 359
181 203
596 426
232 453
540 333
488 188
1204 298
633 507
831 42
856 56
207 386
354 411
920 411
1164 484
910 516
209 591
908 254
507 138
566 104
252 113
527 69
468 94
112 258
1206 304
913 321
1171 515
1031 33
908 239
1201 575
184 521
908 669
159 230
655 478
948 480
663 457
190 542
1174 317
316 697
255 493
512 440
547 206
640 452
287 609
843 40
898 513
1150 197
807 203
565 160
966 510
1181 416
936 117
523 245
542 118
975 686
896 214
632 339
1021 662
514 132
213 517
933 272
1008 654
935 281
950 500
1152 370
1149 246
612 322
983 705
815 435
242 523
698 649
826 253
157 155
854 63
161 126
1130 597
653 515
1177 506
227 493
177 447
150 311
627 312
200 256
173 353
863 62
460 41
852 46
554 242
140 231
900 202
189 220
569 564
690 626
999 614
985 680
608 659
465 183
842 96
853 86
592 296
1176 295
612 262
528 263
867 267
572 277
1162 361
88 363
1164 363
195 348
809 435
600 421
1159 427
346 410
924 407
205 488
238 495
270 509
653 467
172 462
715 625
939 608
263 620
259 584
696 579
400 517
675 512
1133 524
1169 532
1186 543
830 540
238 571
902 562
1036 679
362 690
363 690
688 667
333 665
669 654
697 712
344 345
938 341
854 322
193 361
274 287
613 287
306 277
333 397
193 457
176 492
1149 483
877 180
174 184
537 163
870 161
203 200
272 218
137 214
146 120
431 90
497 94
571 94
715 26
964 26
578 51
471 54
212 574
626 574
251 566
1203 542
1150 637
414 631
714 631
666 696
695 696
252 388
624 392
1167 476
147 268
201 291
177 157
1166 201
429 38
1171 564
1151 563
352 576
701 598
332 658
976 651
705 713
885 706
186 449
192 273
1136 296
537 308
658 529
882 251
542 112
792 50
582 353
747 345
271 548
438 703
207 432
240 603
473 14
206 430
756 9
178 547
643 562
184 397
1183 594
1187 387
840 178
1009 679
643 136
288 569
927 319
704 672
880 383
948 35
998 271
1195 583
667 495
150 125
177 207
972 550
1202 250
598 358
1018 39
242 405
665 482
205 414
941 552
610 236
930 71
873 165
479 111
193 440
714 571
1017 547
624 439
836 41
1008 307
396 52
651 618
919 355
416 620
825 130
231 377
382 119
331 338
282 211
421 524
618 319
237 462
221 396
954 669
290 715
254 217
602 470
275 615
304 695
713 695
354 693
1162 158
571 137
787 368
1172 341
905 305
986 564
679 553
712 633
652 627
550 299
162 272
270 202
865 148
1183 588
285 629
708 664
298 703
294 676
613 456
189 454
956 440
179 211
269 255
190 607
1182 345
878 491
526 60
999 130
803 146
157 190
1171 190
696 620
1203 304
821 319
285 395
696 395
175 476
941 450
1136 38
881 149
258 557
1109 621
320 411
172 459
168 279
214 259
215 262
922 357
413 579
279 605
218 539
313 688
160 173
383 41
839 122
817 275
856 471
776 590
581 141
858 233
450 52
640 356
859 180
1026 696
1181 517
285 569
391 669
828 247
308 473
173 108
851 104
326 712
1174 615
268 652
1014 418
260 479
1166 519
560 125
962 696
1123 13
629 81
542 104
211 388
201 332
229 509
620 511
985 658
203 277
325 160
753 55
969 698
495 484
340 700
668 618
815 99
514 93
425 31
1123 586
878 209
192 289
451 699
1168 555
112 370
298 672
205 418
258 491
252 97
993 665
653 396
222 284
275 387
853 107
387 644
161 121
1118 450
531 384
160 238
955 515
633 677
286 606
656 665
1206 333
222 72
1161 431
1118 291
680 651
164 138
1018 210
394 566
709 566
617 339
1128 615
1194 571
824 18
1173 665
168 172
1003 653
440 93
612 72
830 156
697 618
287 198
856 43
1183 573
1168 103
181 217
541 192
208 329
189 349
939 278
803 87
216 423
324 163
270 578
1208 483
633 455
1115 456
382 621
258 621
770 56
646 336
720 660
334 660
934 371
1189 189
704 716
597 449
1210 377
621 656
369 703
430 710
175 353
1101 374
635 407
737 655
842 549
1008 604
1012 613
298 223
1182 357
929 346
276 703
1015 663
762 63
980 63
1157 425
1202 459
239 544
704 587
1041 705
1159 641
492 16
797 74
861 236
187 202
164 197
567 208
1096 332
1143 349
166 338
640 375
193 291
371 435
584 424
584 405
182 473
417 601
715 601
368 637
437 674
714 692
897 698
619 660
940 670
339 668
707 648
452 59
823 61
825 21
991 122
149 126
178 173
601 186
588 131
906 131
198 192
263 193
839 207
114 216
813 235
1159 229
883 249
1143 485
1191 491
198 502
355 497
653 451
1147 453
266 470
598 419
869 435
556 285
215 281
867 279
926 295
214 316
880 348
1183 360
672 564
692 551
319 519
161 515
796 521
137 532
1197 531
958 621
966 614
268 638
972 589
293 591
787 584
248 583
334 662
993 657
649 642
684 651
308 685
310 694
285 709
827 89
886 83
518 86
655 67
813 69
549 103
984 120
755 113
324 10
862 56
549 128
562 136
998 145
549 169
167 179
891 179
1185 183
103 189
1176 187
748 186
1185 222
170 220
192 219
532 322
584 329
891 344
1202 345
1144 339
996 359
897 355
183 364
575 371
1140 260
193 276
908 294
627 304
233 314
928 312
287 509
1205 509
949 500
965 487
976 487
200 462
652 463
199 450
233 448
684 452
645 455
1173 441
240 432
656 426
906 390
787 387
924 408
616 526
1203 512
964 519
651 569
261 599
191 636
952 640
309 679
629 680
662 685
330 702
286 713
463 120
271 112
480 80
551 93
965 6
856 9
1153 192
571 240
197 232
556 138
832 133
801 129
170 128
579 150
109 257
599 263
938 282
1157 297
231 298
897 291
579 314
217 361
242 320
1190 488
400 507
268 555
994 568
666 619
278 621
785 34
812 51
155 124
555 134
183 140
534 296
125 343
87 455
538 451
403 404
958 701
732 673
723 628
726 637
930 591
715 598
218 559
969 565
695 561
280 522
833 54
807 62
526 127
793 121
145 235
1157 235
855 248
489 167
158 179
906 336
232 321
621 328
185 331
1076 360
816 369
920 263
607 310
609 301
1188 404
604 428
661 607
707 580
631 609
692 540
978 704
355 701
1027 689
458 78
427 74
228 85
156 103
521 98
492 35
751 57
283 199
155 223
596 238
1181 251
878 141
878 170
281 262
623 320
606 401
879 413
634 473
195 472
113 469
672 458
617 538
856 537
1191 512
708 561
726 687
264 681
339 675
248 668
540 83
748 117
520 38
197 221
538 211
197 197
551 201
602 235
909 145
922 273
213 268
138 292
835 316
835 311
202 376
186 510
1184 510
136 441
320 432
1190 424
1180 545
230 553
960 572
637 568
950 528
196 536
671 540
275 579
643 579
1208 580
985 631
262 617
331 710
1051 717
738 652
441 655
1132 648
159 212
1195 202
521 204
261 238
909 255
177 248
598 169
904 171
1151 166
855 150
508 148
863 132
507 129
601 49
843 16
885 123
528 115
215 363
218 378
340 378
1174 378
315 371
935 326
218 320
168 313
1173 314
926 305
904 304
66 292
925 292
259 267
215 269
1178 258
940 283
1196 488
193 489
1136 486
878 499
176 497
606 510
257 464
126 479
810 472
238 387
198 384
518 409
870 437
862 423
185 420
266 516
663 516
148 512
600 537
645 542
1212 542
212 533
213 574
679 573
641 555
655 556
922 547
1010 596
599 599
265 591
981 631
1005 632
676 609
1015 608
685 612
579 621
325 710
931 715
753 714
300 716
666 650
985 655
1000 641
979 669
1018 663
666 656
1046 675
661 678
1026 686
915 192
590 198
919 198
546 222
785 220
108 217
171 253
176 250
96 226
581 237
180 187
240 187
178 182
133 178
156 168
124 169
589 144
861 155
533 129
549 113
153 127
1158 126
501 100
778 83
1021 67
762 35
842 37
751 45
1102 40
862 49
812 50
808 58
812 3
817 14
881 28
794 25
1202 263
194 260
595 274
339 291
919 289
576 294
584 303
573 299
780 315
1189 313
936 306
571 366
846 360
881 362
1134 352
1170 356
642 379
133 382
309 368
286 369
1126 369
92 371
299 373
118 328
623 335
832 334
926 325
241 344
655 345
926 346
593 351
207 415
609 400
229 402
996 402
636 392
794 393
595 397
1149 398
1184 391
846 388
644 384
636 416
220 418
235 430
221 440
1184 437
907 435
1197 461
607 462
948 459
192 457
1126 457
226 448
231 454
914 454
851 509
1192 511
162 506
245 504
952 500
249 486
1160 483
863 480
913 490
227 489
1140 495
676 554
692 554
1166 548
548 565
666 565
577 567
644 561
650 568
943 571
989 574
263 573
839 529
635 531
555 532
214 540
579 542
234 522
965 522
235 520
1193 516
1161 512
238 577
636 576
606 578
271 583
303 587
641 585
1158 593
681 598
704 607
645 638
1026 636
1141 633
1011 626
278 622
662 623
641 620
290 619
294 617
993 613
726 609
290 661
713 658
1001 647
662 645
311 640
965 648
988 655
333 675
347 677
256 683
974 702
304 703
613 703
714 699
1020 697
1041 706
1041 704
1035 717
1028 718
322 714
447 39
504 36
792 36
845 61
767 49
513 54
445 26
879 22
1114 12
892 85
455 84
564 86
1152 83
781 69
768 68
510 71
537 101
727 104
580 106
959 122
860 112
209 218
881 219
488 214
145 215
1172 194
883 198
598 206
188 205
276 202
985 242
204 247
836 250
128 248
205 254
185 255
912 228
194 225
558 234
146 235
119 186
1209 186
886 184
1015 180
553 179
133 161
264 163
866 169
785 174
166 158
451 152
180 148
542 142
901 270
1209 265
234 276
871 276
1194 275
622 273
1011 272
206 283
937 280
565 291
606 289
110 311
308 321
467 324
636 327
618 330
953 333
993 350
1187 349
202 344
195 339
136 338
923 343
600 342
595 364
1079 361
912 362
93 352
571 355
214 379
230 372
652 369
145 410
1168 396
913 391
944 387
1208 420
207 419
680 431
592 445
576 440
658 442
848 434
1208 466
597 467
242 471
628 463
173 493
695 483
896 506
666 511
1168 534
230 532
250 532
654 537
955 519
162 527
622 523
905 549
238 557
186 553
288 595
708 597
609 591
1211 586
421 608
1167 613
1004 715
991 704
626 684
299 700
444 651
1140 40
1133 44
996 37
812 34
241 60
503 59
853 13
830 115
243 125
775 105
234 94
998 94
391 83
535 85
913 211
1058 195
591 243
993 224
535 140
168 157
548 153
300 176
938 358
304 363
598 270
310 388
1202 431
840 497
1182 525
222 534
681 539
694 557
329 564
1141 628
307 636
696 617
389 585
539 164
113 489
257 511
198 505
109 299
901 361
669 561
845 506
92 379
301 315
251 705
549 187
351 386
572 367
885 479
129 141
1004 599
908 573
197 246
1137 303
971 575
896 229
94 191
686 289
222 471
1208 463
784 376
168 326
192 337
1023 24
494 99
490 149
208 384
945 655
696 594
836 615
842 40
229 579
1163 201
698 521
1111 447
1148 447
1177 620
1029 660
156 185
942 4
777 104
305 280
210 438
143 187
551 173
1191 426
855 142
491 104
905 329
1133 547
335 331
609 379
900 307
1189 222
869 106
878 482
405 43
486 84
355 694
351 291
1029 16
547 400
1005 614
537 86
1126 681
405 662
272 177
512 69
598 673
385 83
993 318
1159 614
255 456
264 496
716 276
588 273
1171 505
544 156
970 139
139 387
944 87
146 164
343 348
811 97
329 387
851 50
596 411
955 653
170 218
159 347
223 500
291 334
936 63
547 118
232 101
884 101
863 560
883 189
668 641
230 186
318 408
280 571
369 439
892 163
287 298
992 126
358 471
155 341
335 361
268 409
913 392
183 369
997 6
1128 673
864 157
675 312
1204 308
352 359
506 67
1180 337
212 541
497 110
292 203
920 222
822 509
278 697
929 540
229 488
283 431
125 252
934 351
445 700
105 262
914 209
286 584
187 339
625 552
260 244
828 271
137 145
352 492
906 152
610 340
1197 301
979 621
585 24
291 641
1025 662
615 569
344 222
284 347
658 497
450 624
670 560
327 554
661 517
994 135
915 321
1112 251
967 263
272 507
712 665
1180 224
472 83
1196 489
1038 598
806 105
1165 103
121 364
171 161
650 457
411 585
128 339
312 633
209 405
673 509
1165 599
312 705
707 539
924 259
726 591
643 513
1172 196
167 533
109 440
861 212
583 206
858 445
809 333
154 437
962 509
368 478
121 167
1008 645
1009 331
827 263
175 294
1173 644
968 531
1199 433
508 105
1059 76
322 540
632 476
1131 584
503 44
296 575
404 620
220 49
879 592
960 456
398 551
525 122
913 26
386 615
301 306
331 384
1001 270
1057 70
214 327
1108 342
523 145
243 584
833 434
703 680
674 500
910 271
892 129
165 440
303 416
978 103
135 220
190 276
673 527
926 528
167 364
319 322
314 206
327 427
960 115
482 714
302 247
1001 276
657 121
393 494
238 182
275 305
896 412
730 695
261 103
989 279
563 455
511 191
219 343
454 719
1133 558
229 413
959 564
818 163
210 47
156 473
282 367
646 634
714 37
285 210
691 634
998 407
863 447
939 130
649 562
617 63
913 59
955 22
969 212
1192 284
154 212
205 448
472 104
506 685
315 220
803 26
514 96
371 483
998 294
237 111
155 438
637 584
1013 303
790 376
882 142
315 297
658 670
353 463
890 219
313 18
301 383
280 240
1042 96
409 518
870 58
348 487
634 329
671 523
551 232
564 373
433 488
414 436
663 520
904 191
376 492
1023 205
505 62
1165 484
287 218
276 158
350 461
820 158
165 241
962 84
150 395
403 435
232 81
396 89
870 499
330 320
1158 374
1191 377
189 278
289 318
339 702
100 232
1188 584
605 432
240 504
877 96
496 131
923 397
300 494
608 677
218 478
1130 564
665 472
325 666
864 211
439 693
856 155
269 238
803 236
562 101
1000 187
194 234
1212 475
741 664
459 639
410 593
611 49
988 573
1196 274
830 71
187 296
958 45
789 138
158 283
821 323
406 429
842 122
1112 695
728 558
858 183
619 325
145 364
583 184
368 365
1159 400
277 705
543 156
175 171
278 427
211 342
464 656
860 486
190 189
1002 439
882 63
378 423
961 0
182 235
1018 27
1044 26
920 80
289 547
1024 233
718 417
861 434
460 687
185 477
301 289
347 538
650 383
1113 290
214 468
595 478
923 46
345 481
908 281
1120 693
139 270
379 446
1188 446
299 136
963 387
330 662
885 86
841 125
390 388
1007 708
375 511
851 456
209 296
611 484
313 488
349 434
800 79
714 622
830 96
1144 216
1026 42
187 229
344 501
193 97
847 34
337 700
1136 465
1002 706
580 145
588 297
303 658
965 588
583 137
896 586
273 221
278 85
446 713
118 288
180 272
566 385
999 229
134 146
371 314
610 500
116 154
1241 313
1006 378
1015 33
1208 324
873 190
394 571
161 241
919 311
418 434
628 524
338 440
617 536
267 189
392 522
960 176
945 54
281 306
94 316
283 280
898 140
830 131
1146 701
833 372
888 348
708 548
528 145
566 149
1146 470
612 424
652 445
902 661
240 190
837 287
373 369
865 417
597 489
926 463
639 513
872 232
600 228
212 228
155 494
248 467
367 512
360 58
166 105
1037 117
647 458
1037 716
828 100
693 541
1196 371
890 609
624 488
899 367
362 545
311 620
984 686
175 285
304 338
1197 429
216 399
1190 558
744 682
875 196
895 224
279 248
131 140
187 188
641 703
235 634
111 393
1183 461
845 92
455 83
622 71
241 127
921 157
539 138
152 214
207 516
1022 572
625 707
937 271
205 290
1116 305
176 330
165 335
673 489
343 470
1200 444
599 440
831 18
407 48
117 124
877 64
442 143
905 241
155 242
1177 212
929 673
701 684
984 647
211 638
697 619
278 576
385 590
1164 593
697 529
389 535
245 537
262 520
886 520
961 561
660 551
682 555
983 406
237 411
202 394
752 394
956 418
590 416
810 462
1177 455
261 473
549 306
899 315
577 371
244 374
1183 354
929 355
950 357
945 331
628 326
121 340
621 351
590 350
540 88
216 86
805 66
561 97
561 96
471 123
224 11
194 174
1172 187
134 157
882 152
972 152
184 220
112 208
831 213
158 240
976 623
1182 610
688 637
226 602
1123 606
650 531
699 534
253 519
658 556
277 570
1191 574
1069 701
1023 691
753 683
265 681
1007 716
171 285
886 264
605 262
165 259
227 335
189 324
287 338
914 367
1196 359
128 375
215 470
944 454
169 452
669 448
907 457
189 510
1162 511
643 505
578 500
624 486
241 480
1194 442
416 436
647 396
1181 399
176 415
145 414
871 35
523 83
867 80
590 234
1042 233
851 236
865 218
267 222
286 211
556 214
915 165
857 188
588 187
280 145
649 586
271 576
307 599
235 524
602 513
1194 541
275 543
883 532
619 698
1042 686
1127 653
176 305
583 312
1125 313
888 317
921 365
129 361
733 373
1116 449
1195 448
1120 457
388 390
415 26
800 17
822 21
820 9
933 52
252 111
1195 220
285 242
202 252
910 182
883 642
600 571
149 275
177 314
295 399
183 390
162 505
1203 456
601 217
1121 519
627 328
812 241
215 295
806 151
216 465
1007 658
605 237
633 327
607 237
534 703
1158 176
1016 365
377 457
1161 124
332 480
649 551
970 235
416 51
619 228
951 156
316 661
713 693
981 675
416 585
233 28
346 187
1096 22
234 667
358 714
317 306
278 276
633 536
396 471
1003 124
1019 670
121 146
277 316
898 183
555 113
610 294
913 343
1140 123
844 83
676 533
625 613
152 287
262 299
221 608
280 139
835 172
179 157
612 264
728 585
925 257
206 475
239 681
213 328
960 495
991 229
868 256
191 503
869 25
923 245
797 48
1193 255
941 266
652 544
649 540
924 192
268 390
965 72
157 101
144 155
825 337
678 654
580 220
220 99
494 59
576 537
297 600
916 707
881 381
591 498
189 312
372 545
249 145
1054 149
531 224
184 289
1034 25
949 24
1091 290
156 273
598 156
967 41
69 234
960 13
1014 287
969 525
919 438
733 619
981 98
1176 164
431 658
1179 366
699 653
246 412
612 351
592 478
336 669
1090 323
1018 266
1149 374
938 638
594 662
857 261
144 369
260 584
685 632
1142 440
1121 66
675 519
269 281
949 336
387 477
1021 673
961 25
164 270
327 420
369 423
212 551
933 462
856 606
718 602
417 679
799 55
1187 537
1192 342
708 578
938 717
162 251
997 35
887 228
380 465
387 527
889 163
777 311
252 108
967 78
244 585
311 413
948 506
971 670
309 419
302 342
626 451
604 48
1157 592
320 702
202 349
167 496
1168 526
431 690
387 600
577 345
1197 493
544 112
643 670
1010 647
963 680
852 15
179 420
516 112
1175 262
661 616
702 583
1113 327
371 559
341 687
1042 676
1189 492
970 65
1205 328
522 62
146 132
332 527
251 532
567 706
332 453
156 108
996 220
937 629
337 343
646 506
393 406
944 517
227 166
759 718
977 1
351 581
217 500
610 361
589 169
279 356
855 80
1069 170
909 614
403 611
160 198
893 477
576 190
899 157
990 686
223 645
792 194
344 589
327 439
301 366
1146 430
732 493
426 666
245 197
326 644
909 190
909 360
471 73
189 187
283 316
1025 653
512 154
1128 535
865 243
170 348
213 286
332 648
267 230
354 426
1157 248
683 536
695 527
569 123
300 342
391 520
208 247
198 338
407 448
193 232
613 257
693 700
549 148
269 122
309 390
839 391
310 444
613 472
960 152
463 99
425 81
1044 86
200 311
409 594
1165 547
860 512
594 471
1151 388
634 508
317 412
374 439
553 96
1188 614
624 679
706 610
834 101
238 411
242 532
301 375
691 591
1013 59
130 206
704 573
162 332
248 487
719 694
1197 394
965 570
368 462
710 668
1001 351
870 612
188 318
353 694
216 559
936 96
1207 188
343 711
341 251
169 111
347 517
824 331
412 610
922 183
385 404
1004 273
682 471
858 204
246 105
298 278
898 342
774 10
619 597
327 450
660 645
1046 97
964 114
1005 686
588 179
1134 437
529 65
362 464
233 78
671 478
992 429
798 141
305 392
314 319
1008 410
209 109
1065 159
417 670
438 654
258 121
573 276
450 56
966 56
1013 433
205 44
1130 417
948 50
795 388
385 653
604 218
1023 124
214 557
427 597
825 374
238 633
331 430
928 354
1157 587
413 623
366 233
385 517
215 391
1194 234
301 715
1026 630
1126 221
986 186
403 634
268 527
310 457
385 457
894 478
271 555
330 515
292 390
344 496
1003 378
295 611
534 409
314 360
320 397
330 240
919 265
1036 402
277 190
306 275
604 390
418 533
662 405
860 404
545 635
533 111
818 480
306 331
205 71
306 219
313 489
292 590
1011 398
179 499
577 208
1170 288
342 432
657 457
691 518
630 399
921 50
810 60
1010 714
322 258
911 197
449 45
993 31
510 52
366 582
535 135
1015 217
224 35
436 547
194 24
692 656
621 75
379 560
266 489
835 171
410 684
442 468
1181 156
1018 390
994 638
205 396
988 362
249 135
736 418
1156 296
223 489
1199 297
354 328
1226 249
389 313
853 179
255 559
1184 329
1036 121
1014 422
968 548
612 63
522 153
571 631
618 543
926 53
320 437
254 554
130 271
612 364
983 3
1180 585
349 555
928 600
1194 334
884 518
308 300
417 623
877 370
872 98
1159 458
1030 663
388 607
963 672
502 133
277 220
292 356
204 440
727 679
687 690
370 313
975 100
312 260
354 453
950 104
305 701
303 615
411 429
1037 142
164 363
1032 253
503 73
330 426
558 217
453 559
328 356
1173 354
250 585
285 95
849 86
989 398
190 181
951 315
218 419
554 114
139 322
741 705
603 298
549 108
168 321
157 107
295 609
879 89
512 110
655 524
1179 95
259 605
198 293
243 546
259 94
245 656
683 664
197 342
252 558
852 4
293 273
989 60
613 332
528 184
929 454
226 24
636 538
790 678
462 1
777 39
244 120
914 272
364 349
341 440
997 251
941 289
183 213
252 138
578 132
968 262
957 662
217 288
925 11
675 549
1070 81
214 511
825 687
366 461
274 174
809 482
279 535
600 301
1177 430
680 548
188 388
627 534
176 90
331 378
1160 133
916 304
943 484
530 137
915 235
345 579
385 535
320 313
201 322
246 560
330 277
266 269
1196 234
913 345
164 326
560 176
234 489
809 5
699 511
297 380
370 516
1187 344
320 682
495 107
436 684
268 350
805 15
91 398
309 209
598 152
980 605
414 574
429 468
590 59
877 531
209 299
998 707
589 427
987 381
953 1
976 7
657 634
990 314
965 8
957 678
161 359
283 335
619 306
704 561
953 554
649 446
494 347
277 523
756 70
200 394
223 307
336 368
935 589
177 431
162 294
488 107
1010 459
799 68
237 176
614 279
627 461
408 607
864 40
277 184
655 497
1166 411
331 288
261 555
1178 218
266 350
918 343
237 679
575 107
817 156
475 97
1177 489
728 5
245 207
976 25
984 132
515 131
404 565
313 272
896 248
862 490
697 534
181 534
591 464
871 101
325 194
323 342
1008 88
309 677
949 54
214 457
883 303
343 280
331 666
243 534
305 439
988 649
598 211
845 419
578 168
418 619
170 189
330 688
202 268
599 297
367 482
492 168
875 185
536 172
594 182
1142 698
1210 413
238 361
373 568
223 294
692 699
455 79
575 156
1175 335
880 275
224 295
661 592
238 89
228 572
369 413
311 243
134 145
1178 334
267 97
212 455
262 168
253 256
151 247
665 476
1020 575
598 281
858 87
1151 689
1181 433
504 171
1140 517
332 358
181 435
1183 399
890 171
976 61
528 64
685 513
616 617
887 162
508 238
1006 252
526 211
924 220
1155 380
218 534
640 575
555 31
569 434
535 154
331 680
1006 676
263 474
261 347
590 339
702 357
1136 193
280 590
847 610
222 443
1132 436
813 287
214 293
556 341
337 681
767 85
605 81
876 69
160 176
586 148
194 397
836 426
197 476
140 499
351 497
197 503
884 503
1159 297
975 613
725 602
262 541
270 575
724 689
966 684
283 657
1024 659
444 660
933 237
187 208
267 209
884 163
566 145
801 55
868 33
491 113
588 126
233 482
950 494
371 439
224 411
223 388
531 266
1189 310
134 303
135 293
565 367
367 366
819 360
633 352
940 382
1115 351
273 628
323 632
1008 608
947 579
269 601
967 548
702 553
650 573
253 535
321 708
722 718
335 681
1010 683
1021 694
654 664
1165 171
1161 168
1198 178
529 137
609 158
1026 148
1178 219
127 221
932 252
529 244
319 243
1137 243
740 68
575 94
570 92
247 125
524 101
807 105
856 30
985 21
848 47
145 279
157 278
126 281
900 259
614 293
205 318
608 318
627 357
1170 357
1197 353
1180 383
182 348
231 339
177 330
1185 325
193 485
265 490
263 493
376 498
1141 500
328 508
181 465
126 471
1108 472
838 477
224 479
634 463
214 450
916 395
1177 387
232 388
337 390
899 406
1191 401
803 400
1200 414
656 409
589 418
1113 418
1200 417
146 439
1193 436
217 442
648 440
696 605
1201 605
987 604
253 602
877 601
1152 595
1158 576
1039 633
1020 638
407 613
1187 550
1142 544
1184 554
211 575
700 574
703 570
210 569
171 563
668 561
662 565
367 539
700 538
656 537
254 536
229 543
650 542
1200 542
940 533
200 530
629 521
247 520
945 527
1125 515
254 512
849 519
267 518
1035 672
1129 680
1042 681
405 696
707 700
732 700
720 671
935 669
737 667
999 665
1146 660
612 656
263 650
259 651
712 643
697 641
329 706
996 707
1010 718
324 714
497 76
857 77
525 78
838 66
634 69
458 70
476 82
567 93
554 117
128 113
893 127
505 105
1137 96
478 26
777 16
689 17
471 60
424 57
554 177
540 179
1177 182
558 186
1161 185
1145 184
101 190
878 164
1207 161
249 160
865 162
277 163
494 134
1170 129
172 141
576 147
466 194
1010 198
430 197
145 205
241 205
1126 209
830 212
468 217
169 221
912 255
852 253
1184 226
298 237
140 236
577 239
1062 234
628 291
907 290
948 293
590 295
194 294
558 299
922 311
1159 311
197 309
192 304
615 317
591 319
1112 283
1126 281
913 277
1168 274
157 257
206 261
933 267
902 266
170 264
562 269
1185 323
1130 330
604 331
168 328
78 348
815 349
635 344
168 346
91 381
622 377
1196 377
988 372
1003 370
907 356
595 355
240 363
1080 361
159 471
234 479
255 478
1170 455
1165 459
204 458
656 456
1202 462
200 487
320 487
617 485
903 485
641 482
205 494
644 494
898 489
211 490
1181 508
250 505
945 506
837 500
188 499
1181 499
246 496
667 497
914 391
862 384
181 395
214 396
169 405
335 405
100 407
1208 411
183 408
1157 415
98 428
298 425
182 439
949 432
931 433
362 447
1143 579
909 580
381 589
705 589
225 591
433 586
288 587
269 595
691 595
298 601
248 621
691 614
633 615
199 608
1016 630
710 634
1176 516
1155 517
158 514
236 527
694 527
1158 525
262 522
975 528
975 533
595 542
1150 543
889 541
199 537
579 537
203 553
962 552
686 555
856 554
268 557
653 568
414 569
571 575
1133 575
204 561
550 563
1002 687
361 697
733 696
658 699
1131 691
918 666
672 660
721 649
957 704
1017 705
270 714
931 718
922 293
1121 294
584 291
614 291
1167 304
269 285
1145 286
187 283
917 274
616 360
827 352
166 379
175 368
935 347
858 458
336 460
256 449
639 454
839 452
609 471
1157 510
640 504
649 497
647 496
612 502
655 481
1149 484
176 485
839 395
200 391
611 411
1206 411
1112 418
987 63
431 61
866 53
500 33
850 39
949 37
841 40
790 30
420 85
530 89
344 90
961 92
1050 78
834 72
851 108
815 115
489 122
541 120
552 126
1106 246
910 245
199 243
932 251
612 217
1136 216
1182 219
915 221
1165 223
615 208
274 215
129 213
134 198
136 206
245 183
794 183
177 181
145 179
1163 185
511 190
1142 162
129 161
892 161
883 166
851 171
139 170
161 154
150 155
558 155
603 150
188 146
153 147
163 135
577 137
133 143
990 623
930 610
676 608
673 609
1186 639
895 634
1153 593
988 603
312 606
330 589
810 579
679 523
1172 521
668 525
256 516
278 541
1147 540
181 542
282 528
920 569
559 566
1203 557
189 553
955 555
1207 546
872 547
365 544
1038 703
992 696
315 687
204 656
900 654
947 645
715 640
314 708
1145 708
703 706
920 299
594 293
892 293
910 293
151 291
889 311
846 282
545 274
166 277
197 279
553 383
1115 373
941 356
170 359
200 353
1165 365
302 347
216 345
574 348
604 324
956 385
566 396
141 403
647 402
917 406
1194 405
186 411
566 439
140 435
651 433
1188 444
1127 441
955 420
182 416
583 427
203 426
347 462
1158 457
1178 455
1016 454
183 451
259 476
209 469
622 494
955 488
635 485
648 486
813 497
237 496
192 508
1074 504
512 83
477 92
849 92
542 93
433 70
603 68
865 64
873 74
727 75
533 113
984 113
111 114
848 118
875 121
799 120
567 126
163 103
513 97
499 3
244 4
657 14
847 18
470 22
277 25
382 26
770 48
862 53
445 63
859 34
940 33
814 38
820 42
780 41
1177 210
787 208
1179 221
1169 222
199 223
1181 205
1174 202
175 192
137 255
539 251
997 247
97 243
609 243
1120 242
916 240
527 238
894 230
597 177
893 177
808 183
154 186
862 190
769 160
139 154
857 152
890 153
836 159
1164 144
508 130
854 129
450 136
517 143
841 140
271 628
315 635
1032 610
1128 610
1006 619
945 617
221 591
652 588
1158 586
621 579
688 578
365 581
280 603
700 603
1020 601
722 598
934 594
710 595
965 593
370 520
648 520
942 521
649 523
649 528
828 528
251 534
928 538
933 572
214 569
577 561
608 565
972 556
1208 556
599 558
1003 555
239 546
989 549
276 695
435 691
1042 690
687 688
1049 700
294 684
1041 686
700 687
1025 680
342 674
983 643
974 654
249 657
257 656
446 656
257 659
299 659
340 663
305 667
561 667
534 668
300 718
341 715
699 705
1142 317
641 312
205 308
546 308
948 308
1145 306
782 291
227 290
203 288
606 288
140 292
367 293
1169 298
172 268
600 269
936 263
861 260
211 287
179 277
199 353
608 353
222 352
186 361
932 360
199 362
1111 363
97 365
625 366
193 376
850 382
600 383
915 373
1160 374
856 369
591 335
157 322
100 324
123 346
531 347
211 344
615 349
625 340
923 336
192 387
288 387
1172 387
199 390
642 390
161 397
246 397
624 393
146 412
916 415
570 409
198 405
1172 404
592 407
208 403
252 434
968 434
1173 434
1189 434
1163 433
195 438
1163 438
628 439
631 445
1201 425
230 427
560 431
835 429
584 420
1176 420
250 506
979 509
164 508
269 511
782 498
687 503
255 500
869 481
235 483
953 482
647 484
247 485
1148 486
1184 486
1139 491
1196 490
856 489
219 476
654 476
1198 477
248 475
1173 465
251 464
191 466
247 468
1199 462
1198 458
589 451
1156 451
871 450
573 453
217 90
866 89
1029 89
557 84
437 69
876 75
483 73
807 72
1163 79
247 122
968 122
505 127
553 127
871 127
873 114
560 115
519 117
277 111
877 111
779 110
139 100
490 100
893 101
877 103
786 99
846 56
817 59
428 62
499 48
369 40
769 34
972 34
795 36
821 28
791 24
765 17
478 22
1158 206
208 205
546 199
1166 208
140 212
239 219
1177 219
130 217
137 217
110 221
169 220
1208 229
565 231
127 239
544 238
759 234
108 240
554 240
1161 240
882 243
898 245
591 172
911 172
188 170
797 170
1063 170
599 169
551 166
1125 167
746 160
541 161
582 163
867 190
535 186
597 182
821 132
695 135
155 134
502 129
539 131
563 140
567 142
542 137
836 146
881 146
466 147
140 150
843 150
784 156
844 158
248 615
267 612
1008 623
553 620
717 620
297 617
1017 630
299 627
574 627
692 626
982 638
653 602
1107 604
1134 605
688 596
925 594
233 595
297 591
281 589
627 582
926 519
195 518
278 513
227 526
1161 524
681 531
212 535
1148 543
667 542
408 537
1178 548
392 550
583 544
222 558
1124 558
940 573
1184 574
211 570
705 645
1121 644
287 640
411 642
906 648
986 654
979 664
1047 664
874 670
1135 671
998 669
311 668
688 657
683 656
328 660
714 690
706 691
271 695
410 695
1006 692
692 703
240 675
739 686
1010 687
746 685
283 710
345 704
341 714
1001 716
955 310
1142 310
131 306
1024 315
153 317
877 316
107 291
1129 290
208 292
104 282
1166 286
903 284
1182 284
904 279
591 277
124 273
193 271
1194 266
558 259
601 257
570 262
1186 327
174 320
586 322
1091 333
1153 331
228 344
597 346
935 349
97 343
179 338
179 367
1142 366
628 361
879 362
549 363
1189 353
1195 352
276 355
827 356
810 357
342 381
210 383
233 382
194 376
104 369
49 374
674 444
819 445
209 438
224 417
963 405
169 407
75 402
1175 414
123 411
1206 393
232 392
172 398
1166 399
156 396
826 387
656 459
1186 458
213 456
149 460
550 462
654 450
1175 451
241 474
684 476
1179 476
676 477
234 470
173 466
620 499
1197 499
220 497
1146 502
676 501
263 506
1132 481
1195 481
1182 482
262 488
527 93
837 81
742 75
503 79
517 64
147 116
814 116
577 114
874 123
755 125
149 124
789 126
170 109
844 38
993 38
505 41
809 62
486 55
748 23
1178 213
577 216
993 216
857 222
537 204
919 206
913 207
1209 203
1198 196
899 197
937 199
1202 192
579 194
878 226
510 225
915 230
109 239
553 236
1133 234
186 254
322 255
602 255
200 248
1163 249
136 246
498 135
879 131
163 129
128 153
105 152
586 156
103 148
517 186
826 185
574 191
1144 178
548 163
595 170
584 603
658 598
1164 592
1024 590
286 579
1205 577
686 581
1116 632
1008 633
565 639
965 624
942 620
810 619
924 608
735 612
1150 515
1177 514
669 512
690 519
631 516
945 520
907 524
603 526
1172 539
930 540
683 532
708 531
286 556
283 553
934 551
1190 565
261 563
247 647
263 643
1180 643
231 651
232 668
693 659
644 662
718 683
270 682
326 680
345 684
731 678
279 695
1056 694
659 712
704 714
1016 705
1187 314
188 313
160 318
1106 319
206 309
284 292
853 301
1203 298
546 297
154 262
594 256
602 257
423 259
926 269
275 286
593 286
205 287
901 273
138 350
913 349
812 346
1140 343
177 336
565 324
1183 325
299 322
139 329
203 363
649 360
868 368
78 380
595 383
235 379
189 394
176 398
126 387
646 405
915 414
236 434
218 435
251 436
237 441
221 422
134 425
1148 462
619 458
237 453
889 478
1191 507
229 499
419 480
824 97
836 112
887 116
421 127
843 74
964 78
508 71
1134 91
988 58
847 61
1097 39
474 35
778 4
1098 22
883 195
185 192
881 200
873 215
1175 218
503 223
154 244
553 234
1200 145
801 141
192 162
1158 168
676 594
676 600
738 617
670 623
700 628
287 639
1200 548
617 549
895 549
699 572
1141 573
232 574
1142 561
930 529
895 543
1158 541
1198 525
649 644
378 645
1120 645
709 641
1100 649
256 654
406 684
1068 686
717 683
1008 675
277 695
349 710
295 711
687 704
300 714
645 713
212 289
122 300
172 301
223 298
895 318
1078 316
1181 310
207 269
587 269
1195 257
560 284
560 361
766 360
1086 363
140 376
1167 377
911 371
898 369
233 328
1151 320
211 427
967 433
242 435
1005 436
290 409
222 405
929 391
611 459
187 465
930 485
624 494
600 492
484 97
869 125
1150 65
536 66
141 86
811 89
719 42
1036 38
464 55
677 3
176 178
895 179
1184 180
547 190
155 191
846 153
872 150
135 148
475 145
755 146
408 137
578 131
161 128
1153 204
511 205
873 206
876 196
1194 192
571 195
1171 195
185 210
126 228
538 224
1198 566
856 564
1208 563
827 559
635 518
982 517
702 515
845 529
261 542
917 543
925 539
869 537
694 636
223 639
1158 625
708 619
245 621
691 611
305 614
1154 613
924 580
1010 578
187 584
1129 600
576 606
896 643
270 640
303 644
277 654
660 682
1146 687
959 695
350 699
1032 697
956 708
984 712
620 318
598 304
140 311
173 293
762 291
225 300
145 301
1190 273
518 265
113 268
157 262
610 263
185 259
595 335
170 328
218 326
1135 327
298 348
899 349
635 346
236 352
294 379
1204 370
1159 412
1141 411
1196 404
606 403
728 396
909 393
120 442
1162 443
573 436
168 418
688 473
223 479
198 464
610 465
190 467
1176 471
218 452
255 459
331 459
181 498
1210 498
258 501
239 504
230 490
950 24
749 27
831 28
682 19
860 17
828 23
519 61
1141 55
884 91
214 81
855 81
523 64
770 66
793 76
880 77
934 77
555 116
801 118
539 127
867 123
485 103
859 107
151 170
913 171
901 165
972 178
576 185
891 151
533 150
274 157
792 206
166 210
1188 215
597 218
893 222
95 245
147 244
881 241
602 248
608 255
872 254
169 228
827 225
92 238
573 238
956 526
140 524
1153 523
892 516
208 539
923 544
895 558
360 575
640 566
290 585
215 578
615 577
960 606
724 609
248 635
879 648
387 642
893 661
731 659
714 656
972 672
993 672
265 673
954 675
998 688
983 712
678 717
619 710
154 319
874 316
209 315
931 311
117 303
76 292
893 267
610 270
199 277
889 336
948 338
1073 392
819 395
212 398
1204 397
200 387
936 387
1172 384
816 400
1135 402
86 433
642 416
1197 426
214 494
618 494
833 59
475 75
541 87
780 96
171 209
528 245
154 161
111 162
575 191
133 189
531 149
788 131
227 557
1153 556
274 532
996 600
267 597
694 594
1007 608
273 618
960 682
731 686
992 687
1132 673
952 694
438 699
188 447
592 431
191 421
775 391
1003 469
551 332
1143 383
94 221
1173 236
842 244
1174 244
579 140
466 63
228 539
820 534
287 573
674 549
662 655
1009 684
1015 688
611 317
188 347
939 449
1109 499
1197 498
761 14
355 568
723 674
960 354
560 362
227 297
1176 458
296 219
180 183
145 126
1045 112
905 520
988 688
999 405
323 654
1161 101
641 465
931 419
954 370
326 455
265 581
1171 248
790 23
404 683
609 430
273 371
532 285
995 259
1018 646
219 431
618 295
1165 426
632 241
978 400
908 593
799 149
386 503
286 688
856 442
686 625
415 560
316 287
617 291
852 47
189 437
624 498
179 482
216 330
355 362
143 377
1173 548
914 23
588 479
432 629
598 378
