874 374
1161 374
1181 354
1172 352
540 365
513 334
574 314
206 267
802 412
1145 395
864 392
539 427
852 423
1132 447
1196 473
1173 500
604 626
597 592
630 595
1105 599
1107 605
268 584
464 512
797 539
1109 537
1123 534
910 711
566 716
409 674
289 664
1154 651
1086 8
645 11
1043 10
629 15
908 107
961 86
1066 200
1130 199
463 251
176 235
472 233
465 224
664 141
810 145
445 188
371 371
1181 370
1036 369
1170 356
1160 355
437 364
1165 361
480 320
1063 339
1062 351
757 308
485 311
814 306
1160 304
1164 318
770 312
847 281
185 283
508 285
519 284
445 277
774 268
1129 268
810 385
1167 384
1168 412
865 415
1177 404
1178 401
1204 426
813 429
1196 422
1201 423
1150 443
1149 477
1098 470
1188 459
1139 452
1160 484
437 504
574 577
1136 584
1016 601
574 633
625 575
1118 572
1144 570
246 571
802 556
614 542
1100 538
891 525
300 714
593 693
660 687
1114 682
923 106
910 118
866 65
967 67
1127 72
388 11
880 47
906 40
184 176
319 175
749 146
125 132
1105 252
443 200
451 307
740 301
197 277
862 380
164 379
824 369
1147 346
221 321
484 393
172 385
1130 502
805 491
1169 495
1168 467
747 559
558 556
263 541
235 597
622 636
281 649
620 707
981 70
1176 208
847 316
192 332
224 470
856 529
610 608
840 264
211 235
798 339
182 415
509 278
854 95
167 270
607 593
1166 484
518 478
422 213
1087 646
1144 417
612 580
809 536
807 353
1147 457
1097 345
713 115
589 627
579 616
1125 465
331 367
523 204
849 285
679 150
1035 127
982 136
1161 641
1156 484
201 375
1127 280
458 268
1106 346
844 707
1174 448
819 270
545 15
744 194
611 634
1124 521
891 644
846 258
1049 290
1075 365
251 387
226 457
509 585
1162 550
190 309
433 438
743 467
374 185
767 243
1052 583
486 275
1156 480
1112 433
489 223
93 544
1085 350
1164 416
436 122
1051 361
1121 550
549 579
1077 543
825 274
1104 512
630 697
145 286
1160 364
500 484
732 193
606 638
1108 685
809 589
1144 526
244 565
531 317
483 272
562 486
1040 458
279 678
771 658
516 522
1096 605
810 315
488 441
850 691
544 688
444 210
1197 334
190 350
1113 617
243 555
556 669
1178 452
780 511
1177 492
407 144
905 614
1073 546
890 677
1001 24
543 391
1068 347
956 175
708 210
1147 428
1204 261
542 268
835 294
1163 638
1173 588
757 310
520 465
232 386
1154 240
785 212
171 185
732 160
413 264
831 285
1184 366
1114 338
858 348
1079 450
544 412
533 546
545 610
526 640
789 124
926 80
389 53
1201 226
844 237
810 289
849 332
1070 431
623 690
1108 434
899 13
1146 417
269 639
1083 262
1184 326
1037 404
753 207
1095 350
461 382
568 703
1055 378
495 214
1108 278
571 539
1079 556
1150 649
515 198
1110 486
217 492
854 675
1145 605
528 359
867 374
1161 186
548 595
743 209
1174 417
490 291
1107 428
1104 540
1017 124
837 418
390 252
1148 327
1176 355
1181 428
551 315
1172 486
1112 299
1085 203
1181 313
903 698
1172 215
197 256
211 404
208 253
974 41
845 234
1106 552
1198 371
876 3
748 568
1137 399
1035 305
583 565
572 624
1141 475
674 36
157 236
1159 302
1166 495
533 497
520 426
1148 433
1190 546
247 561
793 309
849 415
570 587
1122 581
496 261
1170 298
1154 390
983 19
853 366
848 278
740 522
147 255
426 607
1126 400
918 688
626 693
618 700
805 267
594 541
403 84
1040 601
480 281
927 199
1125 208
614 694
739 424
828 410
1141 264
1038 400
747 193
718 399
422 165
136 217
484 307
1066 567
818 520
702 217
759 99
849 386
549 344
674 193
564 550
1119 423
313 714
279 585
521 320
906 177
1065 696
1164 543
533 425
1179 488
209 493
1069 366
1114 280
162 72
1065 495
1117 699
270 662
928 22
1206 339
916 51
817 212
502 259
984 92
948 63
885 369
1107 501
1103 357
193 222
266 529
1173 372
847 278
558 539
1099 642
767 285
1075 625
779 165
130 241
728 293
210 353
895 632
758 577
1197 512
1088 515
226 495
540 195
368 265
434 396
1122 125
522 271
863 392
809 109
996 101
1173 419
1158 617
517 292
1203 428
392 65
291 698
1102 503
1170 385
1110 441
1129 291
965 47
1161 620
217 428
1106 499
770 605
579 670
627 702
1148 638
940 179
485 227
389 408
960 29
1170 381
653 708
1049 661
946 51
1202 255
185 45
849 45
563 645
1012 91
386 167
652 702
530 252
1007 90
808 301
256 614
319 127
595 523
420 257
856 617
246 594
1045 244
429 174
167 238
868 415
172 335
1142 465
1144 382
219 482
879 48
155 67
1135 353
893 80
530 310
320 594
1042 526
359 671
229 518
537 484
765 534
1176 585
851 233
1137 552
860 123
1146 54
1110 463
256 538
529 320
1075 561
281 695
1187 565
873 163
406 244
995 566
1048 444
232 573
958 145
431 150
1129 425
1139 182
1111 74
861 392
214 434
1131 313
818 185
206 285
759 405
581 593
708 66
950 20
898 201
1151 565
410 315
916 9
786 299
1178 192
634 573
1100 395
976 49
1146 449
610 711
486 407
913 59
1156 468
1136 405
195 342
453 261
1061 261
181 316
212 316
796 532
333 391
435 22
1172 329
504 583
171 245
721 150
1149 562
918 37
173 265
1149 129
1194 361
241 657
1058 399
281 647
674 334
1169 419
1106 208
558 574
1183 202
1137 335
831 586
1060 426
1134 522
1095 628
917 42
758 368
1072 378
949 215
290 582
526 242
539 418
1199 393
886 99
1145 546
830 377
1141 458
1159 249
521 387
1157 629
586 557
813 256
1107 299
513 618
224 550
534 320
1105 35
1199 548
648 71
1106 453
1191 372
1088 208
1088 443
486 386
757 293
1096 571
985 6
1112 615
1177 525
1155 261
1135 538
168 276
757 270
157 185
175 242
737 113
841 344
848 275
1097 490
1076 499
524 658
927 97
562 626
852 331
1064 440
1058 249
1139 97
808 416
715 182
484 285
650 612
1072 404
208 491
796 590
525 588
1179 620
1143 455
520 409
472 252
235 435
1130 225
865 397
516 309
484 329
1114 224
1157 344
1141 411
784 439
1127 191
944 102
1127 157
449 261
634 707
1155 111
767 42
779 246
542 623
522 383
341 347
206 287
1046 344
210 399
226 408
493 656
1202 363
937 21
1100 593
1010 82
1139 471
995 69
1132 81
892 199
246 503
1130 567
328 702
1092 34
432 192
1073 710
908 191
1204 376
891 103
928 117
154 116
1128 397
993 200
867 261
855 416
825 402
1058 388
938 125
461 221
251 574
478 581
1184 198
767 630
1174 306
1117 352
1097 336
163 303
576 621
214 517
916 73
495 327
288 677
1070 371
585 622
151 238
908 446
681 107
1098 183
823 237
547 650
151 273
775 349
536 548
531 386
388 32
600 560
790 320
1185 280
258 525
1211 464
843 37
392 351
1203 415
1182 208
526 279
1133 509
1142 247
281 631
1137 637
563 356
768 295
797 271
1183 540
179 257
228 396
1154 526
403 230
709 80
144 206
807 345
288 119
1142 556
1088 351
150 241
1174 184
233 499
948 188
580 660
612 669
1115 650
527 172
234 504
278 708
291 708
480 422
456 263
1107 472
1092 572
923 47
259 557
116 596
601 540
497 437
1111 335
232 626
190 330
496 633
919 80
893 47
911 231
195 12
979 71
880 310
443 256
224 503
871 400
183 366
1008 36
1165 565
842 249
216 486
1132 524
801 385
543 715
470 189
1101 421
817 292
861 364
245 588
1163 325
897 15
977 92
544 117
771 634
853 36
938 36
278 652
865 375
584 620
859 321
1143 374
517 397
612 598
853 344
192 308
918 138
879 366
252 475
748 577
510 305
515 393
995 103
632 623
221 383
1056 311
843 276
964 155
812 183
558 684
1126 409
1109 541
424 382
162 212
426 212
1126 593
250 659
555 595
1087 595
200 269
619 591
541 580
908 208
242 403
855 339
521 434
210 429
1158 429
412 131
558 577
1173 363
477 490
1162 279
555 615
218 419
665 617
905 50
1096 179
915 9
1178 398
1147 135
527 199
442 241
984 11
926 77
181 295
512 249
1086 362
807 252
1137 632
568 527
134 215
1131 509
1175 396
746 218
1122 100
213 441
698 243
981 31
199 291
837 683
655 629
547 513
526 690
971 14
939 25
244 521
446 294
950 220
905 158
1154 282
1201 516
470 211
1099 361
531 355
546 404
195 318
1122 505
589 526
1093 78
852 382
190 248
395 456
545 563
307 523
644 658
869 674
849 692
1044 609
1187 234
1109 240
1190 281
770 78
857 283
359 713
957 144
794 283
466 178
1075 435
953 43
1171 422
1177 367
1157 592
766 192
741 392
878 322
401 325
1123 586
483 374
210 467
434 459
517 487
1158 393
1164 458
1110 269
1182 495
978 10
881 681
707 92
599 636
511 483
271 713
392 90
809 289
1183 218
1131 463
591 539
226 236
734 315
850 273
594 534
637 659
911 78
594 217
762 257
280 602
488 403
1102 60
923 86
188 300
795 248
172 311
428 336
1148 257
1083 719
895 386
1184 352
1026 166
498 605
858 291
1188 539
1096 451
1206 490
858 650
1119 471
745 366
1167 310
243 552
796 243
817 171
803 348
1158 479
591 700
1107 600
606 643
827 321
999 10
516 361
779 404
979 549
968 101
1119 194
441 194
279 609
160 216
907 147
289 675
1106 389
149 214
984 695
630 541
422 355
1047 339
596 617
700 52
579 580
542 582
166 321
789 387
1160 341
1120 662
472 177
441 116
1170 474
459 380
905 514
318 719
551 335
1158 633
1121 312
727 101
804 195
912 678
482 304
1150 362
916 176
883 562
1122 492
1132 451
1110 356
356 151
796 365
839 272
237 552
444 338
252 561
257 635
1139 635
755 221
475 188
907 188
194 408
1109 408
856 366
1088 376
606 519
974 150
1032 389
524 621
188 360
584 499
1002 65
1184 418
1165 260
413 169
913 101
884 10
1129 418
1131 298
714 155
1149 408
1157 507
238 415
1109 344
387 109
529 374
644 543
1135 255
154 236
644 694
644 669
193 241
622 678
1194 591
1139 520
1139 403
1039 502
970 22
1129 456
1037 499
1161 466
1091 336
937 162
1158 595
1121 423
810 366
1094 287
736 228
1181 207
961 50
961 47
308 111
576 661
834 654
541 630
617 637
1128 587
1115 584
1212 456
534 472
565 393
516 300
1144 291
1181 567
809 315
1143 465
210 547
430 635
189 520
462 393
1199 504
1093 463
777 204
921 209
928 0
607 635
1057 517
1073 252
733 318
1067 303
865 369
493 336
763 256
750 522
896 599
906 53
448 524
580 658
1188 254
290 668
857 419
1124 386
1192 542
505 198
1167 546
1157 574
1165 293
463 248
775 216
1157 580
330 101
836 249
597 669
1106 565
977 17
1187 260
777 297
591 695
1040 571
1076 52
895 87
806 245
458 183
821 547
229 542
584 605
250 489
832 390
1203 398
992 6
409 161
549 648
856 341
756 325
395 116
1086 553
280 695
754 172
1222 423
565 403
1123 549
237 547
1083 635
640 619
1156 447
547 657
1194 184
1115 447
872 376
1105 362
688 95
787 300
155 267
1196 279
1051 632
370 133
1169 423
1190 422
1155 330
770 512
764 142
432 158
1099 211
818 418
762 276
1141 626
431 537
1033 428
483 704
1108 583
444 270
531 522
376 237
498 316
577 423
1141 335
1107 208
1103 429
1128 614
919 207
1175 208
407 219
460 234
1044 684
552 487
1122 487
583 642
1133 579
614 640
218 310
857 330
1203 383
880 622
600 416
1181 546
382 188
526 379
1177 213
357 107
1158 124
1117 534
804 543
267 617
1109 652
486 219
1143 498
575 560
1173 223
1105 579
777 326
450 316
678 5
1144 545
623 711
1131 349
741 380
361 71
474 206
656 201
809 254
583 595
1128 452
1127 538
1060 468
244 494
500 486
634 712
765 227
479 228
1130 237
173 199
841 6
875 519
548 0
185 226
1122 356
1076 558
150 115
211 346
1125 276
1022 523
1160 160
397 271
693 3
453 196
845 282
1196 483
869 656
1106 460
850 462
400 91
230 355
232 480
418 117
725 233
459 169
296 660
884 389
221 541
858 361
152 253
570 523
1190 498
244 594
732 267
1175 434
493 239
384 209
1079 563
1163 442
503 433
1180 420
491 278
498 265
758 383
1127 94
1158 219
490 248
1119 669
590 562
1164 535
533 533
1143 582
521 404
1136 434
520 508
229 459
536 293
1105 309
519 556
714 71
911 44
1025 343
750 288
698 306
1127 314
449 387
1131 477
642 622
497 335
851 358
1148 297
804 385
1070 445
567 418
854 64
459 463
1116 688
167 242
854 231
1132 321
530 498
858 688
612 686
1149 524
945 38
676 20
393 429
1096 633
869 390
442 123
462 371
1148 319
753 307
67 417
306 602
1042 525
1172 430
778 598
833 335
521 665
636 710
1095 174
378 406
761 265
464 296
508 437
1190 506
1173 561
1163 426
925 131
1071 52
1120 572
1142 236
826 695
1099 393
455 632
1123 322
794 434
196 351
1169 631
455 145
594 688
206 500
1138 422
1168 223
1186 397
1105 321
968 42
1080 283
517 200
218 268
904 127
1165 460
576 540
540 517
1107 323
762 512
549 527
1152 499
1163 499
950 53
1101 618
1156 553
554 535
1084 718
409 297
936 75
1147 676
552 620
883 401
1190 547
226 494
289 599
572 687
1110 465
1175 213
208 243
401 17
1173 613
507 449
199 273
179 368
514 235
503 415
694 236
584 715
207 261
556 616
548 514
136 276
875 328
524 350
272 583
1141 400
1043 438
701 386
833 26
1058 521
307 659
505 235
969 112
925 435
165 240
1207 538
519 531
802 252
766 363
252 585
802 262
999 208
1069 400
1099 663
913 106
845 406
939 143
166 219
534 414
493 399
170 284
798 582
703 169
733 111
498 429
271 501
217 487
1145 632
1133 260
815 265
408 253
182 337
1139 596
1147 351
777 432
523 378
900 28
817 532
355 68
591 585
619 689
568 607
1048 387
1091 517
1188 333
1126 428
972 51
1130 525
975 2
1145 109
1141 345
729 105
1200 293
764 489
1094 621
1143 483
1133 456
1188 496
897 68
1099 30
195 213
208 480
219 506
1163 326
718 206
614 527
415 346
749 394
1159 485
556 686
1094 552
296 500
928 103
971 73
287 715
223 543
249 677
223 492
605 561
174 239
1151 588
1181 588
638 669
554 469
450 266
526 603
1178 561
248 569
163 237
500 261
641 631
530 268
1074 329
1089 664
935 87
1086 524
500 266
440 210
263 577
866 347
412 198
530 298
850 259
197 377
811 343
1090 531
1085 289
1125 515
1190 334
460 144
1135 644
1204 490
775 565
887 115
607 556
461 291
1083 501
626 571
1154 251
541 300
1128 507
747 387
474 267
217 493
1162 244
1138 413
1108 209
185 275
1173 217
1087 373
1175 502
183 232
517 453
1099 277
555 558
1124 390
793 419
1152 648
1086 247
551 391
959 25
953 33
1089 599
1080 74
176 282
507 307
916 161
576 507
534 528
192 235
804 501
495 332
1105 316
558 648
789 371
810 400
517 646
508 505
171 642
830 421
506 554
865 414
568 555
201 350
1122 564
1113 639
1155 447
202 410
1111 273
1166 488
1128 603
1168 343
216 542
1153 349
586 572
817 248
912 86
182 297
197 530
540 612
891 614
1124 183
1120 362
230 459
1153 427
1135 345
1048 484
1048 552
423 425
555 659
592 641
883 367
858 250
488 148
423 85
962 103
1118 346
886 397
802 389
1114 353
180 306
528 600
1136 508
173 457
284 692
217 449
451 214
1161 195
1133 328
485 340
1208 465
1173 497
527 514
512 271
538 513
1042 621
818 233
1135 302
89 311
1118 265
251 413
221 511
1155 283
263 634
1106 216
1115 669
479 297
388 0
991 63
1121 578
946 185
1158 107
329 692
190 336
183 17
756 199
587 586
861 714
1192 283
218 391
315 89
930 106
1184 191
842 220
1070 686
758 651
254 583
198 391
194 303
207 352
535 502
802 336
624 594
630 635
177 258
229 575
523 566
834 359
569 680
1170 266
1126 376
1236 403
806 224
802 194
1151 524
661 648
529 326
945 61
953 100
394 113
929 140
314 594
505 499
986 64
967 146
278 717
987 126
1130 302
145 244
1117 518
1206 354
101 132
991 163
1001 83
928 296
210 361
553 708
1122 364
1161 422
184 356
997 17
272 515
853 285
1121 322
591 18
1155 556
944 96
976 44
145 264
178 302
228 259
935 55
546 346
484 587
563 525
124 190
511 391
209 388
843 285
166 286
420 219
468 108
1185 261
855 711
827 51
1101 17
272 582
191 244
528 434
209 443
772 231
357 149
195 179
911 185
1088 352
1138 558
1139 360
991 84
798 601
1070 523
684 109
1187 230
153 260
312 690
1058 656
181 228
474 186
476 304
946 210
1140 576
512 301
1155 530
850 339
1102 261
794 419
533 421
1159 128
1018 91
456 366
191 290
464 113
209 406
902 183
445 182
814 180
841 298
1131 527
1107 356
1109 527
1182 547
1058 457
310 711
491 212
661 715
768 190
167 158
698 96
617 621
472 369
1154 451
1171 397
1165 526
746 179
1125 541
261 524
653 653
742 256
483 189
1073 648
173 258
1086 335
161 415
1058 585
434 259
421 259
518 563
1152 346
393 307
1089 294
260 526
1187 490
869 345
1162 459
1131 416
532 305
1159 250
1146 195
165 327
915 223
503 146
1110 438
408 390
1136 394
175 191
503 276
210 382
1097 346
752 384
468 211
1131 375
966 91
1142 638
207 438
611 504
1099 210
542 465
526 265
567 447
1173 341
1205 347
520 460
1129 460
1124 594
403 118
951 44
943 0
1102 516
1098 309
790 242
623 521
750 518
480 397
860 308
606 578
219 504
952 80
1162 581
859 655
844 402
1037 441
1121 527
967 197
623 547
807 197
443 208
600 582
685 517
874 370
547 690
522 365
936 44
491 438
496 588
196 391
918 90
503 217
827 269
343 199
445 194
1086 416
820 522
514 323
369 73
394 206
1131 223
1131 272
260 712
465 603
1048 439
1123 540
402 222
1092 530
1019 257
1150 548
872 24
1150 537
859 269
1112 268
549 512
757 90
893 136
707 131
1156 622
1136 144
489 184
395 168
180 296
316 679
1184 181
897 107
1059 23
481 179
777 159
452 597
713 487
778 378
1029 363
506 639
991 99
864 643
421 126
492 609
286 686
731 74
835 348
515 316
864 324
778 540
745 383
242 555
1166 496
587 711
1148 179
188 400
1099 475
868 6
568 38
1140 354
1094 262
973 49
1090 395
1195 303
1120 506
867 695
470 292
1157 180
1121 493
183 244
976 47
893 391
577 394
493 374
859 374
879 362
1052 661
944 52
979 203
788 213
1053 434
194 404
215 391
771 511
1165 455
589 687
851 32
1169 378
399 311
356 459
1137 250
371 170
539 531
455 242
931 162
159 235
550 505
825 258
244 533
600 545
1048 640
1072 511
368 37
137 136
345 102
824 322
379 42
584 602
1052 149
1164 456
192 250
868 614
763 470
507 243
520 225
1209 326
1077 513
473 236
1159 509
1163 368
182 322
500 596
201 401
1045 696
969 198
190 269
1129 450
819 202
1164 190
598 523
1179 364
723 195
931 245
627 657
939 252
747 89
982 32
1157 534
1141 576
515 251
1141 245
313 639
1143 451
1159 263
805 295
796 500
1178 331
534 426
852 369
1180 488
742 381
603 423
1194 421
1178 200
502 197
1043 435
779 97
806 301
938 43
400 278
1008 96
434 145
1147 425
1089 533
1144 406
1089 495
1159 383
419 693
489 231
613 515
1200 314
1147 454
803 333
1062 291
578 616
872 394
1159 442
1130 338
519 358
513 368
1137 483
1148 418
590 568
454 625
1155 464
862 604
881 714
455 199
517 149
944 1
731 92
839 273
1109 457
1180 457
1199 503
846 627
567 565
1076 705
481 178
474 204
1205 552
466 200
564 521
569 538
945 13
1155 194
1176 376
271 640
498 215
1134 640
949 203
1177 223
801 138
847 274
877 379
564 531
1069 369
528 317
743 363
1086 458
496 211
1088 283
1186 586
1107 641
1165 127
585 642
290 604
934 98
1085 665
882 84
1178 605
837 434
239 252
261 618
734 96
768 200
920 180
799 172
727 164
659 677
1128 253
623 191
837 394
480 324
1080 608
539 305
524 714
182 158
554 530
166 242
176 367
782 121
188 302
832 378
324 60
837 40
1112 146
439 9
1080 4
871 629
1171 330
772 550
588 550
1087 194
495 462
976 133
1174 350
887 364
840 271
365 291
501 653
1173 368
743 362
712 432
1115 416
1153 464
1059 477
356 56
728 168
1148 235
434 230
1084 400
1208 402
1140 448
1150 288
493 519
1172 524
1118 591
579 579
853 644
415 151
1074 419
254 594
490 582
854 525
283 676
613 685
838 259
513 291
1114 342
403 326
205 365
770 355
1034 420
509 449
631 609
1091 613
591 621
837 517
761 514
783 532
686 227
803 215
461 172
351 156
332 132
490 29
538 14
475 279
1180 273
448 260
1134 268
1149 291
451 288
1034 296
1141 350
856 345
1067 338
863 375
1202 375
563 378
807 354
1153 366
191 457
450 476
204 482
277 490
824 504
1154 384
510 415
1036 433
737 434
618 611
597 617
774 635
541 634
468 632
600 636
1109 597
566 562
1042 567
537 564
574 564
616 558
256 556
577 552
1154 544
533 529
815 523
655 675
1126 675
907 673
546 680
1158 660
645 663
491 644
862 651
1073 717
296 182
348 166
193 173
464 175
1138 152
1148 155
437 151
1121 211
445 192
433 195
1165 204
431 239
456 236
987 226
69 227
1186 252
489 248
488 244
1129 245
1083 38
297 61
1196 292
813 290
392 311
1107 308
139 271
823 269
1083 269
487 287
1143 281
1153 355
471 356
1076 366
1139 362
1199 360
884 368
840 337
1182 336
1202 338
1202 340
1077 350
1201 351
1018 331
1149 322
1018 327
488 324
906 386
1179 391
1200 400
1036 415
460 408
1124 442
434 425
427 417
490 511
1054 510
1157 501
1199 484
1171 479
1144 476
1177 464
1185 465
1135 463
1071 459
1138 450
1135 455
1023 611
611 612
1190 626
1111 625
508 588
1161 589
1143 581
473 582
1125 602
1111 606
1117 606
590 599
1205 547
1118 544
598 548
1165 569
595 571
436 573
1190 560
276 562
606 686
561 687
1035 689
582 690
720 646
593 660
458 711
599 715
941 30
869 27
706 124
987 114
478 223
722 223
765 222
482 209
460 214
461 238
851 238
201 236
803 224
1168 224
809 225
326 227
783 231
787 242
1142 154
490 145
178 178
946 178
858 257
852 264
1145 270
789 294
195 303
1162 296
200 376
745 379
517 383
733 371
1180 367
206 364
497 346
1043 347
544 337
1202 434
1152 438
532 441
561 422
1092 424
217 403
547 403
392 406
1199 405
1172 408
876 397
198 506
220 507
1156 507
784 505
1110 508
1155 497
1106 482
1126 471
792 531
267 561
316 703
312 91
939 72
759 186
951 173
143 235
167 200
1109 435
268 646
259 417
176 216
115 266
954 55
1102 455
329 676
495 270
536 686
1123 685
626 714
896 147
130 295
861 28
503 507
932 12
994 27
1119 532
608 600
750 195
970 131
630 564
1115 273
471 164
979 161
924 111
1196 284
230 610
1181 319
790 546
1074 432
979 19
880 159
912 76
226 428
525 384
1014 38
159 261
212 425
821 255
1128 459
562 505
1161 252
1185 200
1203 388
1197 401
181 309
421 430
1049 689
498 608
186 368
1101 364
220 516
221 456
978 634
1095 419
858 10
957 34
313 637
409 562
884 150
994 108
774 263
1138 352
1145 182
257 605
174 379
615 553
160 210
1158 386
178 347
208 369
1160 562
216 290
508 86
976 99
282 579
927 195
178 418
182 200
270 487
210 436
512 263
997 31
1145 518
897 77
305 663
188 347
210 357
947 128
1127 40
179 182
616 708
225 477
945 251
176 38
1013 150
1153 269
1127 535
172 238
233 430
243 524
370 347
167 247
287 641
982 151
574 528
1011 44
993 67
173 244
182 272
919 35
960 135
949 154
205 376
562 684
1115 607
943 205
227 548
263 544
224 394
944 115
969 77
991 653
513 347
743 409
177 235
882 136
1094 458
237 577
194 249
278 602
1122 335
1181 573
822 626
914 0
956 219
181 246
845 255
973 248
460 394
190 41
924 211
1163 362
307 624
1109 660
1189 274
256 629
884 147
238 585
180 211
1110 538
276 708
232 581
812 256
211 221
1143 472
136 290
178 185
1089 273
221 240
186 280
243 543
973 119
984 102
1171 329
201 310
168 335
264 459
881 97
471 218
192 374
202 179
200 441
748 183
995 27
235 248
985 54
908 82
942 62
932 194
152 204
618 505
1149 326
207 351
279 664
936 165
230 565
1186 543
829 306
486 581
846 31
939 31
839 187
1011 105
1108 320
236 482
203 172
631 707
478 269
1040 471
178 265
1148 510
486 156
83 169
257 363
793 170
175 213
222 393
246 551
842 269
191 255
262 619
222 530
245 261
860 121
1161 639
922 200
971 16
182 316
874 47
812 361
1094 443
327 717
545 629
1049 313
263 497
292 552
930 525
984 4
185 325
274 628
1041 627
197 446
771 411
1123 496
229 391
443 602
1146 390
361 40
1139 409
598 666
199 517
1093 508
1128 483
475 301
582 542
244 576
827 157
969 83
265 629
950 75
878 333
1119 524
1125 271
594 702
1139 533
781 289
1044 518
512 491
727 275
1102 76
1042 252
224 421
488 583
551 336
1094 186
615 570
497 214
169 392
243 487
999 123
175 434
932 122
725 228
862 281
824 261
1193 401
524 361
258 453
989 625
203 527
235 508
1113 398
254 566
948 75
876 65
291 514
838 270
408 447
949 168
852 296
1007 154
282 659
500 205
975 60
849 31
550 408
1013 72
862 99
189 486
894 125
948 167
520 244
112 155
813 170
193 238
894 178
266 497
500 281
1176 618
204 468
1118 642
293 676
853 61
935 134
167 289
275 664
922 23
338 648
1073 610
881 58
1094 192
1172 560
491 229
338 679
218 287
511 546
985 4
987 11
992 5
884 265
238 424
984 170
895 108
1018 24
916 160
170 333
969 49
949 16
574 487
145 240
215 467
198 243
601 564
282 627
1077 485
448 277
886 119
912 194
230 569
1191 478
233 543
204 516
977 571
237 464
255 487
904 163
233 465
266 593
404 76
988 103
1202 503
416 123
149 258
768 289
945 30
232 484
168 211
965 23
193 300
933 201
265 107
250 557
237 476
164 252
800 251
383 93
1111 462
972 73
1106 135
990 111
680 170
1192 407
203 393
871 144
901 391
250 478
1061 0
1147 536
272 630
261 466
840 71
959 108
273 452
922 110
917 21
979 143
169 283
230 241
1008 95
149 183
230 296
227 381
201 274
206 332
900 64
1092 475
152 136
949 37
199 442
207 450
991 150
466 277
1093 391
367 175
198 230
594 694
1196 377
991 146
338 697
917 194
865 81
555 492
493 184
180 222
906 54
823 284
606 689
1156 388
839 352
837 297
900 325
1176 501
1113 443
576 671
1101 345
915 31
518 629
1168 401
1179 340
1089 618
272 542
951 170
1144 360
238 453
272 460
736 333
976 90
1198 370
1193 449
1155 414
855 634
161 208
1193 115
543 497
903 142
175 180
1102 485
1159 489
281 512
833 273
776 125
913 19
308 561
1125 331
857 414
776 411
586 612
935 21
203 305
324 659
276 685
934 145
813 326
1079 516
188 211
933 185
206 427
252 587
1161 526
209 262
288 647
197 463
969 33
324 714
187 148
589 663
1034 426
886 98
1128 218
967 14
1155 444
1177 208
973 38
897 184
1136 549
984 24
1068 631
513 545
907 66
1104 339
1130 385
570 694
475 630
888 109
972 2
192 452
1104 374
1192 488
182 240
470 361
544 430
953 1
1135 242
791 237
612 551
1158 297
193 304
1128 180
271 601
520 262
213 282
625 661
1118 280
944 164
1141 272
966 54
511 437
1151 567
813 335
714 117
587 547
1183 274
220 330
1102 613
947 38
432 199
988 44
257 642
969 162
556 689
1136 559
260 578
993 63
1046 289
1124 167
1169 354
536 354
854 377
855 286
180 437
901 58
452 203
1144 315
780 224
1161 601
1159 583
522 380
509 430
258 485
744 200
741 79
1205 311
1117 497
1160 101
999 577
782 382
244 619
945 224
1077 549
1167 436
597 520
195 30
522 255
664 711
738 457
1163 457
1180 460
621 595
993 148
1069 370
788 229
459 237
1066 524
1161 363
318 644
833 360
746 171
183 197
928 21
229 419
1072 631
790 555
229 300
815 481
606 637
484 336
452 341
486 561
1154 471
1173 507
521 528
1134 391
202 576
809 508
553 583
186 316
760 210
800 159
1134 406
415 407
1121 481
136 237
1100 375
984 3
190 391
206 355
839 218
292 680
264 564
824 253
221 216
750 389
1135 135
235 585
601 486
515 583
495 201
1188 433
796 98
170 328
230 426
799 527
917 133
195 298
966 187
806 359
1146 263
301 662
1102 582
974 31
202 275
234 637
1168 486
534 387
1181 231
954 5
515 558
151 294
1142 562
163 220
796 187
1171 490
306 686
249 518
995 117
909 233
496 188
169 444
470 570
486 418
261 580
175 358
310 665
852 63
1178 349
837 345
867 693
1115 154
229 335
819 314
223 493
970 6
940 155
287 582
405 109
400 187
180 361
809 656
480 279
246 530
850 300
436 285
204 262
140 190
195 57
933 162
1046 468
837 507
974 98
1115 228
962 199
1101 397
868 521
1187 427
516 419
894 123
824 373
162 202
173 175
1166 324
965 119
209 318
910 50
974 17
659 657
284 508
898 23
713 244
182 351
180 287
984 105
537 335
256 544
567 579
625 625
966 139
1099 649
1104 513
170 255
907 138
201 243
885 645
213 473
467 212
975 85
467 160
537 368
195 433
131 185
872 127
221 363
942 119
844 3
398 129
1111 418
232 577
949 102
217 569
1194 385
284 664
907 139
986 111
496 679
860 76
832 340
626 622
891 165
135 220
509 209
942 12
1097 486
498 364
1143 211
1110 678
694 265
1128 600
967 59
292 660
1113 223
985 105
804 226
423 314
184 282
1110 121
1096 354
802 510
812 431
953 122
797 528
957 199
1175 401
276 542
223 449
1082 423
946 97
813 260
898 65
1058 562
795 418
972 1
259 567
518 336
942 191
1186 566
599 693
861 91
180 353
588 556
178 380
1201 296
305 639
630 584
231 527
223 48
1059 415
515 282
864 290
1202 386
218 414
71 522
151 197
927 46
1084 263
780 292
1088 657
392 212
500 240
756 137
965 17
1192 412
826 283
1118 659
1194 435
533 262
1188 168
213 468
1079 557
857 360
1180 580
1121 438
625 658
754 505
567 543
904 104
1119 346
170 265
1117 718
813 164
883 635
479 572
1147 314
827 291
839 293
281 550
1125 601
950 135
490 220
888 320
1144 363
1131 401
1183 422
619 439
895 629
1143 516
552 543
303 650
881 18
866 50
800 197
466 179
1121 162
543 544
1175 488
1087 398
165 256
228 303
766 290
721 99
603 673
1120 667
936 79
642 627
930 54
216 240
1184 525
193 224
1006 26
252 536
836 305
1169 127
951 114
1102 311
1146 620
822 234
845 646
1153 395
498 313
529 483
1114 407
932 98
859 239
764 337
900 112
1182 438
789 226
1066 341
596 646
817 293
860 517
478 525
520 309
512 466
1119 597
247 595
384 68
1052 322
1093 651
1154 455
779 304
1124 358
1123 380
1143 341
827 273
1041 598
1134 502
1191 350
198 486
525 298
1170 461
1094 586
845 10
1055 450
1127 443
546 553
1173 526
1061 196
1153 385
786 212
1159 477
1210 412
762 203
488 410
1118 469
1184 360
170 243
1084 420
187 424
807 512
961 228
1035 378
932 9
782 226
424 164
1206 526
235 300
933 43
808 201
995 26
1002 155
1123 468
1048 687
87 367
1167 373
949 69
217 505
1131 273
236 502
508 336
1189 525
1123 610
1145 451
526 638
1170 329
846 513
536 535
866 418
583 678
983 171
271 658
559 348
1118 88
516 238
157 276
1117 480
821 216
163 126
897 2
773 262
1165 597
185 359
865 381
603 517
775 219
128 227
830 293
1185 317
604 611
172 386
1064 640
819 250
1198 259
663 377
443 543
331 698
276 615
1113 326
1127 105
529 452
1168 354
243 578
752 381
712 72
199 446
870 408
756 530
232 428
893 506
825 335
1100 347
739 64
255 530
421 315
1192 535
332 711
533 675
220 429
1099 679
614 540
768 320
953 125
177 271
924 37
157 287
1175 353
883 14
282 697
920 163
209 431
241 519
999 133
1079 350
489 449
279 666
807 374
1169 457
1078 252
993 629
325 693
1185 364
228 566
1094 585
1119 121
1161 571
891 8
906 56
170 241
873 349
1079 506
864 84
784 482
1107 621
992 619
1046 513
904 709
145 63
1100 543
253 560
455 514
835 291
786 499
1052 492
405 207
182 232
953 562
1125 520
1113 560
268 594
266 551
1188 206
955 162
1005 162
206 425
258 454
1145 447
239 268
203 498
1066 529
200 178
387 80
872 395
196 579
1167 526
865 496
647 572
1194 604
809 224
750 92
521 385
201 259
1141 330
1166 564
1190 540
496 210
502 709
511 182
538 553
843 388
1063 387
253 492
584 639
539 480
1140 503
1052 14
620 611
1170 501
1136 547
509 238
1102 588
1069 399
418 205
759 559
1101 453
1067 441
1193 262
838 258
1106 353
208 210
1190 204
1194 248
706 144
804 173
478 0
249 664
1177 615
1207 531
1110 400
1096 502
1134 341
784 173
1173 251
719 23
243 532
1138 456
526 476
1120 477
1152 128
1183 225
595 627
1150 629
1103 565
1125 569
811 719
770 357
1139 361
497 366
1200 482
1204 467
1189 402
914 81
1006 107
527 231
362 141
252 579
874 368
737 398
540 709
748 542
1009 73
1008 22
1189 286
685 304
1120 307
560 325
1181 325
846 364
869 387
1149 385
1183 385
547 407
1196 460
1057 473
1109 677
1125 679
1198 600
532 521
1174 521
527 563
1104 144
398 147
141 222
173 215
932 52
1100 20
1201 350
1181 348
193 353
856 273
1147 288
232 465
1176 454
1184 444
558 620
593 600
1141 529
434 681
557 703
337 712
1182 194
1159 199
184 232
459 191
1165 91
446 80
847 336
841 333
835 357
685 353
1110 287
544 265
1154 299
796 297
458 315
1123 450
1126 490
1127 394
1091 404
501 441
1082 547
1129 589
631 673
628 677
833 691
416 164
509 251
855 9
1022 56
951 120
167 398
1048 398
1125 390
804 323
1200 328
1150 534
834 531
1130 520
1198 580
1164 149
433 148
797 196
951 16
878 97
1106 109
567 359
1093 363
464 259
843 293
708 425
1075 491
1139 504
863 510
1193 498
1112 465
449 464
1081 478
623 594
1104 563
1186 538
1191 195
497 210
425 149
278 63
1131 325
785 331
733 377
1132 380
896 361
1136 354
681 276
745 275
830 263
1121 263
748 293
1069 385
64 388
1149 415
1088 420
1191 447
1204 502
527 455
606 570
1132 571
251 564
1159 534
834 707
511 208
483 213
849 214
326 241
818 242
414 234
1160 177
1169 177
1199 182
1146 181
441 186
458 171
922 69
728 89
1077 23
1136 350
492 342
886 369
1126 284
815 269
1125 263
1135 299
484 304
569 319
460 405
1106 387
1165 429
777 489
1119 492
1140 482
1147 507
1132 501
575 479
563 450
1195 455
1144 611
1100 613
1060 589
1054 603
1164 600
528 525
800 554
879 572
297 657
599 657
1090 656
823 671
1085 651
1104 716
546 711
1124 251
462 252
531 247
459 243
827 226
447 228
1192 236
478 210
504 204
368 131
869 135
1117 135
1158 134
470 146
422 145
466 180
910 81
986 42
1138 319
866 315
1121 296
747 278
820 351
842 338
825 321
1125 360
869 352
762 368
856 383
403 508
756 461
1051 459
783 454
1195 439
1198 447
1075 413
261 535
1210 530
850 526
1128 526
536 524
550 521
832 522
613 516
545 548
1194 554
553 572
1193 573
522 596
980 636
658 664
1074 687
579 675
666 697
1163 249
494 248
187 251
645 203
1118 212
1134 170
450 172
413 180
905 190
578 38
853 14
221 272
803 276
1153 285
181 266
826 290
1150 289
879 374
72 408
861 404
495 419
567 446
1116 494
206 481
809 498
228 496
1106 507
786 543
215 539
485 530
1142 533
1151 533
524 514
1151 517
1079 523
650 558
310 686
840 716
418 198
407 213
734 211
963 160
503 170
1121 67
856 72
1122 112
1121 291
1051 370
676 368
193 436
1181 443
839 427
1089 393
855 408
261 495
1136 492
237 507
257 521
1084 537
237 549
1112 544
1183 606
681 709
601 702
932 190
555 152
987 222
343 111
463 305
208 304
748 269
823 323
798 331
415 404
1159 445
544 417
585 453
596 675
634 605
210 420
551 424
1179 569
988 26
1202 294
1186 568
264 561
896 64
547 580
1144 281
1206 439
794 237
1195 353
518 501
969 152
1107 549
1178 431
838 234
1103 240
490 626
918 14
206 281
1172 237
422 37
979 659
177 335
175 379
770 518
967 87
657 51
1069 502
737 356
1138 460
1143 478
1131 425
965 170
620 605
819 173
1067 644
1123 43
933 68
1188 416
1124 544
758 432
409 134
813 499
850 574
1094 460
166 245
379 182
912 182
1039 367
932 118
1174 302
404 352
1064 481
1118 289
176 267
566 333
474 461
481 456
1061 478
1132 332
666 712
1198 464
265 562
552 350
1100 549
1173 579
826 15
170 232
867 421
462 685
840 195
808 413
1203 197
997 188
222 567
1064 517
1139 451
281 578
741 591
994 149
456 564
1142 372
1177 450
177 281
895 70
446 479
566 380
904 88
681 329
251 589
831 199
519 292
1199 357
1124 609
693 235
989 166
1192 273
562 552
912 207
1000 18
449 293
881 57
481 185
442 251
1086 311
974 160
841 521
257 615
594 693
940 125
994 6
196 225
945 106
209 455
878 137
280 678
485 256
946 11
201 219
217 389
1123 643
310 710
1019 436
192 463
602 666
1028 556
173 287
1177 319
949 92
793 629
1137 372
460 159
1085 535
1102 534
282 674
437 273
932 121
1108 529
226 490
291 648
966 76
1180 527
1068 506
235 389
465 163
736 389
909 658
389 236
789 424
166 300
726 420
230 536
796 284
899 441
435 168
201 290
899 175
611 607
232 288
227 386
1114 405
801 340
709 69
541 691
466 187
1168 538
1017 491
170 322
1134 616
912 162
1206 363
654 528
827 211
444 134
1158 214
607 601
1201 337
863 29
565 554
255 486
1139 398
1171 384
1089 434
1078 166
1167 431
1166 382
1073 192
225 16
565 479
1097 470
762 540
277 612
1138 318
215 651
210 395
500 234
194 322
621 570
876 85
914 138
906 654
263 525
280 622
514 286
821 451
1012 87
190 359
1132 476
528 357
1175 522
1124 450
1092 515
1125 439
287 111
139 215
544 218
997 19
481 257
1134 357
1109 358
1083 463
518 632
761 482
1154 306
547 572
1146 479
643 594
241 497
962 189
729 197
266 640
199 412
1181 392
471 443
997 51
770 184
1092 328
1191 280
1176 543
664 224
504 316
478 369
1126 523
525 315
1149 532
1181 368
217 510
1141 255
426 234
1156 75
625 551
1133 566
694 658
651 657
1082 318
465 294
434 272
794 260
1186 499
1111 505
1133 452
455 468
330 7
507 9
489 179
1091 171
807 530
589 536
1136 206
557 291
770 360
866 405
1082 396
1161 473
510 472
618 560
633 639
886 696
755 690
1137 174
423 233
1067 249
1145 103
1142 116
941 18
223 342
1163 323
1189 367
840 354
437 378
879 383
1150 401
1075 408
1135 410
766 387
1195 433
1070 435
1032 436
1152 529
1136 532
1127 635
1159 581
1136 580
594 595
1076 605
490 242
815 178
726 33
463 295
528 289
792 268
853 347
1126 327
1161 330
1129 380
1196 367
817 389
891 395
1071 404
525 416
1149 474
209 477
1189 496
852 706
538 688
917 656
587 651
985 179
463 164
463 205
479 205
184 221
1073 309
862 294
147 271
1138 358
221 401
183 444
247 497
1152 468
767 640
643 674
1093 196
1179 206
955 87
522 267
527 276
1199 380
1168 503
779 388
554 523
553 541
1056 569
590 661
1144 156
1105 167
474 299
213 383
751 321
549 431
1126 396
448 484
1146 476
610 610
1092 581
496 585
1003 32
903 66
426 150
490 180
737 187
406 193
810 336
1140 345
269 454
1132 458
545 498
530 413
476 542
221 540
563 566
579 556
1157 544
526 596
1107 602
981 614
1061 681
598 703
286 657
278 94
1014 23
827 247
477 251
502 192
1069 367
1187 371
785 278
692 267
718 298
1170 389
1118 424
1121 490
530 578
1120 587
247 625
1074 529
726 536
1064 688
1080 674
648 652
589 645
504 144
1140 152
503 179
1149 191
747 127
1140 320
841 332
1194 343
1178 340
217 351
1161 371
1119 304
1059 483
1103 479
767 427
754 408
1103 575
1106 557
1158 551
510 601
287 581
565 621
787 207
491 244
471 251
1134 130
774 175
1155 182
1084 11
1130 70
419 298
1204 315
454 310
1151 374
485 368
1120 364
1058 396
440 386
226 409
1172 485
523 465
235 565
234 558
1149 292
769 301
1191 285
1175 325
233 331
470 159
519 189
1198 237
773 248
849 245
947 17
811 519
617 582
511 456
1107 496
1208 490
1163 390
1193 294
889 380
1182 361
230 539
394 36
607 575
1078 370
334 223
1095 483
1127 509
1186 354
581 428
1125 673
558 695
601 711
1169 482
277 629
839 551
625 647
503 180
1103 341
872 357
1136 500
1116 519
1024 521
478 180
573 687
1138 239
1192 609
1112 496
1190 467
1112 608
534 393
462 173
1138 652
1110 336
460 331
1156 384
1126 441
1111 543
1036 715
1156 638
1119 403
810 268
211 447
1118 100
979 68
1090 221
1171 277
162 199
881 378
790 290
543 394
265 575
1051 667
220 529
1189 508
493 470
489 412
1119 557
827 392
967 42
1187 589
407 88
142 74
674 359
798 298
1123 608
1191 230
838 244
1093 390
1136 556
257 619
1026 383
466 474
1075 263
1191 246
687 41
578 513
195 353
619 695
917 105
1063 359
1100 368
924 73
174 317
590 682
1096 246
1135 357
880 117
241 608
808 155
777 290
404 400
1107 374
190 211
998 38
1177 458
302 134
476 280
672 345
512 195
656 718
1079 393
576 606
1137 384
1067 361
1163 601
797 517
163 328
1156 433
1101 391
441 164
400 103
1125 664
1177 568
487 250
444 552
752 268
1119 190
276 659
795 246
462 523
509 473
1126 387
791 304
447 142
1072 109
364 118
1207 411
914 526
742 203
514 202
198 294
903 72
603 495
1163 531
531 647
445 642
157 214
661 22
1081 31
954 602
871 370
169 273
896 94
147 175
817 109
1208 371
595 494
424 262
473 398
1170 201
632 554
525 349
458 188
271 540
460 211
622 697
1168 407
1194 555
270 113
515 312
1131 262
1057 458
533 206
502 382
833 426
1031 493
976 9
169 287
862 315
1186 280
1135 513
1078 444
1104 254
1143 360
1157 341
812 360
1075 642
920 225
680 211
1100 682
1202 374
722 288
812 239
1090 493
1100 475
951 82
1192 337
1138 209
1144 298
1003 116
1098 379
471 215
857 599
829 243
873 381
1140 404
1167 115
569 565
468 304
826 257
1136 456
860 386
881 609
305 649
1007 34
443 185
1074 319
485 293
1138 392
1198 392
1119 446
1184 443
767 484
537 470
535 528
860 649
525 661
787 128
384 342
1169 297
582 585
765 102
839 236
1205 484
804 344
1115 561
1123 283
1041 359
515 360
968 14
1174 594
1176 253
620 538
848 240
448 298
1187 337
797 580
569 514
230 360
418 413
539 442
403 187
973 187
488 162
995 155
1106 308
1202 281
1179 345
480 535
1192 521
742 125
633 195
419 320
565 473
1173 486
1165 346
833 401
1138 452
1122 227
254 543
1035 348
1181 545
602 606
1148 658
220 385
1101 317
273 529
1138 199
584 531
1152 121
941 34
561 480
858 301
715 82
630 663
581 16
1063 516
1121 402
722 479
1059 479
177 280
796 268
466 243
1116 317
1082 363
780 477
917 35
226 249
1187 253
844 294
1121 269
761 332
1194 417
1162 412
1091 403
833 240
830 301
890 378
1135 389
1107 546
879 137
1111 364
1137 450
614 680
541 26
478 186
483 494
618 547
1138 381
420 350
808 392
1183 523
909 651
602 620
1152 604
976 56
571 578
516 341
509 223
483 168
661 543
429 164
1068 522
403 265
325 105
500 324
500 708
503 325
1185 466
1161 638
821 233
501 305
635 620
1086 561
1119 649
867 308
328 168
1148 522
1128 202
434 175
1064 292
1139 278
493 268
731 393
846 304
1201 217
815 537
1094 133
779 561
864 5
860 273
301 625
1167 426
836 338
1177 384
178 149
889 15
208 431
818 413
1146 147
538 566
1197 394
883 49
227 474
880 401
457 615
719 216
742 161
811 261
1188 434
1176 140
1178 399
180 276
518 398
869 422
488 234
212 238
892 11
1076 576
1053 359
222 322
775 383
1146 351
884 91
1057 367
1184 514
1157 493
444 164
255 503
1173 485
958 177
1114 651
497 189
457 193
754 319
804 376
476 347
897 699
642 621
250 285
1113 237
1094 431
698 169
882 102
761 177
1132 310
1105 474
1135 618
846 315
157 220
746 338
1100 337
1179 326
1180 393
531 326
1125 528
644 256
773 221
568 297
790 316
847 529
864 243
780 529
1076 613
565 641
1072 165
1132 631
1190 458
185 188
1181 511
1069 560
1144 350
283 533
1098 446
889 679
854 285
597 616
1078 239
215 388
1159 578
751 194
818 497
945 177
485 153
1134 385
550 284
1191 343
209 263
505 277
890 108
216 280
1157 268
1181 273
229 506
1093 263
182 407
956 168
751 94
1147 374
904 211
1094 628
1159 569
1157 293
1168 589
171 291
1167 595
799 649
775 615
908 16
207 159
487 289
1156 289
278 515
177 219
800 547
1149 82
1155 603
148 257
1134 474
368 105
159 266
1074 532
1170 250
284 491
244 426
287 510
890 78
197 524
897 70
1121 444
240 534
934 132
899 36
579 608
439 498
491 384
306 642
1121 449
608 687
545 537
1103 573
1118 574
1103 370
1105 278
646 687
229 548
459 308
1078 191
123 263
1182 464
991 212
1088 523
910 153
797 252
771 271
574 412
168 209
1174 509
1114 387
1127 241
904 200
920 114
945 149
510 428
989 101
1167 260
184 329
599 548
924 82
196 490
515 395
1135 310
213 331
144 227
199 489
1128 352
1066 397
901 135
883 510
1182 378
1162 406
542 387
214 274
1000 41
785 409
424 189
547 585
277 639
249 411
196 275
1193 238
187 350
546 365
261 595
1174 372
1039 280
739 221
173 256
479 154
860 66
216 421
1180 157
527 1
1127 330
894 2
256 423
171 189
165 306
185 210
1167 266
252 562
611 706
219 453
1151 639
1048 363
1168 198
864 268
447 248
1108 355
868 88
831 419
1001 133
747 268
903 179
1141 480
1119 28
584 699
270 478
992 646
992 89
1200 429
753 75
1134 441
192 232
1162 210
1075 506
1160 481
836 347
555 537
793 185
611 687
877 366
480 203
778 237
448 511
980 667
860 7
955 80
810 270
1107 596
236 542
483 206
1052 569
1111 259
550 553
1202 207
970 44
829 355
453 337
1082 190
1039 352
601 499
880 35
1096 6
204 381
175 215
299 686
578 650
173 206
1009 27
634 672
553 506
1147 561
254 508
548 442
564 646
208 246
758 143
573 556
550 479
704 44
957 16
1089 669
266 555
1166 296
195 352
193 332
826 391
1179 399
502 218
509 304
212 351
1143 336
1002 110
183 306
755 248
1191 314
744 420
1158 363
312 621
319 671
624 533
1122 397
227 427
1096 363
1039 271
812 716
821 310
1207 211
1110 149
799 204
855 278
776 453
617 672
806 232
1177 209
285 576
198 467
518 286
803 250
523 484
1082 373
1197 469
245 570
308 708
857 287
219 495
254 548
1130 432
986 191
747 468
283 642
227 586
253 529
832 391
1158 226
775 141
916 80
508 532
812 204
727 206
1184 457
390 212
1105 421
1114 554
521 551
176 402
1171 224
1192 472
1129 553
35 222
190 261
956 64
621 672
522 258
670 705
822 525
498 200
466 210
505 593
1080 176
429 348
1076 348
174 223
814 495
760 365
272 624
538 511
564 642
411 121
1069 504
1163 578
809 228
1146 445
1208 433
586 539
241 535
613 535
1148 463
1104 199
188 236
1124 104
464 250
1189 479
1204 361
1168 199
1156 634
724 251
792 483
421 217
169 216
236 513
208 282
525 695
1165 269
161 307
914 120
203 403
272 552
756 91
946 135
1152 491
1141 673
1187 523
1114 261
1166 613
895 53
914 85
912 82
1148 460
1170 328
1124 227
1091 378
509 346
1171 112
1180 353
169 235
812 333
1169 556
1138 301
183 216
978 131
1175 468
169 189
225 290
265 642
1198 342
229 308
478 203
943 35
216 287
871 92
862 358
176 239
1148 159
1155 279
823 214
252 425
202 401
548 406
1157 468
164 276
422 309
207 343
872 381
930 81
1179 212
247 543
1186 88
1124 516
1201 495
1185 179
1105 223
333 710
191 263
876 610
169 231
498 368
685 630
1163 447
556 390
1026 281
1122 427
156 275
330 636
584 558
1187 395
172 340
739 413
183 282
992 78
446 444
888 2
1089 389
240 583
153 191
871 612
990 39
175 187
145 295
829 260
1110 536
269 576
147 483
885 18
558 615
498 404
1103 191
805 271
846 272
186 235
555 674
179 346
498 315
1180 462
968 71
483 504
1176 570
1101 275
1120 226
787 530
504 328
154 301
784 515
841 408
161 257
1084 522
1103 358
237 208
751 306
172 224
258 541
1068 424
938 97
236 514
700 394
788 240
1013 15
1187 511
814 381
168 416
1189 445
1149 575
183 217
1010 70
951 201
691 99
239 549
210 442
1179 525
901 141
758 491
877 331
184 285
613 602
1188 440
241 557
229 481
831 384
1130 527
864 315
443 192
242 533
605 554
1180 321
628 522
292 709
1168 366
1091 595
1158 268
501 359
1007 64
869 653
526 343
1016 509
988 106
868 38
521 325
268 473
913 65
792 376
1150 511
495 265
841 323
580 567
914 10
592 681
963 135
991 229
208 208
1037 545
189 396
780 216
1198 369
222 580
1124 399
240 431
841 329
1187 476
281 576
1188 437
1092 29
908 81
926 163
907 145
1067 472
161 35
758 528
162 186
272 634
248 591
1089 442
984 54
805 487
170 79
972 161
243 463
1169 269
1189 462
551 513
200 274
173 317
995 123
275 502
204 358
1080 280
499 249
523 527
226 427
953 15
136 279
600 661
1072 460
861 346
131 194
215 380
1160 547
590 653
895 81
558 271
210 422
933 245
491 633
1144 521
1104 373
1124 391
1174 439
586 437
872 14
811 383
302 673
926 48
375 84
830 592
233 609
1191 399
216 278
1124 347
726 125
163 209
1101 563
208 417
968 56
917 703
890 75
486 223
430 555
976 36
880 368
783 716
208 385
1172 326
215 529
153 194
1123 386
1125 424
1198 529
258 556
1147 479
525 394
1139 534
1126 585
401 419
1142 444
213 450
185 255
910 154
613 8
952 79
842 530
1130 459
777 506
1092 429
1006 39
1107 381
501 619
1102 420
226 484
212 509
1184 397
1142 287
198 304
1165 283
617 608
988 43
534 518
1122 182
209 556
603 615
973 25
930 8
178 297
1126 212
199 356
532 388
854 354
1064 503
515 417
503 387
219 425
1101 116
1061 262
1205 421
914 24
157 233
525 531
448 285
919 157
523 247
1127 273
880 38
247 576
540 278
245 540
961 232
749 65
550 328
1099 556
246 477
752 399
1199 463
1182 241
288 719
259 553
1018 78
1126 78
293 619
1095 368
218 412
515 283
1116 458
973 149
940 108
1156 618
908 31
1068 202
960 38
499 288
1087 371
234 537
1150 293
873 64
1157 470
1092 505
1105 294
1149 370
1120 490
134 135
180 350
499 216
966 69
575 576
1180 468
247 336
1173 202
1171 356
1094 326
900 63
796 213
1080 387
539 286
262 515
1121 518
507 253
992 79
870 317
1112 359
1207 382
864 406
1054 400
1107 440
1144 548
884 703
1140 691
899 39
158 230
887 381
408 76
416 318
888 193
1149 473
1162 542
360 129
937 64
565 376
1112 305
1097 543
1091 524
1152 515
1094 674
153 245
193 81
890 296
1202 295
1189 330
1122 485
1176 495
1159 447
853 388
766 415
622 543
280 586
545 588
1105 580
482 149
701 396
771 346
752 522
446 193
1134 432
497 280
1163 280
827 528
566 489
469 190
734 238
1146 249
730 542
773 516
888 369
519 407
250 509
393 214
144 204
405 186
902 91
1140 87
479 638
647 719
487 676
615 640
826 286
238 466
1204 391
215 445
273 542
1088 526
483 157
977 149
701 162
1131 316
1144 410
1149 421
1173 421
620 652
1105 640
815 193
1165 292
193 267
1110 384
802 593
869 702
1018 716
911 136
439 192
927 125
202 295
1152 336
1095 564
283 544
881 530
1096 609
895 699
1016 665
510 250
516 232
1154 218
404 142
950 34
526 270
537 366
1205 456
1038 500
800 503
1142 480
842 385
1187 426
562 419
578 441
537 528
561 528
1124 536
559 537
791 519
258 574
1129 571
534 560
1109 548
1119 601
445 583
856 228
972 130
968 7
317 125
943 66
1198 378
1178 321
528 420
528 429
546 433
212 477
632 562
234 622
841 687
303 691
860 655
1119 654
1096 140
197 175
417 182
1001 27
848 314
877 273
180 266
688 351
820 415
1172 393
232 455
873 614
613 538
594 703
979 82
556 397
1181 500
212 333
1179 262
1155 650
905 43
1172 529
997 20
221 326
257 460
927 173
305 684
1049 307
918 60
484 323
965 197
722 275
1176 511
807 327
773 254
913 185
567 593
1174 472
167 240
1106 515
571 658
230 471
1163 409
1047 587
996 121
454 526
1117 623
576 545
787 173
1199 395
230 364
613 653
1150 412
319 683
250 471
870 309
1102 252
274 594
943 194
518 266
764 396
849 425
990 670
835 392
930 167
428 133
192 299
896 189
209 307
193 323
154 176
768 502
523 357
829 261
165 349
306 626
875 42
1181 286
845 31
920 46
855 84
934 181
1195 402
797 305
945 76
476 224
201 190
200 332
191 348
1106 361
1086 437
910 145
1114 639
349 250
1135 633
446 395
980 594
208 201
900 79
1005 71
901 134
992 651
943 140
267 634
202 461
212 274
517 62
183 228
253 582
245 454
1179 403
1152 406
803 517
187 323
267 598
524 312
387 47
1181 478
265 633
855 279
967 221
934 119
220 450
225 398
611 589
992 39
258 623
1000 133
198 380
1131 420
971 66
1163 387
891 31
454 134
911 53
1100 668
167 198
259 594
481 681
919 119
1174 342
192 221
1102 713
952 29
170 473
983 203
857 391
895 203
902 94
273 580
916 24
926 18
136 151
553 253
250 494
163 160
920 100
147 216
155 216
170 242
132 206
955 108
224 529
1137 377
235 382
1108 333
209 190
282 665
221 489
123 105
201 442
271 470
936 1
922 337
544 93
219 250
923 20
276 688
228 598
249 598
180 235
886 88
949 206
188 462
294 675
475 141
985 94
1000 104
1153 326
1136 123
161 336
986 576
267 270
950 299
923 119
688 125
903 125
174 366
932 157
242 505
1010 135
922 16
1208 447
367 184
185 291
1139 559
989 21
622 589
216 446
254 424
910 25
256 484
277 675
1169 491
217 372
214 531
981 554
240 507
226 302
887 51
169 143
215 319
219 441
247 568
387 135
186 353
1019 164
236 533
907 4
227 519
543 291
892 138
946 131
173 166
828 291
266 554
206 411
983 224
247 283
265 645
224 572
467 177
187 333
926 217
210 251
1159 571
159 297
961 212
977 28
183 329
273 574
191 289
898 121
292 647
935 223
971 56
194 299
189 14
203 300
1001 151
930 35
214 465
930 137
883 71
199 352
959 36
972 62
161 180
202 292
150 188
262 596
192 306
904 58
903 156
950 81
219 395
720 45
184 297
282 624
199 425
186 345
623 641
1172 303
888 95
204 455
990 13
922 40
297 629
221 378
1098 405
944 16
998 5
221 430
1133 305
940 124
278 662
852 292
593 581
154 164
200 209
972 107
877 515
883 119
719 181
185 189
920 41
215 564
223 376
842 698
981 56
794 540
524 388
1167 497
579 519
162 190
243 564
171 408
885 46
290 663
273 665
488 194
543 574
272 606
966 14
909 125
574 112
1164 386
445 148
952 45
271 660
282 660
497 688
1186 361
1116 527
205 326
1180 454
282 586
902 95
218 362
207 192
911 34
622 659
817 432
226 559
983 52
956 106
1141 428
641 482
259 645
945 16
995 115
144 208
851 271
236 492
233 590
891 15
176 425
192 392
539 113
163 193
219 429
202 29
323 717
907 33
579 711
924 197
197 154
597 693
900 35
1032 650
923 14
168 106
848 106
199 337
240 288
179 360
898 108
223 427
803 370
232 591
991 216
260 536
201 276
180 409
903 112
907 127
962 54
193 206
988 34
980 187
216 539
247 620
883 31
295 597
742 420
916 125
947 42
234 543
1010 11
1119 588
168 284
141 233
234 449
956 98
886 34
312 682
981 48
908 183
942 85
1003 85
729 11
972 131
914 3
188 420
181 338
968 165
885 35
903 71
895 43
245 498
227 421
284 640
933 176
190 300
235 18
265 546
270 608
278 654
154 212
964 187
207 453
1017 92
192 199
217 406
876 69
165 192
243 594
233 428
531 599
222 362
243 577
503 78
957 65
326 706
977 88
208 423
962 92
314 691
191 525
227 394
949 119
898 163
1017 6
997 5
560 159
1189 459
233 518
570 502
193 402
525 93
301 654
274 542
924 121
214 347
148 200
155 200
185 390
193 456
1170 131
202 412
931 238
149 231
891 17
279 649
596 688
530 700
125 89
225 443
763 129
191 202
954 202
291 568
224 535
889 154
949 93
888 37
302 621
791 536
292 671
999 142
221 287
289 655
572 588
244 473
175 313
995 58
879 103
941 112
194 298
219 171
1123 554
891 84
884 79
186 203
432 198
185 272
263 555
1110 512
187 398
343 679
219 210
208 320
929 182
136 204
247 591
225 277
934 148
605 682
904 131
1172 540
415 274
873 68
231 376
210 275
910 163
936 216
949 1
186 291
534 347
1000 117
900 135
1138 417
908 89
280 503
262 559
160 274
1110 16
199 493
221 329
275 527
641 691
1151 294
749 226
841 249
227 212
281 600
176 391
1167 413
244 474
301 663
807 313
1019 80
150 170
227 583
1153 374
1150 161
1151 341
231 577
183 426
208 334
1125 540
1134 399
822 272
188 370
1134 333
517 549
440 205
154 286
690 164
1136 627
1205 511
198 429
283 564
749 400
291 614
776 229
571 614
907 106
233 473
232 402
1131 590
229 444
250 476
231 480
1125 554
623 684
915 201
576 628
252 512
164 221
302 623
189 293
1158 377
456 248
226 396
1127 319
1112 416
461 354
499 698
764 445
922 50
1139 502
504 622
543 93
216 416
1170 606
967 157
836 255
182 360
790 482
1124 404
188 307
255 448
871 398
293 635
487 244
940 107
977 36
990 68
946 140
178 208
71 394
610 614
850 360
1041 594
933 15
980 16
1113 578
1061 508
179 270
169 336
834 242
494 261
562 400
984 135
932 186
158 202
574 368
794 167
505 199
944 38
938 75
623 643
518 391
1146 442
1126 504
964 19
945 44
197 453
967 74
1132 464
501 448
931 42
187 419
796 392
1128 243
1153 321
194 293
881 56
879 294
1110 313
225 425
1061 461
508 246
480 336
1146 404
786 532
940 53
233 600
181 286
157 240
808 651
869 3
832 372
969 81
985 153
869 70
375 268
822 222
851 288
991 28
1155 338
249 587
1136 524
173 262
1089 370
864 337
287 696
518 616
1125 31
1094 379
986 564
988 51
842 302
993 99
388 194
170 290
981 663
885 145
217 446
777 128
987 21
912 89
930 191
257 506
164 352
164 267
1140 614
188 218
792 486
549 370
149 186
949 84
198 268
174 271
900 118
254 605
231 346
122 102
938 207
1069 571
937 173
928 152
1168 216
286 652
1078 590
1092 293
1010 48
224 508
465 165
938 193
147 173
182 421
138 62
1043 364
171 399
870 363
211 437
239 552
986 47
720 267
1173 256
1174 303
865 103
1165 484
1207 472
1106 512
221 362
489 403
860 62
182 205
885 192
889 617
268 642
943 13
311 641
1113 555
524 254
315 591
921 135
895 145
1086 579
131 235
612 699
493 453
197 349
1187 471
949 74
643 701
896 32
234 591
970 95
484 317
228 357
1004 138
950 151
1162 225
931 165
963 636
583 529
209 451
902 122
199 515
885 133
1173 528
1163 301
295 639
188 222
784 139
1114 323
842 316
892 119
890 103
850 364
208 377
931 189
987 599
1121 412
627 646
971 135
596 556
1206 337
836 391
494 230
957 88
241 0
955 263
1187 414
930 176
546 593
248 389
218 331
192 363
1068 562
958 212
251 459
585 412
414 235
218 439
874 658
1121 235
318 696
954 71
854 44
1160 380
940 46
214 407
198 172
420 196
1079 521
181 200
188 354
265 609
401 101
930 164
764 207
302 635
1170 522
220 288
1000 32
931 108
224 555
925 280
177 202
178 305
881 51
922 51
900 14
216 474
974 16
452 168
574 638
1195 285
208 349
255 522
280 603
264 660
283 653
1179 346
1155 425
1105 671
1161 558
228 331
466 176
600 512
320 671
617 680
156 258
187 317
955 99
821 537
223 304
876 31
1127 301
862 274
169 251
772 244
846 638
924 61
401 161
310 636
592 697
386 458
466 184
1165 275
955 182
267 646
736 331
944 21
790 332
251 533
931 97
462 556
1076 292
981 238
160 166
1207 512
1087 454
516 335
680 301
843 7
384 358
848 611
1154 330
1147 330
1019 571
1002 90
214 65
166 211
1149 390
235 520
881 126
1180 465
936 23
852 527
938 162
810 197
499 375
693 210
213 293
237 604
184 263
945 206
316 645
850 533
534 299
493 186
499 376
532 474
500 242
471 344
200 442
176 343
259 564
963 31
925 113
1136 85
190 344
147 134
232 347
222 346
180 273
1077 441
156 284
210 284
195 305
952 225
992 625
208 301
268 630
644 630
242 394
1174 571
1000 89
210 248
976 574
189 190
1109 679
902 109
897 631
406 534
1030 119
1123 444
1201 476
291 641
204 296
1072 601
897 49
927 30
908 37
856 25
787 363
881 517
255 557
605 562
275 620
141 232
550 691
1135 271
278 636
207 250
204 499
211 442
593 680
908 22
947 159
1132 525
1007 19
841 301
1145 687
639 597
500 520
524 381
169 389
956 2
492 324
811 375
891 135
151 214
194 448
459 547
775 232
215 301
1075 462
556 128
400 149
1050 520
1085 499
510 431
560 487
872 81
256 636
1146 511
1084 375
194 433
831 161
623 580
1003 121
577 702
1120 460
385 358
861 321
886 73
536 483
860 661
508 218
922 68
1166 504
195 265
202 520
811 513
502 187
957 190
926 215
1108 610
1096 456
895 57
257 629
1110 477
989 67
650 638
942 685
919 109
258 691
709 11
988 11
498 593
817 244
966 596
841 365
547 83
563 697
1122 296
1167 571
1184 351
1144 462
772 105
1177 333
894 24
167 218
1073 316
877 128
549 500
1164 349
411 183
581 585
912 13
1172 466
741 320
963 121
936 237
1137 439
731 187
468 132
794 353
811 363
145 279
1127 591
920 112
235 314
236 24
812 694
182 324
1090 535
1116 235
1150 275
929 40
497 71
1173 533
264 553
1162 577
864 389
187 392
1105 250
1182 485
448 199
207 348
544 329
614 611
322 686
1007 120
928 70
163 281
902 67
239 580
299 297
1116 410
1154 525
867 13
908 125
724 294
787 152
861 521
940 257
1010 41
901 517
1132 515
990 86
1091 455
510 53
129 244
439 326
928 156
794 511
956 75
256 562
759 196
845 359
837 255
1142 454
1036 476
218 584
737 175
1154 209
417 434
168 255
1109 368
229 578
557 272
904 149
956 149
256 615
553 610
156 268
815 317
540 55
947 199
1209 458
1157 462
1173 403
973 31
292 471
533 469
140 269
540 564
914 103
1129 262
207 363
574 576
901 5
610 612
205 296
1203 368
230 451
1112 406
972 556
899 95
576 617
1119 587
833 372
416 156
1201 280
593 526
414 188
856 391
287 658
986 65
532 601
498 405
190 275
522 285
958 118
922 77
193 299
569 642
505 229
820 494
1063 281
167 221
916 719
514 564
377 173
527 351
1140 673
1106 641
1112 470
912 520
788 205
149 236
429 276
812 617
1149 501
970 140
248 549
524 420
585 601
798 516
494 336
854 247
1092 433
952 121
1111 495
1154 415
1147 574
609 562
1081 23
814 228
652 692
773 359
834 241
546 272
745 592
1059 76
195 233
185 339
1064 354
1150 369
1121 436
903 617
1090 668
1066 642
760 100
389 178
479 221
958 221
189 306
506 306
689 381
1160 491
1115 429
293 548
471 537
913 123
557 122
1113 122
771 186
741 189
927 179
1185 202
1161 222
820 244
1058 372
196 318
255 579
964 103
1162 326
536 323
1144 357
1075 448
1147 448
1059 410
1173 409
1103 529
481 527
1112 620
492 696
193 195
131 229
819 230
497 304
525 309
538 487
927 182
1154 504
500 564
528 716
1136 291
1163 295
531 244
747 228
291 634
1150 637
1139 374
1085 324
1168 432
510 474
588 653
787 599
1171 627
1164 557
401 235
557 626
868 661
636 716
794 254
542 390
840 528
1134 530
1136 568
1034 550
199 247
1164 431
248 497
512 352
1139 529
1190 426
440 312
1169 287
1138 482
820 311
1180 395
1102 359
517 199
1113 406
1174 418
785 403
961 205
537 274
525 374
1014 71
780 199
1140 370
1150 234
511 261
942 709
193 348
262 519
595 540
1142 531
1168 277
1134 319
1147 416
536 444
599 618
233 596
1192 596
865 660
1080 698
699 208
166 229
214 385
1174 542
1160 149
1037 483
481 289
433 128
1158 156
764 78
784 511
1095 388
782 344
1109 339
294 663
466 690
877 76
775 86
1132 222
960 151
1068 363
1095 633
1149 644
1142 523
538 217
577 549
753 426
1065 555
519 405
1138 356
1167 524
393 104
1093 344
1166 623
1147 535
1103 277
1106 256
548 403
258 595
525 711
532 286
1082 459
1160 476
1203 425
1209 431
842 245
1172 149
445 609
1142 608
1156 537
829 524
598 556
1158 320
811 372
816 261
704 273
704 294
1133 404
1073 384
1079 498
424 138
167 180
812 529
1185 535
1105 575
1182 596
1087 713
1172 259
1151 313
850 316
512 304
870 348
729 334
1202 371
210 437
566 597
1164 616
525 517
522 542
694 641
1078 678
206 345
659 712
820 181
850 414
1115 404
881 307
1170 438
779 363
1137 434
256 594
974 130
845 283
1014 507
504 198
1197 534
1145 373
1141 613
526 557
557 614
748 266
1199 328
949 292
1204 404
611 671
1187 528
610 569
485 215
570 547
1151 399
620 553
865 336
230 391
1178 403
1090 510
203 229
763 658
916 140
855 85
891 85
1086 532
860 105
247 581
1006 149
934 80
1150 609
456 344
1117 409
486 258
1085 388
1087 237
786 486
1132 359
877 384
657 716
1075 199
637 697
513 448
768 165
813 243
851 504
476 274
1109 455
566 581
575 718
273 679
836 665
847 80
501 61
1125 394
576 494
1083 710
514 268
266 612
1078 520
1197 442
1181 255
1119 287
181 201
513 706
1145 398
1081 353
1095 636
544 383
575 561
565 449
1141 511
1108 546
790 197
857 255
1182 271
1094 259
1088 492
1059 413
476 210
826 275
246 294
1160 604
624 632
1156 348
1176 499
1154 397
867 313
1176 440
533 304
804 212
1158 278
842 212
1160 94
613 663
764 233
841 507
1097 297
211 392
1189 454
680 159
1100 679
1120 438
556 673
1198 432
1153 405
560 525
536 290
1106 548
484 352
222 531
632 677
195 312
1141 564
669 692
318 136
1175 497
844 242
880 372
1131 269
1180 380
236 394
1124 511
503 185
520 706
1128 282
238 517
1179 381
1153 373
988 84
1126 443
1133 272
922 135
948 21
251 559
1099 675
681 62
1116 470
477 488
255 531
1160 316
946 82
687 362
805 179
1105 650
423 223
485 281
1109 474
1179 199
836 506
1157 184
254 460
946 205
1114 545
790 393
409 108
771 65
489 452
232 566
1065 705
840 231
1061 709
1085 6
1134 525
478 373
530 571
1127 450
430 23
1176 295
816 603
793 312
473 411
1132 537
953 73
241 335
799 488
1094 517
979 637
384 210
1146 523
483 340
1113 479
525 593
1196 346
1157 421
1180 256
645 596
550 613
1185 445
1146 471
1159 363
601 536
800 561
592 519
875 706
1081 364
703 20
513 169
292 568
638 597
783 392
992 151
532 306
477 274
768 229
1158 313
498 168
493 165
144 230
1173 445
396 243
745 236
797 234
659 716
788 297
485 323
1123 636
1101 0
721 247
768 84
1160 648
989 167
1138 627
564 619
1091 687
1160 227
467 204
231 566
146 162
1210 370
1058 383
1177 348
848 330
227 483
1130 428
461 568
1142 584
568 322
875 344
474 300
979 34
558 115
1170 564
1101 584
866 711
1110 549
961 206
1165 540
871 369
1196 585
1204 369
784 384
1093 315
1055 518
297 237
1183 401
505 444
231 438
563 469
1126 290
608 579
625 543
1094 398
580 537
836 667
466 250
520 370
481 623
693 117
690 230
1164 544
549 649
724 401
595 544
183 201
407 188
1079 244
1170 306
1126 587
491 409
1141 522
276 456
270 666
683 56
793 266
549 670
1086 566
1034 479
1188 269
182 185
587 605
1073 613
930 254
865 302
967 153
837 211
522 427
584 615
914 177
1151 448
986 114
974 100
624 583
1117 160
1112 522
1114 229
942 72
1101 352
1140 486
255 506
486 373
863 619
204 289
983 21
1144 473
258 451
1149 530
289 683
811 555
200 382
888 405
1130 600
197 251
146 200
629 702
1159 536
537 249
218 169
1179 377
351 174
253 504
589 566
1176 209
1081 462
411 107
1158 435
750 98
527 389
892 82
245 490
493 280
617 709
192 211
586 497
1190 358
846 286
1193 385
964 197
991 74
231 407
195 202
1194 395
197 398
132 263
927 21
243 233
805 568
213 359
1154 309
1143 543
955 78
918 2
960 76
242 544
1097 67
249 489
300 658
267 475
597 589
488 197
1129 301
1067 546
1069 495
844 314
1169 366
875 15
831 404
186 194
219 428
145 219
232 503
269 497
215 471
249 562
334 695
294 614
268 648
445 131
212 261
207 254
910 137
290 531
1194 408
537 85
1176 352
763 481
930 68
1089 441
207 464
312 631
229 396
935 273
198 261
1113 357
455 249
764 266
188 231
1184 545
174 227
231 392
936 234
278 688
991 111
968 30
897 34
1020 158
551 331
852 333
869 102
963 184
921 85
288 626
389 141
933 190
1133 378
211 371
916 158
1147 408
279 594
151 230
248 487
259 603
931 38
981 40
236 509
259 516
922 190
184 380
841 252
261 670
201 307
1146 314
978 89
648 503
926 106
423 292
291 677
468 255
783 161
643 655
917 51
993 51
1158 440
291 635
262 545
1055 356
179 396
239 491
899 160
921 181
219 371
607 609
227 248
781 62
927 138
612 683
1083 506
218 572
206 251
820 316
981 17
1155 189
1061 342
259 473
240 589
180 280
546 221
1191 500
1122 543
1034 324
231 524
1156 545
520 635
507 303
911 175
1145 503
1058 387
970 46
922 206
981 189
164 259
951 31
1122 232
197 367
1007 15
851 406
232 554
800 249
1037 457
1142 576
283 673
878 105
197 572
895 47
211 137
968 45
598 562
199 392
196 241
850 218
302 691
800 397
866 56
801 238
176 350
1123 388
975 31
1122 322
528 288
478 398
202 69
1129 578
180 105
1101 363
262 687
988 687
1125 547
558 542
302 645
1168 269
1010 76
686 714
201 207
246 550
821 711
1115 471
504 263
528 471
1121 688
207 364
964 145
234 452
1115 428
289 687
1145 500
814 373
970 164
1133 373
418 95
1156 606
917 132
173 423
197 317
1185 360
207 359
601 640
1160 492
1100 333
863 631
1002 61
235 298
976 225
295 642
1075 326
167 250
274 719
998 124
1008 83
1189 296
253 500
259 622
856 293
931 255
1144 343
268 507
1162 342
601 550
256 690
172 206
1131 388
986 604
219 257
1160 494
1142 478
254 451
413 206
854 47
216 268
205 369
1141 441
501 226
194 430
227 532
149 204
222 370
878 111
207 513
173 428
143 219
1062 304
185 21
949 32
1190 412
978 77
946 53
184 340
186 258
198 385
813 413
761 510
995 61
994 171
185 54
959 92
268 583
176 322
614 467
1134 448
244 566
218 421
470 221
245 474
450 390
544 531
202 331
872 637
479 170
886 23
515 439
275 564
990 67
966 16
875 522
944 213
1124 575
203 260
181 281
947 210
234 477
979 583
850 22
998 66
922 59
209 269
959 593
207 311
237 181
177 262
388 396
982 86
178 232
294 629
861 66
271 554
886 121
941 131
241 636
920 71
294 626
531 281
1005 118
434 160
203 330
187 255
896 513
291 621
229 525
305 633
908 192
946 99
216 460
260 494
190 247
974 639
906 143
316 677
1005 42
265 509
629 564
702 77
206 676
861 272
236 458
1010 46
236 471
1151 351
919 51
225 529
878 376
872 69
909 12
924 130
937 142
989 80
1109 81
268 633
1016 111
258 570
195 443
186 255
285 571
261 631
651 703
857 351
978 14
172 245
984 22
257 437
168 178
933 67
935 190
296 623
1147 304
790 271
925 192
1189 318
939 79
148 46
886 5
187 329
270 557
640 617
1156 390
947 9
191 311
208 436
254 529
1161 169
285 580
845 5
244 535
315 654
957 4
1118 402
1147 386
982 139
1132 678
199 244
1140 515
938 152
840 673
158 213
959 43
210 256
525 319
940 94
448 159
985 198
239 556
290 643
228 542
950 194
1188 209
923 200
222 470
175 167
793 103
1205 369
837 236
235 476
201 170
900 189
317 669
811 288
286 97
164 238
928 149
232 379
237 192
941 1
1081 468
244 194
1113 480
499 187
1110 653
199 44
555 486
861 32
914 161
1138 360
772 353
905 22
185 455
690 181
990 60
850 241
302 701
1102 478
312 640
597 640
190 334
1109 534
505 234
978 75
753 270
166 213
524 489
1081 576
221 479
284 658
1110 278
232 497
971 61
181 427
144 202
1129 516
867 49
165 221
608 591
1061 327
214 322
977 648
496 286
930 149
899 193
893 93
212 310
942 129
538 311
956 533
178 210
990 610
910 46
135 223
488 610
1119 459
152 207
822 690
238 515
991 10
233 560
919 106
918 115
563 154
441 317
966 88
220 427
1181 447
885 118
844 69
590 699
963 195
970 537
1149 304
223 386
785 183
982 107
243 451
971 111
896 15
352 155
1105 533
909 7
1027 68
179 276
261 601
497 362
244 416
247 477
469 259
248 614
305 628
344 700
202 328
318 112
250 530
530 231
768 266
1127 349
212 494
176 176
264 636
172 247
1010 132
205 467
264 566
191 461
186 446
875 118
911 131
300 669
291 542
1178 265
1102 374
868 10
944 94
1004 96
937 137
975 77
290 495
968 241
796 331
224 450
1199 312
346 55
213 346
174 163
240 479
887 54
913 89
834 303
938 164
1195 283
852 53
1126 283
185 186
980 27
955 7
929 55
1182 397
1019 49
855 610
274 614
317 655
916 86
998 177
262 578
614 681
550 707
858 685
1135 661
186 247
169 224
1001 9
211 305
239 166
190 333
177 340
977 106
1156 667
933 16
253 534
779 9
188 332
1146 614
952 19
828 235
293 709
1127 572
849 42
898 155
251 536
947 35
185 266
242 540
523 550
975 52
186 380
951 41
985 597
202 405
929 110
487 438
1164 607
171 318
228 599
1185 424
253 445
237 540
801 291
284 562
469 351
959 1
949 202
905 186
489 549
878 172
149 195
472 265
164 226
747 375
1174 464
898 7
996 40
578 658
320 631
911 190
1115 382
994 77
955 42
387 447
800 481
769 506
951 50
504 334
1178 427
1131 77
641 554
228 614
234 512
1181 338
189 333
214 402
973 114
932 171
134 129
846 516
268 639
981 115
1137 417
1188 339
810 512
786 149
478 629
863 6
822 471
238 397
946 28
1030 372
514 562
177 217
761 524
1170 386
198 291
297 689
200 294
582 648
234 205
172 240
244 613
218 278
198 372
1209 500
508 306
909 174
618 699
188 378
200 371
531 456
964 71
169 191
910 191
291 683
175 184
559 83
418 27
1004 162
1078 504
242 305
748 96
938 96
486 444
192 355
281 672
1001 72
503 271
403 367
998 644
207 358
579 684
230 314
923 182
249 526
214 229
1016 63
989 44
1160 579
858 391
813 235
1046 573
208 450
206 421
904 54
196 305
958 88
222 247
194 392
496 243
431 129
178 322
994 106
999 64
183 400
248 551
1021 105
798 175
271 607
263 513
243 522
233 650
284 677
217 429
258 566
212 234
902 25
959 27
258 479
270 610
206 210
954 244
241 565
904 121
885 1
263 689
264 501
366 695
941 15
320 682
918 291
209 196
243 553
875 371
204 379
508 687
1184 452
163 300
256 575
942 78
993 108
265 580
910 189
227 351
245 650
329 629
157 283
146 261
991 168
180 271
993 20
977 593
526 259
257 618
1200 256
230 653
933 233
982 34
141 146
920 42
218 456
925 77
139 251
808 189
888 150
824 63
172 255
152 244
1065 635
983 589
315 676
178 426
963 140
279 579
252 473
195 226
149 220
983 129
304 580
1137 442
246 570
211 402
897 136
980 15
965 75
195 476
950 104
1002 111
309 635
964 175
193 413
184 369
214 292
322 685
223 254
877 80
985 126
912 125
264 212
1014 101
870 79
509 374
948 106
247 501
923 100
254 446
269 506
249 487
191 247
935 201
231 387
136 190
1176 469
972 112
940 159
180 421
910 86
910 73
193 203
207 457
892 37
148 259
210 233
971 214
166 281
917 27
168 198
304 644
876 30
915 126
316 581
231 289
873 181
978 614
152 234
222 279
184 258
860 53
944 128
208 498
203 295
247 512
517 84
938 166
234 516
895 52
947 122
157 302
290 674
913 137
901 0
252 551
234 246
879 147
180 20
226 375
972 79
213 264
187 356
210 322
211 212
952 59
942 320
856 44
922 111
144 258
890 86
292 546
199 384
174 147
255 578
919 241
896 112
269 618
252 555
1019 107
128 202
228 366
967 16
250 602
917 68
994 610
588 648
260 614
171 265
347 681
251 635
1014 74
977 59
948 152
889 207
277 525
250 554
992 124
924 88
167 201
190 384
937 94
257 577
306 657
1109 273
296 596
202 434
144 156
198 482
253 427
954 60
309 695
176 387
922 196
746 104
925 71
299 602
937 110
150 275
922 288
920 465
248 484
968 83
164 176
246 552
252 345
232 513
284 512
211 287
269 587
293 658
995 1
915 104
390 160
961 161
869 35
874 29
191 181
223 428
899 102
878 110
832 7
985 188
221 483
203 265
268 605
884 62
244 553
997 85
868 9
579 333
1112 553
283 611
1189 429
251 455
235 468
889 105
248 628
1014 27
509 222
193 420
273 623
158 152
187 427
221 313
600 530
234 545
227 546
1004 173
897 47
878 504
1142 312
151 254
967 115
236 494
237 564
230 428
977 3
971 42
193 384
277 635
283 628
927 98
294 664
322 697
1130 330
265 557
298 621
204 222
233 255
259 670
891 96
226 464
247 622
897 5
297 693
990 2
248 638
949 112
966 210
241 533
253 437
149 177
536 96
914 185
983 676
210 189
615 699
215 16
247 495
169 332
251 611
243 617
964 122
913 88
209 433
161 310
284 649
955 101
192 394
223 255
102 159
1006 2
961 514
911 115
778 539
250 518
997 15
953 29
179 151
967 229
219 427
240 362
937 105
195 363
1051 643
234 517
290 640
999 67
907 1
883 130
216 236
282 616
615 491
271 545
206 243
292 620
959 156
555 399
795 269
917 124
182 331
901 162
253 538
140 213
491 276
951 85
258 600
972 105
318 680
615 564
208 421
913 182
997 81
232 532
184 291
190 368
142 69
930 52
906 171
949 171
245 611
165 229
924 78
302 625
176 230
991 156
925 124
872 94
893 56
262 601
985 77
203 308
262 563
224 454
211 320
206 292
194 232
777 277
229 422
835 217
202 474
297 573
134 247
225 447
959 136
870 647
898 45
237 400
256 648
931 40
189 402
845 402
898 57
188 312
230 510
958 8
191 215
283 534
922 91
950 91
488 190
169 79
260 554
156 237
982 42
942 186
925 211
206 474
1186 420
926 103
198 601
1179 368
179 259
182 320
940 80
236 526
157 244
903 36
896 178
975 0
951 124
939 105
994 82
233 410
982 13
918 149
343 701
830 221
133 80
220 320
167 190
231 383
981 594
1114 506
1108 633
983 15
213 431
213 279
262 566
892 110
926 39
531 413
329 708
160 299
252 648
206 263
191 361
892 64
251 624
799 269
185 271
930 143
120 259
922 207
1172 367
1003 144
453 364
244 607
196 397
916 170
995 149
1079 540
157 238
691 229
187 312
605 265
949 126
1162 419
266 587
190 278
202 237
206 221
149 253
743 453
1018 119
279 506
842 379
924 203
1163 284
583 577
819 271
974 30
244 549
631 551
604 648
752 179
1147 357
1182 444
271 559
914 205
183 360
643 691
974 124
934 100
529 401
206 313
863 420
212 366
872 352
156 235
196 454
309 525
965 72
149 264
212 308
772 140
298 647
474 194
1203 354
189 357
126 164
1103 504
468 311
613 557
986 82
1176 587
952 205
187 401
532 462
777 536
870 128
225 449
775 386
848 338
824 526
977 95
877 37
858 463
509 339
572 678
798 228
1140 292
1176 383
460 562
1163 439
1125 423
542 95
1159 403
1191 441
478 347
246 520
269 686
1084 496
988 133
1169 540
594 672
271 612
820 320
954 156
330 701
190 259
525 300
1158 414
262 492
885 47
441 321
716 75
691 718
461 176
326 692
309 700
1077 366
479 222
1167 366
239 518
1148 329
276 544
904 158
184 26
1088 536
1164 469
990 46
271 514
1123 236
1015 37
987 34
1107 334
569 529
1198 434
726 81
1087 480
1111 485
238 547
343 257
793 511
1203 322
182 164
537 285
476 363
1122 414
253 580
207 314
612 646
1191 356
141 128
832 516
461 248
508 596
1091 544
172 251
730 388
201 18
178 216
926 156
856 346
246 647
171 249
311 666
454 416
882 69
976 31
599 596
615 702
197 285
720 177
947 216
551 597
1201 567
885 531
971 43
1070 618
448 694
218 438
1001 199
589 571
245 543
302 641
909 82
865 77
1154 583
477 375
906 91
225 417
954 23
272 585
1146 360
1159 372
514 81
886 26
251 591
1172 264
945 169
1020 0
853 271
165 257
1084 455
508 372
951 290
192 222
222 226
308 656
562 346
600 524
587 408
216 496
1120 217
1115 489
246 449
212 394
281 545
1065 411
219 527
442 189
1066 118
243 301
479 250
965 494
833 509
185 429
797 290
134 272
970 566
181 239
960 81
971 96
421 0
1121 508
952 166
1036 460
908 156
435 236
858 336
503 351
286 500
222 456
630 706
1098 304
1182 404
190 410
1132 527
921 110
1002 210
266 547
862 5
281 572
164 216
208 504
173 243
980 82
284 683
770 254
192 257
275 593
1147 644
909 197
1006 48
1167 217
547 371
1068 460
745 498
279 576
954 262
228 420
986 610
1106 365
332 677
949 131
429 592
514 543
231 586
189 377
149 198
1116 422
101 127
965 127
400 221
206 31
1189 298
1155 565
309 638
197 347
889 390
937 209
990 209
958 579
205 309
1121 96
564 613
806 226
595 590
495 249
246 612
1095 412
770 268
1124 595
906 199
523 309
243 482
903 6
1067 351
1055 355
990 108
1175 511
204 291
246 498
933 14
172 188
204 169
246 606
873 258
907 26
379 152
252 583
849 61
165 297
556 353
1107 491
1171 466
874 170
955 135
840 399
647 592
204 406
790 656
263 499
1142 618
784 265
1178 486
1171 388
766 371
163 240
190 308
152 230
208 274
614 671
1206 317
1191 259
885 158
512 227
231 478
524 613
794 281
207 283
1167 565
280 601
139 171
851 264
198 188
258 544
828 240
600 685
1132 240
1133 316
874 623
810 489
958 94
761 347
1157 363
563 379
215 469
703 488
134 211
975 105
1180 316
572 586
908 217
1180 537
175 232
442 696
199 398
998 89
952 96
221 578
497 470
517 285
933 73
520 625
289 697
607 625
959 161
575 511
967 10
744 388
1199 318
1138 441
1130 417
197 193
191 423
221 277
1152 280
1166 481
1163 306
611 542
169 296
1141 649
628 697
731 357
1049 429
621 619
975 111
273 686
205 271
218 479
922 76
160 162
582 395
966 56
767 483
1163 399
516 260
678 245
456 155
499 283
901 2
571 510
1002 103
189 348
973 603
254 629
1101 704
1070 394
1139 547
1114 595
926 157
506 371
980 3
1118 480
886 86
886 128
769 185
597 620
1192 259
1140 365
1212 578
879 286
1122 352
145 214
221 384
200 502
883 299
1094 593
1147 375
736 309
422 550
1190 282
1122 663
236 451
761 506
282 580
590 667
1170 253
791 579
152 379
1026 557
758 186
203 462
1197 466
481 636
497 414
1209 227
796 188
638 582
743 528
879 379
659 715
778 196
1183 483
711 306
775 169
231 579
1094 632
1081 259
828 650
1083 336
810 239
516 355
1139 482
1161 343
1197 357
626 254
494 578
1189 161
794 558
965 35
1158 465
475 565
884 306
968 86
1104 261
200 213
909 25
1133 300
525 324
1114 484
217 247
981 49
894 696
1007 38
1162 457
250 225
1115 634
975 156
829 324
250 547
511 316
275 543
205 359
486 196
549 498
1108 353
571 426
452 149
541 387
465 186
999 635
1044 339
589 492
1140 435
830 255
1134 513
1130 443
854 274
376 160
226 446
264 633
208 221
283 632
582 374
1105 557
614 634
705 196
903 32
1002 117
257 614
1191 416
596 631
1098 8
642 644
212 436
848 424
1143 426
493 408
430 244
994 611
1186 434
1003 124
1131 248
190 264
962 78
232 457
1173 235
1007 25
1159 410
1149 492
728 323
1186 577
1082 626
963 51
1114 572
196 251
1122 660
256 642
740 380
956 185
1017 126
527 420
177 187
1184 408
421 297
537 414
1003 52
1188 260
1084 495
38 56
522 668
1056 562
267 569
387 123
856 653
838 239
942 654
833 259
236 571
299 708
24 681
917 4
1131 307
1099 193
203 227
782 361
333 296
408 212
1057 192
410 204
549 506
1159 314
490 503
938 160
173 200
981 585
1091 373
176 265
1097 563
1082 409
589 546
925 12
315 699
521 340
769 707
897 391
254 507
1078 258
917 41
230 439
808 181
636 666
928 160
565 489
466 289
923 206
853 418
1120 283
533 408
1002 44
1020 69
935 67
975 3
872 345
111 138
587 699
877 6
987 6
165 375
886 96
282 688
552 379
1193 340
184 289
224 461
184 268
554 495
700 304
951 20
735 244
567 527
256 564
951 186
276 695
129 286
603 697
740 253
266 538
945 212
1107 592
156 205
487 459
995 71
1061 623
1043 392
807 405
1130 635
833 403
1160 386
608 633
256 498
886 271
1156 382
753 106
879 41
1173 490
228 427
866 695
911 2
969 107
768 74
783 62
1179 544
389 181
821 300
1170 621
1135 673
212 291
320 691
183 316
931 120
900 134
1194 458
696 88
955 143
802 242
855 274
710 555
867 276
461 294
839 709
650 610
938 161
929 37
518 657
1184 208
1056 500
614 708
1151 310
188 319
991 104
725 218
1116 293
1069 273
1019 357
972 236
499 190
955 190
1093 490
275 671
897 81
186 267
554 5
634 635
1145 345
963 96
375 68
176 303
518 340
479 385
1077 581
1142 568
317 714
1185 415
150 234
451 253
732 236
1124 466
217 249
395 171
796 212
944 177
250 527
974 0
857 386
816 344
221 315
521 683
419 196
1163 575
634 633
941 14
571 559
209 540
1148 457
565 394
1204 508
960 144
1127 346
447 121
1194 313
757 399
308 41
497 290
1043 469
176 231
347 86
1091 421
294 622
1149 427
922 180
1182 483
982 9
744 165
1179 603
996 588
1161 619
1106 299
612 672
1178 432
812 329
339 701
638 3
1001 39
1099 302
1159 207
824 642
1196 457
958 17
230 511
1190 476
1155 581
685 178
826 514
474 377
904 176
191 301
668 240
946 52
1136 344
195 366
1191 446
231 292
189 434
892 113
190 206
1150 265
493 420
851 332
502 263
763 263
1105 615
976 135
1037 452
1162 587
552 412
172 45
1143 522
1129 509
1115 292
1174 546
1116 678
1127 504
1060 290
269 526
1113 552
370 41
1118 132
246 468
570 407
473 183
1069 586
213 440
1134 480
531 295
1185 234
482 415
420 691
960 217
961 20
935 210
1133 228
189 454
1160 594
410 631
1076 429
301 585
990 64
467 405
945 203
1159 504
268 356
1169 505
1042 376
202 327
415 545
687 80
1188 460
1159 641
706 649
304 634
1114 663
638 560
983 3
907 44
510 617
452 382
238 492
1162 361
639 646
457 352
570 383
516 354
957 213
601 683
1127 246
502 238
582 540
761 174
246 497
986 5
922 44
520 691
549 241
1104 404
888 0
602 520
1172 598
868 390
258 538
456 356
992 141
1069 568
148 82
185 315
732 513
911 51
918 56
996 10
255 570
1163 320
237 572
1196 521
820 261
209 271
222 431
754 214
933 90
249 538
790 99
268 567
583 649
713 186
1103 356
599 624
901 102
185 409
1110 359
196 163
1136 334
312 676
904 77
164 270
1202 236
817 524
975 648
1143 414
207 269
1170 572
975 80
1156 481
1151 582
780 265
745 512
538 268
176 81
964 170
555 693
1168 469
818 534
1166 343
949 42
1061 711
189 511
1169 397
838 252
1175 214
958 150
420 208
779 319
1072 455
416 551
880 334
1094 648
607 627
771 361
254 558
960 84
181 203
766 228
1115 259
273 621
573 627
761 392
374 119
1019 43
201 234
202 379
261 532
1004 19
1087 16
1160 471
771 383
512 385
1186 314
785 411
231 288
855 508
850 103
909 141
768 667
191 187
201 296
778 129
484 154
564 524
270 471
565 649
156 262
748 142
953 210
171 404
176 187
1137 573
924 223
167 206
512 220
790 623
872 320
812 648
761 578
520 367
342 665
935 209
790 308
1104 469
968 161
1171 609
838 513
236 447
592 484
935 78
912 105
920 129
894 144
959 37
1204 242
822 502
630 683
1110 500
213 456
246 626
915 445
1127 631
1147 354
181 392
808 292
1179 551
851 396
1142 449
436 171
1166 582
1138 354
904 197
673 37
1169 400
569 594
622 594
972 147
922 195
1198 449
913 8
971 169
1096 382
957 47
208 375
1138 274
1144 433
1043 330
195 505
166 214
198 331
1156 373
1148 434
835 536
187 271
245 437
481 241
721 96
293 644
902 108
964 213
525 459
261 481
293 629
644 703
217 229
948 20
1195 341
916 279
133 254
876 42
1004 43
277 606
164 211
419 98
893 16
982 68
894 361
223 236
298 558
936 72
340 622
444 211
272 546
188 328
446 718
538 563
1117 382
996 59
946 236
215 325
898 148
668 696
890 90
458 164
432 424
931 135
1137 625
775 313
1141 592
302 681
944 142
168 289
299 540
238 586
230 448
1133 593
191 306
233 683
904 62
305 646
984 581
256 588
1013 108
834 517
289 595
406 385
985 50
1130 410
949 114
219 529
731 302
563 596
947 177
227 552
912 147
186 293
1185 355
495 385
238 226
577 416
250 567
1021 94
1011 3
1098 114
294 631
935 83
109 248
160 402
608 634
983 35
432 196
903 147
787 111
182 341
514 512
221 508
233 323
295 613
254 547
911 198
865 105
949 105
215 483
251 489
1185 320
600 623
972 65
835 163
926 27
516 25
919 26
1128 543
818 410
212 577
341 678
1207 218
927 107
259 460
841 565
1117 332
209 225
918 131
179 306
948 284
505 485
817 336
239 354
934 58
332 655
950 184
1037 323
959 99
1063 452
167 281
199 245
908 203
193 365
261 607
161 226
756 367
852 251
989 137
961 49
1162 266
222 272
1183 495
210 416
946 2
926 134
637 705
216 437
186 264
163 235
221 414
986 43
978 84
231 571
890 73
913 150
885 92
310 658
195 241
165 197
928 158
881 69
916 177
908 149
876 122
919 202
424 207
909 75
250 608
916 144
251 510
873 63
912 62
230 320
227 514
982 664
970 104
896 50
956 53
288 557
201 417
917 144
928 407
1150 299
632 680
222 14
328 655
204 436
198 235
155 46
432 214
969 29
288 514
994 14
940 89
473 625
612 631
285 638
161 280
920 109
135 184
175 344
997 74
300 617
202 445
941 115
876 377
1170 395
884 73
232 462
1045 381
910 203
1119 252
507 440
892 67
327 690
1130 467
202 657
295 636
864 136
283 677
457 291
246 491
991 25
173 338
498 175
1158 381
901 158
961 112
804 670
920 689
954 648
1168 498
1069 349
901 115
1121 489
884 6
828 411
517 374
588 672
557 538
205 444
393 179
522 397
968 114
142 207
1185 233
232 519
965 92
1165 348
1106 545
766 181
239 490
327 680
844 441
727 335
784 51
565 669
665 604
1079 345
903 86
262 622
215 265
1122 653
1107 569
1095 572
200 484
1136 122
884 47
273 630
885 632
462 525
1118 478
554 326
210 462
503 182
998 35
285 648
1159 245
975 171
1027 330
988 63
1213 482
1096 552
527 481
1115 355
830 291
1177 389
541 632
875 703
1139 334
197 229
1123 623
187 293
1053 443
784 506
1197 303
1153 361
1156 483
992 130
928 6
656 670
1160 302
1050 300
633 707
579 683
874 183
390 341
1161 479
1179 451
803 235
756 152
409 61
270 512
616 509
1047 401
453 146
857 253
1074 417
562 348
1142 643
131 217
166 177
1036 523
483 176
1127 583
1126 510
288 553
595 459
824 308
940 17
803 146
624 670
1189 426
489 315
1114 358
476 176
1114 498
1107 525
900 190
1132 595
848 266
260 476
595 535
1093 236
1097 365
625 710
1139 442
883 353
1083 284
176 348
1028 141
1149 552
1132 460
557 600
740 128
279 715
765 264
1173 508
1146 383
1080 241
196 194
393 222
617 650
1109 591
590 542
385 256
761 368
833 368
1116 496
553 591
1157 579
1144 512
437 202
475 247
222 313
502 280
1094 611
1072 531
1119 197
779 218
507 308
853 367
1160 431
802 422
1094 505
287 660
1077 527
939 164
476 259
539 275
185 447
1187 428
511 460
1157 450
1148 617
854 623
1119 574
491 670
1182 496
1131 126
528 478
661 109
175 403
614 549
214 501
789 369
318 127
604 615
169 429
1173 365
1094 473
918 108
1169 371
614 521
1160 310
173 257
528 245
720 294
1037 574
954 25
1195 217
1115 401
1175 226
670 703
774 87
639 595
1167 387
476 436
721 532
294 592
1036 367
239 357
833 411
884 397
556 475
216 573
856 528
650 695
915 116
942 23
129 299
465 260
517 366
1214 363
1172 344
1133 575
1182 399
1103 408
222 465
475 190
415 198
954 97
1139 569
1099 542
243 523
197 300
259 501
242 600
533 316
239 377
280 639
925 96
1145 303
253 627
1122 526
565 332
775 103
544 551
730 380
170 225
924 148
853 299
936 87
1123 523
1100 106
302 599
1158 248
1123 248
275 581
160 255
1145 634
207 355
1149 573
1090 324
413 306
932 26
166 197
1149 343
792 403
259 546
201 405
1143 593
150 178
1105 539
987 22
485 316
1101 389
177 180
168 251
599 601
866 341
1170 415
977 121
244 661
983 79
889 369
1136 604
1111 488
1159 402
515 364
1169 502
576 635
948 67
477 24
1118 37
526 249
856 643
1182 385
986 75
627 575
1137 517
1186 393
557 553
818 272
664 10
1160 608
799 192
561 601
1106 535
565 585
973 26
189 181
190 320
1145 515
855 421
227 419
1141 262
202 309
247 386
204 415
340 89
222 492
575 596
449 210
848 306
556 424
243 427
849 407
993 53
1137 642
922 56
571 575
165 207
587 708
453 308
1164 310
719 364
798 218
614 541
1155 350
883 109
237 590
865 663
1144 562
506 272
620 544
1149 535
823 353
1160 638
479 261
862 342
803 305
229 415
1139 610
1169 586
1139 373
1131 510
1139 432
538 492
1130 546
866 328
199 443
1093 594
796 404
527 510
813 610
498 275
794 370
224 565
1171 619
936 225
834 513
855 238
519 528
576 556
882 392
189 354
773 162
528 225
1193 244
1155 577
547 581
1208 457
122 129
633 614
1106 359
964 189
1136 262
908 112
460 252
1170 575
733 259
815 467
753 676
267 666
496 181
328 135
555 373
577 601
476 647
1138 194
415 138
1088 535
510 374
538 436
840 294
1091 462
719 546
1207 493
621 682
570 373
1113 462
178 249
1089 257
774 455
810 224
604 519
818 330
1199 448
819 312
287 485
198 348
477 248
523 530
1123 693
635 637
590 563
203 354
528 394
1135 396
1077 340
1117 540
1207 443
258 493
627 586
1036 363
605 531
1178 466
525 321
192 200
609 527
1052 354
1126 598
905 703
994 18
1159 567
201 316
888 329
186 226
1182 548
559 445
765 478
556 366
1177 308
205 396
273 581
843 380
601 590
458 589
1058 413
274 556
263 588
325 675
896 208
983 38
774 325
198 388
400 142
233 506
1148 256
119 138
272 482
215 553
548 597
1120 431
845 525
1127 460
576 333
268 692
1160 622
1080 358
1207 467
181 181
613 592
1134 462
796 494
119 215
985 145
1146 338
844 254
609 574
276 83
855 657
1084 545
959 48
474 277
410 170
840 418
1202 400
1197 348
1191 336
198 227
728 191
780 130
1144 256
422 257
980 138
233 397
1185 129
1112 56
631 577
997 592
230 460
1194 155
289 573
1134 489
1268 55
280 513
1073 55
815 507
196 402
1141 489
351 184
528 403
531 409
944 243
887 178
341 705
1054 426
545 316
1184 279
956 50
917 215
1082 345
965 110
706 243
259 653
198 283
1150 592
1114 291
913 47
1149 247
548 410
1200 334
351 686
514 269
272 212
1171 408
1175 211
1099 317
1120 309
1193 525
768 73
155 173
892 715
1191 340
744 48
256 362
681 184
1158 505
276 466
572 545
925 107
1210 396
1199 180
141 181
275 534
563 627
1034 591
521 645
1147 510
1000 44
1062 313
574 397
908 190
486 179
1209 420
568 523
67 457
1167 472
822 432
235 503
589 637
833 266
275 547
1040 326
964 91
584 393
1092 333
1168 376
1110 0
919 189
197 81
616 712
860 60
575 636
203 449
248 533
141 270
1104 686
1099 509
763 604
1126 477
755 259
1140 392
1040 394
383 43
1120 576
1153 410
998 10
806 367
1184 519
581 670
948 330
790 246
1153 423
412 481
630 652
1186 550
1091 52
203 332
910 43
162 210
866 320
1188 516
769 415
1118 284
1050 712
1074 633
1111 69
787 604
1165 527
1109 638
1121 210
836 540
569 548
1149 561
1166 549
1078 333
876 516
1011 80
871 396
860 184
912 141
1139 424
866 268
863 382
492 368
173 269
456 216
1024 496
1199 531
1110 225
933 19
969 19
1115 441
860 55
213 482
970 35
843 370
448 343
735 432
1142 431
221 453
642 673
460 627
298 637
445 401
1163 401
435 494
343 44
165 315
1142 197
895 94
876 63
623 543
419 380
409 125
227 508
792 80
943 161
959 183
618 687
139 167
786 227
1119 406
890 152
195 431
1191 275
747 329
1152 586
852 302
218 401
1122 538
539 547
1091 625
193 391
313 258
1145 432
762 481
1031 675
139 295
1047 330
1145 305
252 526
1086 609
823 344
745 298
833 231
1186 528
428 168
490 208
581 554
664 668
545 707
925 22
491 316
234 604
224 467
256 551
491 219
1074 540
520 591
590 585
903 705
987 80
305 630
848 540
543 495
840 342
799 296
233 252
869 371
1162 337
1171 359
908 375
1201 468
533 612
244 539
910 640
392 153
511 414
861 74
201 226
1204 424
877 367
879 100
872 43
241 545
1177 434
1147 394
291 596
281 690
239 563
564 101
1078 13
842 297
725 276
274 590
949 80
1113 445
881 109
1143 254
760 182
1096 464
841 285
1177 504
1185 511
512 705
864 301
779 405
551 625
524 574
765 130
1127 325
577 6
1148 345
454 143
934 82
1194 330
459 152
505 223
1008 87
622 708
1124 381
559 494
1106 354
980 604
225 407
