709 334
947 334
1078 509
1037 313
1147 153
168 111
1042 30
233 404
1022 622
838 644
961 237
197 43
799 567
404 200
1145 460
708 306
1068 29
294 273
921 536
1011 325
1085 30
217 218
1112 515
710 256
979 38
1084 676
766 341
786 317
247 575
1115 719
1094 313
362 345
1058 547
1039 406
1091 407
232 328
1016 221
252 46
802 698
258 207
1089 528
1168 436
674 559
1047 613
712 290
1082 183
776 328
1076 276
237 88
214 243
348 156
214 110
233 115
910 709
1157 563
1080 445
160 204
193 5
706 673
719 509
1002 28
920 328
882 680
938 435
1175 229
954 489
931 563
1006 405
845 527
361 243
234 144
836 502
208 433
203 136
196 193
1010 384
206 157
216 172
939 398
1011 140
811 388
1084 424
196 97
871 375
1020 554
357 551
841 637
325 519
271 113
1160 113
194 155
816 645
848 376
1089 644
1044 463
177 144
1087 315
848 675
750 592
760 494
242 310
1037 411
775 535
741 662
940 511
964 511
875 519
757 562
1103 283
724 322
296 99
328 263
1006 466
1065 281
1074 351
635 254
675 538
1067 636
253 271
1072 468
284 59
229 182
849 532
1156 605
903 318
383 178
765 284
218 148
227 353
1062 374
904 369
1099 611
882 328
198 149
205 208
839 527
909 351
841 297
899 566
1129 432
756 505
815 706
1143 439
264 157
170 234
1064 448
788 417
769 267
1054 516
903 414
180 140
1069 580
1056 97
725 290
849 676
918 533
1035 474
334 586
824 317
262 193
1106 462
981 693
739 273
191 76
999 300
907 321
383 324
967 547
1063 413
742 540
717 553
806 113
1027 574
1033 564
1117 286
1009 686
1044 404
704 396
903 353
722 400
315 149
740 590
793 369
1093 605
1117 382
1166 338
348 275
1065 494
1174 245
1037 466
1080 35
160 124
201 131
951 574
659 563
357 676
946 289
251 104
850 572
210 162
774 674
154 189
1183 314
256 151
985 505
144 53
206 102
1018 154
1128 306
757 622
1106 99
1008 515
935 355
1013 518
197 207
693 568
1152 500
702 541
762 541
1025 274
995 449
1019 458
858 349
211 114
203 315
1181 546
772 662
328 136
1066 356
1175 424
967 506
947 599
776 585
684 529
927 645
1049 62
270 3
1058 216
155 198
999 339
428 328
918 375
782 291
990 711
1098 635
998 532
826 482
1042 434
184 133
345 626
1139 309
1084 598
806 325
215 233
1104 462
1017 605
333 59
1043 511
824 510
753 415
795 379
158 122
1148 117
250 350
781 400
345 474
1073 461
957 411
963 287
211 244
175 291
753 409
1143 413
1146 447
1069 624
780 310
1127 374
884 327
808 342
850 593
1082 286
987 524
752 648
173 159
804 529
1127 574
977 590
240 8
854 565
940 530
763 26
968 708
808 694
926 378
1144 468
1077 452
1069 444
976 433
780 518
841 519
912 472
1136 304
233 385
1054 334
1058 546
948 18
917 692
1103 582
1055 17
880 389
202 48
1088 448
667 604
916 363
709 696
1053 252
1144 656
188 210
1020 224
220 332
803 411
1143 411
1170 451
1056 580
247 104
1145 642
282 578
700 567
524 302
222 104
725 500
965 500
806 569
519 395
849 376
914 334
1028 702
815 612
1081 223
1021 273
535 501
517 409
1082 422
743 398
503 586
1126 301
734 393
725 715
680 660
1094 486
261 101
1148 150
751 662
802 506
304 93
1015 0
1032 645
188 116
896 707
995 423
1030 347
236 623
195 218
692 624
1145 415
847 654
970 471
1055 601
1160 518
174 96
808 406
214 272
690 372
1102 675
996 535
211 266
722 257
247 207
759 307
1067 493
1061 477
182 296
714 239
761 510
233 206
743 584
1003 478
1090 512
1039 550
777 298
342 157
940 547
906 587
766 286
916 513
523 496
785 402
371 115
805 648
828 259
878 503
1169 589
334 324
1114 369
1127 184
243 5
687 618
1080 435
1127 135
830 715
1103 596
916 439
361 209
805 507
911 116
1059 231
755 600
977 530
1152 530
231 167
723 497
792 497
281 543
746 510
1075 673
372 683
193 471
871 377
774 358
1056 232
202 78
288 155
1031 200
670 412
984 435
941 442
1039 295
679 517
1172 311
1075 88
726 344
1032 138
1063 31
908 523
235 378
1086 555
757 493
567 171
397 591
1010 316
96 368
692 637
747 637
781 13
1046 200
1051 182
739 271
1128 433
706 374
1139 261
228 197
343 197
177 125
229 116
1072 370
294 665
194 124
773 378
1126 206
939 494
881 565
1075 687
1074 292
837 419
776 519
870 536
1018 549
752 312
837 366
164 144
706 631
966 618
969 528
216 250
878 475
963 341
1170 401
809 375
1102 187
751 498
1139 645
285 333
782 292
1040 713
1004 376
863 421
571 497
1053 586
1115 442
283 75
669 274
997 522
787 379
1094 288
1049 536
1079 339
267 549
320 335
327 188
1028 316
883 622
771 647
701 217
1006 646
1122 703
227 55
221 442
1062 203
966 520
1067 551
938 500
211 195
900 559
614 285
239 577
796 313
1053 619
764 504
559 173
143 147
499 43
890 335
1019 248
765 535
1013 600
404 305
1081 566
188 98
203 161
910 675
313 507
182 220
969 580
1002 681
1151 550
856 705
1034 416
1046 29
236 70
1075 646
1048 434
818 540
1064 294
1144 330
770 311
229 165
695 638
1055 567
895 641
158 355
1065 191
888 366
1023 64
1022 309
1054 461
676 421
1027 429
1104 267
196 48
1124 498
589 2
733 535
163 109
293 577
1108 395
273 253
292 33
1028 523
179 244
1094 618
691 212
1122 322
718 653
1194 510
1107 702
1101 459
963 696
541 689
1144 349
1078 430
1032 693
687 380
766 113
221 425
782 701
948 448
706 500
256 253
250 89
705 526
801 571
305 179
780 286
978 558
861 644
726 669
1017 411
747 502
686 628
699 620
1076 178
689 589
865 666
1021 559
747 609
936 415
237 230
930 679
821 617
820 654
1131 299
971 393
693 355
772 378
994 602
540 488
942 509
933 445
845 410
1004 182
988 649
528 36
978 485
496 537
1188 497
1105 488
729 584
641 282
746 615
871 552
1144 276
472 20
1094 441
1111 169
938 290
673 664
1017 356
852 529
853 694
1051 658
1052 669
1138 350
548 415
187 133
874 514
620 292
938 459
1021 674
527 404
250 441
1057 453
257 245
876 703
1045 494
830 195
767 308
993 428
729 643
996 709
291 511
185 51
1106 93
360 169
394 17
1221 115
660 241
911 466
997 587
789 346
502 512
675 719
934 295
1081 548
298 245
691 291
652 613
1053 386
1062 434
1058 498
208 204
517 470
439 31
852 403
685 396
710 344
799 3
512 441
791 596
1086 50
1129 341
1153 437
227 423
1024 345
697 411
1126 580
1087 538
660 515
151 211
754 468
733 41
1016 203
1095 610
501 404
725 418
719 625
895 105
774 408
1164 624
1091 593
777 535
934 337
525 479
545 399
1129 471
680 604
543 494
809 72
1066 452
203 512
763 663
217 224
858 329
1099 179
894 336
1146 670
343 156
959 441
925 362
233 218
203 289
785 342
734 304
1173 477
743 678
314 199
202 312
749 312
741 670
249 164
974 438
1133 584
926 284
146 641
963 264
299 245
937 502
714 711
1153 105
202 292
1055 701
911 330
1046 664
304 157
1113 523
1072 336
247 37
1135 494
1081 474
709 256
1023 606
1138 260
493 476
717 528
193 70
709 638
803 406
1070 562
197 282
227 256
168 255
974 637
244 287
540 36
728 336
328 682
1114 296
255 71
1095 542
917 422
884 701
980 683
915 62
717 717
913 359
1009 459
991 480
108 121
1158 408
1123 465
177 232
859 181
1118 131
1026 517
1102 285
811 336
1107 351
906 511
1133 343
1170 491
870 678
757 313
677 306
282 107
1138 602
1092 453
705 256
1078 484
239 284
1020 86
1011 417
978 490
1145 338
1102 556
1122 505
300 201
1028 41
993 314
1033 148
1114 701
887 644
174 57
724 626
724 623
222 92
194 293
204 156
759 324
277 482
1159 482
945 307
763 324
1161 313
1133 480
1110 678
1058 14
1040 516
163 373
969 501
1002 498
761 299
1040 402
260 525
1108 230
294 118
1167 438
1106 647
833 607
240 47
1185 264
1011 553
958 544
1058 3
1005 2
811 617
191 127
763 480
1092 500
285 181
1171 527
1052 624
1054 428
181 151
1024 286
787 616
877 355
285 537
878 499
1032 145
712 276
530 316
991 551
1148 595
1011 634
901 328
1081 516
262 79
1068 676
289 334
676 607
991 448
719 581
645 679
810 679
285 500
969 461
783 698
1069 372
1105 419
370 598
456 437
779 344
966 701
251 10
652 295
906 647
166 168
243 37
943 396
716 314
193 254
552 31
1010 464
786 676
851 522
988 497
790 589
678 399
976 472
1023 615
802 377
943 565
198 179
359 461
297 282
725 699
1044 327
757 559
245 372
935 349
729 224
786 290
1081 459
994 267
1056 514
782 354
1073 183
1163 260
649 687
935 539
1091 376
680 358
228 291
229 109
1082 189
1047 646
943 330
1051 404
1175 397
1075 564
938 405
415 231
732 652
154 238
959 572
189 151
972 583
982 0
953 678
1059 221
645 337
1083 498
820 538
807 617
922 437
770 398
545 465
1077 387
1075 410
363 241
1088 324
1137 529
1058 695
824 583
292 547
814 380
213 113
940 315
1058 439
786 402
505 499
977 301
217 39
641 534
1077 348
226 113
716 531
175 375
345 641
243 78
933 458
1083 84
1115 455
279 253
861 640
333 347
1115 453
874 697
902 287
1034 212
1054 693
781 523
728 716
980 285
1062 555
651 229
798 328
777 505
1093 51
930 489
1137 141
255 326
672 318
304 145
1091 335
321 273
371 153
245 130
719 685
836 380
1064 655
726 640
725 279
1129 643
1012 667
995 467
935 383
1128 464
715 298
671 241
661 525
1079 267
1072 289
698 632
1046 213
769 582
1120 244
753 532
916 486
291 41
1009 415
1036 262
1183 316
1084 686
779 506
1039 611
762 498
264 586
1004 607
181 77
1040 702
1046 343
718 212
373 227
969 533
1051 358
684 513
697 631
1121 469
1053 599
1122 388
631 666
733 382
1043 405
823 541
709 345
256 15
757 703
1180 614
808 718
730 395
1033 395
748 592
485 519
186 169
930 523
567 131
1013 571
826 474
344 273
1060 358
938 549
1052 690
902 369
1062 207
238 136
900 521
1063 387
1060 509
1121 596
1146 651
1011 652
1083 669
941 325
278 377
978 700
909 436
956 343
1125 581
792 29
275 95
857 526
1119 493
715 647
879 374
1062 540
1126 368
192 119
984 446
1142 446
783 520
827 533
837 532
905 322
683 233
693 609
1105 417
170 133
911 608
929 373
1110 421
1096 199
605 64
1018 426
1057 488
1001 491
296 643
784 685
1101 413
996 477
372 221
945 389
1104 534
380 306
698 695
1122 365
993 216
1104 359
184 179
813 393
484 3
1078 44
835 662
242 232
883 492
961 394
274 95
666 712
1064 99
1095 307
1094 625
284 159
168 143
159 127
1037 104
247 28
762 231
1056 230
1027 248
1021 330
790 518
516 453
867 678
1036 681
924 471
787 587
973 289
1028 99
779 685
145 241
210 118
1045 576
964 413
371 162
1067 351
1060 114
1028 547
736 712
817 697
1014 654
297 31
565 31
1162 288
1202 520
894 523
277 368
306 232
224 121
931 490
1130 631
542 386
224 214
718 592
796 517
870 376
1010 566
220 350
1053 565
832 682
655 203
1043 719
948 271
497 50
1083 163
1100 380
1112 168
1055 715
865 527
774 329
937 261
1148 326
227 277
517 394
277 318
805 359
1046 19
373 142
799 284
962 574
815 619
780 407
779 380
257 8
816 131
1141 553
1020 641
875 402
1088 335
960 417
1113 408
815 519
219 320
789 375
1157 347
769 37
801 98
942 486
999 717
976 469
752 548
1052 295
1034 512
513 422
216 183
257 279
1014 678
244 213
1121 309
294 165
936 392
241 220
1111 203
1139 425
220 454
472 29
211 321
979 321
992 511
474 445
879 14
275 296
910 389
1079 437
965 393
1034 689
769 301
512 56
1081 576
267 49
1012 522
245 196
1026 664
795 517
666 659
207 179
1070 674
1070 502
730 416
807 558
894 565
826 358
850 596
1028 676
770 543
250 51
1148 307
1050 640
810 594
276 186
909 425
804 692
1113 70
746 698
810 294
691 690
1069 69
911 320
722 392
1017 623
192 91
1175 416
1043 451
696 295
1039 717
868 370
348 627
1129 359
212 263
1081 16
1126 147
1133 319
1077 327
824 294
176 189
877 489
680 695
187 151
711 718
534 587
840 463
702 170
499 406
172 106
813 581
274 353
538 430
914 679
734 543
240 162
964 650
776 677
1067 584
1097 422
1088 329
687 338
1084 626
381 239
1102 292
704 616
1084 71
970 397
938 415
1130 283
182 112
1021 61
971 577
1036 240
803 530
239 199
965 300
1137 481
254 399
256 534
271 283
1121 54
679 638
1067 546
824 420
900 624
773 513
725 423
204 235
169 137
992 383
800 466
176 265
726 615
853 682
843 668
256 174
822 548
809 665
1084 538
166 337
189 263
979 681
952 373
263 357
859 620
754 309
214 163
658 410
728 245
265 534
1181 505
1063 643
879 330
1028 606
953 518
780 542
970 437
241 201
917 517
993 549
1011 401
687 276
769 715
216 151
213 212
668 290
1010 540
767 321
1040 122
1157 600
751 624
781 379
183 204
201 204
684 268
285 179
787 564
1144 559
199 64
911 361
1003 651
378 183
1160 283
230 271
1063 668
1074 320
1169 583
189 224
177 235
1054 703
1029 208
1063 591
720 603
985 713
1029 292
1130 362
209 175
1057 245
1118 264
714 335
708 660
227 215
731 554
1040 199
720 482
826 537
1048 700
208 305
729 347
485 393
192 108
975 553
1160 471
792 621
1121 387
949 689
921 690
316 121
316 126
755 403
494 33
1061 395
756 89
259 215
870 616
1029 579
676 716
1153 457
169 107
1100 575
961 316
184 69
1082 521
762 382
1169 463
677 516
228 131
871 679
229 130
964 350
945 349
313 4
1097 396
1066 460
1026 531
141 96
726 277
1128 241
869 509
200 136
966 686
748 679
1098 92
1053 370
1104 664
185 285
939 415
715 339
765 380
1066 464
1050 553
398 334
960 481
1129 381
880 493
708 283
665 238
1029 215
189 223
1027 431
1068 401
294 324
810 402
934 469
760 520
237 86
213 203
1028 203
1175 595
873 382
289 314
664 549
213 147
1027 569
963 546
195 291
204 155
929 421
1193 452
991 429
198 33
176 117
198 59
1017 51
751 544
746 384
772 565
1023 514
509 425
644 518
953 401
291 16
746 515
836 524
202 247
715 677
829 351
1059 302
1103 382
369 207
1166 218
341 315
707 547
295 161
246 566
1174 529
253 444
750 180
1023 180
771 617
719 338
308 221
971 337
737 665
420 162
196 83
911 375
901 274
712 648
1090 673
164 74
758 545
1079 100
767 524
1024 696
1063 296
1114 505
1018 262
171 173
1093 637
236 520
1107 224
813 550
1144 161
951 353
1117 35
678 346
966 510
856 421
1012 302
344 184
929 417
670 668
1089 588
855 535
1063 617
1121 652
336 154
870 716
317 226
862 257
996 534
1106 534
966 631
164 119
184 142
695 633
867 517
1023 623
1066 229
947 347
1122 54
1092 352
183 205
206 205
942 503
297 232
967 357
792 395
745 342
256 321
924 513
807 408
330 316
799 637
824 531
1130 580
782 479
639 245
1008 514
1073 448
1034 319
267 162
1099 239
704 329
731 400
959 553
1031 472
844 643
1120 276
889 549
887 670
635 291
744 177
268 498
1000 265
1103 407
1062 622
909 530
1049 677
778 316
1057 283
785 346
766 334
771 370
832 372
1025 701
256 146
204 149
332 96
343 305
955 461
928 390
1067 390
883 595
980 631
745 515
892 561
214 188
331 229
704 216
1088 88
939 640
1020 694
309 520
856 616
788 314
972 297
267 283
962 371
991 366
173 134
668 210
1131 357
935 327
766 392
1153 392
526 15
693 536
311 447
1020 522
751 287
325 446
889 492
1065 642
870 581
1117 596
1078 121
922 368
654 680
240 244
1166 474
1111 557
679 560
1075 608
187 143
227 132
234 116
1097 42
1057 544
1072 278
1061 470
301 69
1116 150
238 222
339 712
982 356
207 103
1047 666
1044 510
1074 659
831 392
160 130
1143 501
1128 520
841 621
765 526
981 713
930 414
1075 651
697 334
767 407
792 652
1046 690
983 570
214 230
332 250
781 672
254 255
1009 4
741 373
982 299
303 325
1099 355
306 120
978 650
1088 415
678 719
765 719
1184 347
262 6
712 538
200 166
1030 705
672 195
1095 233
1068 543
967 625
227 270
816 547
991 491
1032 436
952 718
794 562
723 706
1068 376
935 632
738 714
1029 308
241 295
938 715
197 151
192 191
265 571
252 283
826 402
793 421
272 192
738 263
1029 155
1001 567
203 230
1098 490
963 330
1104 431
900 532
240 54
1066 557
239 282
844 512
868 704
788 657
423 317
1081 296
610 318
960 451
938 320
735 299
1151 201
1014 334
966 487
899 353
701 626
809 552
1026 697
676 208
497 630
1095 395
756 295
807 692
751 380
1069 156
269 472
768 649
229 355
467 423
722 657
1035 75
695 253
293 181
543 460
540 88
950 423
720 254
646 646
695 567
1118 193
1027 525
463 624
777 342
1120 149
1130 518
211 263
1041 258
960 689
1108 52
1076 694
898 241
231 231
1056 359
1151 350
958 330
656 707
1125 627
959 293
211 256
275 260
1159 608
781 394
923 401
864 44
196 60
1187 507
1056 421
250 306
891 646
239 362
465 401
1027 571
814 673
990 502
966 331
739 660
808 355
1140 132
1127 237
1089 247
881 549
532 55
233 63
561 56
1136 319
540 9
748 684
966 502
1137 399
1070 169
202 75
1102 527
982 521
1028 247
235 270
735 634
672 572
972 498
935 571
748 691
1141 522
446 551
240 295
528 466
838 603
301 259
791 712
221 280
540 32
779 112
880 246
911 307
246 11
676 228
1148 372
1050 309
847 404
508 584
1075 296
958 472
1049 716
142 131
825 495
707 399
1085 654
1070 624
213 225
717 623
859 708
682 576
704 514
783 527
161 119
275 35
779 555
680 203
978 271
972 318
1078 161
496 520
960 564
1126 666
1046 113
197 99
1139 99
520 327
242 104
258 109
906 373
1108 624
978 636
706 552
498 54
242 406
215 348
911 715
504 392
698 677
885 719
262 205
664 537
839 537
181 277
1059 691
746 421
1173 607
687 318
268 175
1049 653
982 600
1021 684
909 508
756 369
966 27
735 642
1109 280
1025 475
758 266
775 611
162 128
1031 58
958 478
693 513
243 85
713 312
913 561
760 437
956 533
1126 282
953 540
1135 95
737 369
860 381
658 702
928 491
808 561
1107 606
1020 417
1074 714
306 186
1110 433
181 280
195 127
1091 349
1138 209
181 398
1146 407
278 471
752 399
751 704
1110 174
267 108
984 312
223 63
1043 496
966 391
701 628
1076 628
210 288
1030 297
735 510
934 355
986 355
156 135
991 621
200 173
748 400
257 276
803 422
1045 701
1104 484
1102 504
182 118
710 529
526 49
1061 612
1127 612
545 416
663 679
792 521
944 350
1006 641
884 339
735 624
1187 361
810 495
821 595
1104 27
192 106
1068 575
742 706
280 523
683 523
482 424
409 43
1008 718
513 9
348 8
819 357
905 316
736 270
271 228
344 196
202 1
744 560
906 466
708 415
1083 3
656 328
445 555
703 535
915 283
930 269
792 354
1040 12
215 215
1075 341
971 441
236 105
312 611
205 203
550 460
963 519
776 665
731 539
909 331
1084 344
813 603
517 79
475 497
759 693
231 18
1189 516
974 617
1046 214
185 178
1033 525
770 682
819 119
479 19
176 243
170 171
1130 490
1159 491
384 215
1137 449
522 15
565 18
982 637
917 302
692 530
1033 508
789 594
245 357
516 558
344 153
150 61
669 669
1002 264
776 401
215 81
751 519
241 273
535 460
255 243
987 523
760 304
1008 598
1037 502
1033 194
711 553
734 679
939 700
727 416
933 401
309 255
1048 497
532 387
541 414
1100 198
1082 353
701 375
527 460
923 469
962 571
748 656
1021 664
874 187
377 215
1030 335
669 693
1133 265
1185 265
747 588
355 221
1022 304
1133 625
1073 695
174 88
748 569
941 429
240 280
806 617
835 111
995 716
512 346
1134 484
1037 611
716 600
1068 338
196 140
1151 425
997 625
398 632
1116 363
963 323
496 634
869 703
738 483
176 119
1007 212
847 499
786 378
775 647
825 502
1151 651
758 511
232 85
163 126
1109 428
172 147
876 611
217 236
1162 605
274 87
759 703
751 653
965 460
1045 649
1046 457
978 327
1021 565
676 638
1055 347
386 535
991 373
970 702
1045 128
1020 543
1111 564
510 1
1159 309
834 111
1045 650
257 471
771 598
571 456
760 289
1113 578
1063 22
969 616
443 14
271 339
1119 464
1070 285
540 398
663 218
754 653
729 215
1050 410
1008 228
940 602
1102 508
1136 594
922 697
1137 134
685 71
1065 559
752 702
747 514
769 360
827 363
1097 613
313 48
1115 655
927 230
215 222
1013 551
734 513
888 513
718 287
741 704
1039 582
923 539
883 625
1033 449
826 573
1055 479
231 173
870 388
899 246
808 498
567 0
542 383
185 179
1131 591
296 170
734 207
1140 148
1098 654
987 264
695 492
480 462
889 653
732 278
1077 698
239 179
211 488
768 521
728 504
1071 668
809 574
1095 143
291 486
764 381
1065 35
1058 398
1053 627
1111 608
760 673
737 681
1072 686
862 625
761 500
546 440
251 332
1016 612
893 677
504 570
842 530
1169 436
981 544
1126 376
959 716
887 519
207 38
980 434
1038 363
974 366
1112 169
952 454
758 240
178 42
223 230
222 473
673 245
853 580
191 337
725 347
472 38
1064 623
338 171
1016 702
732 289
550 458
484 587
757 394
1141 609
1138 680
898 147
759 500
459 599
692 349
526 535
1031 517
884 706
750 277
1015 47
547 339
568 67
967 98
512 461
1245 311
197 68
1090 538
529 366
688 659
498 541
454 466
673 513
1122 411
1027 565
195 239
573 22
1090 287
1105 680
1101 502
1081 15
221 147
1083 291
755 717
1076 396
789 83
851 542
941 445
529 350
975 350
234 291
281 346
1088 243
209 111
773 697
191 174
839 112
725 625
679 538
1164 523
742 402
164 287
731 344
1031 108
860 369
705 551
1149 551
895 251
1045 634
805 686
972 671
706 240
715 560
268 245
1078 202
763 313
973 506
530 497
1040 32
257 250
219 91
957 429
510 403
777 541
1038 80
1031 549
200 309
1017 339
252 457
291 489
737 531
593 7
703 60
936 321
1054 690
180 148
935 478
951 296
957 573
480 656
728 681
1066 424
979 469
240 412
999 535
1068 421
1148 507
900 402
443 539
922 537
755 499
1053 499
985 417
786 58
535 12
1174 618
197 119
765 288
932 568
525 420
935 442
780 706
260 345
947 451
1181 426
163 112
576 13
201 98
469 20
866 516
313 230
199 188
238 284
541 52
1062 9
729 258
320 238
562 18
814 674
1040 16
1063 693
453 37
473 434
546 341
460 11
933 102
761 663
477 28
1067 514
920 43
611 29
1035 658
1116 301
446 527
1044 259
848 676
524 297
555 396
234 567
1172 555
906 74
298 282
221 39
546 401
889 713
556 4
522 11
206 203
961 592
204 147
508 508
794 94
201 179
798 96
199 50
1079 50
468 360
1079 484
514 7
858 678
1079 365
830 521
953 263
777 400
1064 708
788 716
953 358
1066 375
1040 677
201 219
457 608
1157 428
773 8
1069 649
212 87
239 178
839 580
1186 476
826 665
1044 229
1059 556
816 593
268 246
162 120
772 324
496 611
277 189
818 112
1085 403
1101 257
784 64
1030 472
550 29
534 47
716 486
786 712
894 420
786 639
728 220
786 101
750 577
1102 454
1087 193
234 610
740 719
533 44
1112 615
985 402
1168 326
307 587
705 385
1015 321
741 253
217 71
1049 579
1032 505
1118 86
1015 526
1057 234
944 347
1091 250
287 577
1069 323
801 689
487 29
810 546
883 287
858 118
856 105
1055 594
1032 705
728 683
1076 465
949 495
855 636
763 9
1085 643
985 361
482 581
806 299
706 326
1092 585
517 492
174 164
512 76
479 421
505 590
974 489
691 200
225 55
799 119
174 75
840 709
347 674
1173 349
1005 450
531 266
950 625
745 592
957 617
179 176
1052 541
265 33
328 40
846 80
998 716
182 180
248 175
821 196
792 525
928 402
842 319
1043 263
769 598
955 436
957 558
718 704
1089 148
1063 556
911 524
539 385
204 102
669 365
494 483
1071 267
382 339
1011 186
760 348
828 391
372 154
458 22
887 365
1022 538
489 581
787 85
895 681
483 346
935 496
883 257
1106 79
1118 563
1034 712
989 470
168 163
301 701
997 547
954 523
876 679
723 375
975 416
468 24
1095 363
1016 640
480 409
956 394
775 122
1126 670
534 481
987 442
1137 482
545 458
1184 545
1073 697
486 588
773 581
1063 378
790 692
1089 316
957 434
291 94
968 352
1053 420
867 189
254 71
259 127
262 426
755 532
775 340
255 99
466 595
196 139
967 623
725 717
1104 604
915 76
205 191
925 427
1001 466
701 670
1130 354
945 433
228 184
921 497
1043 694
1058 545
206 183
263 183
811 538
361 272
766 381
655 681
771 604
986 273
992 447
826 629
803 641
468 520
203 160
848 177
502 535
245 97
418 295
184 260
1187 405
748 386
744 671
495 474
491 385
249 190
242 175
989 366
248 270
197 72
1042 489
1077 690
776 296
732 495
691 654
632 255
750 617
778 513
197 185
1006 561
309 246
1114 454
1012 539
1008 623
219 126
970 366
1076 514
978 332
655 580
772 683
159 139
1090 559
1027 640
1142 312
933 694
1060 613
699 370
1154 350
174 51
1034 374
758 1
474 528
1063 351
764 371
681 539
745 376
974 391
729 536
794 556
552 349
933 475
1134 440
228 190
898 388
744 241
967 554
186 361
962 502
763 318
1095 629
972 593
674 227
729 511
992 464
199 10
684 669
874 577
276 283
1064 117
1122 599
1031 676
1037 664
683 349
490 18
504 397
380 186
1010 581
189 98
778 388
533 424
1156 309
1052 242
540 415
1128 544
719 531
172 179
511 28
801 50
260 29
1056 640
209 139
1111 694
837 501
1134 131
1058 167
1011 606
977 599
674 189
723 533
753 714
883 592
947 514
745 513
898 513
1075 446
1159 471
1014 400
1044 260
767 293
1054 214
154 220
237 360
179 162
519 530
1182 421
707 681
1104 374
677 586
1055 334
1101 599
231 621
209 205
1097 525
806 521
335 538
200 23
1021 128
884 663
1095 426
1120 564
761 557
136 157
973 608
888 702
355 343
790 343
1061 518
998 566
1180 598
1090 197
1113 543
782 649
915 383
1055 581
982 583
821 696
856 684
304 357
955 506
831 575
759 697
762 660
959 703
824 668
858 669
228 105
193 121
1042 412
824 605
193 178
693 680
1087 631
958 405
838 246
825 615
716 687
221 307
1037 569
510 319
795 420
1106 544
1091 16
806 695
1038 691
1028 148
1093 570
1109 674
222 285
1118 693
1082 440
1051 554
878 401
178 145
237 103
919 361
950 619
1126 509
345 78
1047 516
780 287
1031 630
997 631
1117 348
805 537
1040 61
1070 595
220 329
306 124
912 352
988 485
1021 604
885 343
1082 539
251 329
1057 403
1055 648
711 349
242 190
1071 370
861 533
736 534
954 541
311 344
993 395
498 395
1002 649
284 113
986 707
1031 404
255 600
714 664
256 512
272 229
791 317
1032 402
218 353
1046 635
908 394
248 87
511 426
1051 489
1029 471
715 371
938 589
1018 535
1052 463
843 532
732 559
1115 235
510 437
140 236
184 195
1064 521
924 569
701 261
914 372
800 511
507 10
1036 142
350 587
773 362
1075 63
707 603
226 230
171 162
1094 659
164 64
146 224
922 394
498 51
706 526
515 63
760 380
1037 571
1004 528
156 133
834 551
681 619
1124 591
244 120
949 459
838 693
1059 451
509 369
1094 369
195 207
138 199
793 376
1015 328
283 186
862 650
746 291
1057 393
726 198
751 311
968 330
178 232
1040 645
357 292
816 662
966 548
406 133
1081 135
1061 143
1038 448
721 278
945 305
228 226
712 667
1105 442
1149 442
291 77
566 15
1021 625
776 573
930 403
855 123
1167 274
1071 411
800 124
804 522
226 265
712 624
850 567
974 567
980 317
196 460
1055 618
198 47
961 354
937 692
1129 509
307 16
884 651
1036 686
717 527
948 441
1049 706
997 523
725 593
687 301
346 222
224 192
741 302
723 543
867 371
743 225
233 538
754 536
190 198
347 224
705 531
1019 185
1008 558
187 207
175 386
968 663
1029 656
1144 660
943 469
1114 422
683 590
378 101
924 366
178 313
783 227
804 709
545 349
163 96
870 595
795 410
1125 420
1069 529
854 327
718 369
504 421
979 421
824 515
1063 376
211 136
757 680
301 133
670 331
214 241
809 704
805 594
1044 497
793 650
702 294
268 134
1130 181
782 677
1066 314
1072 298
209 255
1004 389
1077 152
933 326
1030 254
226 276
179 100
350 116
359 204
908 95
939 472
854 697
228 166
793 489
714 540
1053 517
192 245
1081 708
177 180
246 56
752 285
767 285
1038 373
450 3
742 367
659 253
1019 717
199 149
777 318
742 651
1118 548
531 93
1144 572
992 18
1069 423
261 196
502 367
763 293
183 153
1094 614
244 314
807 314
966 692
705 294
997 330
705 426
973 185
1050 21
791 379
1145 379
974 329
1152 76
996 482
857 530
499 535
242 301
786 397
927 422
1096 512
998 314
1027 412
1158 632
1152 331
1109 345
1166 449
970 268
199 42
744 312
235 109
727 302
1107 170
731 607
1103 364
772 405
197 327
932 429
833 543
1180 412
1055 652
1041 13
786 204
886 135
934 411
1068 507
1143 665
397 319
776 278
648 201
917 456
1123 551
507 313
869 662
222 148
717 510
861 156
897 535
221 383
282 365
953 474
1085 91
1094 672
224 342
1035 712
1002 289
210 174
723 225
764 545
163 161
1064 611
216 80
1065 595
773 606
699 253
216 194
187 162
286 362
704 582
1057 261
1110 238
808 715
1054 714
640 392
717 617
399 205
1032 347
1059 629
835 418
232 101
688 586
1187 436
824 706
259 267
765 635
861 693
196 229
824 566
809 301
917 562
773 580
1119 481
897 482
1068 503
1069 699
985 697
325 399
1080 652
988 669
1120 512
274 556
891 178
945 458
170 218
232 121
1124 412
1122 499
745 516
184 212
1085 560
784 345
773 408
1177 408
710 542
313 158
518 19
943 553
182 215
655 334
838 475
1008 27
1163 403
1103 706
530 341
511 559
1059 335
954 705
194 230
206 248
652 350
1047 702
1002 378
840 262
986 318
620 0
800 580
741 287
170 327
190 96
200 153
524 9
171 332
1080 255
1099 665
163 258
671 231
279 211
811 399
182 257
1117 588
730 319
664 679
371 335
749 297
331 319
819 712
204 291
533 477
236 303
744 633
975 442
1137 697
756 311
213 303
757 372
532 388
1044 644
566 27
651 317
862 686
743 337
1138 616
1053 246
1061 300
772 603
253 151
372 319
1072 364
1072 277
214 53
952 294
735 327
1042 593
949 356
1119 301
786 641
946 658
934 494
1143 90
1050 150
195 475
754 697
701 566
649 398
796 582
1120 288
1022 370
736 577
706 615
1055 468
877 526
1051 688
379 159
1034 505
742 254
1022 691
774 322
179 179
1090 427
719 563
702 645
386 332
205 219
443 2
1076 428
1038 587
180 98
1121 77
189 83
1129 113
654 323
786 261
792 301
485 612
830 550
740 658
172 173
675 545
1090 276
204 226
204 70
1044 559
1024 351
255 263
1015 34
983 312
1119 554
1011 321
1147 443
1138 169
1095 370
175 183
315 242
757 294
244 205
934 465
1110 524
415 194
1169 548
298 241
196 276
670 223
92 248
416 115
758 398
1144 362
226 311
828 377
294 226
421 289
822 272
1071 407
1093 679
1072 448
651 671
844 414
789 533
200 113
746 503
199 179
688 469
1074 410
750 417
948 397
241 82
1070 82
671 604
661 615
313 89
1054 706
1141 382
752 520
697 640
281 202
760 663
1168 454
690 607
947 558
875 676
710 651
957 613
530 408
1001 496
1023 496
1130 470
832 650
801 540
244 329
686 698
837 112
1003 361
233 105
971 291
928 263
1062 271
753 366
451 498
830 692
191 295
963 709
794 351
614 311
764 392
1150 291
1031 409
1017 85
867 376
194 149
241 153
228 167
992 502
669 651
978 702
812 496
827 399
1173 577
1146 265
230 257
1079 117
223 62
861 106
553 493
153 247
546 688
1002 6
1049 1
734 619
1033 275
497 644
288 541
617 361
235 118
1092 525
869 528
759 497
828 578
156 227
1127 463
977 685
1087 661
736 377
955 474
1025 672
679 218
887 489
304 87
841 577
182 47
894 386
756 605
1131 344
1048 70
365 328
1030 618
1096 482
941 699
965 467
956 465
1023 380
1095 583
900 288
1060 506
1046 392
498 45
1079 706
808 697
152 311
1043 550
264 276
813 600
1153 551
820 603
881 716
194 546
300 172
411 354
1037 438
709 283
658 304
376 316
1083 312
231 96
886 521
756 347
752 638
662 663
867 663
991 660
955 457
332 113
933 665
705 269
1122 269
1049 606
1047 297
477 32
915 518
755 275
1164 487
216 98
420 215
819 579
1066 50
1102 406
1133 432
231 257
240 250
1068 456
216 38
993 271
754 542
1097 514
673 305
1089 375
311 170
1029 11
763 584
657 399
796 340
676 542
259 138
612 323
372 246
1009 3
1048 66
850 405
815 414
329 184
1024 674
950 299
789 525
754 367
1039 245
769 636
982 471
670 694
980 348
1142 630
205 246
1074 286
951 371
155 162
1107 640
963 544
184 344
751 522
1118 565
873 701
104 200
1037 637
763 707
714 286
1095 656
321 429
519 379
728 652
690 710
175 175
1095 600
799 585
422 283
1070 587
321 89
1069 711
1130 462
680 665
891 522
1024 285
1095 182
1097 494
751 384
729 658
787 555
338 298
775 529
192 312
1025 424
198 216
651 332
166 146
922 371
235 211
205 126
694 340
788 395
982 515
231 323
246 475
1023 341
264 254
728 265
1070 265
1162 351
1141 166
1104 516
801 410
281 68
756 343
968 328
1135 626
1011 182
771 390
725 527
1008 593
690 365
204 203
1053 531
326 60
713 352
863 656
821 560
204 59
1043 94
1143 346
870 395
1186 446
258 173
880 692
1143 195
788 359
232 224
712 383
270 473
752 382
1063 608
790 311
989 516
1001 54
934 414
684 692
818 140
666 286
753 509
186 147
305 344
499 21
768 576
556 697
189 216
1116 46
275 162
188 46
782 570
817 627
854 557
1145 405
1098 228
779 582
1092 67
403 184
304 663
1144 636
1065 234
800 310
184 67
215 100
231 76
787 637
673 267
1055 560
1020 77
373 307
718 357
228 241
940 719
278 205
1033 302
738 515
270 164
374 135
996 494
1037 631
1095 535
1112 588
673 703
1067 677
896 404
306 139
762 666
352 583
734 516
974 665
228 159
1190 402
930 659
721 509
1063 235
891 390
1094 390
703 718
522 343
230 516
171 207
772 712
1009 394
889 591
887 594
1094 575
1125 435
1098 491
813 689
1023 326
272 140
1200 488
189 128
1078 622
1081 380
1007 489
1051 430
226 78
755 719
210 180
250 68
1044 230
186 211
1045 20
1089 635
732 532
766 312
701 142
886 669
332 125
1011 489
781 363
793 625
788 717
293 482
747 656
927 536
219 232
1147 543
755 627
244 303
779 338
306 593
319 280
1008 390
1090 433
872 525
1068 525
1036 542
227 153
1149 354
717 334
1065 675
783 254
265 195
773 651
322 246
1003 553
830 541
701 407
762 533
154 250
201 454
1077 547
183 75
1020 648
1100 578
936 333
322 169
374 157
1184 516
678 538
933 718
223 298
1173 299
743 267
239 333
1124 438
1031 413
238 176
902 635
542 460
1091 50
285 204
1019 602
675 544
842 705
305 502
453 35
999 376
1111 477
815 281
1176 425
233 340
713 622
181 158
850 648
1022 634
440 620
768 512
1144 353
207 130
846 344
691 513
1109 281
210 82
932 706
892 87
1082 94
691 393
642 293
1134 483
761 713
749 320
967 332
1058 627
959 281
544 706
237 243
1053 523
160 178
721 549
499 377
1014 461
980 480
886 394
904 517
1096 441
1018 669
196 82
769 544
798 273
994 496
920 717
113 173
952 598
1050 313
221 271
551 457
920 330
1184 415
1077 711
145 259
269 238
204 216
690 257
796 274
824 414
1061 414
264 524
946 413
1093 540
1068 61
972 364
703 672
773 691
1029 176
766 369
987 505
1048 524
792 501
259 161
1024 523
791 471
242 331
197 321
1117 688
949 531
1040 324
837 515
1153 277
1087 144
526 449
1139 469
253 56
459 46
774 506
713 666
786 644
737 259
741 715
153 101
569 93
905 550
180 53
236 58
542 389
1177 255
1115 332
989 688
539 69
481 44
1041 402
270 59
192 145
1014 463
1076 463
895 277
435 543
799 355
1126 514
198 260
754 391
196 183
1046 96
974 278
532 98
836 162
691 671
560 462
187 294
876 397
824 379
1092 307
787 589
1087 575
836 273
710 240
1192 379
1094 485
1195 457
1085 588
679 228
532 424
1044 506
790 110
915 279
1065 450
791 385
785 285
871 567
275 226
523 518
501 449
904 471
1106 601
1132 685
269 696
245 351
285 594
870 246
191 240
562 5
1038 514
666 239
729 601
1113 268
311 520
1093 325
223 159
1057 719
428 36
957 545
979 569
1074 691
844 710
1007 88
141 162
895 593
793 379
1024 574
1064 702
722 473
1121 342
196 287
229 433
317 442
466 5
875 648
664 327
952 427
510 373
1007 457
1023 604
585 61
255 220
503 493
481 400
1073 366
336 126
977 303
294 229
1078 491
1050 658
200 103
319 136
869 570
1164 425
797 606
858 514
540 430
314 18
237 149
224 175
181 185
704 694
328 494
794 395
220 118
232 111
1058 443
480 550
1029 530
195 158
540 358
590 89
1038 367
331 327
467 519
1102 552
314 232
1102 66
1034 284
999 465
992 279
476 549
1052 372
1025 628
772 642
843 690
838 379
773 131
1124 478
1052 447
684 518
493 568
285 210
760 660
1051 458
182 116
1150 229
868 378
833 87
750 216
211 16
248 211
837 362
340 231
502 563
1139 156
703 666
1105 710
945 364
793 116
1128 534
772 645
932 708
510 473
706 292
788 404
417 540
466 629
957 614
1101 604
1077 595
816 501
789 579
866 271
695 653
237 77
767 358
934 315
1052 53
254 251
1137 591
877 595
475 625
715 525
521 433
651 200
1131 449
548 440
1149 255
282 175
774 656
1089 0
1013 205
881 393
975 262
1033 485
200 42
1110 251
946 441
763 536
976 500
1132 532
299 628
719 501
935 475
240 11
1066 528
940 420
1163 226
275 14
999 472
769 613
744 686
752 515
719 254
1139 429
950 335
785 292
790 245
285 316
970 482
216 239
1098 514
168 275
948 549
288 95
213 175
300 191
737 444
201 171
1131 404
1035 109
752 476
827 155
913 712
795 635
480 453
483 353
1008 325
768 606
995 407
753 526
186 264
284 191
214 250
558 49
928 519
1118 519
761 281
1078 601
967 354
990 693
750 510
1124 471
684 596
906 265
1051 32
322 114
301 221
730 554
992 292
744 315
213 96
160 114
206 349
714 704
1144 352
307 305
1136 174
805 665
915 574
1049 436
1040 408
957 605
234 119
746 519
875 632
903 312
764 409
1046 466
767 578
1122 414
247 183
1046 183
240 221
1069 199
765 674
803 539
1189 529
199 207
215 220
814 337
1053 255
963 429
885 386
646 545
681 562
494 46
162 203
954 507
1197 485
810 391
855 520
1067 676
682 597
769 459
912 357
688 259
188 99
909 483
1006 298
853 628
727 296
796 332
958 148
950 712
1039 655
1043 167
831 514
801 345
816 325
279 227
710 684
900 356
968 444
831 159
1052 458
1043 574
827 247
1190 491
175 145
740 554
1183 323
1120 573
707 477
915 343
162 186
1067 134
200 168
973 536
242 312
226 145
1092 542
218 160
911 516
1116 289
865 715
722 529
928 579
187 260
993 545
295 204
341 2
1031 150
675 300
1175 425
753 599
779 415
827 696
917 696
730 256
931 626
758 712
678 473
256 368
826 556
967 640
279 598
338 715
1094 393
1114 415
418 234
1066 364
774 332
716 535
983 317
1062 531
998 523
930 545
511 441
330 143
790 675
1118 650
164 173
1085 506
1169 404
1069 353
1109 677
148 44
643 318
791 556
850 662
156 164
1051 695
1112 269
722 620
925 468
748 588
972 284
697 313
824 600
758 707
1094 596
681 686
261 439
1089 161
794 313
835 374
828 490
1096 581
864 424
864 417
1016 384
718 708
1060 558
821 373
1059 563
1022 498
255 350
336 242
84 325
745 325
712 678
217 451
919 328
722 258
212 202
816 667
1003 438
831 314
1022 297
1097 370
782 403
988 475
941 303
718 613
983 517
1041 471
771 531
897 689
1166 497
1095 464
894 342
285 136
1062 569
364 294
1037 222
858 579
154 181
1023 446
967 555
973 555
1064 350
1039 492
191 173
199 185
542 21
962 392
245 71
808 393
189 149
181 233
167 124
896 482
958 481
751 658
766 382
941 319
1117 198
832 687
772 203
643 325
1086 277
1089 73
816 404
533 579
1142 519
1140 257
801 509
301 684
545 476
1053 459
862 670
736 543
281 263
1070 551
508 472
770 20
834 380
255 89
884 89
174 141
550 485
668 332
876 531
524 406
1024 682
1112 337
919 685
1048 406
1047 466
661 547
163 165
769 481
173 332
946 503
765 314
936 553
1114 513
699 187
715 346
1160 136
672 132
332 244
203 570
1122 340
681 284
825 530
200 211
659 280
673 99
245 389
281 303
1023 715
1145 383
1149 378
696 714
1081 438
1044 48
480 493
196 189
822 166
620 256
356 318
174 111
952 429
696 542
803 710
474 648
183 300
547 487
454 7
1031 320
486 396
493 397
253 233
112 156
280 363
477 280
855 717
1001 647
1130 381
468 26
1082 383
867 490
786 619
1168 453
327 114
700 283
244 242
1082 486
227 254
1055 113
544 42
521 414
782 374
507 451
780 644
841 627
1065 20
967 513
496 661
1040 318
1130 544
1130 598
556 503
1068 346
236 112
1075 70
230 192
253 263
957 531
659 205
677 335
966 380
498 43
944 442
1163 549
1092 566
923 488
525 494
916 297
830 519
283 217
874 540
213 234
959 270
965 534
1174 551
185 189
1016 585
934 408
842 495
747 429
821 520
279 321
988 593
288 227
272 141
504 438
493 3
993 431
202 167
840 176
988 572
1098 613
974 564
803 583
873 430
914 336
1161 158
863 553
184 204
211 250
503 565
905 614
1000 561
376 125
814 668
1118 594
1047 715
533 451
206 385
1028 700
993 320
706 520
1149 73
1068 108
1003 544
1011 544
1102 693
181 173
523 469
751 489
227 108
1205 108
776 473
1191 444
675 217
776 526
1127 677
177 158
1059 479
690 239
1026 707
1030 413
412 8
461 556
1000 483
481 597
710 273
203 140
1018 235
1101 620
703 282
1071 272
144 182
933 700
307 249
1139 352
467 44
694 709
1056 672
306 229
952 408
218 184
213 261
940 422
526 332
744 371
651 386
1064 416
942 493
231 436
207 184
214 273
214 125
1135 606
1088 224
990 446
1096 393
531 435
1029 198
1100 504
1158 461
775 705
818 409
1025 533
151 82
1046 304
729 575
1003 196
1065 124
586 76
802 532
1018 583
929 276
544 427
699 246
795 289
1031 471
1056 218
927 321
1034 298
593 42
212 271
185 71
1075 628
1057 701
1007 706
763 320
312 267
703 654
527 4
1116 390
1097 646
1053 184
783 616
759 639
998 515
861 380
853 619
1018 652
538 91
215 303
735 111
973 206
1115 159
1134 473
1126 625
374 142
996 554
478 585
484 74
1059 576
252 479
982 399
1062 399
1011 703
983 571
922 489
1024 531
492 574
748 404
75 395
756 502
173 195
886 388
932 692
977 345
253 307
780 363
881 243
758 585
1037 605
1137 390
1139 354
205 237
857 667
1117 316
765 708
1002 384
682 703
806 307
177 288
340 223
318 326
776 512
213 290
1093 373
1066 643
1038 699
771 535
914 494
817 653
347 213
525 394
809 394
243 168
739 474
209 169
268 23
1001 410
710 509
1144 599
1092 641
663 711
284 84
531 19
1017 695
1097 392
968 365
1064 652
783 628
754 397
320 34
1037 665
832 642
180 195
735 387
322 681
869 541
351 151
947 531
1007 666
747 408
245 521
1176 563
838 530
558 468
1041 640
786 350
1147 587
1027 249
815 408
1040 98
693 319
845 584
1020 407
1069 666
1043 556
677 267
1109 105
210 332
1044 213
989 680
903 492
526 434
352 194
659 314
873 118
338 249
1082 160
786 383
413 211
744 283
729 533
205 485
765 360
453 561
254 588
554 41
990 318
879 532
528 25
220 368
784 278
1025 411
238 70
1063 119
286 209
1081 667
333 160
1000 260
1073 410
853 318
1071 682
767 283
885 363
716 545
1166 296
1078 272
852 568
1059 689
177 163
1114 568
919 333
180 214
1112 519
524 472
974 523
879 661
934 599
463 30
1147 507
1147 572
189 159
1040 35
1085 164
1118 551
990 453
1115 290
1094 307
1066 488
937 458
1050 363
958 635
808 370
283 400
974 686
1068 514
1022 613
195 253
981 555
786 529
1007 470
798 574
1104 447
1151 430
501 61
1032 673
167 156
1010 451
988 386
978 420
195 85
957 349
761 240
202 261
806 355
318 628
646 688
1036 624
1018 550
1064 28
219 204
737 23
1076 505
1001 470
857 567
1173 544
217 267
719 315
501 607
1043 373
950 275
1011 484
1107 680
209 346
203 34
254 423
176 62
1158 541
922 675
187 174
768 604
343 225
350 101
960 412
1105 695
324 134
804 366
238 160
714 303
276 543
1075 35
1154 620
944 471
521 87
731 636
1111 550
219 146
546 369
1108 326
188 256
1072 543
239 163
198 68
1098 313
735 217
1017 578
740 392
947 431
882 402
717 354
751 257
736 620
277 67
644 552
290 126
802 630
957 408
995 657
160 88
778 348
1119 310
1131 304
862 647
845 357
747 574
685 644
1107 666
1164 484
747 639
1115 402
806 689
1055 537
995 510
1019 619
978 630
1022 452
1157 348
759 511
996 649
220 222
200 498
209 240
722 514
264 48
722 548
925 521
506 31
347 83
248 335
387 212
989 441
1077 306
975 684
689 700
1093 220
1111 476
703 219
824 661
753 386
939 538
976 301
1088 451
668 394
167 145
233 229
530 347
474 361
162 243
961 530
684 630
1020 575
948 643
195 337
850 685
800 529
232 206
729 612
1038 445
998 396
713 252
961 334
744 429
1100 470
1075 675
512 474
260 127
713 358
1024 347
213 231
1108 204
959 423
886 310
774 367
1107 247
934 571
252 198
778 366
1160 520
763 541
716 573
1018 627
1102 668
181 330
999 669
668 216
340 243
726 286
976 611
995 338
1024 262
1077 248
789 275
661 692
670 307
783 588
870 391
1150 394
544 404
967 446
856 536
1041 264
835 58
1098 674
281 141
229 150
926 321
895 353
752 349
760 370
755 374
668 555
1052 536
1023 517
256 349
492 9
257 313
992 455
729 675
1065 708
1092 654
678 637
714 562
505 501
1118 277
754 140
1079 456
270 36
226 269
428 212
186 167
982 421
912 354
1012 213
1035 536
1038 13
160 215
794 318
1046 409
159 220
1124 511
1150 552
720 530
865 64
838 297
744 696
241 340
1135 504
629 711
523 483
810 393
212 72
216 356
383 273
137 114
777 643
1071 372
1021 511
750 667
284 302
691 183
1039 603
1096 585
1041 613
254 219
516 541
950 321
189 172
1137 57
570 55
224 20
184 226
213 580
656 307
526 454
1110 664
1097 614
754 600
286 229
542 218
1025 181
761 632
1177 365
1067 482
1034 640
931 294
1077 18
1084 693
994 718
974 712
222 253
717 526
1098 429
295 247
1116 564
852 515
349 294
772 530
167 219
791 378
908 489
1051 138
974 616
182 254
867 710
361 477
1022 519
1119 517
942 501
272 480
825 480
972 487
1090 602
1014 179
924 593
518 398
525 457
766 386
1087 216
1064 281
817 668
925 534
186 153
1106 536
816 528
353 363
736 247
977 484
1030 489
525 328
178 151
303 173
293 544
1039 620
1059 87
702 527
860 345
819 534
243 599
1115 304
1174 483
515 334
230 224
765 717
312 175
224 254
1099 206
972 693
752 663
251 356
1038 491
1114 240
1012 621
1066 417
176 138
541 19
134 224
205 170
1118 442
195 61
1061 692
170 189
820 544
1046 412
1141 445
245 87
491 89
1085 615
515 479
868 141
239 148
996 519
716 534
881 399
841 470
1046 630
1133 223
923 453
786 281
1117 507
976 648
521 4
261 158
1100 131
272 326
1096 602
336 475
1038 623
494 431
388 170
788 572
1062 340
1064 368
238 304
1156 357
260 252
244 80
1042 531
696 332
200 124
181 220
246 244
819 684
770 315
971 714
734 621
431 208
1071 230
243 233
1145 398
773 505
1044 650
315 683
1088 400
242 431
533 373
1027 585
240 418
761 683
877 666
754 388
289 456
1137 456
646 530
689 705
485 39
1069 58
698 476
1051 556
685 553
259 71
157 82
1175 429
1078 643
1105 655
1092 175
1115 583
1118 318
225 284
1201 450
838 389
741 245
1033 251
896 351
724 300
507 477
159 172
862 544
699 682
652 265
1048 2
652 199
254 121
305 173
963 342
842 602
240 214
783 274
747 562
403 294
210 130
1085 141
1028 605
526 379
964 541
1084 433
174 182
683 255
1086 516
801 313
725 330
223 326
1076 490
1124 334
1068 386
706 529
1184 475
174 196
1105 679
1143 632
240 113
1085 585
981 714
898 282
862 273
706 302
1116 119
1161 495
832 512
700 420
714 660
668 539
1029 212
940 319
1070 585
979 328
761 303
182 130
982 634
261 272
1042 605
827 419
1073 516
165 284
1043 562
1073 464
1032 473
1106 347
259 254
1096 708
1096 384
798 541
788 655
959 530
1045 12
1022 605
753 395
1031 235
184 213
833 553
176 223
328 179
151 690
796 268
1057 667
1015 425
697 232
236 173
1116 453
1087 650
785 622
946 283
753 688
196 143
895 491
1062 597
743 290
818 615
249 76
1036 560
1018 258
907 513
141 282
1028 532
879 693
749 299
1147 426
1072 552
932 331
1126 617
743 289
1077 538
724 358
234 165
683 675
834 585
180 37
307 237
384 193
728 367
1013 556
790 305
667 670
988 292
1134 340
919 668
219 282
211 163
1041 553
750 312
1074 684
712 708
204 253
220 179
979 347
257 493
960 533
751 691
1053 333
1042 17
956 490
1096 195
701 369
1013 521
1068 412
725 608
741 246
814 371
1060 675
524 11
279 186
237 115
252 212
1019 712
764 717
759 688
1057 511
833 713
986 333
856 277
722 648
1149 484
321 700
146 141
1109 27
919 365
1053 552
295 45
1029 110
208 158
359 339
886 663
245 360
771 344
700 627
1075 583
171 215
248 297
679 365
705 594
197 118
1121 694
872 593
952 596
1088 502
1086 427
865 669
748 609
1091 609
1067 97
789 353
699 358
922 346
1089 576
1112 425
946 523
184 271
1063 439
836 525
1066 382
676 538
227 307
1050 426
908 455
962 381
659 669
696 229
1060 331
658 342
1057 499
1060 374
270 281
176 114
1006 418
848 480
394 252
649 531
1144 376
239 327
1122 590
807 514
1012 237
1064 256
788 509
868 708
684 667
950 562
960 285
205 554
967 676
209 150
1083 566
950 512
731 352
1031 29
1046 565
1122 343
724 314
1157 390
1095 701
753 347
190 171
1023 362
780 622
236 214
1032 320
1029 675
765 707
840 715
270 298
1150 120
252 127
1162 614
1194 344
173 178
938 368
1089 508
813 597
964 593
748 587
238 145
781 410
993 702
238 165
731 412
759 570
280 122
981 7
172 284
844 382
841 386
1017 614
857 517
234 274
1186 459
215 301
931 378
281 514
905 514
1045 620
1147 298
1050 716
697 244
1085 696
226 422
1168 372
713 196
1061 352
841 559
635 257
832 505
1179 505
855 530
221 129
225 427
654 251
196 188
138 143
263 68
819 521
991 332
262 278
970 523
764 484
1047 625
869 555
1029 521
252 103
998 692
1156 365
1058 333
1052 489
1105 300
923 323
917 487
326 662
464 6
236 189
1026 502
162 131
237 139
888 255
271 714
192 260
1006 547
1184 547
222 121
1033 469
1043 388
872 542
914 326
214 90
945 306
769 589
259 145
477 518
849 714
1071 677
522 34
1035 225
167 141
259 314
1038 96
743 520
835 608
1085 155
689 498
323 129
1117 102
503 217
714 572
715 333
1057 590
957 546
874 666
1039 277
532 323
1170 579
1127 555
1000 711
846 696
708 327
784 365
225 181
705 528
993 528
690 604
818 376
854 639
1001 211
367 194
177 159
1075 412
150 158
993 701
816 519
1046 411
1023 333
962 674
1045 651
1021 596
381 227
224 575
222 185
1093 526
732 313
209 356
242 342
203 436
1067 507
1072 24
1122 295
781 707
928 364
1106 703
1136 102
670 716
1153 491
146 147
816 579
217 83
193 301
161 201
1063 495
801 329
875 654
1037 484
873 370
1106 262
977 456
1126 610
996 309
1023 658
1105 361
855 516
525 404
299 380
252 431
258 287
1088 382
741 337
1117 690
1121 701
723 383
226 260
996 568
220 283
1064 691
313 24
1040 615
939 294
180 164
736 677
818 290
715 365
602 273
1159 378
1172 208
241 260
1037 529
757 368
1106 537
1144 564
258 320
1068 559
1025 673
985 372
1007 711
973 565
1027 563
1117 103
381 184
736 654
1002 636
305 77
835 664
989 520
706 355
898 718
742 363
942 364
864 559
1033 101
763 304
672 339
219 441
1127 280
772 576
264 145
1134 87
821 502
798 294
956 413
853 569
1098 626
371 709
184 94
227 96
1095 96
608 325
905 345
1022 568
216 276
1088 215
181 115
246 350
182 205
1099 339
1130 680
778 527
712 615
1107 628
854 703
188 152
768 632
666 234
821 548
756 684
402 326
979 409
727 702
188 280
1040 567
1025 298
235 325
888 644
743 589
1103 70
724 420
720 637
253 143
750 522
750 530
834 513
675 229
887 539
1056 603
713 341
197 271
1152 388
723 333
199 79
1088 101
719 548
1108 172
149 325
1103 365
226 158
338 294
1012 576
777 328
1138 510
319 38
308 179
1062 707
408 8
902 244
271 313
257 366
861 681
1041 710
1161 432
197 159
243 197
1130 682
886 574
890 590
962 395
1105 690
200 238
1098 42
1011 594
275 173
208 120
203 320
1084 635
756 483
1073 435
798 374
910 374
753 527
186 287
930 493
254 144
860 543
1141 254
346 173
634 516
777 276
778 383
1138 686
263 313
1061 95
719 533
757 424
257 329
955 352
874 361
1132 336
716 671
1183 508
695 624
1106 8
694 282
167 182
1095 665
794 517
228 239
794 610
910 449
1096 449
982 397
913 398
772 680
756 381
303 296
714 542
988 703
840 695
223 250
839 581
826 625
1073 482
265 196
1034 392
907 419
732 290
271 286
310 309
700 699
1174 540
813 632
866 694
322 348
1142 406
703 541
1169 234
697 263
231 112
908 546
154 277
984 295
1142 560
360 103
986 433
900 323
1022 484
761 518
718 502
1019 659
865 500
1018 666
958 641
1027 417
1053 554
931 548
543 15
649 286
1083 629
989 390
816 647
1122 598
978 7
813 534
742 543
239 342
322 160
1014 509
156 68
758 321
733 713
1110 521
658 336
272 156
729 297
873 691
714 245
786 390
950 654
253 213
899 291
938 461
1043 601
847 716
242 139
786 375
982 493
723 547
814 572
827 427
960 393
1034 191
924 693
347 378
175 127
723 610
201 250
1082 474
1022 602
1073 272
368 177
1017 686
1061 480
737 600
704 597
775 347
233 269
1168 568
1014 125
835 380
232 205
802 466
260 248
655 248
1135 461
1035 533
714 553
861 257
1052 396
1044 262
822 521
1118 439
288 159
1092 673
1166 512
176 352
178 316
805 700
1202 224
994 172
331 130
1110 419
786 661
1036 707
212 165
192 253
929 304
264 110
1016 318
1066 662
1068 499
728 517
841 531
1147 379
1172 293
1120 160
373 253
1021 697
984 353
1007 684
805 572
1038 589
1087 502
189 246
1040 257
855 573
1060 298
814 625
1018 301
764 370
962 623
173 93
330 461
796 382
725 553
1060 709
689 679
849 661
168 190
226 156
162 129
392 211
199 249
1045 62
1032 123
1191 435
1036 457
1122 677
1029 653
804 563
327 186
202 35
514 414
455 412
914 397
1049 371
734 692
1058 640
1019 663
251 260
254 235
1022 83
889 690
1132 639
1122 485
673 227
768 677
1007 251
979 610
271 115
901 500
392 433
1031 470
1113 496
714 696
871 685
754 539
738 657
1009 642
1091 341
1171 596
184 58
1045 96
693 666
281 170
819 547
195 224
815 390
209 232
347 265
668 430
985 428
1009 524
219 211
794 528
822 500
1054 600
1030 334
1035 599
1139 209
713 321
936 708
1117 216
199 546
1129 534
964 371
776 404
978 467
1125 176
693 495
859 521
779 681
1032 407
1033 431
317 517
937 504
1140 518
727 342
1007 292
1046 345
938 508
1034 682
254 606
753 605
710 631
1122 448
171 214
704 677
803 510
844 228
1149 610
1166 206
730 293
942 96
288 376
1112 411
1175 564
674 239
1103 571
759 557
786 520
523 181
1048 485
490 473
959 358
1091 581
1071 628
936 435
749 395
356 449
288 478
810 291
1072 50
698 574
1082 551
916 483
1019 653
300 218
1041 582
1032 671
840 714
1052 439
733 313
745 313
1052 629
1135 124
798 535
361 319
992 471
829 392
250 37
765 558
830 679
1067 656
1112 357
757 283
1099 178
173 162
1113 611
965 599
1004 600
866 413
951 445
947 366
215 122
215 161
266 197
991 197
1036 596
754 583
791 631
1090 625
880 673
1025 675
981 658
1070 477
970 325
657 358
880 367
269 382
919 375
1099 259
317 35
1094 53
1126 202
1154 214
801 636
748 603
1025 599
1168 417
967 377
247 71
160 186
694 646
711 670
669 702
737 705
732 712
758 563
1094 446
734 515
1016 655
773 643
796 682
1082 633
889 597
841 325
222 351
1107 226
708 703
730 681
1048 651
802 612
681 543
800 519
682 521
216 294
1022 313
685 310
1045 382
679 376
1102 338
648 335
772 335
1088 428
1014 396
948 477
624 223
301 204
799 244
286 157
244 143
127 166
1099 111
1135 59
245 34
744 528
778 531
1151 534
749 541
1030 558
1058 566
1166 627
1041 634
1000 636
235 623
1026 617
1013 595
958 680
995 703
981 654
930 655
1003 667
1075 373
273 322
776 283
212 280
250 275
199 263
1061 261
1138 302
1062 298
934 497
1001 497
875 500
1061 453
913 455
1119 410
1039 434
170 208
234 209
293 210
171 216
194 193
174 239
942 242
240 183
336 129
199 31
207 17
1053 82
224 73
891 540
952 530
1157 530
1176 526
832 571
787 565
1129 550
823 554
1053 585
1036 586
1151 589
1029 580
1001 601
1045 610
1129 671
1046 670
766 652
953 648
690 702
260 707
877 718
1073 364
955 358
1193 358
218 354
812 377
963 376
1096 380
904 351
972 312
1051 319
930 306
1029 294
942 289
261 277
879 271
222 256
976 488
771 485
977 485
1099 454
1133 448
954 449
1066 450
712 467
1091 424
760 389
1088 252
1054 248
277 236
1171 233
145 196
1052 196
1170 197
727 193
223 205
635 215
379 171
1059 189
190 145
160 155
250 135
186 137
1090 62
229 3
1098 110
195 96
155 123
242 83
841 520
735 525
1156 525
984 535
958 556
365 557
808 559
1162 544
795 572
699 566
798 616
1065 616
960 618
1079 618
1130 622
791 620
804 609
1081 624
857 632
1111 606
1084 605
942 594
1012 583
679 686
923 675
910 672
1106 692
670 690
926 647
1025 642
1076 667
1056 657
1098 315
614 307
804 294
199 289
762 302
712 268
854 260
737 284
634 325
798 324
779 322
764 330
783 330
934 330
842 340
1096 340
735 350
787 364
945 360
1164 352
273 382
1128 380
863 377
1158 379
949 375
1046 490
1096 492
927 485
797 496
1006 497
1126 467
1085 466
1065 464
1150 450
1057 451
978 460
1028 460
915 456
951 404
789 407
1027 407
885 411
811 408
1171 408
1036 386
1090 394
370 430
227 39
531 59
1098 126
297 116
158 89
225 177
205 173
355 171
1095 134
321 141
352 141
397 143
716 253
1052 255
220 243
184 236
223 232
263 224
682 221
651 217
287 214
284 207
1081 193
1097 194
1032 550
1133 566
757 539
933 541
679 533
821 532
957 524
1033 577
818 578
1118 583
269 601
932 601
1031 607
813 624
991 624
341 629
337 628
843 628
827 631
830 635
727 714
819 719
792 717
752 716
857 705
633 646
749 646
1073 661
1025 663
798 666
1075 666
665 675
1068 674
1009 672
817 683
1062 275
990 276
728 283
1046 283
1110 283
406 282
772 282
246 281
750 281
957 280
702 287
1138 287
1163 256
582 268
205 266
252 288
1180 288
678 298
693 298
1132 298
757 309
924 304
1058 304
706 319
1165 325
756 332
1039 332
1064 332
917 333
1041 333
708 335
889 335
414 343
1088 343
165 340
1104 338
687 337
1173 345
369 347
811 351
800 370
847 381
948 381
726 380
936 379
1084 359
1137 356
839 355
963 355
714 365
1039 465
1085 470
1137 477
277 474
970 461
963 458
1094 451
1081 486
1152 486
1123 491
924 510
888 504
197 430
939 431
911 416
1174 437
1068 387
841 385
286 390
742 391
837 392
1100 412
994 406
1019 406
1112 402
187 105
294 99
1026 115
1022 77
1014 79
1056 93
219 84
861 7
262 11
259 26
1011 42
1028 60
1074 62
1123 173
1024 171
327 168
382 187
1064 187
247 186
260 190
1159 190
328 188
294 148
188 149
205 149
1037 149
191 151
254 145
614 159
162 158
1073 210
971 211
1085 215
214 218
251 218
168 193
180 226
221 253
758 595
1059 594
252 596
1154 582
1106 633
880 635
734 638
1112 619
213 540
461 542
890 525
1024 525
1089 523
799 522
955 564
794 568
890 569
692 549
698 549
1020 549
807 547
1019 553
1109 711
918 668
1098 667
990 659
1073 653
758 649
399 641
686 672
1018 679
1094 684
946 700
877 691
570 690
728 690
1082 107
811 103
926 84
254 17
455 30
441 39
197 176
1095 170
182 174
213 151
1027 135
196 225
642 209
777 271
413 264
975 266
369 259
213 257
914 280
969 272
961 301
247 299
264 290
415 288
237 323
803 321
835 341
1130 341
636 340
668 340
363 348
634 348
1172 367
689 380
1062 440
266 435
1151 412
1153 415
486 414
693 403
720 403
970 402
496 406
731 390
845 392
1155 460
778 472
1090 489
1185 508
764 511
813 503
474 530
265 521
686 521
787 556
1050 551
1176 587
1042 604
820 598
1004 635
806 627
1081 608
997 704
1118 685
972 655
233 41
1112 44
243 130
1035 185
612 232
195 223
1102 222
340 305
1013 285
759 287
1166 270
1008 322
200 332
493 333
1001 346
987 347
1105 354
763 391
484 481
1001 468
931 533
789 537
862 523
1116 555
752 601
1139 601
1169 593
758 703
925 674
1066 677
858 661
168 117
353 163
176 214
821 260
943 445
1106 493
973 675
1159 191
1098 395
660 676
1080 648
735 590
890 413
548 41
716 397
1043 273
659 215
1055 353
1130 516
742 513
907 459
1171 565
230 31
925 376
905 672
205 100
1085 644
774 299
872 630
313 66
774 300
1086 323
1047 492
772 365
906 531
697 615
310 503
955 296
1117 420
731 717
1013 117
228 334
1142 653
203 292
759 292
655 640
1014 645
512 434
1121 550
1140 245
540 383
784 569
1081 572
763 356
729 567
1068 413
911 427
983 257
911 268
1006 620
1105 660
984 438
1077 191
241 54
864 542
945 261
881 363
1029 627
1207 459
729 402
233 16
227 111
274 200
751 414
981 301
218 293
1016 674
241 219
821 630
496 626
1114 55
1121 132
1047 134
533 362
722 689
757 577
839 676
262 267
1029 511
260 515
758 309
1116 574
189 230
1077 354
1051 526
1103 394
773 395
907 408
1032 452
1009 714
836 313
902 717
745 718
1027 47
960 389
961 614
375 215
754 346
1089 704
894 525
962 422
214 142
779 584
688 675
255 301
1051 671
780 399
855 690
970 539
793 671
810 50
968 391
920 408
1141 514
860 175
866 488
1121 244
1185 421
522 512
960 410
779 630
682 276
713 327
1063 339
1014 493
805 571
712 718
935 443
506 387
823 584
1017 454
945 264
1061 234
1071 10
920 556
980 415
894 513
718 347
1182 480
1023 595
1131 130
185 150
174 110
229 117
996 349
764 378
669 690
890 393
1047 623
492 61
1095 131
693 297
197 83
453 34
1167 550
234 166
246 166
848 385
1039 317
918 519
1071 471
1017 664
681 535
894 535
675 659
702 274
922 308
1032 529
211 33
956 593
628 325
887 364
722 260
325 219
149 101
886 419
728 531
773 630
194 199
828 501
1001 421
168 101
982 466
769 463
284 82
742 529
726 311
1156 275
641 543
766 396
797 378
787 687
1056 83
953 333
794 234
194 128
1180 346
211 161
1166 402
913 555
1097 704
881 381
241 105
1026 325
1027 87
989 510
192 205
1020 663
808 274
190 282
306 539
236 176
629 236
1148 343
1093 566
219 189
272 309
855 642
1062 685
896 711
245 179
794 689
994 610
1039 610
1065 686
943 471
219 160
741 659
469 440
655 538
894 325
715 706
635 697
1105 233
1083 549
165 140
976 335
1158 378
230 160
1068 604
203 239
781 588
946 601
191 120
1014 595
1153 406
1081 485
301 124
305 306
914 356
1022 524
991 312
187 213
1126 432
1017 549
202 255
260 255
222 241
980 469
220 260
818 683
1077 511
192 314
266 151
263 55
297 404
730 677
200 254
979 412
1108 573
714 402
1166 452
1057 329
742 716
381 124
480 510
807 641
254 270
288 643
1165 358
506 63
988 285
1064 159
255 244
793 329
222 127
1157 281
1022 369
766 608
969 699
1048 376
254 262
1074 581
1102 146
952 567
688 314
859 644
993 377
236 187
199 514
723 315
1030 675
803 660
220 220
1075 280
1035 486
1042 128
1019 449
944 429
1038 599
216 268
799 432
652 206
927 670
663 127
1112 456
663 160
831 594
1109 237
725 609
1068 512
893 533
207 276
717 361
891 354
746 427
1057 59
1060 250
1001 329
682 537
764 697
343 511
208 202
756 639
438 453
214 255
155 114
312 329
331 15
1087 64
959 581
1087 363
641 701
938 414
229 124
929 567
696 529
746 229
998 459
699 360
794 370
935 495
1096 238
631 547
1099 468
1085 352
1009 684
392 146
1091 533
817 382
1123 573
151 60
1074 417
871 517
936 303
674 276
741 569
1148 494
164 93
965 567
921 719
215 255
1028 35
716 485
1056 654
798 481
315 155
861 376
746 381
978 309
718 196
229 78
233 502
804 501
313 262
937 610
976 427
1018 357
854 570
1092 574
612 311
911 517
182 123
848 103
883 493
769 251
759 670
1134 281
196 220
952 587
1069 601
762 262
788 299
1162 372
518 421
1155 162
283 167
243 279
717 656
1092 20
676 544
1032 620
1121 699
211 104
743 249
866 566
530 9
985 673
1002 488
196 362
311 221
857 492
892 700
733 250
727 615
679 430
1165 359
755 328
774 328
637 289
734 550
225 392
499 400
217 147
950 486
551 27
1064 504
363 332
754 415
164 120
1057 516
770 646
190 143
792 627
279 534
666 590
839 703
791 369
853 320
853 292
906 654
480 694
540 58
863 68
1160 424
176 310
1095 44
395 306
1157 585
726 252
317 242
238 490
974 586
1067 366
745 517
828 695
983 348
677 701
1126 472
893 644
455 572
1088 688
1012 478
1039 262
803 639
1068 629
677 609
663 556
214 318
660 384
803 670
913 269
1083 473
1018 634
1041 642
807 649
958 482
432 297
497 459
396 145
173 249
1114 26
695 656
960 444
1169 286
218 240
252 401
903 467
249 283
753 535
766 605
993 429
887 684
469 39
525 55
847 581
278 309
1121 499
979 510
524 391
1087 651
1175 438
760 350
883 545
711 535
1060 647
636 293
693 664
991 417
721 218
552 7
699 325
470 606
214 251
1068 591
234 391
680 688
890 485
882 586
242 59
310 440
748 471
315 405
953 511
1184 450
1028 177
1116 208
677 422
959 504
833 710
247 663
1147 186
1114 341
559 44
806 594
661 114
986 535
1034 173
1020 709
1040 471
1131 456
973 89
224 46
965 394
859 409
249 627
1008 525
200 221
1113 369
698 212
220 311
508 350
1093 219
1000 465
504 24
1036 439
769 365
1188 387
392 213
249 477
1105 255
194 311
210 86
1102 588
1075 520
212 29
721 577
1030 702
1206 478
688 697
764 348
1046 627
1040 201
1006 653
722 597
562 41
718 682
159 47
1030 326
265 258
977 363
875 384
480 400
719 694
284 588
775 324
1046 476
289 298
1054 409
346 235
965 344
489 59
754 4
191 355
825 528
1082 112
722 227
1047 665
964 603
1128 169
1171 451
1002 423
1124 688
1133 542
831 425
247 345
977 285
1110 490
1024 415
214 280
978 298
244 119
1055 373
1018 685
364 238
1054 670
177 179
228 179
1063 697
834 501
745 368
843 525
923 315
172 195
334 172
1167 486
723 479
718 651
722 618
949 629
210 285
729 401
1153 669
1064 276
1039 244
968 671
1038 213
872 598
845 117
1011 432
801 492
1097 344
826 367
968 505
1131 372
1023 642
690 699
1038 170
1116 308
1053 592
988 394
216 286
936 454
226 191
903 477
521 21
1136 386
726 528
1100 474
781 327
1002 157
284 331
1053 166
1110 319
504 393
1135 458
218 273
490 593
846 582
245 109
994 656
1074 163
1048 639
766 226
1006 541
989 13
668 226
1029 495
908 586
759 627
898 361
1084 600
505 428
1082 292
881 394
800 548
955 671
729 636
1064 710
1021 557
198 343
149 191
940 406
1132 256
234 272
927 461
1019 412
818 363
825 543
709 511
1131 694
513 462
948 282
181 95
759 384
983 457
207 332
993 442
1061 512
1018 688
1093 164
1065 327
1073 624
192 113
1074 263
1055 551
1102 564
249 356
1126 496
516 527
837 464
1030 555
226 37
886 641
913 501
520 556
630 706
735 706
1042 657
1100 26
204 239
1044 242
516 371
1045 320
796 580
691 599
519 403
886 403
514 569
508 482
1064 719
749 587
735 308
900 70
827 556
1076 688
224 141
991 263
728 711
1051 355
150 87
572 6
700 477
1086 692
863 287
1035 56
747 404
675 539
1033 400
720 321
451 36
955 398
1004 218
801 389
1114 445
1000 284
247 33
792 340
204 182
1043 523
1118 568
1021 616
702 428
743 513
245 158
253 297
987 485
201 185
696 654
979 540
263 235
1114 168
608 233
791 381
304 159
726 420
1075 430
435 214
259 177
1062 559
537 372
703 552
356 103
854 13
494 43
186 120
1057 666
1047 355
1021 143
1126 61
1107 300
262 325
1072 296
1041 670
1038 499
730 669
537 264
249 268
169 80
1076 267
854 623
248 259
691 268
1172 455
207 97
949 528
232 44
1148 400
1048 674
996 263
1052 568
613 695
862 509
627 554
230 652
768 652
511 379
37 264
796 622
1094 33
813 517
941 476
958 549
205 212
1015 548
254 580
1033 457
750 377
511 406
1030 139
691 269
1030 224
847 101
646 300
1024 664
1014 432
1093 400
199 55
202 169
809 348
762 524
955 364
973 512
251 435
541 404
488 532
675 665
1039 619
489 485
362 150
192 28
1110 446
227 123
966 493
275 361
756 701
1116 313
1050 171
957 578
844 499
924 425
668 107
873 488
735 409
890 651
155 273
1090 568
1148 654
1043 321
1093 433
262 89
571 472
496 271
738 592
1074 556
1043 488
832 693
523 308
1010 594
977 379
71 330
963 443
1168 378
247 409
502 53
783 289
518 444
1028 705
954 2
669 384
280 511
898 237
728 182
850 614
743 585
1039 461
874 596
950 394
1100 692
700 501
1106 323
532 430
921 386
1134 409
229 128
720 705
930 399
1087 689
1120 689
539 450
1068 589
1160 552
938 672
1052 336
1195 331
618 242
179 251
917 393
698 593
750 381
476 3
283 99
799 546
525 427
758 639
794 262
947 262
879 706
1072 369
546 443
1074 26
945 339
525 76
1106 234
517 388
690 206
831 611
259 243
664 341
833 367
649 226
876 566
847 622
967 438
292 290
1078 566
1191 504
251 263
1092 559
1090 622
200 73
660 527
792 551
1105 627
873 634
702 661
837 620
1018 585
768 709
315 318
710 688
932 393
853 537
1145 537
773 674
1013 273
141 127
988 652
749 516
1091 367
826 546
451 75
1027 584
306 277
926 571
194 258
247 352
237 487
709 656
704 674
698 236
246 145
927 355
897 256
214 201
1081 555
194 454
945 523
180 323
1056 113
1037 559
1194 498
808 438
720 669
1110 325
650 245
818 625
313 106
1185 376
1021 690
218 368
1044 564
523 422
252 82
785 406
1094 340
720 698
1084 591
1102 95
927 641
1052 251
279 45
834 682
246 178
1005 675
204 342
850 552
722 331
791 617
728 190
770 254
200 511
977 490
852 567
751 686
208 352
1180 348
946 488
495 346
1058 647
883 704
219 216
1180 486
451 16
822 586
971 713
550 12
1072 591
493 490
477 516
940 276
211 241
1121 243
424 26
689 461
89 397
1089 52
795 533
537 28
462 551
337 297
525 101
751 645
1136 270
774 662
902 256
701 357
806 602
730 668
956 452
541 402
201 195
1020 74
512 610
1121 446
374 154
538 382
1089 437
983 563
745 650
320 325
714 173
729 519
523 29
541 359
534 443
483 517
888 480
212 139
236 580
237 206
908 640
286 458
1046 488
1043 124
322 204
706 344
1120 541
828 658
1041 380
996 387
1044 518
792 113
792 596
693 306
782 619
1054 230
965 641
562 15
716 578
659 527
255 254
874 611
936 378
532 53
699 426
1006 619
1050 500
661 347
233 91
1029 443
366 224
689 414
229 121
1054 323
1148 283
215 552
1061 664
1117 664
1020 462
878 364
209 216
177 17
399 285
185 64
877 58
953 455
1170 241
930 651
766 517
230 379
989 259
985 351
504 416
208 205
472 67
641 672
420 206
700 631
152 218
137 258
212 304
670 247
1148 379
712 384
338 719
1103 397
194 77
1117 462
533 255
703 372
1003 392
1113 344
520 450
942 506
837 683
1054 666
359 310
229 359
1031 158
226 98
1053 534
1132 233
869 405
218 3
1040 547
211 204
687 187
662 696
957 416
639 323
1051 20
1072 7
181 53
1025 640
289 197
963 351
1066 411
728 689
1085 362
880 609
1153 634
455 681
195 81
721 331
1188 527
753 333
1030 421
1013 639
1005 565
313 269
323 493
1045 550
801 536
748 640
1016 482
560 474
688 683
239 228
229 296
1064 397
1075 526
955 392
756 190
204 217
866 606
323 686
1124 35
978 486
1003 594
1006 255
945 688
1076 448
782 683
668 532
186 217
1044 509
364 117
354 198
799 503
1055 260
1172 450
170 150
1109 680
751 300
242 146
1093 29
1037 678
730 532
1142 530
663 318
220 277
1062 428
1163 222
1085 297
209 220
1126 569
697 665
1117 20
975 608
1049 18
1002 216
1050 293
886 412
247 197
140 96
815 701
1088 627
314 351
816 537
361 138
669 660
790 602
741 350
871 709
1089 469
817 552
718 382
739 566
938 530
1051 590
1067 407
195 149
1060 443
281 248
768 333
737 316
890 532
1029 475
729 358
857 690
226 151
1167 442
492 384
1124 434
281 205
804 541
737 614
529 16
1047 48
328 137
934 322
769 713
777 428
900 683
719 314
281 201
789 399
228 191
675 668
712 287
203 226
1021 521
935 15
232 14
225 148
861 698
1175 626
978 503
1133 498
290 209
699 424
205 124
175 85
1139 321
995 475
268 96
713 376
721 529
257 579
765 365
487 26
676 403
941 424
888 518
911 314
692 371
705 377
845 418
280 205
974 504
1035 593
930 322
188 232
679 675
952 486
266 131
267 145
224 217
1032 575
1020 448
1013 432
167 301
786 549
158 245
1039 517
809 564
356 182
844 530
1170 385
847 528
412 300
744 713
501 465
955 328
619 390
961 569
997 360
737 686
1076 519
663 275
1181 335
1075 516
494 479
794 576
1110 534
797 707
809 548
737 410
695 528
223 310
1043 310
999 576
1040 448
1067 370
898 425
707 515
678 478
819 378
276 101
644 321
1005 654
1075 96
820 679
1063 593
241 102
794 443
193 180
411 196
1091 252
1157 589
667 698
1046 281
673 710
818 365
1043 461
1078 495
1129 683
563 703
829 530
964 709
340 78
255 428
1114 708
1037 276
202 251
302 177
535 462
316 435
755 579
517 495
1018 490
143 86
886 411
1035 475
1169 521
1037 534
1160 427
333 406
198 561
976 561
898 496
806 533
750 705
1158 468
964 502
953 568
1070 140
635 298
152 121
190 219
1069 399
666 318
934 318
224 139
1069 417
896 705
1064 599
1056 651
1075 553
201 283
161 313
354 314
724 688
218 302
1051 528
901 532
259 211
709 666
174 116
908 660
897 674
983 420
663 322
192 188
854 705
1059 513
1019 612
1012 483
1101 678
250 405
797 674
1061 52
758 592
1094 638
1044 682
258 198
878 544
901 314
1169 314
847 577
250 297
165 256
748 296
1000 524
503 119
168 153
1065 401
217 338
916 282
939 540
290 195
262 265
185 307
1086 579
237 246
1047 161
1084 595
1124 575
758 343
236 306
288 657
980 466
1047 632
946 321
1167 395
146 146
663 673
923 410
374 237
859 607
1045 304
188 261
924 385
970 409
995 463
432 11
724 650
405 145
286 287
784 212
1103 542
1140 592
1135 404
241 230
774 624
690 199
635 665
211 140
300 133
410 571
702 685
1100 560
175 240
213 136
745 649
351 228
970 585
715 543
902 344
243 207
777 554
540 425
724 586
989 265
954 574
927 667
739 686
695 221
1000 556
969 460
653 224
732 540
298 592
1108 404
301 94
876 539
1058 397
336 273
814 283
1081 336
616 253
1017 107
924 408
949 394
648 705
780 479
814 713
1160 320
789 404
857 404
782 629
1070 263
783 526
248 703
986 592
1062 432
846 668
948 241
1141 313
346 354
247 417
1106 32
932 453
680 281
969 267
863 339
960 698
697 653
210 279
642 652
313 227
683 659
231 425
958 715
186 97
1155 549
168 164
749 533
739 657
646 663
1059 478
838 713
1065 697
679 670
1052 646
1032 489
936 380
241 323
1056 681
513 402
1153 468
1053 368
737 374
225 87
1046 53
238 153
1107 605
1042 490
1136 490
721 499
718 470
1098 653
777 603
915 366
851 306
