857 329
777 252
366 36
1150 518
584 706
519 330
782 330
671 205
878 417
654 101
662 78
381 39
571 152
1103 448
626 300
433 249
548 218
724 250
568 504
154 201
649 475
855 633
861 536
351 315
377 296
581 416
691 71
1162 623
669 33
815 657
617 637
592 399
595 152
732 152
1122 665
611 128
813 349
65 317
656 544
876 396
560 519
822 365
373 315
884 293
178 193
583 16
589 579
579 372
638 277
383 76
958 410
642 192
332 21
907 457
311 535
656 266
610 8
566 98
641 629
429 200
543 35
1067 381
664 503
864 397
1086 109
682 434
1015 682
907 714
689 143
343 430
869 685
188 306
578 168
612 505
582 573
605 349
828 382
244 182
393 182
625 92
221 556
392 160
847 375
179 199
295 449
588 547
887 515
737 518
572 514
619 698
612 676
546 364
593 589
587 221
637 628
597 543
539 82
648 561
636 537
666 334
1127 430
610 651
800 446
640 679
892 390
195 259
566 601
912 460
1214 530
561 480
387 161
178 163
835 296
188 212
651 455
827 455
825 216
811 590
1186 541
642 402
1151 374
345 602
899 467
572 33
814 481
429 350
684 97
665 652
900 460
863 44
374 300
892 117
359 3
605 613
142 242
602 667
561 384
369 553
559 365
355 137
234 239
882 492
429 182
332 601
338 3
182 213
867 205
823 399
330 0
396 11
336 535
614 523
604 660
160 105
385 69
896 415
319 7
370 26
638 514
345 222
715 262
886 340
871 687
398 249
883 441
403 409
340 472
410 37
627 574
351 567
868 28
450 137
357 92
848 311
328 33
863 413
828 68
417 168
890 529
390 430
227 289
312 321
877 49
891 283
424 242
384 209
413 181
860 542
379 293
549 318
879 43
850 245
860 617
795 593
347 574
687 563
821 325
413 259
396 462
385 201
841 253
916 684
887 540
327 30
350 118
763 512
617 65
375 46
407 295
892 432
866 533
848 635
390 290
852 666
399 41
861 513
626 313
360 205
626 294
414 2
864 573
601 525
563 267
394 178
283 462
323 74
336 365
750 16
410 229
208 554
387 393
306 32
404 12
877 515
879 385
842 378
659 265
421 230
624 647
887 392
842 368
815 521
366 209
294 471
856 50
363 544
172 231
799 490
391 84
419 356
869 647
825 566
899 709
636 631
664 631
912 22
887 702
782 598
893 503
364 448
415 248
889 327
350 340
621 495
846 389
462 658
712 277
334 585
777 536
853 689
174 271
167 193
562 203
378 126
405 657
319 160
844 626
381 533
627 30
641 694
356 42
866 622
420 236
818 55
856 28
333 185
564 431
380 22
296 48
770 132
813 377
412 51
434 325
796 297
378 7
453 252
865 466
902 428
871 412
282 10
410 42
857 242
425 691
873 668
889 540
407 615
843 402
850 181
314 33
364 549
616 705
873 686
620 62
1111 600
852 685
312 367
845 492
845 508
305 443
204 212
407 163
355 179
391 25
802 21
862 680
106 455
378 212
362 137
403 133
633 639
891 81
361 513
894 533
887 696
800 338
177 414
600 420
867 505
829 139
851 717
582 348
343 400
862 476
298 12
879 542
388 683
804 419
656 269
881 583
787 566
896 574
943 697
927 1
275 12
850 541
887 504
379 173
382 150
335 213
795 212
581 549
878 687
638 343
343 466
897 417
326 404
881 719
420 269
901 380
377 151
745 682
436 175
338 408
312 442
814 470
895 565
860 643
308 399
331 389
377 420
321 375
364 181
281 86
845 590
873 598
822 632
890 679
679 262
687 262
176 277
327 131
786 482
638 308
391 671
891 693
872 458
340 248
648 695
882 513
823 315
260 423
441 218
856 19
374 101
479 675
601 280
869 422
796 217
865 294
414 62
377 10
672 342
1145 584
803 404
870 426
1088 702
892 706
867 639
391 22
651 48
808 143
215 162
314 403
855 461
605 506
882 530
884 636
647 370
320 297
584 41
216 248
890 707
874 487
346 432
803 438
363 129
375 170
846 212
459 216
375 83
842 605
831 518
1081 712
635 705
365 648
429 278
453 278
893 368
839 462
862 414
596 593
575 556
774 186
335 404
870 341
908 695
664 350
402 673
226 684
835 373
822 95
291 273
340 469
562 68
833 366
883 327
926 551
1078 593
358 569
781 350
335 5
802 513
358 375
856 675
670 551
849 528
343 91
550 88
802 518
332 593
747 428
78 444
557 494
584 368
817 522
300 349
322 505
854 237
378 274
617 617
234 162
897 498
338 431
205 465
196 209
603 614
822 368
587 718
418 153
903 560
349 120
627 289
307 319
898 452
900 512
584 263
248 185
340 347
592 594
656 716
844 677
543 359
682 352
839 673
822 191
436 329
365 669
577 414
857 670
592 688
806 478
878 561
402 12
809 489
592 392
878 357
778 353
378 142
408 258
811 545
1191 201
606 611
695 61
548 412
817 412
839 661
883 640
636 305
599 482
903 434
572 531
843 599
641 492
648 441
837 540
797 534
439 327
541 327
793 469
888 322
188 286
623 324
413 113
315 639
635 608
582 397
1072 607
626 700
598 545
554 213
639 689
375 564
329 353
855 618
755 405
699 307
868 244
606 679
375 406
367 287
602 515
575 371
547 80
874 359
649 278
871 679
767 526
898 384
671 449
602 561
1201 396
898 508
916 159
917 396
391 428
904 483
855 442
664 363
621 552
137 122
175 161
331 691
629 488
405 265
841 307
802 563
545 423
851 257
562 270
676 48
607 443
564 280
861 280
672 641
909 327
866 415
368 658
913 561
653 568
430 235
832 543
577 207
548 695
603 8
304 610
831 469
772 444
667 544
835 348
608 463
230 611
668 330
903 344
681 378
765 624
572 64
786 488
344 335
677 644
843 377
867 414
546 192
764 371
839 678
798 597
514 12
571 664
815 286
166 133
652 422
376 31
239 542
346 27
881 643
438 184
350 153
827 694
896 519
371 400
1067 109
563 390
332 574
849 691
894 28
615 508
413 214
880 501
639 44
370 290
908 272
899 16
621 91
581 12
838 297
810 318
603 356
581 390
856 285
594 4
901 374
888 525
818 377
890 323
835 328
901 690
761 318
906 270
356 5
387 333
883 13
838 708
379 57
389 547
345 489
612 403
400 573
344 487
367 487
895 390
892 615
351 293
898 482
381 507
413 717
603 663
344 125
395 299
660 456
732 563
595 543
432 221
545 271
498 80
610 189
841 263
809 630
858 584
321 56
560 546
880 714
378 547
170 84
302 216
880 606
553 491
604 495
854 522
426 287
373 541
657 469
404 240
647 627
583 412
397 464
592 377
283 194
857 596
314 379
645 47
212 166
809 503
383 7
843 593
445 229
378 366
728 634
326 84
892 323
349 285
825 494
907 81
448 188
336 345
340 273
67 238
753 186
1162 645
809 711
839 507
272 439
822 373
835 371
799 691
927 664
777 718
912 541
846 576
894 381
795 379
850 694
671 651
299 354
335 454
393 32
759 193
122 153
403 270
409 23
840 219
874 324
664 627
837 583
538 426
891 86
585 325
674 693
783 240
399 664
618 664
645 16
544 137
861 692
846 373
890 408
579 465
353 514
879 451
852 695
757 392
396 347
226 161
619 584
575 558
766 521
449 194
631 63
701 192
860 524
627 208
883 621
338 630
311 409
351 92
579 164
271 395
894 472
359 127
604 529
635 137
226 275
375 186
315 36
305 70
795 666
617 350
653 40
876 299
817 244
256 555
605 657
776 562
850 237
596 419
851 506
403 104
183 186
679 162
165 219
627 16
1160 669
913 16
380 158
197 260
856 525
385 50
883 364
617 529
620 576
739 650
639 36
509 501
810 520
889 54
896 581
391 573
564 562
842 373
594 543
830 513
417 127
769 575
826 529
867 374
637 465
614 602
342 128
460 211
554 22
582 479
621 197
285 415
179 195
393 662
877 218
206 439
403 315
558 385
1067 11
1164 538
620 643
782 368
548 23
433 155
229 563
496 50
339 48
849 14
621 602
734 599
332 100
678 53
367 247
182 184
1018 511
641 689
891 589
653 524
612 432
516 32
806 302
837 360
419 182
412 46
412 273
883 652
606 341
804 614
862 296
225 177
282 21
614 678
626 299
176 263
896 528
643 16
320 497
370 22
590 197
580 350
1077 496
285 335
415 567
799 413
631 123
601 535
329 52
241 570
201 226
163 94
289 406
613 717
843 629
240 599
785 273
289 262
243 299
883 477
429 697
362 141
407 248
382 6
895 265
409 213
464 249
836 596
830 520
387 62
875 488
665 420
143 183
898 659
872 311
320 637
666 225
659 86
359 79
842 247
648 526
618 463
312 188
799 380
827 326
867 564
816 9
325 390
901 377
853 513
416 142
1089 89
557 429
823 466
328 25
690 105
871 417
366 175
331 183
863 509
388 200
864 562
356 307
657 61
836 598
469 291
845 5
350 94
416 363
405 97
330 156
874 484
779 652
587 249
784 385
293 23
371 9
354 93
406 346
766 346
1100 544
861 610
597 519
321 51
308 48
302 100
839 625
865 375
853 661
557 424
317 22
380 716
870 272
337 200
556 365
646 14
360 307
413 341
306 75
809 681
375 254
857 645
554 475
777 264
373 76
310 239
402 81
794 228
429 715
404 336
313 486
357 18
802 613
318 75
655 296
864 359
815 604
378 147
808 669
746 623
354 30
319 18
420 513
645 308
394 158
1098 569
603 420
863 591
860 536
404 243
785 568
800 383
805 178
853 378
423 93
440 313
869 439
848 383
908 583
821 409
445 142
828 424
331 572
887 476
885 479
798 367
708 182
747 278
867 517
190 383
868 695
819 670
434 167
638 656
207 225
1152 556
904 573
865 535
800 440
881 308
828 648
648 718
623 303
672 24
346 414
762 352
801 472
133 475
321 80
865 316
371 79
328 120
382 275
347 11
344 58
326 219
1092 445
775 514
912 689
914 26
298 18
753 440
337 341
636 466
61 390
889 710
414 300
914 560
817 559
851 538
420 160
54 275
589 296
153 495
819 416
850 433
792 231
335 16
446 243
300 534
789 377
814 298
300 33
838 151
308 212
825 703
889 516
861 422
772 442
836 410
248 10
344 108
933 656
643 597
753 509
821 700
857 504
900 513
837 510
841 652
389 128
311 414
824 239
576 287
396 411
364 97
466 202
348 158
665 25
882 335
886 358
408 262
272 84
323 384
813 496
891 610
819 576
593 337
389 256
658 63
395 49
337 187
220 184
413 165
404 170
819 145
409 247
376 235
829 707
900 693
581 697
864 542
880 542
837 458
59 394
856 265
821 310
276 377
380 39
373 57
392 17
277 26
351 11
374 191
760 192
401 620
573 595
905 318
428 290
402 268
859 261
879 351
354 356
379 488
608 489
758 497
834 426
294 424
411 24
348 179
888 255
379 232
387 556
887 524
869 686
815 655
614 315
898 263
790 338
432 348
872 349
420 322
422 325
910 364
411 365
357 398
782 398
886 405
798 412
420 57
371 61
117 33
868 33
307 15
306 587
766 608
764 626
807 568
772 551
831 554
906 537
923 717
319 484
630 387
797 412
835 358
861 339
228 220
859 197
845 224
852 36
332 59
398 24
378 88
850 513
415 631
909 609
794 615
855 583
884 700
806 696
796 671
451 648
399 219
399 147
384 15
290 443
555 427
882 409
886 411
307 398
332 388
836 481
861 481
439 263
416 259
345 284
863 276
807 382
395 369
899 360
850 553
752 573
862 568
279 543
767 591
889 581
896 629
879 612
858 705
344 706
593 690
410 238
876 238
318 237
846 252
317 198
690 197
391 156
367 159
415 131
419 174
852 18
362 30
337 28
364 27
369 11
352 62
404 56
926 56
387 41
408 79
90 73
108 71
313 84
395 103
422 114
909 302
411 291
395 290
857 308
297 314
797 321
914 335
779 341
839 426
874 385
843 413
859 505
857 506
807 489
354 483
905 569
603 571
874 554
382 515
801 518
895 522
848 537
858 602
844 597
889 611
891 621
392 670
828 687
339 25
842 10
906 14
787 97
385 81
405 77
384 152
355 146
450 186
337 245
186 226
834 229
809 236
312 203
384 218
868 216
715 271
895 271
384 265
829 289
301 348
900 382
800 380
816 374
852 369
826 405
391 399
303 396
881 390
792 437
869 437
818 446
894 429
273 504
897 507
880 481
831 710
456 673
811 641
735 649
620 657
904 657
612 592
906 592
810 589
853 635
821 636
322 637
910 611
738 517
79 514
756 537
866 531
859 570
917 565
368 555
811 558
390 123
369 104
392 69
376 88
353 45
350 41
705 32
678 37
890 36
874 56
335 55
379 55
408 6
415 3
370 1
364 15
917 12
870 31
788 29
331 17
430 196
350 192
410 206
604 215
355 209
362 221
831 220
324 219
359 216
374 228
454 231
283 245
155 156
416 156
383 153
398 145
334 129
401 130
909 183
425 185
830 167
650 302
68 298
355 294
385 262
890 283
445 287
392 335
337 330
868 328
815 324
295 341
371 341
336 342
812 353
855 357
844 362
395 363
625 369
334 380
312 379
770 387
320 386
826 388
868 395
841 392
829 396
799 404
770 402
324 414
862 447
901 443
853 433
825 424
299 416
350 419
793 419
380 423
876 456
870 454
883 454
820 477
891 476
780 469
847 506
870 505
880 492
883 595
1117 593
899 576
876 589
762 591
881 591
746 633
817 632
858 638
836 613
818 617
861 541
874 539
906 533
334 534
874 530
830 523
894 523
871 524
271 513
833 514
887 514
131 515
315 544
882 550
864 548
816 557
626 552
832 574
772 568
367 645
412 646
415 651
869 649
868 663
362 662
805 656
328 670
616 682
869 682
874 682
890 683
401 680
798 685
910 686
366 693
758 697
849 715
123 718
922 718
458 719
879 705
374 704
866 707
865 711
269 114
341 109
362 100
359 103
758 66
333 71
394 75
322 73
386 91
317 93
683 80
901 54
409 41
340 43
404 46
340 47
866 36
363 32
309 20
336 19
293 28
415 27
386 9
367 8
362 201
397 205
149 196
397 197
391 213
377 215
65 214
840 208
407 219
876 218
380 221
419 223
381 243
443 246
905 247
853 250
879 254
346 225
826 225
80 230
337 231
348 238
324 232
376 185
352 180
365 168
417 175
405 139
550 139
1037 137
367 151
347 154
390 334
456 330
896 322
684 320
801 320
375 321
891 351
400 343
837 341
825 354
767 353
340 356
872 367
295 361
400 380
364 377
425 371
1051 371
829 369
868 312
459 315
896 315
854 318
826 316
441 308
589 311
70 304
860 295
807 290
348 291
438 288
875 303
883 300
892 261
843 260
866 256
429 276
394 280
319 446
755 444
322 435
799 433
890 421
843 419
776 418
325 431
882 429
905 429
330 428
268 413
784 415
328 400
862 407
821 399
834 490
330 493
856 480
677 484
363 504
901 504
841 505
887 509
305 510
308 500
396 502
337 498
799 452
321 454
843 449
327 448
834 456
828 463
406 468
818 468
878 464
893 478
617 582
814 577
898 590
366 589
327 584
874 584
803 606
833 604
841 599
847 598
846 626
798 627
892 632
816 613
404 620
830 515
882 515
568 514
838 527
762 525
907 520
866 522
652 535
837 533
355 532
845 528
880 541
824 542
835 538
874 559
315 558
821 557
818 553
874 547
822 550
342 571
836 570
888 561
402 668
840 669
370 670
781 666
773 658
916 658
992 648
853 649
359 655
866 655
395 652
603 645
847 675
628 672
849 673
777 677
859 676
337 685
434 687
758 687
391 703
826 701
900 697
735 699
906 691
935 706
862 709
378 716
617 719
306 124
353 102
374 97
428 99
360 104
345 110
357 90
362 64
292 66
399 73
380 78
393 79
348 39
396 34
432 44
873 55
381 10
828 8
305 12
279 7
820 20
418 22
404 25
894 30
412 130
361 133
408 140
365 164
390 167
320 171
375 188
322 181
390 181
360 232
778 227
337 250
751 242
778 202
848 207
428 218
873 317
849 313
792 307
555 306
839 311
838 291
425 288
582 303
320 287
399 280
428 283
415 278
350 258
780 267
451 364
818 364
895 361
811 362
810 356
409 355
869 377
288 380
751 368
871 369
830 337
376 341
848 346
308 320
894 421
297 422
855 430
837 438
807 432
328 444
299 446
796 403
777 400
843 415
919 385
861 483
399 492
603 502
650 497
854 508
844 475
327 468
892 459
301 577
859 576
845 582
664 587
821 600
625 629
404 633
283 621
812 622
890 534
855 533
784 531
374 536
872 519
806 518
857 521
896 520
401 571
434 657
804 657
826 671
897 702
766 691
885 685
427 711
593 709
829 239
409 142
364 148
321 156
382 168
417 184
378 11
429 15
833 38
435 292
427 305
851 259
413 275
342 320
856 413
880 397
896 397
388 420
857 489
615 493
678 481
854 542
875 541
826 687
406 315
304 49
683 227
746 601
171 191
778 241
291 557
833 293
364 268
583 596
831 590
624 518
396 491
367 559
81 547
884 531
397 32
400 115
883 591
384 163
659 38
764 251
332 195
583 529
866 693
360 713
345 499
350 221
562 443
840 557
605 342
835 465
813 351
174 392
797 587
283 409
900 414
310 371
858 582
875 396
632 511
92 523
347 341
807 4
566 373
333 625
885 74
889 559
852 521
655 673
374 226
879 457
865 292
563 533
817 565
767 585
730 367
340 267
387 0
644 372
776 405
840 589
692 160
301 331
876 291
426 172
840 572
777 224
691 263
118 614
341 377
338 362
883 584
859 324
884 16
394 463
910 681
319 417
129 521
885 540
905 293
808 512
907 639
384 341
319 718
887 347
621 458
357 151
359 399
285 365
883 553
295 202
876 148
831 399
824 482
633 100
832 254
357 674
586 268
86 607
851 540
884 387
844 469
401 26
842 587
374 117
426 386
382 360
351 398
763 391
458 195
839 217
854 232
671 23
859 67
431 663
896 565
811 255
409 82
371 111
823 115
347 425
868 152
891 572
869 459
418 317
610 317
890 473
843 220
892 267
897 571
861 386
401 704
828 506
277 539
878 481
875 508
427 350
579 363
310 24
389 74
903 523
866 651
833 351
79 365
807 477
856 477
843 588
319 180
876 298
334 226
809 436
860 334
361 690
868 342
351 637
332 191
877 462
642 102
905 341
414 298
309 492
799 518
785 567
401 119
911 708
303 446
312 446
921 667
815 613
590 186
822 370
890 693
606 443
419 16
789 670
560 147
654 242
591 461
890 630
887 234
372 36
402 178
170 181
331 144
847 400
300 413
333 517
392 175
889 56
364 358
794 586
751 516
363 110
366 514
880 360
861 394
861 329
296 476
830 661
640 617
372 181
1107 568
482 700
195 251
331 94
892 477
761 272
846 185
807 416
819 567
863 435
630 651
732 122
403 361
853 118
816 342
858 405
914 434
238 607
399 332
874 358
1095 426
172 226
753 156
751 529
602 188
915 497
855 667
500 533
892 289
863 527
280 590
899 353
834 542
847 388
398 299
304 568
397 209
755 278
326 169
582 638
803 590
280 425
287 495
614 383
861 518
522 5
358 265
823 334
586 602
830 613
780 632
831 662
416 62
257 414
854 411
325 575
1134 642
845 350
332 184
381 118
396 630
793 201
426 641
886 476
839 599
708 155
338 512
621 626
389 228
774 353
354 225
790 277
893 562
583 221
760 529
318 413
339 328
787 338
827 424
872 73
888 126
817 662
795 685
745 706
900 19
410 9
604 230
847 255
353 571
772 467
155 661
325 207
361 229
807 423
870 327
492 669
814 595
915 409
403 171
838 440
837 263
640 274
647 297
660 712
841 613
746 553
325 656
203 446
871 0
404 157
419 173
576 647
392 387
629 108
914 306
891 31
611 267
297 583
820 557
897 533
188 162
844 584
567 247
787 446
580 45
206 105
167 280
869 421
872 334
752 342
302 611
872 407
866 695
864 362
889 443
353 523
350 25
633 283
372 500
435 637
695 161
858 354
63 371
664 47
613 454
583 570
839 629
621 358
908 394
589 486
587 634
330 211
511 46
971 715
832 546
322 467
370 18
275 20
392 216
204 228
635 670
814 340
414 325
768 533
341 118
458 293
554 4
798 567
644 67
841 486
894 493
311 20
368 72
590 580
589 503
898 700
879 497
338 97
780 415
879 480
1070 576
657 34
407 119
336 383
419 191
811 403
826 622
1038 472
275 425
365 551
153 207
611 441
347 611
801 340
552 201
775 544
795 541
303 83
821 491
408 89
331 300
389 267
591 487
769 555
815 616
870 504
587 540
613 404
388 199
852 711
890 507
891 53
813 390
456 705
549 460
318 397
906 421
343 286
1143 631
322 420
901 358
587 199
360 659
645 305
349 72
859 609
903 638
244 393
214 271
297 109
842 188
398 174
553 326
363 140
823 46
848 511
196 183
835 100
816 706
830 398
802 633
390 240
429 173
420 132
810 438
851 438
632 579
801 398
564 185
651 480
847 238
581 267
857 578
555 344
789 391
793 361
529 143
847 410
885 665
875 484
652 695
807 637
593 357
859 506
411 179
865 243
394 57
367 686
579 177
567 493
653 657
655 276
893 1
187 479
146 167
679 357
344 12
861 413
578 663
316 334
599 635
861 675
437 175
599 661
381 97
401 168
659 491
915 25
657 395
591 46
874 393
664 348
817 184
555 407
371 138
786 480
937 353
596 705
533 68
626 211
238 615
289 435
653 582
370 120
593 374
575 566
597 288
371 536
400 135
865 583
399 225
849 6
844 519
590 353
821 712
616 487
833 527
1179 543
184 238
672 534
241 216
1113 538
248 345
536 24
380 698
598 5
613 56
868 672
633 549
175 174
314 429
195 81
643 584
861 342
672 343
350 77
219 266
667 200
531 435
644 637
653 83
816 354
662 352
555 527
913 19
843 472
596 532
606 289
607 660
366 219
605 523
529 444
619 609
894 437
555 380
381 94
621 586
537 225
560 383
684 50
594 518
661 142
1070 587
556 399
838 621
627 575
206 119
277 466
612 273
669 79
857 330
556 377
421 208
697 41
570 344
660 227
677 113
702 178
588 470
148 308
522 88
662 698
393 255
639 169
839 36
813 662
179 225
665 346
669 453
989 554
1088 152
650 713
624 427
971 330
235 629
1191 509
291 1
645 646
95 295
338 366
662 489
574 581
658 575
1048 338
856 650
590 608
640 383
618 76
665 598
236 477
477 24
333 408
678 253
652 89
844 529
658 586
668 380
579 16
556 591
1106 603
971 447
1200 512
362 223
625 552
672 38
615 282
767 67
397 69
564 485
198 436
867 583
831 40
574 583
991 398
1051 530
550 352
631 356
652 393
689 266
632 517
861 586
603 498
666 684
643 527
593 621
349 43
382 714
278 508
311 463
634 470
317 376
705 119
360 67
529 168
646 207
163 253
834 627
865 705
837 706
590 499
898 341
639 232
676 19
423 277
688 319
327 91
187 184
624 513
602 386
660 514
658 670
617 411
641 608
546 493
845 403
439 659
679 270
635 406
667 603
618 704
390 61
567 1
618 649
189 223
204 560
903 648
600 676
1114 427
890 349
631 699
786 492
886 361
266 88
330 374
877 505
340 558
600 422
662 251
556 514
670 82
358 627
671 659
598 516
827 554
894 684
876 638
918 674
881 631
572 613
688 34
381 126
659 506
606 353
572 5
873 542
743 267
1053 652
844 625
809 378
958 232
442 142
578 533
634 563
412 703
782 631
185 258
823 369
187 189
769 564
824 445
388 505
383 63
339 174
420 267
817 273
874 437
802 368
198 118
856 469
549 314
553 547
859 327
1002 693
903 9
379 139
871 565
671 133
844 524
200 102
875 546
842 484
911 0
689 317
824 470
849 579
926 718
315 380
669 605
78 341
395 313
627 290
818 6
811 663
391 29
809 412
194 217
791 401
872 502
661 309
401 66
298 53
394 120
384 307
625 64
806 697
642 474
763 350
343 33
491 659
568 482
372 77
347 561
423 256
338 370
654 107
378 244
405 202
285 423
995 383
382 711
398 304
860 528
842 460
897 706
389 14
312 66
897 473
313 45
832 262
833 619
785 673
313 447
622 496
703 109
811 424
906 351
569 340
783 508
844 310
834 656
810 551
886 654
596 420
365 233
935 704
371 71
762 546
268 500
362 474
769 535
903 99
337 617
899 124
851 629
298 477
222 62
368 438
835 507
839 545
377 677
894 403
312 457
570 327
772 599
609 481
374 5
778 653
633 437
650 451
641 671
657 545
648 155
348 398
851 512
675 13
357 228
768 684
899 457
356 492
690 236
642 71
789 543
618 403
577 495
869 669
870 263
606 417
637 327
823 496
317 516
613 17
633 55
353 224
638 370
572 273
723 337
384 621
577 489
641 254
64 367
620 127
562 455
864 581
587 713
791 420
576 646
423 157
616 703
747 437
579 601
662 93
902 659
577 392
769 574
545 31
766 119
890 484
640 551
321 474
860 333
824 463
672 516
400 15
861 333
326 411
884 704
517 33
161 152
389 204
975 393
586 468
327 3
894 540
864 33
359 327
1084 461
618 502
542 544
145 250
620 628
371 134
533 52
565 601
817 534
651 430
842 713
532 189
825 567
1208 587
674 256
867 34
654 566
593 482
325 76
629 11
660 106
652 340
819 340
420 235
544 437
585 503
913 292
379 206
1185 435
587 549
876 239
536 340
550 506
575 30
306 163
812 21
571 476
314 192
348 15
373 606
824 572
351 44
606 279
437 138
613 588
713 6
644 100
426 327
421 210
891 545
594 594
169 329
446 273
700 22
614 34
892 597
862 459
568 505
849 486
619 487
887 527
865 610
817 356
224 552
838 388
897 44
854 391
437 141
198 494
579 368
635 357
595 399
370 169
225 618
442 354
915 490
648 299
531 575
558 489
369 101
179 300
673 409
901 637
588 144
872 702
863 665
782 467
794 639
558 396
596 675
203 101
365 37
803 569
407 270
834 70
1183 385
886 527
871 476
184 186
636 248
210 216
1135 587
874 509
623 687
331 473
564 344
325 560
809 623
869 654
390 145
570 416
816 521
1145 243
840 78
899 250
797 606
313 230
818 497
598 517
603 503
379 2
611 434
855 378
845 366
166 197
651 706
311 9
595 7
821 21
840 632
805 415
895 494
820 672
652 674
1124 38
332 461
687 359
814 383
303 41
814 588
599 51
601 323
582 362
867 713
388 105
327 693
600 663
571 300
365 379
600 610
631 183
295 351
907 317
524 371
816 446
241 691
544 531
609 478
592 718
159 250
212 229
671 337
656 533
638 716
645 656
407 611
627 193
652 405
587 593
803 307
897 331
538 504
578 367
222 227
376 154
643 572
835 631
629 89
581 655
620 603
689 320
804 350
515 7
849 329
530 35
671 24
281 560
862 347
674 253
835 414
77 219
851 677
852 5
647 69
629 289
862 312
632 542
599 484
356 125
654 587
696 16
150 159
814 551
633 490
1142 697
804 498
901 597
871 680
564 254
744 501
836 253
1201 503
665 212
667 696
855 518
631 634
895 706
833 504
892 12
878 605
151 145
502 10
631 556
837 656
829 518
846 523
402 87
877 673
859 16
208 202
866 547
631 554
793 384
890 253
584 420
622 649
656 8
875 578
635 77
637 717
581 464
1139 593
685 328
625 684
379 499
606 441
888 642
383 705
350 122
578 260
779 479
544 184
622 661
384 172
871 441
661 521
407 181
390 250
863 391
826 594
394 10
363 516
12 350
1186 448
219 506
589 368
388 126
827 36
419 83
699 296
864 399
560 433
411 176
399 345
410 13
209 130
841 5
364 70
417 356
95 566
1128 434
625 323
359 131
700 274
851 526
842 476
705 257
429 272
1108 523
658 525
801 686
201 562
632 441
367 418
1046 381
855 19
878 29
644 310
679 421
1089 626
898 459
864 582
310 537
678 56
109 399
657 259
633 691
428 128
349 641
324 672
659 500
629 454
698 246
822 711
431 191
606 642
360 635
200 70
185 354
586 494
675 41
614 312
363 28
284 76
633 495
249 245
562 613
875 516
621 324
643 514
615 477
163 296
609 452
552 505
867 482
808 267
802 279
613 440
813 384
522 492
856 632
592 653
634 241
634 3
675 547
610 58
568 98
553 402
183 134
590 40
554 443
583 684
846 579
669 563
432 183
672 678
566 475
817 416
652 54
587 524
618 627
525 0
639 688
699 51
592 551
563 164
404 31
691 216
313 116
536 433
193 480
855 623
510 62
576 271
186 343
633 605
638 16
289 491
654 400
867 581
846 320
825 533
216 200
832 519
586 575
625 702
597 78
598 356
380 28
852 397
382 139
377 155
902 337
655 651
878 559
865 702
854 417
801 425
1155 514
208 455
868 715
534 490
857 438
867 358
339 81
616 629
688 682
1184 488
883 405
578 609
863 694
202 232
575 602
371 300
657 624
887 568
762 535
574 476
1121 476
166 226
826 25
809 225
646 542
394 96
550 76
183 234
250 107
832 693
638 484
896 363
858 443
600 715
570 531
587 544
867 337
657 468
411 157
645 702
439 668
852 703
659 55
677 55
542 424
544 132
963 257
672 9
366 221
683 691
285 677
618 537
376 25
656 197
628 245
899 22
251 76
552 264
644 276
421 127
557 82
630 517
587 165
632 241
650 334
350 45
236 299
147 179
297 323
433 129
373 20
859 396
546 376
638 591
674 591
650 538
614 438
687 122
324 451
663 451
642 714
638 395
602 6
854 274
222 497
550 445
664 230
570 676
208 320
871 74
517 550
590 459
665 483
876 509
831 445
880 335
841 495
582 7
680 301
1124 654
657 164
378 382
1168 531
205 260
345 677
663 220
207 328
654 499
580 377
589 18
1191 564
909 324
310 160
609 343
894 647
647 318
333 235
392 90
592 292
838 348
631 665
131 219
908 289
568 454
542 471
823 462
886 219
851 567
808 41
686 75
211 157
589 582
353 34
856 524
172 312
565 615
893 314
796 442
363 517
1203 190
901 521
904 370
890 10
626 613
838 340
588 499
645 24
678 41
815 500
886 589
319 126
870 503
1157 377
207 423
316 61
873 557
617 91
676 82
594 555
889 34
578 287
579 576
276 21
897 483
700 333
795 360
203 210
855 284
537 461
420 261
517 36
1073 699
610 543
664 413
900 670
596 604
836 541
869 246
316 237
221 129
201 100
688 100
200 219
537 130
561 306
658 43
899 631
535 182
899 305
1031 208
778 686
390 99
588 572
630 707
210 434
562 309
340 58
179 278
781 611
784 323
320 604
1041 604
586 610
342 395
573 237
327 351
876 567
652 224
886 269
1022 506
1152 545
305 158
153 229
819 55
857 579
871 626
628 236
649 128
351 174
324 227
197 132
630 663
655 301
880 145
862 492
668 254
376 196
347 336
438 260
585 709
407 465
162 322
1018 646
428 136
429 280
602 676
560 344
414 318
898 713
1180 661
917 692
262 364
867 38
565 537
570 520
924 511
854 261
865 616
816 598
793 314
879 545
327 364
686 43
677 659
824 40
599 440
188 156
896 281
586 251
641 242
680 190
644 675
867 326
399 388
884 701
1163 640
347 1
347 680
325 292
1050 627
455 296
673 363
636 349
331 698
1021 513
894 62
322 369
570 427
184 220
602 433
690 430
609 229
867 690
878 697
893 303
844 406
317 504
372 674
684 708
585 507
686 403
807 397
795 492
833 537
365 57
890 310
626 597
374 109
402 61
652 212
883 499
285 243
640 668
774 534
659 690
843 417
606 639
316 62
368 43
408 116
401 6
814 264
315 88
215 136
419 202
861 576
406 238
587 605
644 719
180 331
598 246
789 705
859 297
785 653
391 622
634 228
778 597
878 308
924 74
818 236
295 416
664 123
615 225
575 391
606 476
908 558
296 503
887 558
887 692
185 186
624 533
582 504
405 571
578 243
770 329
634 313
799 386
637 518
544 548
599 426
612 502
625 462
202 314
663 314
843 565
891 357
795 52
228 198
553 434
326 487
849 667
662 92
375 55
429 598
823 485
620 107
840 496
309 46
869 496
679 230
612 529
744 534
874 433
842 509
830 387
904 338
339 293
284 447
653 703
848 529
865 268
693 330
788 305
772 636
797 429
397 255
801 662
393 115
616 535
358 113
853 712
646 528
785 623
301 457
774 550
1087 527
410 376
545 265
198 182
774 614
677 243
892 31
646 657
935 714
895 374
855 423
901 442
377 39
563 199
864 659
925 311
398 35
409 94
667 256
846 572
560 473
382 45
580 335
680 122
660 258
358 91
258 212
591 399
809 705
360 398
191 195
585 41
365 49
866 640
764 659
692 587
852 364
885 508
620 397
373 238
338 604
864 701
631 435
372 617
1053 194
450 217
873 506
834 25
627 681
1174 502
670 13
324 139
873 285
381 30
702 93
416 258
386 576
856 579
408 163
876 196
345 200
420 165
405 186
813 703
678 317
560 288
878 626
349 522
856 682
352 702
863 657
339 434
324 173
800 548
1049 486
838 280
645 650
910 553
762 456
674 657
322 53
876 594
647 694
875 21
777 222
226 316
848 692
647 134
617 656
403 705
662 28
395 203
357 337
816 283
1195 394
812 448
236 308
306 38
887 409
680 532
395 41
999 654
894 521
596 319
387 186
856 640
795 649
656 104
593 469
550 222
399 233
408 176
875 383
659 487
608 74
345 84
876 501
833 510
400 279
890 278
877 395
795 447
191 553
374 290
376 46
677 643
310 517
637 339
813 322
874 352
872 432
338 430
865 415
185 158
400 151
475 224
615 234
338 531
882 540
274 549
632 608
282 619
904 399
448 336
340 307
343 204
582 8
866 614
881 514
809 532
839 541
904 17
298 460
588 385
633 622
471 658
365 426
404 333
374 373
569 476
592 340
353 69
553 515
401 161
692 63
861 556
680 8
420 172
1230 182
817 319
767 418
782 585
875 496
635 416
756 479
374 616
258 1
801 301
610 650
656 530
875 467
380 71
760 623
573 322
386 114
169 110
551 343
806 268
847 195
621 603
94 520
320 29
575 449
825 389
339 111
581 309
891 316
559 190
624 559
837 556
361 56
902 162
715 1
857 310
583 602
858 591
884 167
192 229
851 711
859 566
556 411
378 24
609 574
405 492
905 697
683 270
387 678
572 18
323 495
914 565
888 388
895 298
510 15
898 340
353 345
798 425
393 309
797 562
682 141
857 648
667 278
440 368
671 10
833 383
317 435
834 396
659 371
630 489
611 558
880 583
638 324
649 350
841 454
633 590
364 550
443 105
337 391
849 520
356 680
879 670
873 658
656 20
868 407
601 506
888 492
555 514
833 513
781 519
778 526
401 187
680 10
585 544
658 416
814 419
785 336
695 59
114 6
846 19
893 687
809 603
613 48
424 208
877 400
355 415
862 376
618 650
294 604
406 122
863 272
326 391
356 422
703 123
840 302
354 3
374 192
825 291
911 140
590 338
968 219
780 478
822 575
54 200
433 394
954 241
882 528
360 355
580 64
916 193
821 519
446 275
873 271
353 418
840 451
677 487
819 553
389 190
837 370
278 341
859 581
788 37
811 521
751 542
554 233
326 285
757 316
212 297
369 150
368 207
431 674
347 129
895 673
887 662
726 646
709 80
697 331
180 273
755 496
426 138
753 610
793 71
368 465
888 714
369 99
816 473
816 595
408 122
305 55
763 515
838 490
902 279
830 375
393 186
310 100
851 703
638 637
860 588
783 480
750 206
618 323
361 128
857 659
610 617
309 134
641 680
433 115
839 494
893 172
190 459
876 515
350 451
438 205
431 707
856 269
326 635
876 422
359 389
829 530
333 156
886 38
841 424
646 362
390 367
863 515
830 353
617 479
837 406
382 492
341 492
777 601
870 691
842 695
887 695
662 358
865 548
563 218
773 640
581 82
854 254
186 206
546 321
533 89
286 455
848 396
628 519
819 108
615 306
670 51
386 292
411 139
265 291
878 295
786 465
895 465
868 499
312 115
549 394
914 537
860 484
353 468
425 247
663 672
584 586
361 131
917 585
827 0
482 2
602 397
845 20
879 575
669 291
827 414
394 221
628 457
381 407
383 175
825 34
816 616
856 569
845 387
854 469
897 487
844 217
912 364
359 177
357 238
350 157
361 219
1208 237
366 277
351 216
837 412
890 482
577 457
878 566
868 636
365 425
868 514
406 313
669 593
759 304
846 526
826 12
875 100
357 366
304 50
586 79
420 326
573 262
802 544
535 300
832 29
899 380
333 125
861 284
390 109
867 56
407 121
406 167
369 464
417 151
776 273
424 360
669 498
389 320
756 415
802 388
848 248
399 105
572 494
658 407
848 465
630 689
900 384
899 712
603 339
392 137
845 345
332 12
693 189
561 470
773 359
762 676
376 549
744 506
387 396
410 54
286 30
1209 584
896 682
365 171
900 494
597 422
827 692
904 251
373 95
794 304
850 380
917 636
888 612
304 583
829 603
769 517
850 704
332 262
855 394
348 147
186 125
398 107
808 686
874 710
890 354
346 81
276 46
832 581
362 31
853 626
615 617
344 352
176 439
551 439
751 221
842 130
419 692
852 673
574 584
888 614
874 427
836 407
853 380
595 182
312 166
359 242
635 520
571 541
575 464
849 403
764 386
170 491
873 235
866 325
791 403
743 590
858 708
371 129
881 261
393 180
646 544
365 290
337 90
408 652
650 26
882 217
754 259
751 483
841 376
916 317
892 280
805 513
845 150
206 171
767 299
821 579
667 717
870 354
348 283
322 406
635 492
609 430
890 377
403 134
874 23
871 536
819 643
643 409
390 85
286 68
400 363
666 638
917 508
877 421
563 144
605 489
399 16
857 534
393 437
872 295
393 655
841 485
820 380
882 54
359 214
796 383
736 522
673 268
92 619
345 68
613 228
618 1
380 115
584 500
343 531
356 35
850 219
922 694
402 362
381 279
899 375
442 247
783 509
642 239
645 549
909 326
804 547
320 199
364 115
333 202
761 706
575 435
896 288
416 90
442 289
848 654
576 140
895 524
609 493
636 613
329 322
907 380
377 36
640 435
891 349
394 313
867 702
872 433
835 523
896 509
551 477
872 655
866 537
337 110
436 87
621 641
827 568
368 391
889 424
309 549
788 666
431 83
384 215
293 405
612 619
765 580
1107 243
596 346
882 208
270 403
322 390
902 647
636 124
871 351
866 716
311 323
871 12
135 611
791 645
391 490
857 544
799 709
354 425
195 206
287 410
795 692
634 691
381 678
332 246
825 323
853 693
363 223
841 692
799 674
888 12
341 261
839 687
822 338
794 311
763 203
810 392
815 648
897 345
800 429
860 647
602 671
374 276
424 280
831 496
884 386
461 227
339 75
357 296
891 565
192 400
805 394
825 58
410 19
390 130
790 397
654 567
616 553
85 161
755 659
406 263
847 538
683 392
310 505
411 328
894 336
835 282
632 407
597 593
838 382
789 718
339 464
850 605
363 455
1195 210
298 151
828 575
904 701
422 216
407 67
691 372
851 524
900 405
354 589
589 255
864 296
376 250
326 21
361 101
854 600
899 396
855 458
874 612
873 307
618 324
895 324
887 387
853 160
390 157
594 505
814 379
761 157
335 503
636 395
325 9
638 515
785 403
414 269
708 133
862 691
319 52
833 542
838 365
861 20
748 454
824 392
886 651
643 684
868 385
852 392
308 465
745 221
315 372
760 420
869 709
879 14
894 526
887 677
401 197
810 698
868 470
352 7
667 673
873 80
567 532
373 390
272 409
345 409
905 382
795 572
380 173
607 248
759 524
819 471
316 423
770 447
510 29
862 11
818 67
369 94
1081 568
575 627
617 439
554 433
796 425
360 29
314 30
835 112
790 232
172 128
899 675
398 699
849 644
860 645
918 587
824 597
858 616
293 493
783 484
365 385
904 408
824 365
839 327
822 238
399 236
369 196
191 166
556 171
916 703
884 681
852 647
898 611
116 637
133 594
860 523
542 319
50 348
841 478
892 486
857 494
403 106
408 190
412 131
886 247
412 717
820 704
848 667
841 656
401 648
638 675
930 673
867 602
880 551
797 369
975 374
867 331
842 388
353 32
580 43
327 124
352 136
419 209
828 686
785 672
81 351
322 365
402 373
74 269
370 289
330 457
654 359
802 264
407 193
835 430
850 459
672 565
354 24
858 692
788 65
643 212
757 621
274 35
892 470
388 569
863 572
831 481
795 290
432 255
861 334
656 6
335 334
361 123
310 551
882 685
217 651
868 651
826 425
402 555
847 636
873 636
885 669
803 329
890 397
397 560
437 293
375 519
372 495
162 203
234 126
355 249
830 618
458 243
671 377
848 592
899 623
862 611
816 626
849 259
303 413
874 413
444 248
830 686
356 63
374 110
344 419
889 252
829 314
867 701
395 136
416 253
850 509
196 150
743 602
878 573
111 580
653 641
402 349
847 9
316 339
841 431
783 712
840 333
381 353
785 266
838 79
868 161
895 705
335 531
332 279
83 337
806 347
316 376
370 180
325 194
399 110
837 700
870 668
867 719
835 595
295 573
793 572
366 518
831 432
889 452
797 485
885 366
899 337
856 330
852 277
363 312
881 62
408 11
390 21
267 17
908 100
352 95
383 222
764 216
89 217
847 241
891 666
798 665
865 664
840 668
452 674
866 673
838 683
448 684
289 691
807 693
741 697
387 634
782 633
870 582
611 579
855 579
801 578
756 536
771 528
813 535
883 557
857 575
380 293
768 285
904 348
310 327
844 364
802 353
778 357
399 382
786 378
856 377
372 480
791 478
835 471
289 385
865 441
374 446
290 115
375 14
400 61
335 54
342 239
845 252
294 213
776 604
864 514
603 527
324 540
336 646
829 659
810 699
915 697
898 710
878 709
347 350
919 334
181 311
777 399
754 431
776 508
351 40
950 103
407 140
837 180
813 199
597 194
582 566
843 569
877 512
800 217
429 310
865 287
328 415
887 403
299 386
1239 473
861 506
838 639
425 714
893 32
432 116
842 470
870 499
573 484
853 528
789 574
266 452
853 343
852 324
371 55
912 17
853 240
849 582
891 535
896 535
642 647
821 687
869 680
788 405
1132 404
890 490
859 489
799 320
761 304
403 277
402 63
427 82
846 222
432 137
842 594
882 602
328 634
853 613
654 531
843 533
879 353
864 342
279 292
389 427
195 424
849 497
811 502
354 77
613 117
865 4
284 29
429 19
415 46
706 216
855 213
190 206
353 233
376 159
405 143
616 532
721 600
804 597
871 285
449 268
54 397
904 390
856 418
562 489
916 40
377 27
171 244
168 193
816 689
884 632
566 590
814 381
873 501
406 149
857 545
683 210
856 440
904 667
364 6
364 211
838 543
843 297
334 36
320 433
298 212
882 518
627 684
668 327
326 467
787 640
361 125
690 18
406 460
904 4
887 552
808 337
583 349
367 105
898 701
847 581
583 557
620 557
656 502
902 498
566 441
184 429
322 555
844 579
329 204
796 276
552 408
590 48
920 694
883 465
825 295
886 95
155 154
408 188
872 646
371 580
393 31
152 181
205 159
892 376
798 502
353 585
915 58
613 559
796 694
782 410
345 168
439 314
844 333
184 189
793 678
750 519
668 360
791 652
911 525
606 522
659 547
848 557
763 235
582 597
598 503
321 384
549 443
844 532
660 591
778 591
779 686
530 705
863 546
338 326
834 628
889 15
786 218
665 693
664 698
305 9
316 98
922 58
829 564
798 52
882 338
377 270
779 364
828 438
819 595
301 12
870 664
793 600
859 503
333 369
817 365
343 470
914 678
418 95
904 465
729 594
888 691
858 413
685 187
632 606
863 452
53 301
324 355
315 590
624 689
614 671
697 269
639 659
628 287
845 474
653 428
829 624
427 129
758 229
378 377
630 404
592 675
406 234
899 516
401 173
801 414
450 373
394 208
886 367
555 193
373 153
847 710
337 633
899 317
562 354
814 572
825 557
418 15
889 358
809 591
375 409
807 517
65 345
356 544
790 227
921 707
320 436
422 308
768 223
874 557
410 182
872 705
858 516
866 509
902 683
366 149
283 392
565 401
871 528
197 273
403 380
640 494
282 400
868 670
757 683
302 245
808 614
869 272
836 545
863 522
348 493
358 669
267 12
600 557
906 245
359 489
942 71
319 479
648 239
311 403
383 550
876 403
827 665
401 311
850 649
628 633
623 477
159 248
862 385
909 491
816 622
827 401
417 666
863 241
785 554
794 361
784 317
398 192
322 559
393 161
336 96
451 714
921 253
850 436
854 673
567 423
824 312
890 600
354 641
368 82
293 112
774 222
849 688
361 679
346 168
780 500
857 503
376 346
841 368
205 270
831 280
832 527
813 9
887 117
363 182
328 345
872 315
683 415
845 502
770 471
885 673
381 98
825 705
812 144
859 357
852 500
869 521
889 442
361 39
379 5
903 461
765 541
838 474
345 461
814 711
779 681
241 668
420 63
768 229
847 467
783 491
880 324
872 718
815 685
903 550
899 249
332 46
849 432
828 502
820 608
156 185
450 388
864 465
773 706
821 694
327 55
762 478
890 677
867 530
813 414
622 641
870 374
705 272
587 402
605 671
810 424
803 442
881 507
402 476
570 300
423 660
642 717
794 203
334 16
387 93
640 538
837 321
625 568
862 375
800 603
764 586
612 545
425 241
404 401
386 3
822 232
854 573
817 610
324 321
862 404
861 646
800 485
741 432
664 623
832 338
409 135
656 624
909 246
909 562
883 47
839 612
630 692
622 603
374 167
806 393
810 514
661 257
879 324
562 333
646 669
873 693
888 688
751 491
887 377
412 44
329 133
307 12
762 621
856 507
421 143
314 13
204 167
883 548
702 147
221 133
897 577
798 173
372 15
419 154
89 557
851 361
402 58
331 573
865 491
599 490
422 200
872 504
370 14
802 372
680 173
854 256
814 362
819 477
185 243
384 73
845 480
353 443
580 391
384 178
76 206
440 233
548 351
877 47
879 620
324 382
325 508
853 546
879 417
394 367
1044 531
303 119
400 658
191 239
378 25
358 344
617 620
379 9
410 156
405 233
879 569
139 189
628 103
344 207
415 114
849 359
319 75
320 64
786 334
196 462
593 610
403 213
564 658
99 259
653 392
365 93
366 2
875 564
536 414
861 347
860 231
313 418
371 491
877 547
887 549
407 221
363 206
864 293
300 529
593 425
591 423
666 463
843 378
359 113
358 618
897 636
412 182
877 569
872 529
398 87
386 131
123 570
670 426
896 690
1021 306
825 659
357 301
330 7
430 177
358 182
189 165
592 626
628 446
853 469
469 147
420 170
871 649
352 346
863 670
671 264
867 674
323 200
883 527
269 30
342 552
860 293
374 163
815 401
319 314
855 628
280 395
601 429
822 510
879 493
320 113
416 22
400 63
534 522
369 367
836 303
349 318
377 386
818 409
823 424
433 247
349 194
867 21
832 327
568 320
319 129
425 201
366 446
580 322
848 461
785 601
418 223
266 416
888 118
805 321
831 473
841 678
840 411
853 465
833 458
793 286
811 637
397 59
325 85
843 490
675 435
695 282
367 80
768 688
312 685
830 42
831 364
871 502
405 88
894 627
397 38
895 388
857 436
624 557
832 181
341 493
280 29
890 596
900 5
871 385
913 372
825 601
327 101
364 227
373 368
699 330
141 647
419 111
289 108
865 352
811 55
556 290
838 370
934 706
197 295
765 221
831 607
208 205
321 505
362 571
897 311
630 592
663 521
849 325
899 699
867 704
1009 386
772 696
673 457
783 714
343 144
870 651
827 437
583 359
562 60
542 257
746 234
339 623
861 462
450 650
834 498
866 335
582 604
772 484
621 672
591 181
801 584
799 618
644 611
617 485
632 479
842 345
837 411
890 583
632 654
836 421
784 601
811 651
610 570
779 553
801 237
771 522
580 304
599 264
624 151
639 467
321 482
385 79
844 285
1003 300
848 452
641 651
285 551
856 633
853 611
850 309
1200 555
508 67
1012 683
619 638
302 427
648 54
644 651
382 68
591 612
592 190
344 714
621 500
883 363
997 538
596 582
214 573
681 65
379 217
1090 137
598 608
619 378
624 86
683 311
1139 523
631 548
686 247
385 647
704 161
598 643
691 97
362 43
676 278
636 200
508 415
629 614
614 715
613 520
667 432
631 342
657 531
859 356
640 597
854 682
566 231
813 465
1058 666
676 536
317 353
266 13
285 327
907 461
845 373
893 313
617 245
342 52
581 331
660 329
831 307
635 517
651 608
346 185
619 316
601 31
179 258
203 198
550 423
637 372
607 522
833 341
595 505
637 585
852 427
880 540
633 448
641 550
852 365
583 553
576 568
782 503
909 306
888 509
408 144
697 28
768 506
377 12
403 136
669 390
447 299
875 272
899 690
330 517
627 297
302 80
402 453
839 574
610 654
399 160
297 7
667 344
1078 373
377 654
846 352
314 552
637 212
654 556
305 428
593 336
859 549
831 555
617 447
787 36
849 433
352 345
682 489
1153 479
649 266
873 532
875 73
852 555
840 340
895 367
428 383
567 132
654 454
652 464
615 514
149 221
563 607
346 605
849 517
215 447
532 135
404 78
225 459
283 347
640 311
840 538
672 394
672 302
613 519
222 525
839 440
832 514
607 558
882 683
643 235
874 580
899 276
575 271
567 420
365 5
341 672
846 500
817 499
333 288
613 308
891 509
826 307
847 379
900 510
580 328
416 610
621 296
823 302
833 334
407 348
363 486
793 495
902 479
553 431
645 434
685 176
872 237
1132 678
333 648
374 513
648 659
592 320
1054 680
795 301
826 475
377 515
605 84
817 588
865 636
349 67
827 607
853 586
805 84
420 209
426 397
566 493
803 582
380 93
554 53
798 390
641 288
817 347
336 248
638 635
865 663
676 504
827 317
803 210
784 707
374 466
229 200
773 4
832 663
582 322
846 519
883 550
796 396
435 276
869 537
551 488
886 240
886 565
1055 620
613 599
856 677
622 16
866 572
987 341
559 425
764 532
680 150
770 267
825 519
595 249
872 330
794 357
1034 623
661 124
597 282
825 404
668 445
436 179
329 12
331 347
797 344
191 157
585 291
616 584
518 509
427 192
671 384
588 178
881 324
644 649
578 524
205 44
342 118
1067 79
579 382
827 348
626 711
644 76
400 39
585 56
631 265
597 664
545 268
853 672
193 215
560 55
866 464
208 220
888 92
613 556
565 529
667 191
367 359
618 229
632 233
826 605
591 468
620 719
851 409
654 473
627 689
367 137
875 637
220 631
593 479
406 461
633 718
578 249
665 139
647 634
905 381
784 579
567 224
634 551
375 87
595 547
645 547
677 272
660 391
896 326
398 94
676 31
448 358
592 476
835 463
433 251
169 227
218 227
560 390
814 540
541 428
578 557
591 411
503 86
275 303
150 184
791 448
575 576
859 245
849 439
603 575
518 108
519 2
865 470
539 443
166 201
902 640
217 286
572 334
690 30
788 61
464 239
609 289
589 472
1143 562
1117 544
158 218
620 273
1040 4
516 185
792 618
612 291
579 184
555 342
578 482
641 464
411 456
256 207
636 472
1078 716
639 297
650 687
714 303
640 523
638 205
569 478
620 422
632 153
217 325
329 534
300 226
183 169
624 651
1173 551
647 410
557 448
220 243
586 405
831 415
646 546
601 612
219 513
874 382
591 600
591 713
634 43
1130 571
301 218
594 190
1067 503
677 636
618 440
785 14
858 626
694 66
550 64
622 366
618 616
611 596
613 709
646 107
559 487
886 65
1096 627
595 23
760 263
877 318
295 154
622 529
154 314
584 437
686 373
821 709
654 187
213 276
802 228
711 31
789 387
615 115
602 428
335 341
599 240
613 697
678 50
837 571
660 101
608 47
564 557
601 577
643 668
651 126
666 639
614 706
550 245
576 483
558 424
1166 578
631 443
586 509
215 449
684 380
187 78
1033 521
968 375
576 464
567 7
590 445
548 113
798 566
624 606
671 529
430 12
559 160
574 461
819 48
667 350
625 311
1167 575
634 289
612 382
638 317
622 198
189 191
580 469
234 417
594 371
688 272
348 402
605 464
606 711
563 481
563 195
635 285
344 412
583 560
414 252
306 591
534 0
397 292
610 508
643 164
623 296
654 489
228 238
416 123
191 150
203 656
1202 398
674 683
600 261
662 187
630 310
663 630
854 241
907 331
346 465
596 317
662 163
622 450
697 180
185 313
896 53
684 69
601 376
535 32
95 519
607 591
652 43
612 692
697 163
275 428
577 428
648 700
605 636
604 299
770 289
382 191
634 263
610 607
613 546
575 534
1096 379
710 233
560 418
556 246
613 571
864 491
423 82
641 52
233 575
753 357
590 403
670 429
604 695
618 709
654 598
846 512
485 18
626 148
639 137
593 321
601 244
591 520
185 113
581 121
648 26
671 298
576 316
642 249
225 254
1105 655
609 346
662 136
680 423
182 194
609 271
343 203
667 284
619 164
628 79
684 6
644 207
877 632
635 78
704 21
613 657
577 280
222 704
175 290
686 478
575 549
294 164
679 561
569 232
672 484
544 224
618 605
237 556
535 510
903 551
561 558
862 511
610 320
183 191
807 205
1081 200
687 253
458 246
644 246
574 443
1154 333
878 397
691 81
553 371
667 197
336 149
1113 681
586 0
182 225
248 232
598 466
561 68
698 289
595 517
575 539
680 691
566 156
675 626
803 535
683 697
1148 479
390 346
664 474
647 689
647 333
842 362
628 303
672 101
1202 554
599 396
655 251
181 147
564 397
608 436
640 567
660 662
1066 426
213 150
1130 537
622 13
568 215
541 21
868 635
281 549
165 257
691 0
597 403
585 615
427 669
185 212
580 318
712 115
589 516
226 427
665 170
666 28
575 5
608 228
662 17
618 516
1013 566
589 176
844 715
903 463
558 466
356 480
632 506
175 192
872 472
875 46
875 509
206 433
640 447
644 509
651 151
827 471
687 134
692 269
667 218
1027 485
617 569
578 130
388 107
550 631
648 470
570 480
359 50
600 28
167 156
414 245
585 149
622 497
542 406
557 521
594 297
555 357
681 423
646 531
651 313
414 274
660 261
221 152
1085 568
669 511
1123 611
592 558
568 263
1055 376
599 285
586 455
621 668
575 563
629 619
616 247
553 435
305 681
651 452
352 53
440 147
657 504
524 14
194 212
616 496
615 161
523 307
593 596
647 665
620 405
351 41
92 431
386 215
139 268
377 368
388 25
903 385
778 637
878 560
854 426
226 214
854 239
873 389
577 379
377 607
571 551
191 227
119 210
647 100
288 638
655 566
667 492
228 231
886 473
364 324
607 530
920 580
862 653
788 526
183 253
747 704
611 715
310 6
805 376
1048 462
858 364
586 503
398 247
612 644
403 123
651 272
638 170
564 269
583 437
824 523
372 282
787 410
569 275
619 219
887 588
172 216
615 146
590 661
888 464
627 585
833 597
885 682
326 50
1091 254
397 278
589 454
575 514
594 635
200 154
206 173
379 421
1094 325
200 314
975 420
566 515
528 385
597 385
1036 638
894 490
1052 3
855 516
857 346
211 233
320 298
894 641
314 590
697 50
620 687
582 339
613 589
879 507
226 403
576 305
556 498
1055 362
555 411
849 467
636 676
803 525
735 676
643 640
634 711
963 364
582 575
829 403
607 668
845 589
630 426
429 668
663 462
617 585
638 585
1096 585
588 409
638 240
656 246
633 418
863 594
651 444
593 399
655 451
1203 401
641 526
830 647
222 527
851 514
1117 20
627 38
826 379
133 224
685 25
623 681
565 315
887 593
602 486
593 237
689 70
910 718
905 452
647 497
852 443
640 35
806 613
601 364
540 512
183 226
598 411
839 74
399 651
860 238
553 186
578 145
613 684
558 29
672 96
560 420
825 573
638 418
568 390
893 14
558 379
638 575
194 232
574 345
599 591
338 668
647 542
830 34
460 216
323 679
602 113
822 664
873 492
382 475
393 120
585 330
864 197
662 565
563 355
247 161
857 93
152 148
658 430
819 238
661 1
838 246
538 103
621 219
395 155
352 686
687 345
986 509
798 591
840 348
171 195
546 238
178 83
353 462
635 475
821 476
683 263
895 646
905 513
622 240
514 65
655 52
859 439
850 269
217 257
506 517
596 537
645 537
847 557
898 651
651 717
586 197
662 417
584 423
593 396
666 458
883 324
206 159
764 630
397 28
861 661
652 718
890 556
662 490
825 372
511 87
680 389
577 602
640 286
567 390
298 453
582 327
199 271
899 311
567 279
608 650
811 599
544 118
318 245
327 9
569 313
651 675
882 325
232 164
194 199
882 136
880 337
840 706
416 335
342 495
622 324
588 297
578 506
364 23
684 256
575 204
602 639
634 209
653 580
659 434
664 349
859 358
687 555
816 600
164 228
615 132
645 467
658 529
860 393
610 513
668 643
836 249
352 200
805 623
581 440
409 517
615 25
880 487
562 464
868 542
693 63
371 147
212 288
338 24
702 82
572 437
875 554
383 160
842 390
435 543
372 194
1030 362
569 230
1110 625
63 275
134 218
721 5
504 645
881 635
681 449
676 231
552 551
638 442
634 573
635 506
556 476
860 476
554 435
365 457
345 14
680 35
808 469
638 580
804 580
570 123
481 220
321 611
891 376
656 694
388 147
969 0
626 514
907 51
878 240
325 135
648 176
345 401
540 490
651 508
712 275
434 329
854 656
330 45
845 74
353 158
887 342
811 295
1063 405
598 393
890 393
865 456
361 656
639 634
601 646
844 644
901 344
346 478
905 475
1027 643
648 632
771 531
311 614
615 452
425 620
417 37
806 530
421 30
347 438
475 281
902 310
816 407
886 432
613 518
698 1
553 439
393 261
539 265
357 537
1095 472
776 396
318 21
781 425
643 422
923 293
348 647
743 652
861 674
330 498
590 458
890 37
400 82
448 307
412 354
674 571
1165 356
637 409
561 26
559 1
680 244
775 685
632 528
826 528
338 289
178 148
382 167
624 525
864 553
188 235
350 123
567 464
610 626
522 104
588 347
918 411
655 458
289 16
531 444
652 101
659 101
973 185
838 647
640 637
828 675
898 636
860 285
623 691
1141 605
916 44
645 373
800 486
895 505
333 124
640 41
1111 621
771 278
546 443
899 306
856 345
874 395
1040 693
353 275
991 309
916 678
343 143
950 133
902 690
897 26
850 625
828 459
855 252
654 179
805 461
184 155
1094 22
342 457
1053 339
713 41
426 174
859 348
687 275
321 479
216 197
773 618
368 315
663 7
589 185
687 227
794 312
869 281
402 366
541 471
798 263
199 289
791 393
793 582
897 338
907 487
342 521
192 273
695 292
833 574
316 86
603 525
373 88
646 427
687 334
897 19
348 620
863 697
763 295
800 700
587 176
797 367
821 618
876 551
867 405
220 558
1184 640
851 306
854 111
615 674
867 416
295 376
1034 607
388 267
840 486
608 424
790 694
859 582
854 589
883 616
916 523
903 572
886 2
283 93
367 163
436 251
606 301
441 266
838 374
595 398
646 409
803 500
638 718
1024 711
773 709
935 694
581 189
844 139
609 222
330 44
1024 125
827 302
723 300
876 267
721 283
883 337
321 604
812 602
881 571
1039 570
866 564
1022 535
400 254
862 194
604 39
767 385
848 610
648 702
1077 349
787 342
367 149
315 366
377 147
856 368
355 93
363 683
111 492
859 529
767 620
667 210
1152 249
648 666
903 325
295 228
580 641
307 70
686 609
641 390
851 650
762 694
827 394
632 484
383 357
625 681
874 687
800 43
655 364
912 552
777 667
368 283
338 223
351 65
284 511
901 77
892 611
783 397
335 4
336 560
408 92
866 213
879 40
582 32
876 412
641 601
1119 77
764 675
454 626
902 619
369 57
585 574
81 535
324 498
379 211
859 374
393 166
588 370
755 578
190 243
185 284
820 581
778 619
599 253
373 106
839 416
592 553
666 669
357 135
886 301
845 515
893 6
806 18
286 174
569 226
842 253
579 677
627 711
888 66
880 302
566 395
378 698
401 73
657 170
905 555
374 281
827 400
375 653
408 282
851 423
887 523
858 696
606 526
403 225
772 402
875 450
615 284
591 368
732 604
571 403
672 505
637 483
359 199
401 103
827 631
796 576
914 563
421 660
202 249
812 547
802 525
734 514
882 489
343 478
791 378
628 216
789 542
861 642
661 282
791 373
428 295
437 215
308 481
626 697
776 320
348 468
847 645
862 521
319 200
350 384
385 177
899 85
662 261
626 457
607 58
649 429
843 647
888 403
851 555
617 331
784 331
769 628
315 169
276 389
918 699
485 16
237 185
906 310
885 537
382 321
906 329
884 516
813 669
394 193
342 394
787 488
615 572
837 489
814 518
882 497
843 625
838 306
259 350
833 456
322 524
408 277
851 372
882 347
892 709
279 560
858 327
868 432
313 203
395 401
613 303
70 401
203 187
618 636
351 201
887 337
331 68
320 465
367 114
100 452
805 462
322 653
464 297
357 74
770 588
807 529
855 409
358 213
335 144
374 87
391 596
852 425
854 107
821 391
798 346
1202 497
354 434
361 29
806 30
905 648
805 681
852 480
599 658
819 653
894 237
288 67
858 35
633 339
866 32
815 666
676 455
1100 396
857 679
337 281
887 691
356 397
907 135
773 405
848 277
787 184
636 69
862 662
842 630
326 352
919 71
397 680
571 288
893 608
816 678
867 696
415 682
333 151
365 81
194 311
388 22
601 414
241 588
655 223
687 487
910 549
830 363
283 511
871 461
385 80
411 688
628 11
365 31
883 22
362 75
818 353
902 14
122 27
323 1
388 181
862 429
761 427
911 398
184 204
873 287
416 413
867 573
888 693
883 309
885 363
907 367
396 328
357 273
677 489
890 293
363 518
861 443
335 205
889 5
860 695
826 497
324 558
748 396
903 717
122 482
904 25
579 431
824 656
843 460
780 207
760 708
307 23
887 663
845 499
897 565
842 517
904 689
575 584
311 602
880 461
333 511
625 282
239 222
347 172
899 77
641 564
885 546
884 582
316 683
427 214
1105 394
341 627
627 706
411 195
364 201
845 444
869 288
853 633
816 490
382 362
843 385
350 406
1135 580
296 203
824 497
898 532
746 540
861 563
832 86
672 369
860 318
853 368
900 505
303 42
887 706
853 499
292 692
846 387
647 230
673 18
278 95
330 3
389 360
828 429
577 479
620 482
847 706
344 343
803 256
869 299
425 159
644 417
860 108
805 526
752 366
304 103
856 521
750 668
155 226
873 115
869 607
1043 483
294 43
590 520
623 700
844 194
336 622
836 587
83 182
286 639
560 478
1148 208
347 269
897 344
572 291
829 354
764 719
293 571
309 75
855 29
859 333
365 101
865 387
621 669
653 404
618 167
350 631
610 422
347 340
862 584
797 296
1046 640
452 595
358 396
849 449
869 477
308 39
888 705
418 265
352 292
872 27
345 93
886 584
802 671
882 394
784 274
364 157
326 47
905 261
384 254
883 549
875 455
432 298
892 285
871 452
327 610
172 166
305 367
789 397
364 500
329 504
833 670
840 590
822 541
884 218
399 257
409 257
767 295
425 314
843 357
319 376
921 719
811 656
615 677
417 44
405 3
394 107
831 296
838 299
797 718
408 135
338 530
306 447
663 242
306 219
374 58
1020 15
349 14
312 19
350 528
820 515
893 644
731 704
390 322
396 284
345 495
895 496
847 406
369 95
306 5
344 3
342 46
816 49
371 231
879 247
803 605
471 629
838 629
899 613
801 571
900 520
387 674
792 490
590 448
818 433
801 442
890 281
872 282
593 263
897 379
411 35
301 54
278 9
421 252
883 685
336 86
314 420
829 457
421 344
193 271
80 311
137 597
781 539
377 687
352 676
782 672
910 53
373 17
883 64
377 325
831 482
873 707
347 146
461 243
810 240
596 374
396 437
913 519
798 239
286 14
425 417
861 527
791 689
862 384
374 283
361 71
375 53
120 593
785 593
776 613
638 349
418 75
798 87
892 625
327 97
366 283
857 411
421 49
335 285
350 234
904 696
362 426
791 370
196 272
546 95
395 90
415 367
347 122
879 640
840 609
807 564
593 700
437 196
885 544
827 46
881 509
876 325
873 572
393 64
805 47
888 710
360 202
645 128
391 227
623 606
779 580
333 332
281 57
289 187
861 549
385 592
900 503
327 260
203 289
568 321
178 247
672 414
904 446
380 197
812 386
573 401
610 637
775 624
337 327
632 685
342 10
803 494
650 634
831 683
862 686
750 611
80 515
428 21
872 37
884 587
797 601
607 551
386 672
215 304
354 154
918 299
594 542
74 218
880 568
613 594
614 504
854 534
835 297
320 34
873 530
450 334
408 291
840 683
585 308
739 528
428 229
492 33
651 538
356 205
664 424
340 80
667 241
357 480
412 2
584 533
858 432
802 182
328 408
302 544
380 149
735 637
538 34
371 132
899 320
964 492
412 346
799 482
369 259
835 638
826 700
846 495
333 371
247 212
626 615
625 177
847 630
897 306
763 526
411 36
495 716
662 380
774 232
852 431
807 673
891 702
835 454
668 376
187 156
358 75
813 562
842 613
747 691
879 523
291 492
389 115
820 580
347 52
390 158
853 520
280 20
661 361
435 257
853 411
836 580
172 278
773 504
849 504
847 604
370 86
399 416
813 498
608 619
811 357
338 121
652 636
149 285
388 345
61 339
397 86
410 459
365 206
860 539
613 389
871 448
763 596
790 608
889 517
742 697
814 710
332 166
401 313
894 665
860 67
885 614
383 75
366 478
358 137
877 265
828 357
910 519
885 340
819 490
888 385
334 439
568 353
377 241
762 510
367 401
394 334
799 28
626 210
841 623
850 322
341 83
893 16
306 470
814 406
810 233
338 636
436 383
389 384
875 387
844 518
357 21
446 326
809 558
458 171
890 478
845 495
308 224
191 196
380 708
792 322
871 672
424 291
571 471
916 471
868 593
766 607
820 606
859 331
793 391
854 432
859 423
352 451
889 505
425 87
322 7
367 32
893 714
749 679
857 337
877 337
884 374
308 480
652 457
353 420
366 13
825 382
603 683
877 342
849 333
793 303
828 196
410 166
895 66
377 74
785 691
294 9
381 173
850 489
848 275
875 675
836 619
326 117
811 540
901 468
353 89
399 221
301 250
727 664
820 433
330 320
880 310
622 680
389 104
866 343
464 121
789 326
406 3
769 541
437 40
195 317
548 414
368 336
867 300
786 520
327 661
817 627
877 44
388 104
914 668
879 672
639 687
423 175
301 78
547 492
872 405
360 31
913 603
889 454
403 125
613 705
404 451
895 616
843 364
630 483
862 605
320 632
430 304
839 41
799 212
819 431
807 346
662 101
798 254
1069 540
897 513
313 55
344 640
532 95
354 495
848 350
774 695
908 37
322 478
866 412
343 645
867 613
858 465
594 420
896 627
576 123
435 51
311 115
385 138
807 628
788 603
887 364
833 391
361 205
879 306
295 2
334 117
835 456
299 460
375 13
372 716
666 690
888 599
376 202
289 56
819 406
435 639
900 413
150 164
660 200
527 434
869 188
866 293
848 345
807 414
658 275
805 663
582 511
234 638
381 77
95 562
884 617
910 622
838 646
371 5
886 523
872 494
394 188
345 76
864 525
416 103
831 495
785 503
787 538
883 474
842 551
876 500
828 606
604 346
805 576
792 481
868 718
370 358
752 211
804 402
443 685
288 153
196 294
876 377
722 651
318 636
838 713
388 353
1086 463
815 495
398 664
783 505
335 33
853 578
435 699
838 430
606 567
818 671
365 99
685 52
416 48
831 530
626 572
417 285
403 4
850 241
577 337
361 57
453 219
426 72
290 619
840 188
803 405
653 242
286 523
417 67
583 641
604 584
646 595
839 522
366 214
326 427
859 378
439 691
756 630
827 403
854 592
836 530
341 14
1124 537
871 480
371 380
316 35
853 323
871 344
331 316
146 160
883 674
837 614
840 401
585 719
770 358
661 683
221 91
536 53
682 551
863 248
873 608
288 505
893 372
897 485
290 373
843 235
887 102
863 542
829 577
559 313
925 353
880 44
225 667
878 482
897 543
752 620
802 365
675 302
651 685
617 581
886 375
931 714
826 35
788 539
1169 514
447 679
857 281
866 645
899 376
900 569
75 139
626 406
313 113
68 239
876 528
386 108
319 163
870 422
209 96
606 548
836 413
184 202
341 425
559 445
1113 143
572 520
184 379
851 576
643 488
853 599
328 36
513 84
614 529
177 133
400 58
535 487
332 136
872 605
372 57
854 613
422 129
423 212
847 660
902 299
881 469
859 373
637 537
813 425
658 656
523 13
896 167
761 198
843 698
819 363
292 394
775 360
885 351
819 357
413 151
766 209
350 65
792 537
1146 96
807 696
293 7
203 122
887 41
369 426
803 335
254 42
876 544
755 365
650 363
836 507
575 564
609 455
847 262
850 408
419 221
794 407
862 310
390 27
862 703
208 254
906 636
779 391
569 360
668 215
189 199
840 531
902 644
642 269
768 614
645 329
828 307
809 374
351 165
590 637
290 272
866 382
344 450
345 142
437 337
313 436
878 607
316 437
549 334
867 412
891 19
312 638
334 371
426 242
912 713
784 521
758 512
379 517
306 359
910 522
823 487
476 601
355 104
822 326
293 20
319 303
636 551
837 251
435 131
77 224
394 207
433 163
856 482
666 41
322 351
762 637
782 611
793 671
162 226
861 512
850 352
429 641
752 509
601 493
825 668
395 68
860 268
869 441
392 30
138 715
391 51
220 298
579 250
852 398
304 245
555 2
885 645
359 685
308 475
904 467
661 162
847 527
837 670
877 582
820 698
797 426
900 377
661 535
852 390
626 467
675 63
800 663
682 498
863 350
819 375
841 265
827 504
214 243
405 268
792 625
851 700
893 512
781 320
332 167
869 657
753 667
846 673
723 14
888 655
813 340
374 503
679 155
754 523
294 429
807 129
812 227
860 709
782 337
625 315
387 427
808 479
384 483
375 718
860 456
402 344
613 489
819 292
473 279
542 9
807 556
797 450
190 240
414 114
369 80
807 686
766 246
865 674
445 296
408 102
866 493
851 581
433 192
323 591
412 175
690 398
610 540
830 595
373 479
910 287
801 361
850 534
606 637
402 46
66 256
403 181
638 568
366 346
910 572
415 99
324 120
897 583
889 704
853 233
366 215
307 84
336 78
382 13
375 482
452 164
405 222
857 275
889 299
345 309
907 497
321 195
399 282
389 78
354 169
858 384
916 454
1256 523
388 153
857 297
790 441
898 491
899 459
902 696
625 706
823 706
266 560
799 533
395 310
901 346
335 498
853 112
788 605
774 515
428 301
887 389
635 709
791 669
491 0
849 421
407 259
72 170
819 244
813 704
783 312
830 495
843 425
807 381
856 39
824 277
334 119
911 674
840 503
395 220
838 264
402 143
891 424
345 522
908 502
344 177
909 23
472 698
421 277
350 172
827 690
390 395
779 460
819 350
819 351
330 30
866 624
863 658
809 243
382 12
854 124
281 404
865 605
546 143
367 33
859 294
827 505
374 3
282 92
829 96
881 648
342 337
343 396
890 526
885 528
853 216
843 696
364 504
330 287
801 520
830 556
417 618
865 269
175 185
832 184
115 523
773 279
803 359
63 365
319 153
392 84
849 619
361 596
689 527
884 525
878 528
323 477
882 470
369 409
364 388
383 5
331 26
343 114
891 642
819 368
366 370
689 271
884 691
632 18
565 538
816 586
412 235
302 30
620 585
582 521
577 395
889 558
560 713
375 152
617 515
858 676
859 143
835 643
849 701
596 428
653 209
587 403
863 339
399 22
881 283
579 542
191 187
860 450
336 240
975 394
657 190
141 193
217 222
816 470
578 565
670 241
773 194
651 506
617 486
702 43
868 475
856 2
884 5
806 617
610 521
609 718
849 674
875 431
606 185
414 265
1138 123
583 374
886 329
547 121
892 475
886 125
862 409
649 566
837 293
171 245
541 0
885 264
596 550
518 547
458 221
864 312
888 687
624 412
875 368
752 447
828 375
660 511
347 208
620 634
416 690
670 286
838 406
608 667
838 455
785 421
626 606
890 653
546 543
1133 500
755 160
279 26
864 235
439 244
427 338
342 344
414 370
204 280
873 430
338 673
639 368
797 515
872 632
905 453
744 561
876 583
645 695
606 496
630 627
848 376
575 470
610 474
847 341
839 502
514 69
297 202
857 34
355 11
666 446
916 712
773 468
748 341
827 454
1044 387
31 412
316 506
827 528
622 688
795 629
384 584
400 0
430 634
904 649
629 443
816 660
617 334
421 653
376 120
389 279
785 589
915 48
841 421
398 642
883 487
827 688
788 709
332 151
199 335
412 307
646 443
399 457
635 592
878 681
363 130
314 187
856 651
819 618
800 616
313 61
851 683
338 144
782 479
286 448
869 21
821 305
394 404
1038 676
611 208
650 154
847 396
797 494
213 211
795 356
341 55
814 67
353 94
686 289
442 156
310 360
743 588
576 597
889 547
271 539
545 167
1220 383
401 203
680 89
338 8
337 3
902 381
858 497
626 635
309 478
860 485
851 397
350 379
398 211
460 231
861 445
695 71
514 140
318 131
158 199
892 514
752 540
613 694
405 411
278 481
857 472
856 287
333 542
322 531
601 666
83 253
390 43
367 263
902 359
883 495
869 497
846 559
302 619
831 557
342 32
337 594
300 139
405 106
741 391
799 395
183 286
884 457
619 83
575 598
837 623
890 344
362 188
880 508
895 294
906 497
602 480
868 609
835 697
905 663
99 186
920 499
145 171
864 371
870 376
810 706
780 719
862 640
801 63
402 118
862 315
933 694
867 445
339 414
652 447
786 450
794 359
805 19
855 55
645 587
896 95
299 588
889 374
314 230
854 430
611 572
354 286
842 701
670 186
581 447
183 140
875 419
211 308
773 537
846 537
785 655
848 631
198 405
829 627
824 382
897 8
857 574
887 520
345 633
393 95
768 231
848 551
838 540
314 22
451 286
372 27
871 562
381 589
855 514
341 166
649 587
385 184
836 229
143 234
608 285
864 372
564 448
890 651
889 402
819 586
793 367
370 75
372 491
868 719
425 186
864 3
893 481
868 376
350 475
1098 504
787 445
791 553
856 535
897 474
853 314
382 677
886 472
859 480
847 20
837 30
338 157
435 141
831 255
535 197
875 611
561 544
896 26
397 170
838 166
472 227
638 614
807 401
351 492
351 55
714 23
558 118
881 224
894 14
656 696
828 232
621 349
141 629
923 93
659 311
656 382
411 32
586 324
897 273
803 648
355 78
623 361
356 506
876 552
807 589
431 226
895 451
369 552
871 669
891 684
912 362
353 599
416 510
916 463
811 301
655 325
605 476
818 698
1068 524
382 78
590 399
292 51
822 342
545 186
830 367
761 646
404 320
636 697
858 690
389 232
668 309
323 500
340 319
581 577
1061 14
416 315
756 595
1028 409
603 570
901 336
553 446
640 576
1108 151
562 384
530 544
385 62
557 197
813 557
373 12
615 501
574 405
670 424
354 515
894 361
637 660
103 261
662 19
845 482
166 312
901 682
605 653
612 247
887 539
177 119
658 550
738 716
889 341
763 450
304 311
403 44
408 90
1129 667
758 539
354 390
638 633
622 674
845 657
890 383
895 384
809 624
556 392
830 254
629 253
881 268
867 658
867 278
377 83
334 111
625 347
143 155
650 164
168 171
816 697
694 148
640 127
837 278
886 601
781 586
931 717
355 635
604 359
899 322
586 406
872 585
830 415
811 328
862 413
368 2
301 506
380 398
845 217
751 583
869 507
622 343
681 77
581 472
602 650
632 712
805 444
563 333
332 123
643 255
394 176
880 574
876 343
590 649
591 546
610 254
687 221
641 344
652 588
656 35
566 124
899 451
762 593
864 508
563 620
868 568
838 582
318 170
886 604
562 431
221 244
841 248
448 237
880 520
757 520
647 709
376 249
672 539
645 648
863 258
569 221
648 639
668 72
856 606
386 709
313 600
1018 627
601 113
809 405
620 601
337 161
872 530
625 176
891 508
348 328
1098 625
261 51
522 470
899 532
188 135
798 655
884 389
883 29
387 87
772 480
625 370
657 9
564 189
858 650
372 349
896 355
646 579
887 321
614 677
948 111
339 70
1036 625
682 547
899 442
349 339
641 316
804 603
242 228
606 569
587 621
692 298
643 30
226 234
804 33
838 703
650 114
632 529
913 497
697 245
642 340
604 551
562 207
799 662
787 623
892 545
879 217
833 702
844 372
365 503
629 565
621 466
823 108
557 463
633 273
895 571
881 599
618 567
604 407
873 505
742 211
383 197
595 516
400 306
703 438
803 556
151 169
786 445
422 254
592 526
846 255
894 300
876 465
391 85
181 186
392 242
760 381
863 463
340 36
842 710
544 407
634 298
844 666
571 425
600 429
373 175
627 250
556 407
698 318
181 234
1043 573
555 575
1087 416
585 601
655 200
560 446
669 271
636 574
674 639
823 608
635 516
678 301
926 584
901 15
632 57
575 453
874 595
364 449
608 368
361 254
1092 613
612 69
707 53
622 479
619 530
909 14
406 344
570 281
890 237
611 718
415 279
647 587
631 492
888 615
331 506
690 275
847 554
668 414
403 406
881 704
645 527
780 514
585 495
206 84
670 688
604 523
640 1
640 285
579 399
638 676
584 449
579 252
647 713
592 312
568 385
879 527
652 61
630 702
647 715
357 148
158 153
282 186
655 418
497 1
593 497
652 649
579 376
612 496
620 219
321 330
175 210
607 460
633 599
620 567
387 514
359 652
674 314
692 246
782 698
660 103
665 667
863 447
604 614
599 155
902 511
878 402
178 173
634 108
619 555
554 415
695 167
349 33
951 716
824 507
655 580
213 229
629 304
650 166
632 0
563 680
835 68
565 439
542 496
582 481
185 156
894 713
895 700
385 48
618 380
450 668
540 129
876 382
616 341
648 211
293 0
911 699
623 469
824 579
420 106
561 425
616 597
609 1
627 458
695 39
186 268
653 346
800 518
322 652
879 365
363 198
626 611
642 69
888 640
608 171
897 567
369 501
647 675
545 190
569 454
377 318
389 216
555 453
351 106
393 44
589 360
349 112
798 393
380 351
620 597
663 75
643 687
430 22
893 708
857 609
619 679
790 327
759 481
309 118
1056 675
1020 634
607 5
424 343
874 504
792 570
312 263
769 426
73 543
180 236
398 212
220 108
882 534
388 220
400 159
595 671
873 250
374 349
746 372
804 69
812 245
838 651
373 314
865 565
345 21
581 303
597 533
871 226
406 229
314 330
865 498
736 628
376 646
635 34
375 52
913 89
378 151
649 193
617 505
394 25
601 669
774 432
451 139
881 598
289 40
211 166
677 560
295 714
1108 683
847 699
810 336
544 489
49 160
338 53
772 68
329 575
645 631
758 631
374 330
877 446
391 155
419 126
814 704
635 671
756 629
1154 676
369 145
853 569
668 487
395 449
681 151
336 485
597 416
903 318
360 503
641 512
386 118
897 279
753 555
618 67
666 298
831 488
596 28
302 447
640 351
588 707
843 268
647 657
464 255
835 421
892 708
680 127
828 229
337 385
625 680
648 422
580 464
578 496
649 707
1101 610
393 8
886 307
1224 267
600 355
1237 361
779 528
901 569
896 620
337 593
805 353
903 395
859 417
277 22
585 115
177 170
612 604
445 249
366 21
768 406
660 688
403 249
520 147
604 27
856 550
640 486
407 172
851 253
874 637
824 280
846 365
841 458
370 78
343 128
378 167
805 628
913 317
372 415
294 420
405 119
865 30
432 236
911 704
856 680
629 639
539 419
855 492
572 284
220 293
855 527
785 694
877 409
837 248
385 582
896 439
801 464
865 354
798 230
374 118
664 275
400 453
1144 476
585 401
599 520
498 612
398 191
149 187
618 270
602 604
1100 507
375 20
996 440
889 485
280 431
576 601
1044 460
424 647
339 67
574 388
412 80
593 514
848 88
648 523
403 335
413 79
587 381
509 38
409 16
594 701
601 207
632 612
847 300
798 496
813 330
171 189
877 510
836 201
569 277
851 709
605 491
415 289
608 579
590 9
398 153
902 261
793 631
363 508
275 535
387 22
861 593
621 608
418 673
580 491
615 611
1154 616
219 172
593 182
564 66
435 571
635 130
1161 524
658 665
574 61
420 665
656 525
595 518
859 10
424 181
288 81
889 550
567 39
604 419
662 526
883 351
636 502
579 374
583 667
679 120
310 476
604 20
577 511
549 324
406 249
600 362
286 90
855 217
641 114
582 499
404 34
756 653
683 173
887 541
630 144
650 207
908 718
726 433
205 474
586 374
867 460
180 182
572 473
633 465
664 603
548 446
1157 511
609 250
339 676
636 94
630 687
193 212
228 212
629 712
701 54
335 510
617 660
816 505
627 565
591 415
895 64
606 452
588 530
847 391
609 641
877 696
710 3
367 7
715 199
626 177
548 337
423 182
546 12
615 189
188 117
364 413
368 487
677 555
170 182
394 159
609 107
210 146
173 188
892 259
561 414
777 682
881 600
648 53
210 199
382 324
807 277
902 715
616 692
361 175
865 521
651 18
892 654
562 415
359 407
381 325
886 396
866 392
679 590
974 195
603 469
1119 689
399 64
620 483
598 375
852 650
625 430
548 382
560 98
584 579
532 427
294 66
530 81
672 41
609 707
634 620
147 261
540 64
356 233
893 379
612 409
656 523
874 278
564 511
667 343
617 552
638 400
886 366
860 194
586 17
583 660
588 439
633 425
590 44
1056 229
607 266
901 691
1114 552
218 158
620 416
654 236
662 248
605 54
585 352
1177 355
220 312
795 387
831 685
866 477
646 668
669 680
582 514
584 571
355 1
642 288
585 592
623 542
571 442
1182 233
1085 657
333 273
190 134
385 447
593 693
587 278
234 600
588 519
782 363
611 482
651 171
860 419
568 558
590 611
610 694
848 718
664 525
582 486
688 23
690 554
577 391
498 502
305 32
628 559
596 570
602 463
587 543
451 186
375 105
843 375
640 713
859 713
639 600
590 419
617 651
839 331
579 459
882 520
821 570
371 578
626 699
569 13
1051 252
852 228
794 477
587 510
670 500
761 497
412 338
658 540
642 75
678 183
587 671
924 714
621 248
634 213
630 636
847 596
899 557
384 327
576 531
650 105
602 670
696 55
850 524
803 698
800 648
425 269
672 332
854 521
829 389
674 470
618 490
802 693
817 554
567 432
602 336
205 297
503 62
418 105
190 222
664 711
604 235
655 648
276 15
358 190
830 80
394 701
399 153
374 318
574 408
919 382
643 609
576 426
570 232
784 560
558 441
676 513
893 185
558 353
591 573
879 573
820 340
823 12
604 360
578 388
704 298
881 32
637 393
812 496
469 257
877 518
185 281
425 654
692 88
569 588
830 678
419 212
859 254
616 403
386 356
925 136
465 262
635 454
435 221
590 332
593 528
369 5
204 430
570 378
421 400
752 497
913 429
829 408
745 637
1186 498
833 548
644 653
663 192
829 216
556 576
896 370
644 662
343 324
629 248
569 426
611 309
665 445
605 569
701 230
707 152
886 706
842 547
850 377
664 22
1065 42
414 334
1077 312
284 30
611 288
601 661
209 143
303 331
609 576
673 389
866 403
851 250
605 133
414 285
856 237
446 615
590 320
568 289
346 394
355 2
338 337
839 431
567 139
669 371
610 232
293 540
803 664
202 475
354 591
561 507
649 660
646 481
665 112
588 671
577 348
895 366
830 346
381 217
683 188
648 337
584 607
450 243
859 298
168 209
331 47
544 98
611 585
621 585
1110 715
609 237
884 460
414 709
1246 372
931 20
553 299
1191 436
299 39
791 483
614 682
569 334
569 198
653 344
886 556
677 287
212 293
647 256
364 336
369 298
374 682
1178 501
610 343
663 166
379 119
662 651
638 565
325 381
572 475
890 258
608 157
216 495
902 713
873 543
903 637
671 280
703 379
603 374
579 346
393 100
853 535
834 595
577 568
648 521
803 427
169 202
661 281
871 623
572 485
603 669
406 74
556 64
363 19
623 88
357 671
919 360
363 122
571 101
803 21
888 368
644 388
599 696
375 609
318 28
897 689
204 233
612 468
196 291
860 326
850 317
600 520
338 45
646 619
426 45
633 112
822 507
858 423
662 620
819 652
641 98
286 515
639 158
811 649
362 204
856 115
676 441
551 469
603 508
582 275
399 383
644 634
676 696
411 190
925 480
770 523
792 318
856 497
353 499
585 491
358 135
853 467
447 717
286 530
859 391
971 645
661 21
174 168
557 342
613 682
448 187
1152 422
637 677
847 708
329 664
361 650
672 168
400 264
633 192
622 492
557 317
407 357
656 663
676 355
614 395
803 533
604 269
579 546
799 664
334 80
424 189
395 175
374 153
407 129
371 415
303 414
881 363
1087 692
673 108
812 490
818 385
528 144
907 458
421 163
656 455
841 474
577 349
410 695
422 276
406 99
378 358
627 466
313 612
890 560
334 633
759 589
881 715
779 238
406 109
343 125
877 581
838 283
352 135
411 376
639 601
408 39
874 181
868 611
342 221
445 325
533 151
368 67
385 144
618 498
833 332
1143 634
638 564
767 525
398 267
528 83
585 632
179 145
201 78
877 516
334 449
542 617
363 119
491 573
652 17
393 456
847 307
611 105
821 377
314 184
580 614
643 661
883 151
857 452
662 652
335 46
601 490
635 482
1226 232
390 222
698 166
374 152
556 432
399 420
311 30
793 278
567 313
177 265
866 541
374 142
643 710
344 154
180 189
770 516
930 704
552 61
826 654
929 715
873 310
820 414
356 406
413 115
664 314
784 313
623 718
269 8
616 138
594 649
358 18
619 147
843 404
675 544
225 564
576 497
881 674
656 204
170 411
434 251
214 668
835 236
903 334
581 517
361 605
894 494
914 571
637 635
629 541
527 463
635 626
889 687
278 377
537 458
841 526
215 180
1164 512
148 261
824 508
847 505
155 243
880 263
551 391
531 467
618 513
862 522
680 72
664 516
807 611
817 644
632 488
431 82
902 387
319 173
615 80
456 296
589 264
508 54
888 579
1087 480
190 196
566 630
311 17
160 204
695 320
812 548
540 450
708 85
892 260
884 328
341 489
743 359
629 466
332 466
896 14
892 279
892 656
329 586
797 459
301 660
1080 196
891 302
861 282
828 374
362 125
407 175
1090 718
583 435
834 435
419 133
679 76
831 576
233 543
655 411
659 63
878 515
347 263
651 124
743 539
175 432
1089 627
831 67
598 693
868 380
888 299
890 372
164 155
570 1
440 106
782 414
623 545
531 35
892 523
599 284
631 284
767 505
359 453
573 416
670 287
397 202
334 20
863 544
768 377
661 190
409 659
803 479
408 290
622 690
311 32
813 26
284 226
419 128
866 128
883 707
379 86
609 329
328 359
60 366
473 712
658 35
630 194
562 229
58 309
354 620
392 696
864 421
633 559
675 651
903 30
155 211
657 232
1019 566
815 473
1026 224
609 264
676 498
298 441
184 206
890 436
874 474
886 518
880 503
896 503
925 692
390 614
870 23
647 574
523 459
778 683
812 431
855 462
574 285
333 433
574 442
627 657
831 368
779 543
890 318
420 138
857 313
869 378
918 97
525 109
427 156
838 545
918 542
357 330
591 606
633 56
371 441
591 539
200 426
704 65
886 288
883 463
328 217
564 692
541 513
819 460
866 353
396 678
889 31
830 280
757 224
385 381
398 208
397 388
627 231
338 38
830 579
305 0
874 646
305 270
374 473
894 485
563 446
890 400
589 409
796 628
796 107
542 230
771 230
649 269
816 434
891 636
368 55
884 296
630 436
1128 611
796 19
430 244
869 642
372 506
829 425
665 310
349 233
634 153
413 129
400 647
853 659
380 526
235 552
913 567
796 632
319 639
805 638
113 602
420 394
892 452
215 272
815 263
664 218
849 226
403 164
394 125
291 115
692 113
412 1
857 47
630 667
408 645
837 678
666 549
290 516
910 365
868 495
828 470
302 397
358 437
921 8
362 9
412 28
913 116
924 654
886 691
204 282
594 447
818 214
1102 218
444 77
899 655
122 597
785 558
880 326
390 233
508 46
769 550
881 676
821 345
805 635
647 453
569 7
899 560
895 572
886 708
841 391
845 608
824 680
640 540
881 556
418 597
395 193
866 526
851 332
819 344
794 383
627 421
835 718
893 504
866 49
826 318
814 548
85 530
314 540
397 347
876 687
833 512
537 385
894 230
785 468
795 651
449 325
619 666
371 41
875 398
652 644
917 364
420 140
870 680
336 364
336 129
589 109
557 669
827 672
172 223
864 608
361 363
902 311
911 284
333 591
624 523
817 549
221 242
341 242
640 248
811 355
865 467
628 651
811 557
776 553
902 524
627 535
543 178
403 447
366 405
830 321
889 328
423 371
565 295
364 576
406 671
358 714
621 719
783 711
292 9
536 39
312 96
369 318
375 261
917 481
345 423
815 517
877 534
866 688
460 238
350 179
401 100
65 310
880 312
835 326
824 459
868 629
884 581
856 520
589 572
442 134
847 214
841 102
869 293
884 383
837 663
762 664
895 642
411 330
889 379
886 271
856 426
55 409
885 590
754 635
590 572
349 570
807 694
614 693
347 691
741 704
402 7
389 61
669 93
324 189
327 183
817 372
820 392
154 687
887 690
818 658
864 541
854 574
375 554
392 194
417 229
368 155
912 277
800 261
874 304
319 357
887 382
836 412
326 457
827 462
641 451
851 493
841 539
885 543
622 552
792 607
831 247
340 161
909 85
489 20
868 476
902 467
801 503
826 430
880 528
894 629
600 657
406 690
878 704
410 164
394 183
390 259
756 302
826 376
873 366
879 410
869 440
812 536
835 554
832 606
862 623
403 29
589 433
834 437
792 409
876 408
769 497
355 331
893 351
791 304
873 318
913 609
885 594
890 545
828 677
905 669
784 662
340 50
901 27
329 251
362 477
605 538
829 538
826 401
762 312
358 654
411 239
864 226
556 485
831 453
896 451
318 394
1025 397
211 638
800 549
775 705
384 266
404 251
288 10
811 716
334 487
879 484
532 431
768 427
884 557
411 228
702 28
177 198
395 88
824 458
468 211
836 459
886 439
157 219
530 502
542 116
449 191
332 520
1034 565
844 306
346 396
817 391
578 484
892 576
683 537
913 684
716 11
881 567
389 117
833 690
268 354
857 17
839 499
898 509
887 462
257 474
818 528
322 15
438 253
865 195
371 691
654 694
886 563
875 349
277 364
634 364
870 436
775 489
648 103
409 99
450 121
626 91
290 59
406 62
319 139
420 139
903 664
810 644
844 698
1099 585
623 527
464 89
802 433
787 418
827 269
840 261
692 285
830 719
923 710
393 549
679 548
353 550
784 537
384 174
887 194
913 493
832 506
289 444
580 276
633 664
356 712
574 539
551 184
884 461
770 638
333 496
840 512
219 289
283 350
810 62
848 392
635 481
363 384
633 701
616 154
857 590
322 38
664 476
862 380
828 485
1004 169
638 710
772 710
844 667
255 2
334 156
716 0
615 701
795 499
876 590
718 152
318 12
646 658
596 719
289 451
833 649
920 79
883 602
659 614
325 634
911 497
640 438
866 500
353 216
874 346
796 638
338 259
636 278
860 622
889 511
863 141
314 501
870 88
426 581
618 499
663 280
581 546
854 716
771 687
585 383
849 675
798 417
352 357
346 573
907 435
397 8
895 426
611 517
876 535
696 61
337 159
675 361
207 205
865 298
856 534
878 698
375 372
524 51
852 268
832 608
292 635
904 397
877 464
357 288
387 178
413 106
865 514
896 174
269 428
379 270
296 35
319 511
873 648
183 244
314 232
884 466
818 299
454 284
662 271
894 271
921 715
824 9
421 243
323 492
794 467
763 469
880 401
346 222
591 169
277 34
905 517
304 178
876 690
878 383
858 398
323 121
836 240
904 475
897 684
369 715
918 689
898 342
810 664
906 268
831 443
696 114
1170 681
577 415
644 459
900 718
845 428
554 411
587 452
833 252
586 669
918 695
607 529
367 77
872 543
810 343
238 274
877 366
843 424
308 57
487 13
858 658
665 455
853 587
626 342
297 43
603 364
330 345
814 672
596 337
568 410
889 383
563 515
272 423
745 673
821 17
574 319
604 363
587 467
773 508
946 408
608 306
766 687
632 319
847 535
267 367
895 386
844 600
890 652
858 428
690 399
882 558
668 585
231 315
820 615
809 652
161 133
471 304
863 390
421 305
584 605
686 295
293 520
859 40
643 154
1003 236
311 417
357 424
650 386
851 585
599 555
194 173
873 489
644 95
853 454
908 682
375 40
204 252
357 62
406 272
555 455
425 709
431 156
658 598
735 578
814 499
432 252
590 549
178 281
612 250
892 441
343 451
910 693
417 4
682 273
339 435
667 103
856 712
638 666
692 153
596 636
862 650
380 125
1194 473
615 688
606 199
807 554
881 661
589 67
857 423
827 529
661 262
665 376
649 178
610 109
295 29
378 424
360 501
892 251
893 540
854 530
682 302
350 626
340 377
836 608
413 130
829 656
830 710
670 262
377 333
873 347
575 393
414 179
841 578
822 641
389 96
436 325
318 284
866 719
915 247
872 521
600 609
283 59
822 545
776 495
357 17
363 166
843 443
623 48
796 220
791 7
366 155
294 509
890 624
357 291
838 643
855 540
878 514
806 226
872 710
413 633
319 29
431 109
887 508
545 317
349 292
837 638
750 680
448 244
299 79
910 281
314 418
352 309
496 60
395 57
881 314
767 266
445 332
323 351
593 496
771 477
670 389
780 709
433 248
614 575
320 392
856 246
353 282
641 425
612 230
901 599
869 5
914 509
840 338
826 591
865 572
291 403
843 476
822 26
451 73
870 289
413 9
849 41
839 637
895 611
795 86
296 129
380 719
340 396
892 445
853 568
795 463
402 215
424 0
834 644
471 317
355 149
883 505
330 482
600 290
890 519
308 457
871 487
928 544
592 244
904 201
420 164
356 17
857 19
893 28
904 460
345 505
468 362
820 718
898 522
426 3
851 211
887 328
399 271
881 525
398 98
402 5
202 143
886 304
867 608
403 50
840 467
812 507
824 363
820 383
874 529
377 114
406 114
835 195
811 205
826 204
856 303
903 402
846 415
903 397
794 463
1154 593
837 568
863 521
836 704
671 686
369 29
842 32
347 48
374 184
405 235
50 315
441 282
856 367
889 380
843 400
825 410
602 417
792 424
855 425
889 488
848 457
834 524
823 572
843 581
382 64
353 81
353 48
612 147
526 218
873 363
350 354
215 327
414 337
897 277
880 502
884 499
609 461
831 411
326 519
839 532
614 573
866 573
900 608
825 658
871 659
351 39
308 7
375 71
639 223
825 223
406 128
304 138
558 343
400 346
421 383
308 369
855 279
780 506
767 470
360 466
841 450
792 406
281 393
290 420
803 422
346 442
312 610
635 607
891 531
781 646
942 700
353 248
381 188
380 85
398 125
341 111
408 36
811 294
861 301
1046 319
887 260
396 272
855 553
372 170
878 255
905 44
676 62
331 99
418 71
854 320
382 380
775 262
811 386
909 417
1108 440
854 476
863 593
639 598
790 604
874 633
814 566
304 516
884 685
603 648
370 206
826 254
320 96
814 60
904 452
858 424
778 362
410 368
843 369
299 334
438 313
220 308
812 634
847 582
366 1
383 2
878 299
627 649
863 687
894 678
863 614
899 14
439 110
374 325
772 282
823 490
588 453
805 690
416 210
800 566
915 61
626 693
882 494
903 422
875 642
353 78
784 424
427 342
894 384
841 593
410 141
388 201
773 632
183 174
349 90
686 256
350 52
829 699
474 350
864 666
1063 589
578 61
603 186
859 225
641 202
624 595
842 377
620 192
638 307
848 381
592 523
1177 458
699 6
423 259
853 258
862 579
416 51
374 517
644 558
202 168
220 450
672 713
184 59
659 1
834 395
610 549
421 186
821 426
845 669
855 272
679 268
850 476
1077 454
237 302
895 27
536 226
608 440
808 371
214 162
364 83
551 468
224 186
826 233
215 517
624 0
782 389
383 221
421 184
998 521
628 508
601 395
828 408
352 678
596 495
393 159
349 200
630 705
427 239
691 70
877 638
884 239
603 454
693 48
834 505
1041 385
360 107
851 480
864 411
642 247
879 634
306 16
407 161
569 496
605 5
346 234
887 167
399 102
408 233
274 3
601 298
341 135
623 519
499 34
766 369
576 73
798 701
666 85
767 520
655 581
877 28
622 170
902 331
871 331
589 381
603 446
825 587
881 642
624 643
818 375
856 385
460 356
651 654
189 137
869 268
798 66
862 202
787 363
502 30
332 98
799 394
180 246
591 636
388 606
933 718
917 555
445 81
668 288
642 690
824 389
621 558
291 548
885 651
845 517
346 325
612 603
349 279
894 552
346 345
641 285
883 641
608 493
634 201
691 291
1025 503
779 603
835 372
152 171
346 637
877 513
393 246
206 316
885 446
461 229
395 112
401 93
865 533
61 246
865 473
384 12
894 671
446 666
320 202
922 717
792 294
428 655
298 118
396 640
1048 136
580 162
364 333
760 523
853 229
757 541
851 283
284 2
601 420
803 633
876 369
894 515
634 659
653 655
593 230
565 459
885 425
329 625
716 119
679 328
612 656
628 533
335 502
289 15
768 421
387 82
614 645
893 645
892 82
875 660
643 560
380 620
822 695
867 386
454 252
410 276
876 498
571 490
416 265
894 4
888 668
830 604
394 198
891 662
323 627
608 627
894 519
868 478
431 167
892 39
409 249
1229 220
384 54
298 157
364 123
991 337
405 552
350 85
366 170
388 131
630 290
584 92
355 68
895 362
342 13
183 203
775 611
405 95
382 32
216 158
329 483
835 690
622 410
369 476
219 305
793 382
622 675
847 512
436 231
689 25
647 10
620 550
631 560
614 686
419 691
900 392
771 436
674 429
834 569
879 81
130 151
210 249
805 719
850 393
862 693
659 705
127 716
645 697
910 673
552 198
391 13
899 549
779 362
796 715
316 43
649 443
609 414
843 536
1109 657
811 291
344 131
305 1
882 640
838 418
886 679
396 128
849 284
693 98
637 223
369 388
391 689
896 569
361 379
443 270
339 230
808 226
402 241
809 554
1026 708
590 651
882 483
870 471
854 412
379 283
841 321
828 588
851 616
331 516
347 565
1104 677
1003 2
315 28
891 520
816 404
579 257
861 473
758 525
1116 613
842 366
866 263
626 519
728 682
891 446
845 363
679 97
390 3
408 608
1189 568
368 349
835 266
596 500
398 156
414 95
390 118
326 119
909 515
438 352
89 378
319 410
892 426
871 507
315 476
835 533
592 535
767 651
908 719
877 204
348 205
435 179
372 186
444 89
878 91
398 71
329 113
317 122
375 41
837 472
645 442
852 343
840 377
338 293
455 297
411 318
884 315
865 283
784 574
746 569
596 554
320 518
598 582
852 589
244 614
359 85
348 94
424 66
318 62
387 59
332 6
869 203
883 223
762 324
923 323
296 349
363 336
380 305
374 274
901 274
797 258
283 488
325 424
584 416
901 421
824 395
358 519
734 546
357 635
373 665
844 688
547 182
399 181
322 154
350 154
342 226
453 112
385 122
379 110
798 280
443 329
882 493
785 482
370 501
68 497
611 472
811 477
621 620
836 572
804 515
651 667
910 687
168 256
836 18
354 38
1094 506
320 554
795 338
852 412
895 408
795 683
867 610
426 381
794 570
358 657
876 350
563 162
820 307
847 112
302 11
627 671
778 268
876 303
698 80
810 498
915 599
788 509
578 584
319 458
1029 505
883 563
852 270
836 328
925 663
365 167
891 299
615 119
849 394
1043 640
600 483
845 564
851 246
310 31
359 377
643 594
1109 691
880 572
903 479
227 227
879 509
784 345
445 688
202 192
863 32
804 134
843 678
895 556
540 44
861 291
850 430
760 663
401 443
370 90
605 12
358 259
833 390
839 501
584 486
580 307
864 452
302 494
338 188
776 441
795 478
823 600
493 554
1049 347
319 549
376 3
307 599
870 654
860 38
402 161
904 507
863 528
697 36
402 105
429 193
403 715
412 322
613 583
871 418
847 249
667 14
842 636
386 208
453 218
893 301
416 303
1157 402
833 497
898 592
401 186
365 2
904 680
810 511
322 331
670 11
374 40
350 149
638 661
428 695
297 31
835 504
397 635
854 646
394 66
845 469
802 448
868 29
218 134
416 359
871 510
822 421
842 538
872 552
900 570
803 694
796 697
366 242
332 198
888 125
862 5
542 34
868 393
837 400
915 446
875 506
862 503
896 347
895 330
866 543
898 542
407 678
636 685
892 703
801 696
896 644
403 105
871 66
422 94
376 47
883 3
887 7
908 242
817 222
438 219
829 194
390 154
787 333
887 407
886 442
800 432
750 483
149 495
833 507
895 459
835 461
891 460
836 476
328 464
347 559
350 556
626 540
844 540
884 536
837 576
390 598
630 593
775 614
832 613
434 717
832 707
614 642
337 662
371 56
855 21
935 18
393 17
422 121
375 123
939 86
924 81
384 226
419 226
867 231
697 239
356 137
882 275
332 278
674 289
75 294
329 306
415 324
859 328
357 365
865 372
818 374
530 376
849 385
797 387
873 387
565 398
67 423
885 421
751 420
361 419
862 431
847 426
873 427
860 433
308 438
377 455
889 473
333 492
808 509
921 644
832 664
596 666
873 661
627 694
393 693
394 692
910 690
850 687
736 512
616 516
806 525
587 537
348 547
783 571
571 563
793 562
882 565
885 564
891 639
783 632
647 612
417 20
355 8
882 4
408 48
378 75
860 73
872 84
378 102
392 106
387 116
391 119
369 135
389 140
395 159
406 182
414 180
364 193
785 192
439 202
896 328
298 331
313 343
282 377
868 374
294 362
839 357
897 355
332 301
578 288
83 293
828 310
311 304
871 316
853 260
854 260
672 276
843 280
857 280
875 429
264 431
353 422
836 444
904 435
372 432
305 413
835 411
880 409
420 403
808 486
380 494
847 490
902 503
751 580
892 584
881 587
581 586
844 589
831 588
847 607
140 604
334 625
359 636
376 521
827 525
862 542
879 537
357 569
1022 573
822 703
880 701
875 690
775 688
803 695
762 682
624 668
612 663
852 658
890 659
402 640
861 651
911 714
750 719
421 717
377 40
909 40
799 34
289 38
386 53
416 18
860 20
303 29
350 3
893 3
533 0
836 9
888 15
434 94
424 76
399 99
430 96
381 102
319 111
1006 151
889 157
180 138
824 187
386 228
401 231
874 248
369 217
350 210
567 199
910 322
899 326
829 325
835 342
903 336
423 351
539 375
890 374
881 372
857 302
396 290
822 310
903 311
374 263
802 256
773 266
878 420
878 421
909 421
797 428
338 442
323 400
883 402
850 407
804 404
424 405
797 414
813 392
792 394
853 396
853 389
885 489
822 494
890 495
877 482
899 482
888 499
372 502
322 506
276 509
856 459
333 467
592 464
841 579
820 629
844 630
874 611
822 566
800 551
760 540
788 534
666 523
747 692
862 652
390 704
583 53
891 44
820 38
902 24
402 27
907 23
323 14
321 121
399 107
42 209
408 204
367 226
844 245
400 184
324 133
367 323
401 381
820 293
64 304
908 261
586 273
347 483
675 449
368 453
893 406
871 411
345 387
70 384
376 691
422 689
835 694
817 692
126 640
648 708
857 713
899 542
878 572
854 596
363 638
285 56
872 21
156 118
903 168
216 160
362 229
791 351
648 341
911 379
756 481
595 436
844 574
371 64
870 250
418 157
838 379
837 558
431 189
847 205
873 536
834 380
444 320
418 233
925 687
449 659
901 318
340 490
370 175
443 213
876 709
890 337
876 362
78 297
799 480
635 210
291 569
828 517
845 611
379 665
821 39
281 35
368 446
339 427
384 427
833 192
445 101
826 484
377 467
920 514
877 683
446 249
629 563
870 309
886 555
854 437
429 308
200 55
855 379
376 142
873 517
640 584
89 551
400 53
878 707
361 49
621 196
1115 188
690 125
377 360
798 421
384 96
378 74
780 314
835 410
769 427
216 243
854 506
869 34
555 15
827 397
375 153
300 477
332 165
787 699
441 194
573 393
895 584
397 223
441 281
623 617
315 613
138 183
865 677
769 369
566 361
325 501
888 396
904 668
777 644
960 49
597 715
364 2
844 381
347 463
838 387
894 198
834 584
375 644
622 484
821 358
1146 200
864 228
850 401
896 704
905 354
1150 578
893 536
586 475
894 389
677 313
905 689
360 513
441 151
374 700
439 174
865 607
375 113
872 480
878 508
414 271
863 583
226 560
877 394
362 422
629 389
396 702
378 291
888 597
418 35
477 567
376 6
317 33
369 167
867 607
635 190
907 36
788 578
814 391
874 384
845 463
636 647
921 72
889 412
789 384
840 662
782 630
805 143
650 700
316 458
578 458
844 255
800 662
216 296
830 655
905 598
866 281
420 197
806 269
849 417
869 322
168 308
812 651
822 413
688 259
210 596
356 169
892 515
260 26
368 157
747 623
445 279
335 675
784 382
686 346
424 682
883 51
849 301
296 659
375 497
652 712
560 440
771 579
885 576
649 78
313 24
370 232
87 376
560 311
600 29
376 34
606 163
848 688
640 577
572 454
893 535
799 298
173 189
780 601
866 538
849 548
907 651
1116 561
599 693
786 462
567 411
842 669
886 466
381 76
646 46
912 521
704 19
584 552
346 343
827 431
669 512
549 451
918 473
642 136
384 201
572 487
668 438
810 373
336 691
783 619
220 436
615 668
584 265
588 563
354 121
403 185
579 470
876 47
878 558
909 122
820 224
332 586
624 467
401 214
591 443
368 128
592 697
831 397
306 391
617 431
1148 393
310 700
765 586
1199 450
802 625
857 418
578 510
304 719
622 160
568 506
888 514
339 84
611 442
244 622
424 595
912 345
770 313
864 392
448 180
600 251
660 661
747 674
812 590
573 522
878 1
902 386
379 470
875 316
854 655
426 227
884 301
905 704
664 654
407 60
398 110
843 349
842 697
889 258
916 405
615 302
358 141
767 564
1229 408
790 205
775 526
667 695
667 280
800 649
901 397
850 667
819 366
357 170
855 390
878 427
913 474
897 385
836 379
655 563
796 147
632 219
670 523
874 37
294 692
773 643
391 195
879 250
616 645
639 440
340 571
872 554
426 139
892 97
387 68
596 289
800 203
661 692
393 334
300 446
855 102
548 419
596 538
866 639
448 163
232 77
683 418
862 612
311 527
765 664
406 120
449 230
628 636
833 579
306 41
633 707
300 291
865 496
871 268
882 620
460 283
783 381
874 388
895 688
850 326
385 125
302 432
343 672
863 713
591 469
825 422
326 326
828 334
623 390
412 116
825 514
888 390
356 244
163 181
866 483
444 362
880 554
341 499
397 705
871 44
860 430
195 217
237 583
550 420
1058 436
811 219
840 482
614 493
570 617
413 197
835 298
357 339
891 518
793 524
852 374
894 31
564 224
818 550
863 654
425 250
764 580
853 655
841 250
1048 610
654 649
931 698
865 492
881 511
330 448
882 342
878 671
789 599
627 502
870 229
624 609
481 339
302 7
883 571
597 482
399 180
858 416
769 522
606 429
836 91
904 425
900 533
884 523
354 209
807 536
892 311
307 403
863 250
901 523
852 627
602 689
328 367
836 335
848 502
778 449
542 457
853 418
423 63
352 9
852 115
357 149
413 135
417 128
915 568
642 558
859 518
865 302
904 375
668 361
776 506
876 503
857 491
859 486
206 448
875 473
534 445
882 13
416 92
403 71
1051 686
301 676
384 542
884 564
822 618
689 598
890 285
896 377
661 382
877 351
779 503
898 484
872 489
890 434
876 707
905 711
619 631
848 577
349 555
323 184
370 139
640 216
834 80
897 17
859 359
379 371
837 300
382 317
330 471
870 479
642 393
872 567
819 573
799 572
844 86
308 59
827 62
893 189
298 158
330 217
192 329
841 327
811 281
857 479
589 407
837 409
813 395
873 705
895 694
803 517
888 526
806 536
355 23
388 9
917 9
878 12
529 6
336 33
351 123
286 71
826 143
438 243
799 259
379 271
882 346
337 375
783 376
875 359
787 384
913 395
877 406
843 420
864 438
361 502
817 615
860 591
869 538
872 512
815 514
766 699
937 700
796 672
362 680
810 653
799 646
373 51
286 63
906 26
831 25
325 29
666 90
876 80
