1009 633
393 278
618 207
260 223
1169 358
352 71
1031 479
296 349
1034 634
301 532
1040 691
283 427
334 413
1042 510
482 656
1035 504
344 341
1056 405
372 629
333 99
1037 482
265 342
1028 719
318 553
1132 326
564 50
594 132
327 3
360 668
1039 81
737 186
366 627
1061 531
241 511
187 157
1027 299
700 340
584 104
1018 584
997 707
1093 670
230 98
621 75
374 546
981 350
589 220
1031 309
1070 511
643 477
362 507
998 458
1005 626
601 111
253 445
604 53
989 504
1107 634
1009 437
1117 678
339 480
626 139
358 171
632 181
1017 307
705 63
981 270
678 669
722 646
1040 582
767 153
1117 340
656 276
1021 501
1062 190
251 120
421 639
367 69
1039 494
645 180
1022 86
1047 424
393 210
1028 666
1030 418
1058 278
231 201
1022 271
997 386
1082 62
326 30
843 525
490 497
991 387
1021 685
608 100
241 62
1016 535
1047 82
340 442
939 658
973 437
314 450
582 154
1040 713
983 464
257 120
1059 79
1046 591
1103 664
172 277
289 377
1016 454
626 151
604 159
1097 617
1003 513
344 41
1005 484
247 173
984 338
1051 387
1069 342
1043 307
1055 686
1073 716
556 90
838 496
671 268
1127 262
1046 620
358 582
1233 235
1040 255
1017 359
1030 467
339 451
318 442
610 224
953 416
292 315
659 184
310 461
983 262
1033 193
1001 607
1141 697
1051 433
721 45
585 127
207 315
1148 376
1156 368
1046 630
1039 56
1057 269
654 226
1009 290
376 709
653 209
299 204
554 181
876 239
229 25
295 465
644 153
374 583
1030 587
393 528
276 175
403 343
1120 423
817 587
819 142
1039 308
621 207
1034 14
273 307
1047 356
594 70
1131 680
1015 675
346 54
610 243
1027 336
1039 664
1102 681
403 633
321 45
1131 294
405 657
211 121
1142 693
371 159
1055 73
1066 149
970 483
1012 520
1034 361
286 444
1054 700
1122 323
1142 339
1026 712
261 214
269 132
1069 544
1016 470
731 43
1056 575
995 270
272 204
339 685
305 211
1013 457
1042 504
1157 247
569 97
612 235
256 374
1135 710
260 82
601 182
225 104
989 452
352 520
649 317
292 601
1130 221
1020 490
642 279
228 163
119 296
783 232
229 79
395 673
975 403
1021 550
230 59
1136 316
1061 689
845 669
1076 649
1026 295
1126 253
290 212
225 35
1067 654
349 571
562 149
1051 69
951 649
991 321
1048 95
305 376
252 220
771 45
631 132
1011 698
1002 372
1077 85
385 682
1049 69
1062 407
293 407
629 76
1038 414
1169 407
1028 644
536 148
579 241
660 305
983 329
296 466
704 64
767 396
1148 489
1146 474
1123 493
257 189
814 377
838 706
1165 490
1053 627
679 302
1020 514
714 122
1124 322
735 45
1047 454
325 435
1150 330
751 238
1139 247
394 695
1137 423
231 85
1140 238
1059 462
329 83
1010 510
1049 673
218 174
722 12
646 197
598 84
303 396
1068 548
1043 157
350 119
1120 489
1013 485
270 221
402 227
1133 442
1076 664
661 182
1009 582
1041 609
340 53
1149 406
1049 593
401 343
344 408
965 408
1038 143
231 215
986 461
745 718
1169 403
618 280
576 75
367 53
1102 708
1064 625
178 88
1165 404
1013 628
328 541
312 468
1031 179
363 503
725 122
1133 699
1124 197
242 25
1062 48
363 189
603 56
395 155
624 212
1138 457
401 103
1031 354
1133 380
1133 334
981 346
1136 262
725 104
1131 256
613 235
576 114
988 456
1134 401
762 242
421 181
283 227
600 213
1083 577
224 59
402 200
542 708
1171 416
391 173
191 174
330 64
726 80
827 587
618 159
395 245
405 231
1126 312
812 41
420 190
403 231
976 392
830 684
821 604
817 518
1145 272
1119 438
1028 576
1139 324
440 300
980 324
1149 441
422 249
1161 264
1140 432
584 453
1120 215
1002 598
333 19
515 673
356 65
515 582
811 465
1140 281
812 475
992 295
682 573
282 459
748 124
1150 370
631 171
449 328
597 150
939 604
1128 355
1017 348
707 84
1114 442
1142 457
926 330
1117 330
613 283
985 484
372 48
1154 352
598 231
1054 9
818 490
627 278
1131 314
1167 436
1140 323
366 38
984 610
967 521
1097 715
1152 238
378 97
963 514
1060 290
1053 290
1162 419
1133 513
806 369
1134 281
794 334
740 320
598 104
1132 287
1165 338
437 469
425 364
732 137
491 588
1153 369
580 648
732 138
791 313
1131 487
1139 347
525 669
360 59
347 43
810 535
736 251
606 91
724 40
941 565
788 326
807 306
1128 233
1131 422
373 121
1027 418
350 112
1071 245
748 101
751 292
1128 302
132 572
416 252
1148 379
806 243
1123 227
1161 227
868 617
779 321
753 162
1135 680
787 317
1146 415
1128 333
392 220
1129 238
330 91
1153 457
728 28
409 165
1127 369
761 216
976 420
696 58
1052 396
565 18
796 253
977 713
779 378
519 627
751 173
1123 428
383 601
824 530
764 506
1147 258
1021 371
833 607
1150 291
328 77
710 123
680 29
708 545
794 222
1166 329
764 427
439 407
403 422
1123 294
529 716
1149 497
633 247
250 43
1141 468
1026 428
1130 427
1134 220
1145 464
764 326
428 297
409 170
790 293
1157 298
1142 432
981 435
403 254
704 9
1151 352
773 173
771 130
847 698
1151 407
1060 671
1156 245
1130 472
742 14
1171 339
824 631
1127 432
1128 354
282 220
529 633
954 288
1141 484
120 592
768 279
752 237
1142 372
1078 626
1058 120
1156 462
466 409
323 600
1134 369
780 216
859 681
1139 325
591 163
750 305
371 101
324 5
392 161
860 694
516 692
755 259
343 94
418 107
1132 537
1000 637
493 571
1156 430
736 83
1133 491
1171 314
421 341
434 463
822 458
731 343
410 272
454 426
771 426
1013 429
1155 235
758 242
1136 435
376 189
435 276
971 102
1132 286
970 413
763 236
364 39
397 265
202 49
1137 488
802 338
741 101
887 639
804 106
319 45
289 342
387 66
1121 257
837 417
90 503
463 550
1149 295
756 27
1145 380
772 239
640 158
122 590
782 456
273 593
1053 460
1172 517
952 705
374 145
698 10
597 253
766 225
369 49
1071 619
1144 413
368 54
375 73
849 584
1050 174
1134 364
347 49
335 60
1164 409
822 280
1067 303
356 58
363 69
1145 370
393 97
248 59
234 204
1060 571
781 148
990 492
237 116
367 644
763 95
304 368
1137 351
1041 210
220 118
408 234
1053 415
1030 248
577 139
319 349
1036 5
948 359
747 400
360 52
1130 358
1033 396
498 79
1113 243
1147 488
1026 652
1158 345
1138 344
1138 384
800 290
743 314
1094 659
647 247
1025 626
760 149
1033 709
822 689
1057 665
1060 506
831 583
381 51
469 362
491 716
189 386
1136 319
399 648
769 272
262 348
764 114
843 547
393 260
1143 355
643 180
1060 586
1173 465
809 186
960 428
1144 332
250 92
367 106
1081 30
1054 367
1134 229
1153 269
1051 85
1097 701
744 214
331 618
1141 382
1137 333
279 379
1052 523
727 696
1138 312
1061 241
473 431
314 557
384 51
455 533
969 361
386 176
1139 353
778 164
1123 477
1003 496
1123 279
1118 230
755 105
1038 260
357 59
714 147
1116 424
360 710
558 155
773 296
856 555
1164 459
1023 368
1120 711
1067 573
242 187
1152 332
1109 424
243 587
1064 710
1136 278
800 96
1136 306
426 591
1120 208
1143 428
1130 414
397 66
1139 352
1142 513
1031 512
839 604
1143 406
1132 400
1151 312
298 41
1149 332
1122 182
803 471
1115 717
767 216
1023 465
301 364
385 45
1043 241
1169 439
1137 238
851 696
1149 261
815 477
712 144
639 325
821 668
803 594
314 449
1154 267
1079 617
1168 482
1145 243
774 238
780 409
239 66
322 565
361 50
351 41
1141 265
855 702
799 433
767 211
756 225
832 557
1127 414
303 0
519 626
1126 301
373 86
207 479
352 59
841 685
344 586
733 49
844 590
724 90
1130 424
1152 286
381 257
421 247
1156 478
978 521
1141 366
778 220
301 536
1136 376
265 202
1149 525
433 250
1152 373
457 407
400 283
587 23
1120 340
289 483
381 186
1159 440
992 668
1132 402
825 559
786 103
1104 204
1122 490
194 423
803 421
810 604
473 519
1145 463
582 79
1150 302
785 376
358 26
691 17
1053 535
390 334
1130 356
741 232
748 202
743 140
426 252
736 181
383 73
784 454
721 530
353 91
1168 350
434 252
1132 420
1128 413
804 200
1135 435
1136 229
737 111
88 496
1122 496
378 109
394 129
1157 304
1140 320
1142 307
352 93
213 57
1152 316
706 63
1118 440
767 281
799 443
374 33
1123 249
1045 348
792 206
1140 467
1154 407
340 64
359 477
811 443
316 19
1118 285
1143 347
1097 703
774 319
1166 319
500 688
1050 284
1047 586
698 74
1131 472
831 603
1002 375
1143 296
338 108
342 7
813 488
508 530
784 478
249 239
1037 270
1129 275
1135 411
886 698
1139 242
737 217
312 463
765 164
1154 505
432 480
825 581
802 228
994 546
985 468
499 526
1117 279
753 174
1148 212
530 668
1163 327
1140 300
1135 296
378 116
706 56
441 267
375 179
461 358
725 27
855 154
1140 384
771 110
1034 587
1135 454
1037 575
326 41
837 645
1136 318
1121 320
1148 326
1138 395
1127 323
702 7
1150 484
706 29
759 161
506 438
716 18
337 33
369 682
1169 368
337 627
585 561
1160 312
758 334
1144 349
1016 565
1150 397
1048 338
1136 485
434 301
247 270
333 55
1145 392
847 456
1131 475
1126 382
402 616
1164 300
766 296
344 43
1161 467
813 388
1143 388
711 58
431 295
959 330
1122 430
1139 274
1039 564
514 675
260 363
813 559
95 589
574 257
407 251
1012 420
942 613
1137 414
634 560
981 606
1052 67
1062 690
764 342
492 1
363 555
372 639
378 62
847 672
1017 656
733 98
1045 127
711 27
175 227
711 16
426 258
207 57
789 241
771 269
315 444
1162 310
650 308
816 483
327 515
433 267
374 23
579 169
1058 682
344 454
969 286
632 151
377 479
1158 255
837 702
599 85
690 51
211 74
335 21
977 397
1174 303
552 718
1136 269
1159 443
964 471
319 23
542 124
352 709
358 713
1154 270
1119 362
1125 426
380 540
1042 265
710 110
1164 488
847 697
1129 353
1005 646
410 241
964 587
1051 367
370 115
828 635
1139 267
1000 263
991 454
715 62
594 154
335 27
1122 365
230 133
355 419
403 117
388 668
725 143
608 20
1152 431
364 638
667 286
929 147
1045 572
360 11
1059 591
342 74
389 687
309 517
1087 651
335 569
1064 667
303 359
471 213
955 673
815 642
1123 446
1030 462
190 177
733 117
997 347
1011 717
266 313
398 73
960 525
780 223
1044 485
977 167
576 166
1016 626
1029 674
967 427
1019 427
391 605
1008 295
1142 487
1012 600
1149 421
286 197
1033 353
989 506
955 424
521 202
332 24
294 223
772 371
374 684
312 699
1075 540
1055 16
1108 714
634 223
1039 247
1027 550
394 550
960 434
246 60
292 393
1050 716
611 210
248 171
1057 344
824 649
971 307
947 669
384 579
1036 522
1069 463
1079 687
373 583
802 107
318 39
225 111
988 446
976 655
1034 3
626 324
982 447
235 185
695 71
1042 471
1126 337
1058 364
539 52
1034 662
1173 474
1047 33
1154 357
992 646
201 102
1123 434
1135 465
997 670
1062 622
765 221
379 17
1047 657
549 418
255 141
1163 289
285 231
1161 487
1139 358
1126 480
577 63
794 285
353 593
1147 389
1062 565
298 631
613 111
465 25
213 281
1073 651
849 594
1149 346
1134 456
620 211
1052 254
1085 631
961 309
762 186
365 581
1100 682
1139 296
569 161
1125 269
1173 470
1020 352
1019 545
316 600
1021 311
1138 406
267 191
1157 315
1126 317
1007 500
980 306
816 299
440 379
253 315
751 199
1061 524
367 55
1099 683
134 234
760 222
1148 468
1121 376
767 159
396 678
959 369
1137 245
1012 365
265 116
1044 368
985 378
283 382
329 6
773 209
348 74
583 160
775 274
998 615
1089 3
1121 235
841 669
956 402
428 274
385 531
307 267
389 196
329 637
438 472
1035 384
1088 714
368 229
1052 464
272 151
462 31
359 24
1022 597
440 350
817 17
422 242
1155 369
106 541
821 709
1042 349
1108 282
502 603
102 582
1024 590
1205 202
1138 265
788 550
301 565
739 194
351 134
1019 292
1132 270
391 240
333 25
811 245
763 212
814 588
302 1
255 84
323 546
392 107
847 669
719 33
1082 497
1037 566
1009 642
622 277
975 635
208 55
1016 407
300 555
659 220
266 447
237 213
1053 665
1038 530
1041 683
1050 691
269 180
997 572
627 337
1057 643
1158 309
1023 425
805 594
1141 379
1064 571
341 664
1054 469
991 445
1154 327
1137 421
1034 140
315 480
977 292
1062 684
279 680
330 542
952 321
591 140
985 394
1160 438
213 71
959 397
1058 642
349 622
612 42
793 191
1032 589
847 616
302 244
409 136
1105 200
371 136
371 107
1147 282
1058 303
1062 269
1132 329
656 271
960 435
956 302
1012 238
196 77
887 710
1114 194
1076 643
1116 655
1156 393
519 56
1050 539
982 400
778 252
1077 567
1050 546
927 687
1072 18
1154 383
524 681
551 190
1036 307
1006 594
302 441
253 183
1159 309
559 178
1150 339
653 616
1039 704
1020 165
1138 465
1008 556
1068 408
1039 364
746 219
853 645
374 710
995 466
1023 374
602 125
764 543
321 507
1153 476
316 517
1037 374
1063 258
1000 622
1052 146
236 93
670 341
567 230
337 41
1014 490
207 72
988 717
1025 510
1097 624
1040 683
402 633
668 287
1122 466
987 441
375 474
1015 543
602 283
195 80
304 183
627 364
361 715
961 364
552 51
260 307
1049 613
1060 514
1055 588
1120 666
610 59
1068 456
340 600
291 213
280 173
620 130
304 365
991 465
917 442
1039 695
1034 64
286 358
292 245
1061 568
620 172
1034 646
543 580
1041 678
999 432
652 327
225 107
1008 559
968 401
313 482
736 77
1142 421
1036 438
1003 660
334 526
610 166
542 689
934 688
959 524
1037 34
1046 349
675 413
1056 620
595 24
967 500
752 44
245 199
981 407
1081 706
1036 420
274 607
329 543
1034 186
580 144
250 245
260 252
291 359
1068 651
592 173
1051 639
999 560
335 251
694 234
1052 148
601 116
220 212
646 179
1065 636
202 187
985 715
197 453
1033 72
1123 498
367 697
340 561
275 153
390 631
1076 688
457 518
564 168
990 270
355 57
758 282
241 263
784 218
1144 259
947 643
1007 300
609 161
325 531
1027 431
290 459
993 483
139 650
619 314
759 175
286 156
1140 680
1117 376
257 193
597 100
1037 632
976 432
506 93
1107 673
1174 471
1030 82
212 205
666 269
1033 100
855 653
287 324
340 657
1150 332
553 39
1051 464
375 661
307 606
342 557
1051 389
1028 617
649 272
1154 486
1050 421
889 471
444 283
292 250
982 435
294 270
703 71
218 197
356 597
296 225
567 226
263 232
791 451
950 414
92 486
570 74
676 421
798 304
824 185
1095 703
291 313
1036 555
1140 504
1045 456
1053 623
770 408
234 11
1149 420
1003 517
1041 522
1002 640
1151 335
1050 50
251 35
997 426
1041 479
1030 473
384 80
1057 482
281 93
319 34
803 539
1025 241
530 718
796 244
1008 379
602 93
527 627
1043 320
242 219
1134 337
1133 548
357 64
1067 595
674 294
731 139
1149 342
400 324
832 662
524 70
383 681
403 43
1153 299
766 146
758 197
451 298
720 63
1143 326
1142 347
769 405
773 368
1137 381
1036 48
431 325
806 341
347 86
394 685
658 301
823 298
427 255
393 111
864 474
787 281
704 251
1135 395
1139 519
345 117
1039 425
343 51
1148 268
826 611
831 712
782 194
1091 717
376 192
778 162
1047 252
1172 368
859 652
1134 262
1118 464
780 305
328 59
680 261
1131 418
1124 434
1134 518
671 534
1115 287
1062 595
1134 460
727 193
734 138
1136 447
1035 14
821 568
1137 322
393 226
348 501
1041 21
426 381
957 718
623 79
638 146
1130 421
845 692
808 177
254 36
1081 687
1044 99
866 688
1032 93
1026 682
357 48
1159 288
221 82
267 299
382 686
354 65
979 521
1009 563
1145 281
1023 20
401 663
343 69
305 267
1136 458
1135 428
418 193
979 291
978 427
737 169
1120 181
218 93
309 380
386 50
319 427
1120 363
883 697
331 353
641 249
808 593
1019 111
788 433
430 301
1036 68
1154 302
984 416
806 653
761 6
1048 602
582 93
772 212
334 30
731 60
1031 542
1034 493
1022 518
1012 294
1144 317
744 191
378 63
759 355
416 309
377 140
1032 567
216 452
780 297
1064 592
756 321
977 472
190 46
1154 515
1139 346
1126 400
337 84
784 232
534 601
1147 476
672 367
1026 523
966 400
1037 375
581 179
980 364
320 35
232 101
385 327
1124 392
1028 415
677 319
1144 395
408 133
1071 438
378 54
796 419
1129 369
1013 659
1031 45
1053 42
1143 301
269 352
69 253
1143 180
1113 220
350 507
732 177
369 118
1055 333
483 691
777 430
838 555
1155 378
1159 266
850 692
381 128
291 315
1166 438
1127 454
720 109
799 448
362 22
1164 309
1152 241
1141 426
302 446
1135 301
649 194
473 546
649 212
793 245
769 249
814 521
857 646
782 553
1039 433
522 711
337 715
1159 374
521 614
798 300
1035 149
934 330
238 138
296 143
1149 442
396 216
792 480
787 252
325 162
986 457
1051 158
465 324
977 500
945 410
1121 331
334 16
325 496
1135 419
290 567
747 0
678 232
332 500
967 410
262 189
323 694
1052 80
375 662
1086 700
782 319
286 332
349 440
1057 340
195 380
668 316
389 683
405 631
1107 715
1154 463
969 417
627 171
956 675
1002 473
332 686
556 17
388 693
1111 700
1078 19
1001 578
243 73
743 107
1063 444
630 134
972 688
994 495
399 133
664 156
707 637
1041 466
1016 403
329 573
1147 370
536 702
726 655
333 511
1063 176
640 195
300 306
286 682
273 130
1155 502
1088 646
1045 702
1072 672
489 624
1022 383
394 716
549 153
594 90
263 186
987 677
1048 17
1030 577
1007 83
636 243
1018 394
1074 524
665 170
594 169
1032 540
242 116
610 341
388 134
1056 28
1014 507
1118 705
725 98
996 673
746 156
1060 469
347 648
291 389
129 80
616 244
621 131
261 126
770 165
1130 304
1031 635
1032 297
300 494
376 636
970 402
1104 312
329 487
1039 393
541 17
1110 669
654 221
1019 553
105 544
1023 269
1071 514
1067 615
1009 591
778 273
1046 713
1007 651
965 397
582 183
198 93
1155 430
313 9
1029 676
581 85
318 436
634 154
193 202
1135 248
1041 598
1052 182
1031 105
253 229
1024 212
1148 425
962 510
366 606
1049 533
1048 574
1016 246
266 271
1001 223
1128 188
367 45
673 293
1026 568
710 16
964 444
1144 292
386 93
337 692
1155 258
655 255
813 263
1112 716
755 342
535 672
348 76
1062 712
400 686
1042 259
401 177
375 696
937 447
543 39
1133 466
228 60
290 114
1126 296
1055 623
653 291
1177 438
527 512
486 520
563 626
993 652
1134 407
1022 394
651 306
1130 245
823 689
514 686
831 636
754 257
758 206
1125 391
1046 124
745 241
1163 367
1138 211
1154 497
1050 462
1098 658
1042 491
978 178
349 58
1059 597
310 397
1120 336
1088 695
749 188
784 503
412 287
1044 302
1075 694
580 262
1025 29
1127 255
1129 400
1015 328
1141 318
757 141
314 466
220 208
1175 491
696 6
582 427
817 595
76 481
754 456
706 24
1147 454
769 258
1130 329
1032 211
1114 678
1052 145
360 103
316 36
273 253
725 150
834 62
605 129
1139 488
1012 94
999 449
315 458
322 398
1003 591
740 262
221 458
614 183
491 623
1110 171
776 407
838 622
335 409
555 10
974 670
269 393
805 617
359 100
1040 531
847 687
1094 705
764 235
1044 320
1141 469
293 193
631 287
1133 365
636 193
391 653
762 54
386 287
807 431
644 238
1166 469
956 543
601 52
1005 405
1049 549
976 457
774 454
348 474
1024 564
174 333
1091 653
798 616
860 549
1124 497
580 152
1143 401
621 381
1121 306
748 162
1137 397
1054 449
357 79
865 128
744 292
652 203
493 501
1140 338
1118 401
397 695
202 183
1137 254
1133 249
339 41
1147 422
861 667
837 673
619 198
850 548
1153 236
522 19
1132 419
655 524
741 160
1136 309
870 16
373 194
1155 499
1127 249
1145 323
1160 355
361 121
269 592
346 47
1142 222
457 220
1165 387
783 480
375 163
572 53
390 677
744 155
1158 264
385 53
784 214
1127 408
1161 444
1143 403
488 445
330 339
333 5
1050 423
1107 642
1140 245
1138 299
124 634
336 8
1066 316
793 262
386 54
770 344
1130 478
1153 413
595 223
1150 343
1019 387
838 43
713 85
704 81
1130 400
736 53
461 527
1157 308
866 50
938 671
982 180
339 54
793 285
1122 249
1130 431
385 307
742 126
1168 446
1149 230
321 421
1080 645
248 127
266 236
516 685
1031 563
1074 685
800 429
756 322
1053 613
647 250
940 699
1127 219
697 292
823 255
776 310
377 566
340 33
357 538
331 55
320 29
564 110
644 176
723 63
457 391
1054 671
508 599
776 314
317 579
834 623
572 687
451 461
1071 122
768 369
360 72
450 280
1164 337
800 401
388 131
1015 264
1039 47
1137 303
406 389
600 154
372 33
793 481
1132 430
884 616
254 546
1155 432
942 406
1045 219
1134 263
832 614
1133 423
664 298
1043 38
1107 170
496 648
748 172
249 142
1156 416
1167 365
792 145
1068 18
498 605
385 149
324 361
256 197
1037 643
741 666
327 12
1036 236
1122 260
1136 336
362 99
501 668
705 30
1136 335
973 364
979 434
1141 343
368 701
192 498
1035 576
737 690
1037 465
1166 276
580 182
1129 469
241 469
1026 575
1126 417
347 18
617 81
1047 232
1131 331
243 251
514 633
297 423
1066 602
1028 135
1124 191
1137 470
1048 292
385 30
1131 352
1023 275
382 141
975 292
561 42
511 675
695 561
1048 637
937 471
1110 290
545 74
436 321
1055 55
436 317
331 32
1059 2
970 383
723 87
1130 392
413 177
181 108
1070 706
572 38
651 183
1060 555
309 520
360 558
566 156
440 322
354 589
610 146
260 317
261 275
1001 595
279 641
669 250
174 234
1114 223
767 256
1153 309
604 138
607 78
277 133
232 38
507 489
983 309
1122 333
792 127
1141 415
976 517
535 618
377 85
793 248
1061 288
752 150
1061 202
969 476
1037 33
299 664
380 570
1050 56
998 486
593 71
235 209
1130 239
716 105
1124 298
636 136
1125 193
1146 368
677 329
761 705
1051 112
1058 675
1217 131
756 169
781 331
813 28
1031 355
1151 224
1067 651
1145 295
1013 593
1019 502
1072 706
1061 11
340 399
1054 584
1044 447
1019 604
265 394
1156 347
390 625
347 547
1139 703
1144 323
584 266
1034 671
976 434
995 718
757 399
287 355
1055 658
729 680
585 61
762 209
1021 686
651 225
965 432
334 689
1039 309
1022 572
442 289
366 527
1018 434
322 615
1182 322
378 144
295 377
946 397
1124 416
564 28
636 151
655 373
1050 607
196 55
978 376
276 290
1111 705
966 444
408 105
292 554
228 168
966 375
420 178
1051 157
1024 277
360 51
763 166
861 513
548 128
1128 330
1131 330
963 411
1002 388
1014 271
1008 690
1035 250
936 698
206 77
1042 395
365 70
733 646
785 253
337 636
236 83
1036 541
511 86
393 663
1067 361
733 92
236 63
971 502
296 240
1246 455
433 215
1071 682
1044 508
1061 583
1008 368
1094 704
1036 474
1044 259
190 87
1078 690
349 530
1051 138
1030 696
269 243
1133 294
985 417
653 379
220 42
568 149
1055 142
959 483
1159 305
704 251
1025 494
534 66
1139 501
611 129
1124 451
623 148
672 375
233 187
1015 410
973 510
1014 441
1044 707
977 462
937 316
350 585
385 145
322 284
1048 276
514 513
1044 21
352 60
1024 669
347 27
331 501
584 88
956 416
1115 212
630 277
1006 352
1039 685
1104 649
417 623
1040 102
1118 349
1074 613
241 394
277 204
369 577
1036 314
1005 641
986 437
375 711
270 54
288 394
1005 617
970 288
359 667
1053 667
982 121
1075 270
584 125
347 679
555 625
1166 236
994 315
994 712
1028 101
309 620
603 95
1076 624
408 88
629 158
324 489
1055 662
1010 447
269 140
1101 691
1039 420
391 650
1075 656
1038 413
1007 645
1138 392
1040 462
1041 473
1061 81
236 253
1021 20
376 668
1158 416
215 234
64 451
652 132
308 321
599 91
1023 491
1030 34
294 261
1019 504
1017 676
676 499
1009 526
591 157
596 479
980 32
1053 569
390 181
258 259
376 639
1058 449
388 613
242 220
989 482
1061 633
1126 308
1237 227
314 429
329 586
982 426
268 107
679 204
1055 235
591 174
965 710
290 286
192 61
979 340
1059 346
581 71
1141 351
238 112
356 659
1085 608
947 717
1029 209
1026 527
622 97
1032 86
1050 601
609 48
1058 419
1053 604
559 141
1146 294
211 20
172 331
1109 707
1018 26
982 304
1054 238
1007 389
1046 450
640 185
384 577
956 668
365 699
950 692
1097 681
1030 253
1054 458
1125 701
661 471
355 415
1039 557
332 459
1024 334
1004 593
1051 348
633 176
181 606
1129 704
242 137
273 269
1030 292
646 354
1108 702
1049 274
1006 692
1057 12
1008 510
1015 574
1070 416
1076 704
387 631
344 672
1054 261
1073 607
279 292
1050 565
689 688
1068 470
221 358
837 611
398 712
1107 702
520 689
1063 563
1020 209
1055 52
981 417
1032 656
263 340
950 433
710 569
264 43
1006 561
1008 471
347 695
293 527
1019 206
1023 520
1071 45
258 236
931 303
1028 686
1057 27
1010 640
1027 568
952 443
1003 397
309 240
236 233
998 490
993 556
744 640
1040 87
1024 67
659 331
540 125
282 225
957 440
1076 18
245 398
589 10
1056 543
1034 381
1035 290
1009 595
548 198
952 607
984 368
255 380
479 568
1032 651
1029 296
1054 419
1013 490
1130 679
277 142
1026 384
951 638
966 583
1030 534
1072 694
1128 394
633 171
232 500
308 472
245 130
942 485
991 659
185 297
209 126
278 529
1003 538
1113 716
1067 716
368 475
751 265
968 498
258 195
279 483
1005 499
965 458
1147 473
968 679
1044 379
327 536
1021 407
623 215
195 123
240 70
1013 516
331 495
977 243
542 148
428 283
1024 363
946 371
304 315
1218 276
954 203
1035 317
701 433
1067 584
1061 301
1034 521
650 359
1024 599
453 483
1048 92
1036 122
653 678
955 690
1076 665
337 335
319 272
1037 515
1035 454
350 421
1157 361
1043 391
1104 712
1032 543
1095 653
548 33
1044 55
955 684
1091 616
205 220
992 265
1066 611
431 36
993 457
589 56
1036 2
785 547
314 427
1091 3
650 218
1148 351
1048 408
710 677
370 514
490 10
626 150
1042 605
680 685
1009 482
337 487
955 692
1033 270
1047 205
577 153
637 140
641 190
334 551
213 213
613 209
1090 717
355 628
978 359
1041 64
297 408
699 358
294 563
1096 623
1022 259
311 567
1110 668
516 719
620 50
665 238
1029 134
1042 112
962 123
1047 221
969 390
1066 118
966 456
1036 580
331 591
489 167
373 532
1028 351
1015 351
73 148
999 306
341 546
583 187
299 332
986 527
336 9
998 418
1009 399
315 416
365 698
1047 489
920 441
613 139
1045 313
1031 320
1038 351
353 673
634 228
534 106
623 83
232 59
720 637
266 116
266 151
629 339
274 290
1037 704
1150 413
549 98
1040 386
1128 297
955 13
242 53
579 255
973 406
365 517
564 458
1057 111
1067 233
1037 424
313 580
978 297
944 682
710 122
1080 683
1030 593
1113 673
607 217
985 437
1026 425
184 337
1047 57
681 548
442 444
1028 520
607 213
349 505
1027 617
722 69
978 465
242 131
951 480
710 638
643 313
1050 504
584 246
1063 679
515 698
353 708
1010 508
1096 700
1058 602
638 375
1073 684
1053 671
1020 466
983 29
658 156
751 220
1034 612
936 465
573 11
296 396
557 43
972 623
787 468
1037 394
860 677
973 483
1139 250
1107 344
286 469
769 349
1028 433
381 625
1151 290
203 211
184 174
1022 104
1133 356
202 574
403 129
950 454
506 699
1043 512
1023 355
364 705
352 62
276 221
408 717
1021 604
352 705
381 628
319 611
768 324
318 414
1176 331
1035 21
1016 416
771 316
332 70
766 35
1132 418
357 42
773 297
333 10
1057 424
398 263
1159 335
1141 323
553 8
780 453
788 434
1123 500
1126 442
1027 589
585 243
265 245
590 91
334 52
1103 709
808 542
1036 54
1133 508
963 381
1052 568
1126 472
1114 551
726 45
663 248
1128 226
1158 514
834 474
530 693
578 688
794 211
722 104
1153 379
664 252
525 702
1021 628
1170 332
313 341
1154 435
1058 526
790 382
338 38
376 65
789 344
315 26
1044 561
404 702
1142 254
807 419
708 24
847 556
751 226
863 664
1122 501
807 199
1157 401
408 60
1136 490
370 249
417 282
519 597
1165 422
1078 621
1078 566
823 555
337 47
1143 255
348 69
336 88
739 188
780 308
1056 565
441 327
331 73
974 276
659 267
1052 305
337 535
1164 439
592 57
430 276
1151 465
1132 307
868 693
1124 364
338 6
1132 452
394 142
185 169
1111 310
1129 415
1142 363
1038 550
300 352
865 698
1157 422
976 653
945 208
1135 380
104 535
832 620
316 10
280 680
781 173
1147 321
808 209
1134 308
800 499
278 325
1013 578
1065 355
551 25
739 183
401 154
390 216
690 268
1152 468
705 65
333 51
1155 374
873 113
306 431
1146 400
1027 496
660 234
457 481
1053 137
794 202
714 110
741 158
790 209
1023 419
1051 325
1054 1
589 110
1172 414
1052 337
1049 296
268 353
1154 394
1129 323
999 461
1109 305
1035 685
1053 685
958 429
1137 432
1072 658
598 356
984 506
997 322
1160 495
1040 695
843 100
387 640
1152 369
1005 652
326 702
550 109
1049 601
815 564
398 220
1023 216
1035 632
1139 375
954 700
418 308
1118 259
203 330
1002 514
1019 234
975 432
1029 372
999 509
279 320
772 332
546 90
317 492
535 10
624 232
341 42
1123 695
271 396
280 479
569 0
1035 556
982 420
1067 216
1144 469
421 326
1018 436
993 488
1117 710
687 335
375 504
1039 611
422 614
1161 313
223 197
347 683
960 463
580 284
727 643
278 371
655 293
1130 248
1027 578
1139 304
740 696
1166 333
350 485
733 157
288 314
307 434
990 306
597 79
345 43
594 43
337 708
940 678
763 99
1071 552
1028 700
371 684
221 60
1031 150
956 509
193 571
1044 186
646 142
1064 499
506 149
344 707
208 2
260 702
284 191
259 83
261 138
340 31
239 33
208 116
1023 455
1030 358
256 145
293 236
1039 350
336 460
999 716
752 698
786 366
1085 677
287 338
981 439
1129 343
593 185
321 255
1049 679
700 348
1055 211
1081 698
631 141
1049 669
378 636
747 168
1022 634
364 621
1045 247
1091 630
315 331
1016 627
1028 249
1156 419
1029 705
536 685
1034 464
1164 317
377 13
798 243
1013 595
228 55
1037 174
1128 407
964 433
995 432
340 104
1065 622
1140 331
1045 129
547 135
1014 231
751 121
544 671
1171 511
208 243
640 277
993 440
1137 330
763 458
1096 710
1127 648
317 634
320 432
1071 282
701 43
1123 263
266 256
1048 432
675 241
632 259
706 66
1003 569
229 133
678 3
1137 392
1123 467
1099 693
1153 301
407 152
441 266
743 715
498 16
477 437
357 10
1143 343
336 391
325 526
929 73
1078 713
753 301
960 371
1167 382
527 20
418 226
1137 363
1045 275
371 83
733 123
1129 274
1056 554
1165 280
870 702
813 668
379 621
1141 200
632 236
530 104
1045 485
1010 629
350 441
1128 428
768 239
342 113
402 202
1127 457
1154 278
395 147
1145 312
404 248
511 520
451 478
976 561
777 229
1047 576
1023 513
401 640
1029 518
766 165
671 602
1023 495
340 539
1031 272
678 598
502 514
473 375
878 663
1151 300
808 575
1145 510
374 135
1019 326
999 566
983 381
1049 32
955 372
1089 563
1043 75
980 423
1159 438
332 20
349 580
333 645
1141 397
768 311
1056 58
823 326
342 121
602 68
1131 345
489 557
1050 394
1030 670
1061 696
521 660
1064 668
459 599
1034 45
338 407
1155 240
404 285
991 698
279 275
396 104
234 67
778 239
948 426
1022 363
603 292
131 352
54 436
736 121
951 422
361 711
1147 418
753 149
537 185
824 621
274 180
1040 251
151 304
934 711
1158 403
1140 451
605 181
1047 688
639 549
1016 561
1046 128
600 218
631 192
1025 252
257 188
948 401
1013 288
382 67
1074 712
629 248
1134 406
1118 408
367 128
1108 259
1035 474
105 253
589 23
1033 625
1157 415
1127 379
547 586
551 556
1001 433
791 355
1061 676
1145 358
1157 455
1142 387
307 486
1150 488
1073 623
335 54
840 619
761 163
415 335
664 233
1174 307
1140 500
1037 210
437 385
1145 235
1123 462
549 624
824 595
1156 259
790 193
210 55
880 653
1141 324
1132 361
1138 701
566 237
1117 328
347 50
815 719
395 128
775 268
1135 323
661 2
1106 260
1128 399
824 364
751 204
739 90
780 494
847 582
1143 506
348 44
1156 264
1166 411
514 452
1143 425
1129 344
1164 412
1052 478
734 140
1033 591
1143 305
740 83
762 363
1142 170
1013 169
372 47
1175 415
1154 247
748 97
758 298
727 194
398 202
192 254
1120 315
222 27
776 194
473 441
220 117
1014 625
1129 350
285 359
1135 460
543 629
1113 472
798 464
373 21
471 557
1102 297
1128 175
759 335
719 134
332 56
751 145
711 81
347 26
1036 684
494 493
1083 631
377 36
1041 58
1030 116
821 437
819 566
778 318
1152 453
794 322
755 151
1170 323
540 717
253 259
357 46
255 78
446 325
1136 285
491 526
285 186
1122 404
253 222
787 452
366 645
1041 583
1151 451
1040 490
1125 460
402 78
1171 439
390 23
790 317
387 124
363 462
320 20
1146 450
1139 394
356 111
724 79
391 132
734 50
691 367
293 141
789 397
371 78
748 195
1024 483
727 152
1085 59
1142 316
676 316
1052 94
963 317
304 256
229 62
732 164
1157 326
1142 403
1115 312
783 136
1120 292
799 278
1022 246
669 28
399 142
824 676
1154 506
791 173
941 435
381 203
646 315
1036 434
1150 497
1139 280
1044 70
727 8
643 210
92 507
1146 268
255 172
376 64
1135 328
400 345
819 537
1144 316
859 695
772 300
396 561
251 541
180 186
366 216
864 679
831 60
808 591
411 369
354 77
363 57
539 30
1064 639
378 681
233 111
508 596
788 241
694 26
1022 272
300 8
854 698
1119 412
393 96
634 278
1018 419
476 517
273 388
1133 435
370 535
1157 493
718 117
346 89
504 613
1139 351
1119 514
1126 311
1148 323
296 384
261 271
731 131
1129 324
1129 266
617 199
208 72
309 483
315 20
664 308
990 474
765 206
1075 508
324 80
734 113
1135 113
612 96
513 550
784 125
301 702
1051 404
427 321
658 18
1005 472
974 489
1130 215
1099 682
1030 356
564 206
787 419
1049 357
1143 303
392 562
774 326
401 183
227 180
1020 80
252 108
1033 64
350 69
1063 532
300 446
774 268
578 86
244 25
910 513
342 54
93 543
1053 693
1034 642
798 351
1071 110
180 168
638 285
1137 348
1147 511
971 511
1126 383
397 146
961 400
984 542
304 274
726 129
611 213
437 61
957 396
310 580
1020 314
350 565
575 41
1026 155
1043 598
1045 662
1000 364
1132 431
240 239
139 701
1063 713
630 449
373 518
392 223
1070 648
282 610
729 73
364 162
689 655
1023 604
360 84
1107 674
589 666
797 262
1139 261
1139 388
562 225
739 177
1009 690
282 404
738 178
995 457
1126 431
1154 418
959 618
805 243
1052 550
1013 585
566 177
1014 457
1010 449
1125 205
665 297
1156 399
656 287
1020 566
1052 282
1126 342
560 79
403 637
1013 419
723 597
845 407
366 590
1080 679
359 633
1002 511
592 93
1074 49
388 572
278 340
1137 378
778 178
1133 409
629 230
984 665
1117 198
1051 603
1175 424
1153 286
750 162
996 714
1074 701
571 17
370 689
377 123
1040 73
808 521
134 432
261 268
1149 414
1049 399
1001 383
369 69
239 74
1127 300
316 48
992 601
927 545
1006 473
1116 426
1027 713
822 698
655 305
416 656
1001 674
1158 434
418 317
292 307
1062 643
1007 448
618 201
1123 274
763 297
978 579
1147 255
1117 339
431 316
806 182
1048 25
278 377
1135 356
1136 371
324 11
89 579
600 193
427 257
745 24
811 502
289 274
1157 444
996 432
409 264
779 347
644 165
1121 307
639 274
1055 569
1135 371
1139 533
748 204
737 123
1154 386
619 150
841 631
746 227
761 321
1117 318
1035 414
1124 341
757 224
1143 482
412 325
1127 171
344 56
1150 280
741 33
727 226
655 307
353 89
780 261
1051 707
1133 430
1103 434
331 51
1016 614
1152 304
1018 444
287 278
51 452
1145 446
706 79
953 354
700 85
1045 417
1106 711
338 45
729 192
1007 622
368 204
334 664
368 664
347 71
629 177
401 50
1057 435
1001 716
1069 82
721 177
371 74
974 427
788 431
764 41
598 405
783 195
365 444
1017 552
1145 264
795 285
1144 377
973 684
518 659
734 164
1133 258
1062 419
686 59
471 693
721 163
1111 707
251 295
1003 612
327 59
1140 260
296 17
728 108
516 543
1004 630
933 385
373 105
537 346
340 420
990 405
216 248
369 52
978 693
1147 490
788 298
583 92
782 320
287 150
374 187
815 620
224 65
1077 648
769 107
779 502
1071 638
524 329
1006 659
272 271
1076 481
1016 552
705 690
838 671
950 605
1100 717
258 546
1110 467
264 352
989 175
1016 275
332 44
1135 244
1127 473
1031 10
1021 562
1004 427
1012 409
470 434
1122 417
980 403
427 347
1150 376
241 143
1117 450
318 42
1145 432
319 677
1119 329
1149 280
987 549
1142 373
628 326
1067 483
1133 474
212 50
888 666
1042 572
1115 211
540 647
345 112
445 307
499 590
741 76
231 86
373 176
1123 173
1118 468
320 483
758 139
1134 421
1060 638
986 483
588 212
226 175
453 8
1022 445
1023 642
1033 259
344 500
1042 606
740 165
739 121
1165 509
1040 79
779 323
1068 701
266 345
988 704
306 494
321 61
949 332
594 175
1134 326
1111 352
1132 460
395 203
1144 509
758 76
1142 419
608 214
991 355
200 227
798 333
257 423
1064 640
330 61
1125 377
697 106
1036 379
1051 659
395 205
1101 674
1156 318
810 473
1141 395
1024 376
743 159
992 700
754 227
802 537
715 563
526 91
868 667
1122 339
1149 271
1255 440
388 493
322 525
1049 481
390 71
758 323
1166 310
619 220
346 103
1002 663
328 667
1051 476
1020 47
1063 607
760 244
1079 673
977 563
1113 291
1048 503
1157 469
1066 54
1020 504
1055 245
1006 450
1052 415
846 656
684 219
1106 185
932 99
1037 640
717 690
784 316
1008 492
361 97
747 183
1019 412
752 704
317 713
287 507
995 467
1152 215
1025 644
1066 504
969 353
814 646
1044 390
1039 712
375 700
1137 403
285 284
543 62
102 588
704 94
967 386
1165 436
1013 711
1109 708
638 175
641 194
1015 683
1045 519
294 360
1127 347
1045 568
385 252
1047 406
749 110
1145 346
246 153
1160 460
1024 540
601 391
1166 507
953 376
1116 664
1122 401
560 93
1011 190
1044 519
1058 53
332 93
262 250
827 582
305 317
526 672
1121 449
1115 206
789 467
985 373
1126 260
475 477
724 95
720 72
346 69
412 71
1023 122
1121 269
1137 190
380 161
381 73
592 40
346 547
337 413
360 53
807 623
1129 252
1138 198
782 221
1030 453
430 455
756 195
1060 347
305 0
1117 322
306 493
840 699
1031 170
359 70
1168 394
639 194
1126 490
993 382
625 36
1128 436
846 552
1146 427
532 149
314 17
301 463
1067 239
1160 443
1050 276
1131 496
1155 345
1052 119
1051 395
812 431
969 693
1042 603
1068 494
214 117
1129 346
594 122
1049 501
1016 492
815 634
1011 634
1062 501
1005 597
1029 469
538 0
388 47
752 713
620 111
272 412
697 86
1165 408
1070 496
1000 422
335 16
779 441
400 631
738 135
811 559
751 251
1088 606
597 220
1128 442
85 384
630 61
520 704
739 108
686 14
1152 228
1154 422
1152 434
736 87
1061 643
1032 266
665 340
253 204
1136 415
816 542
833 614
505 581
1128 325
762 63
243 498
767 313
764 241
789 512
459 367
770 240
472 467
1009 541
483 553
381 148
546 717
334 7
598 88
1140 325
410 220
359 618
1149 281
1116 276
1030 92
1122 292
1032 303
1160 396
1100 702
329 42
673 253
1108 324
383 90
998 548
395 224
331 43
790 267
716 64
399 300
472 525
804 180
373 195
784 484
402 147
779 335
1133 447
1159 413
747 155
769 277
657 249
1133 221
385 181
730 149
1173 281
864 572
1032 486
318 33
773 84
1151 391
348 13
1030 561
697 4
324 34
735 223
790 147
776 307
765 129
1127 376
1159 240
1140 424
753 330
1133 310
944 692
771 181
1159 363
705 566
984 709
342 68
360 122
790 555
847 580
1150 503
751 51
719 132
1121 464
673 285
327 56
540 619
793 436
815 574
780 302
1152 482
1138 381
836 683
836 675
401 229
1128 501
363 133
313 478
427 293
961 706
780 210
1102 420
1137 233
302 318
613 9
997 517
766 179
977 454
1119 292
1112 346
704 31
1144 396
1168 396
861 711
541 658
1117 421
1154 432
1014 630
801 274
1144 438
358 31
810 498
796 254
1126 373
1122 307
763 403
408 129
1145 489
1126 421
1124 376
402 343
1030 542
343 18
336 26
763 96
973 329
342 117
755 103
344 45
1118 302
340 36
1175 473
1039 53
725 76
1143 367
1074 568
951 653
1123 247
1137 484
321 0
362 114
1142 435
346 31
759 192
1141 312
310 12
1152 463
745 216
634 187
1164 292
1133 526
337 46
1134 444
774 172
1143 340
1155 460
1125 500
736 173
444 368
1137 507
828 310
1126 394
1169 404
627 115
1144 493
354 69
1138 308
899 672
731 265
1129 233
439 397
1165 427
715 701
997 680
1010 433
1132 272
749 88
380 147
1147 424
756 106
1159 433
774 418
778 195
1116 358
1069 640
455 521
1031 291
1138 433
686 5
1147 407
766 333
1138 439
475 485
1146 310
958 681
399 288
886 703
1031 311
1119 473
1160 347
1133 481
566 119
783 258
748 131
1128 443
731 123
1144 376
1141 533
1129 381
1128 290
1162 301
1165 327
1126 267
783 245
1118 463
254 333
1156 409
1134 395
1060 125
327 0
875 686
1135 410
1152 364
330 41
1155 332
728 622
269 122
814 245
727 138
357 76
1118 260
770 47
1134 459
998 516
1152 359
1134 267
587 711
1158 316
498 610
815 702
795 159
1011 237
1154 471
1138 404
363 58
1028 463
781 246
1142 251
1143 333
848 663
1137 188
521 700
814 367
1152 378
815 415
695 15
438 254
779 447
1135 350
771 331
1156 279
1158 490
346 62
788 413
769 233
1165 353
763 152
402 162
1143 390
1157 390
1040 169
731 177
1141 254
417 234
1146 434
1146 174
335 9
752 230
437 399
404 98
401 244
379 147
1128 282
728 172
719 0
765 389
411 150
359 146
855 697
1163 405
512 706
1129 261
392 77
844 576
328 15
1148 280
798 230
800 165
773 254
1121 204
1139 307
1145 516
744 47
1144 514
1152 292
770 232
738 111
404 332
1145 316
838 670
507 548
1119 297
385 167
328 5
856 662
373 72
766 67
1125 416
1038 23
1095 626
429 313
379 122
722 122
812 355
1110 437
706 131
805 623
753 451
1173 333
1128 203
510 715
386 197
1131 290
347 64
486 234
760 50
681 19
768 231
813 660
712 132
502 453
1147 209
872 662
1135 313
1147 338
1029 75
740 175
313 24
1158 272
1164 251
778 232
572 157
1132 334
1131 321
470 418
1120 265
1133 384
759 80
1137 483
792 233
325 71
869 645
796 327
420 284
1168 322
825 624
415 131
489 537
1166 426
408 393
774 220
1118 391
413 156
393 607
807 615
241 596
1118 321
322 29
321 43
412 67
1164 402
794 128
761 129
539 593
1112 355
842 689
1145 317
1173 269
1144 368
768 200
361 82
997 369
1077 705
1132 234
410 261
989 431
337 30
795 375
1021 549
806 387
1042 431
1157 252
969 338
1149 425
1005 630
821 563
1123 373
693 29
747 134
817 712
253 177
1153 261
784 297
844 701
1037 684
820 613
1025 573
1162 381
1140 531
880 700
693 11
734 170
1137 373
256 193
1151 313
1140 326
351 47
200 123
812 626
1133 415
740 203
565 245
709 70
774 298
1127 434
178 439
1145 365
303 612
431 249
825 693
765 203
232 156
70 279
828 697
701 71
998 583
1139 513
891 109
408 201
732 96
336 136
1140 401
567 701
765 303
502 526
813 311
447 355
1109 296
1177 371
1159 317
779 414
1156 386
497 184
338 30
324 71
1153 217
1112 391
580 551
728 145
529 630
1141 507
89 489
797 271
1122 499
329 13
1163 543
1137 359
374 236
1138 291
789 222
769 189
800 453
765 276
752 255
1159 391
824 656
1142 349
275 14
1124 414
1152 196
1162 339
785 276
1146 347
405 704
1132 380
800 370
1032 356
716 77
1138 318
1145 439
843 607
1126 447
1038 589
1146 469
776 491
1143 258
575 163
183 685
965 417
1130 417
1126 430
1038 502
1124 232
335 35
357 137
339 136
772 136
1128 269
560 685
502 333
1143 399
1053 536
725 112
1161 334
1139 318
1138 356
1156 461
569 6
771 349
522 580
771 257
289 454
1010 695
1144 467
855 685
744 174
1149 419
1117 221
1134 479
1150 279
709 69
740 69
722 80
340 27
994 405
639 260
716 92
1122 360
1157 462
1144 239
818 564
389 32
1112 433
356 218
1041 291
1155 395
681 14
360 113
776 295
755 129
1020 371
714 68
1147 399
1166 399
336 89
975 534
1039 627
1118 288
1147 292
999 371
381 182
731 101
801 229
523 651
792 112
1051 327
1152 254
964 386
1044 185
1132 335
423 224
457 141
1165 434
1019 359
758 31
1000 497
329 16
631 341
1167 313
754 101
346 44
1138 273
756 208
1163 380
422 312
1145 374
392 165
475 311
756 341
435 336
147 674
368 78
733 116
1115 291
1142 437
1142 413
1054 272
418 363
774 349
748 222
752 84
1118 400
418 136
1155 457
1159 343
784 230
979 297
744 199
746 215
1159 509
741 110
770 18
720 82
773 332
1143 261
825 659
790 472
786 137
1115 292
1146 445
427 167
849 660
855 538
1128 347
230 116
277 347
773 313
764 135
762 213
1153 333
339 56
1164 331
1146 472
831 539
1117 446
333 101
1010 604
509 634
1138 247
1158 408
372 148
797 477
788 309
1143 348
1140 514
213 129
1151 427
152 330
354 709
378 148
1054 280
343 82
530 601
1158 453
630 179
729 27
1031 121
1089 645
1125 686
261 353
681 454
976 417
1053 15
295 274
1130 328
841 671
407 326
1135 246
1159 301
775 280
246 641
824 197
982 381
978 628
945 630
862 713
1066 353
1031 469
1146 410
994 464
1017 615
331 572
828 689
759 215
1156 414
347 577
382 685
860 707
816 693
343 61
763 338
365 75
125 590
432 345
366 181
769 285
782 138
792 307
797 442
1146 470
1138 425
1162 420
654 167
340 73
1154 496
1156 330
409 220
773 257
1166 405
1132 252
817 598
1114 265
387 103
1143 470
882 137
968 295
704 54
1133 372
397 153
636 449
244 69
662 224
692 462
1171 334
1136 443
544 672
1133 338
1173 417
764 137
342 545
773 166
367 134
371 605
374 81
220 206
551 662
1127 348
381 107
776 91
124 632
442 186
745 225
513 686
648 219
1066 374
501 580
1071 669
1135 290
1129 287
975 424
334 29
811 526
1094 660
1039 702
830 638
1168 277
1147 362
1116 194
349 73
1039 583
1118 389
723 114
1145 297
319 468
718 69
399 193
824 681
493 233
1125 382
1143 265
1155 329
980 433
332 9
861 636
745 113
1108 280
778 322
390 321
1106 249
460 416
1115 496
380 138
275 429
735 121
1122 326
1018 622
771 249
702 118
350 86
762 225
663 301
1053 447
1100 137
857 522
767 260
816 652
1155 489
1141 357
388 250
307 20
1034 9
803 500
777 261
1141 431
947 415
1037 290
866 85
365 93
1052 481
849 703
1149 508
1143 453
1149 444
1031 398
860 87
1133 441
361 62
1043 73
1139 458
784 289
1057 351
393 520
160 302
646 321
768 133
410 329
1047 374
787 350
375 69
1101 178
1029 118
1219 307
756 191
802 457
503 475
1122 399
1149 431
344 79
1022 519
87 472
1134 474
800 222
1166 450
244 140
777 185
1046 332
1150 462
297 178
403 99
639 279
1009 508
230 69
339 86
1039 477
293 368
643 209
630 300
759 172
756 186
810 468
241 69
1027 44
1144 282
844 299
218 159
466 51
402 169
267 703
483 346
341 31
732 146
132 109
304 216
1033 410
739 195
521 593
813 450
775 21
834 566
561 154
1077 641
1100 692
964 681
605 70
1000 626
770 208
1127 177
710 18
1037 493
332 52
1142 217
810 314
1135 276
845 558
309 9
1084 655
1123 362
240 570
1137 332
1048 239
391 90
1127 470
382 278
992 485
697 92
311 637
1143 444
405 308
1046 579
1106 678
614 54
1047 385
1150 152
1144 506
1063 498
387 691
970 453
1111 384
706 638
844 640
1120 209
1057 529
1143 281
1126 420
244 105
1020 488
96 597
1161 388
733 73
1037 273
351 116
248 27
984 397
1054 376
340 494
286 409
1157 349
1110 239
385 521
364 86
721 533
303 339
332 498
997 492
729 130
569 77
749 217
771 234
1145 473
961 437
970 655
1070 696
606 196
327 65
553 69
355 474
706 44
1048 716
781 266
1126 509
1143 336
1095 647
1143 360
1150 178
216 161
722 137
534 584
1055 151
771 300
783 264
1030 678
1041 553
383 622
825 451
430 114
277 440
676 267
669 619
1002 468
1044 142
967 443
322 532
1144 398
932 521
739 25
1021 479
1058 288
1086 453
1077 719
649 262
1144 320
1147 303
972 400
1005 496
1139 454
1075 46
1058 298
794 286
1105 452
707 61
1044 716
1167 284
808 484
1018 568
242 179
1035 98
316 132
694 126
839 637
1042 464
332 703
381 263
352 76
799 583
1151 196
1052 377
976 427
608 91
953 431
1018 489
1128 712
1048 592
1000 158
1067 535
746 142
1004 327
571 78
411 159
1076 695
1021 462
757 175
1158 221
592 195
719 43
1021 214
350 647
349 583
1030 545
579 90
1012 697
1154 264
981 254
329 47
220 78
1026 546
994 673
73 456
1036 399
804 167
1042 703
762 95
1016 376
355 31
1020 257
263 166
1148 463
763 246
1131 508
290 366
1020 264
540 112
1172 491
329 26
1025 106
1104 262
764 243
1117 290
1140 410
507 607
294 388
1162 393
341 634
1124 306
284 444
755 197
984 444
1037 676
511 537
764 253
664 324
996 505
822 539
728 100
272 291
432 385
366 73
1167 414
1137 513
995 590
1061 713
1140 288
1135 289
991 299
844 625
429 232
361 52
1161 335
291 485
991 401
1138 444
798 312
976 458
1162 408
1149 308
300 438
745 267
685 712
760 281
1052 577
416 146
546 635
327 609
1136 469
721 91
212 585
1130 206
374 124
708 102
1138 506
770 212
412 271
769 215
1148 443
314 523
485 488
1021 643
360 45
356 102
657 192
1132 465
1016 547
986 652
1014 525
1046 497
537 39
763 251
323 14
1122 445
185 117
463 697
1133 237
608 643
1129 327
426 215
1036 351
1131 246
1064 464
416 104
808 489
326 38
367 38
1044 499
490 41
331 624
232 418
1110 402
219 250
1064 686
1114 388
264 475
283 440
963 422
750 277
755 194
1153 316
1117 321
351 604
1151 320
983 692
957 585
1053 226
620 232
648 249
227 77
1002 491
756 447
360 525
630 308
285 499
666 263
765 107
665 222
329 560
1023 526
967 674
835 702
1020 705
1056 414
551 10
362 655
849 651
260 153
1011 399
483 692
1121 179
830 712
677 0
1016 343
1119 341
1055 475
256 341
755 218
1022 439
1052 591
1065 629
752 359
765 95
389 45
1157 456
334 98
201 246
1054 586
646 370
399 304
1070 674
738 200
749 106
1036 461
995 479
1018 532
408 83
818 631
1040 264
682 6
292 305
351 29
1125 265
795 304
1022 415
234 118
611 189
245 265
716 38
744 162
1110 267
1025 675
980 448
380 113
984 386
1093 718
1118 190
266 147
358 63
1029 605
613 74
990 484
811 103
341 12
785 320
516 678
952 428
405 178
1157 453
1054 300
433 296
1015 255
1153 303
228 110
340 50
374 505
375 76
822 565
770 155
1124 401
1094 714
1066 519
1144 492
182 192
1070 665
742 129
1156 382
825 646
1023 534
1019 634
739 190
407 343
827 603
942 458
408 241
456 451
1057 699
516 710
1035 253
1050 388
1151 219
271 302
968 710
1138 193
1128 363
787 241
1164 437
642 194
331 615
476 441
1118 201
1056 241
1150 384
611 170
707 141
1057 30
399 247
364 605
1122 304
378 68
1156 475
369 115
624 142
1037 584
1108 358
941 332
1135 397
1150 477
117 605
381 237
386 57
1112 240
841 712
798 334
369 48
386 211
1158 381
1181 430
389 208
614 250
420 266
430 417
1019 334
794 295
1040 371
641 180
333 22
573 509
419 164
690 2
1138 386
1138 438
1160 402
536 574
380 268
769 182
1160 407
1017 492
729 64
316 34
825 569
201 118
1149 320
1128 266
680 6
782 220
1112 239
845 707
782 424
1130 219
826 705
1142 475
1102 197
1164 466
1173 340
1047 118
997 650
1131 497
673 19
386 615
989 324
784 439
1154 220
736 214
859 664
375 234
1131 428
479 342
1117 284
718 108
1049 528
838 707
1143 297
1144 513
1065 423
1157 526
321 3
353 146
751 185
833 502
770 457
770 340
1165 451
1012 638
1150 299
1154 377
1007 293
401 200
822 295
364 58
750 239
281 679
794 154
779 231
487 680
771 320
761 108
1106 367
1011 614
524 717
716 691
721 17
323 20
1146 395
1091 712
1133 376
704 74
714 188
420 297
394 105
724 56
912 534
1142 121
998 691
795 426
734 39
301 299
377 645
1153 311
1046 664
1057 667
529 564
1019 458
278 662
785 268
417 208
1020 422
1095 655
452 229
691 661
504 571
315 33
1130 430
532 535
391 85
752 185
955 600
1116 270
1028 31
501 677
62 502
1141 403
439 248
306 419
379 189
1140 399
786 142
377 96
1130 314
993 586
341 609
376 672
1150 454
1027 322
1059 9
1000 717
1153 444
791 472
1135 432
334 126
987 491
505 84
1125 458
1046 285
800 591
1116 262
335 645
398 305
828 669
1120 214
333 69
995 540
1132 499
1049 320
307 416
1037 663
790 5
298 248
457 493
357 38
1022 506
983 664
573 45
1074 649
1144 224
240 150
840 570
935 377
762 424
991 467
795 581
1140 363
550 37
994 501
824 710
974 405
1122 250
982 343
167 275
1165 415
801 405
1019 362
1117 362
658 31
1135 364
1010 655
245 117
1119 401
329 496
578 115
427 344
1006 322
407 331
297 6
341 83
1045 583
977 632
1143 484
1026 576
1044 478
1001 710
644 336
