906 33
304 515
1051 298
563 611
1017 450
65 222
527 536
164 350
652 620
916 180
750 122
907 622
970 446
618 660
669 512
1095 645
999 177
478 331
252 618
876 96
289 707
298 396
537 687
736 621
895 635
909 89
298 380
1059 497
840 606
63 136
873 154
980 496
347 634
646 480
447 111
223 119
524 107
153 295
109 80
706 180
500 160
302 618
297 248
838 141
373 290
1090 401
203 390
56 543
790 323
967 49
778 209
353 50
792 363
973 632
522 64
606 441
486 13
302 56
287 65
166 508
889 633
183 485
710 237
792 205
557 715
835 460
1186 433
794 349
253 126
983 26
379 207
592 634
885 482
560 633
169 38
384 270
543 29
879 486
921 418
924 74
490 687
942 383
235 40
308 49
314 54
450 435
936 73
85 541
252 284
739 209
1030 105
918 5
232 39
392 337
286 466
1090 635
450 286
147 587
986 335
728 625
726 201
727 692
929 561
895 651
1031 697
871 232
695 207
895 293
970 293
834 402
1024 442
639 409
584 555
779 667
875 465
933 403
260 34
305 268
990 211
632 112
284 54
218 105
443 44
948 55
1242 246
949 373
895 519
1030 83
365 463
451 188
590 63
1076 671
397 146
344 518
346 87
349 429
1061 149
812 459
1194 535
206 104
1158 180
1033 458
905 439
262 7
260 61
1193 98
744 507
937 239
193 3
531 464
609 427
239 699
818 599
978 155
821 510
639 271
532 493
923 209
689 431
392 660
818 495
1175 599
873 245
644 155
473 263
995 93
651 219
902 104
364 186
998 375
206 290
511 669
1252 275
324 405
244 121
647 540
131 191
485 367
115 707
888 424
416 82
203 253
430 663
987 647
640 417
1213 482
940 540
928 25
659 605
593 585
627 539
862 685
202 405
260 126
601 585
981 76
450 623
