446 479
22 71
384 79
43 342
255 252
819 252
1106 399
875 297
1013 354
546 86
1269 91
788 393
174 119
636 47
485 323
352 14
1022 442
653 621
1134 649
482 631
970 171
1083 69
1009 473
204 635
862 709
181 282
480 119
880 440
852 138
416 4
742 57
818 372
742 290
646 357
1258 641
1132 636
569 190
1100 620
1192 511
974 651
937 551
663 113
359 406
567 657
536 708
513 470
1222 361
260 645
352 100
1016 19
638 262
1112 446
247 103
472 658
974 11
879 717
90 312
1136 246
326 645
48 239
940 405
997 70
442 591
542 54
957 11
1009 15
277 695
997 318
1141 341
803 131
924 479
573 409
1020 203
460 176
121 498
1212 470
169 350
1053 201
693 562
909 207
463 223
1215 151
1185 267
693 278
827 660
837 702
1051 674
291 509
685 151
1137 536
178 67
973 223
412 98
950 366
207 120
666 281
631 118
412 13
903 591
948 68
1215 366
194 450
244 210
969 490
1086 66
471 2
688 73
627 351
518 486
591 636
416 517
688 170
100 392
99 409
698 269
1274 38
1041 506
627 687
654 30
998 660
1163 83
944 42
1232 0
607 67
238 209
933 695
638 605
1172 651
591 85
1170 312
636 16
761 366
921 295
716 31
176 245
878 471
218 607
406 129
1048 513
281 292
653 632
484 331
809 284
117 566
