186 103
668 641
1083 428
314 716
709 476
335 221
1097 325
883 288
240 422
512 89
466 86
1110 676
568 616
356 493
164 97
993 189
952 647
238 151
432 105
905 111
1106 404
175 319
174 563
336 419
694 202
659 690
669 2
1011 354
1218 585
572 66
499 11
192 62
1224 342
1222 467
903 113
996 151
714 119
618 177
1080 498
508 187
201 622
678 120
941 607
535 98
270 683
620 202
664 228
229 655
524 503
993 360
840 13
946 594
796 225
994 231
357 171
922 101
949 65
161 530
785 656
639 251
268 464
877 657
1079 709
795 425
53 437
215 481
863 105
783 161
407 228
369 193
781 458
410 712
1180 284
714 246
851 526
669 63
464 113
616 516
897 456
741 549
703 1
1142 334
900 86
724 706
1044 247
334 129
815 176
803 199
251 556
979 468
1232 294
1045 616
1034 153
248 227
698 159
423 627
216 451
254 437
629 254
1076 615
942 128
681 455
883 317
