1033 54
1036 439
1068 365
159 561
785 111
1037 559
977 465
102 512
766 288
826 97
748 519
1026 578
1104 680
1099 504
1008 707
1130 649
771 18
825 247
828 142
862 335
1064 317
798 1
1051 323
168 670
1016 529
860 501
905 552
812 95
1084 585
577 506
1037 630
748 460
863 455
416 374
1104 331
896 124
660 19
101 556
1127 526
68 314
1133 638
905 610
908 663
109 202
153 680
1051 508
139 633
807 167
818 184
808 72
86 457
1060 719
840 315
812 121
977 131
921 168
185 545
804 186
615 200
341 265
340 308
1128 38
294 571
916 494
1060 675
1166 591
447 44
848 442
428 20
429 74
574 551
890 621
1034 636
987 393
931 95
867 527
1136 480
1167 592
825 222
660 694
1043 363
850 511
157 671
1083 437
1086 461
1056 76
1024 291
795 55
880 378
615 208
640 715
805 694
64 351
912 678
850 390
844 103
403 15
783 82
110 381
892 577
883 232
507 427
891 31
547 393
754 2
792 18
887 141
764 9
587 660
720 167
914 220
1065 491
870 496
888 76
924 533
174 148
449 72
1090 548
1076 210
833 448
230 358
867 502
897 632
828 97
99 404
201 673
1064 466
795 42
256 623
161 581
759 20
281 618
638 548
1068 418
983 131
190 689
171 661
199 521
889 59
960 389
1112 203
77 411
857 437
1026 661
889 154
1100 263
456 556
827 380
117 562
745 20
97 391
905 109
129 376
943 53
896 650
441 99
835 305
375 265
750 322
77 356
1080 389
92 525
571 573
840 483
1072 40
1099 452
1065 691
871 180
474 131
765 31
1054 577
836 303
234 245
288 28
913 662
1121 530
573 3
1045 584
680 473
792 574
1122 91
1109 713
409 547
80 513
332 464
947 388
831 351
1110 170
803 594
617 50
1009 684
312 180
164 687
809 171
731 278
844 486
660 104
357 210
304 126
1086 234
1028 577
1141 701
138 89
1151 112
360 534
924 712
379 340
392 453
1052 346
995 345
891 611
1086 17
854 419
1082 494
72 435
311 226
670 88
824 705
1059 670
1154 624
1118 343
1113 647
1129 306
1033 455
681 107
1067 672
1125 466
529 706
949 281
1084 687
810 635
1085 376
369 704
618 206
1117 444
1139 423
1162 614
822 209
761 644
291 435
676 6
874 66
1098 310
858 12
155 492
921 709
131 639
902 628
820 183
97 496
906 337
740 310
879 53
93 486
231 28
1127 650
827 291
1119 422
781 19
411 587
905 23
1083 24
1010 557
1022 648
878 550
964 596
1119 692
1050 642
1079 360
800 70
675 2
109 557
1162 535
885 376
827 424
728 72
114 525
773 51
1037 485
144 424
1131 598
1080 195
634 194
910 356
197 627
1144 625
565 487
1128 528
368 253
937 628
1103 478
475 606
892 591
1142 51
1131 543
159 637
1057 446
1118 348
471 172
127 549
862 545
255 68
845 500
230 4
202 456
851 245
837 228
337 368
835 285
211 707
618 7
794 7
751 2
1022 546
1026 690
1094 615
1110 671
1014 491
855 129
1157 611
392 583
1076 200
846 44
308 691
1034 402
1140 697
135 271
696 264
1053 547
444 566
684 162
369 462
487 658
311 25
1128 279
889 606
156 243
340 452
429 623
183 689
1027 669
671 161
1131 609
72 476
822 452
100 551
977 560
334 103
376 538
706 221
779 664
1048 635
119 594
886 210
496 99
785 113
821 115
1054 443
1116 75
441 17
1052 403
580 596
955 114
206 563
890 210
900 171
327 418
183 656
133 659
845 256
830 254
161 466
78 309
1132 193
856 385
452 65
1131 567
943 646
890 397
1047 427
604 693
1117 46
636 685
1011 211
193 585
1161 650
749 20
820 277
908 660
1121 456
1104 368
1130 681
1201 216
865 491
1070 338
464 718
783 83
842 461
826 400
1113 347
1112 332
828 378
1138 623
349 97
819 664
1089 106
984 78
882 47
352 329
1123 497
860 439
537 427
1060 681
969 426
848 443
155 609
183 678
1112 221
617 40
1134 644
1111 433
1104 629
233 15
381 301
984 454
387 456
1055 521
1036 437
146 344
524 323
337 265
1106 633
1068 484
1157 597
402 655
663 80
122 156
287 119
1136 82
832 321
580 687
894 540
1039 652
966 440
894 211
1009 625
1081 167
1041 628
680 137
266 263
1122 607
740 166
425 399
1037 533
784 99
741 464
1005 535
1091 498
1090 168
1030 341
733 404
372 675
1091 377
1014 217
441 500
470 423
881 504
1041 360
1108 619
125 545
1142 627
1052 380
1027 551
1202 569
1115 69
375 349
1124 596
1034 203
430 39
709 129
1057 475
1096 708
299 45
856 99
1062 399
1164 635
1099 365
1133 618
855 86
324 497
897 562
1092 24
1053 440
1116 583
314 38
725 248
1113 292
1038 483
435 616
484 675
227 389
1116 427
1134 706
444 662
1059 476
1078 369
985 518
1111 486
691 242
778 635
744 292
1097 151
1031 699
682 70
129 483
1122 567
663 229
1010 376
374 463
1121 622
1122 206
199 76
1097 324
831 287
1076 374
750 254
442 629
572 338
1023 60
1010 448
651 95
659 103
802 578
1103 252
1097 684
398 614
168 543
1137 66
1099 359
1049 190
390 468
1154 542
1032 465
277 80
553 16
1080 452
1139 41
987 407
585 137
384 559
383 652
1099 517
1038 51
1027 693
479 595
550 105
1107 245
677 449
1136 66
1044 330
989 338
1122 654
798 687
219 545
573 77
235 375
687 328
1118 712
801 688
1124 406
1020 574
1033 610
1129 551
1077 276
1051 506
365 473
816 36
321 295
1109 83
651 136
1061 688
1060 225
1059 399
690 0
1029 315
753 405
1085 408
687 255
434 712
1093 125
1024 299
807 610
717 312
1011 426
1127 630
1057 387
1099 706
705 172
1130 644
1016 663
1062 484
1137 552
97 317
802 58
596 28
1130 606
424 475
1124 95
1124 130
1071 676
1132 704
1079 627
601 298
440 640
1115 645
1145 604
1107 658
719 215
1068 84
633 197
477 623
737 365
400 401
438 562
1082 356
661 50
798 719
734 294
343 206
1033 304
1120 607
348 270
825 714
1082 674
310 478
1077 219
1086 95
1135 566
791 669
1146 693
354 359
1031 361
344 333
352 333
1079 258
1120 426
610 194
685 222
285 223
659 39
406 526
97 519
1121 563
1006 564
1017 607
1149 590
1188 618
773 274
1129 466
993 458
1150 497
626 70
1134 49
323 42
1123 6
1047 3
1004 562
1153 617
1140 619
476 610
487 719
427 698
1122 693
1067 259
1031 324
1102 1
841 254
1172 593
1129 674
755 293
683 490
308 188
371 225
1072 676
362 328
654 122
1106 23
1109 240
1096 655
959 465
1085 219
322 120
1033 693
1081 94
1125 67
844 91
1099 78
762 685
306 710
823 284
1093 702
1092 278
1120 558
750 642
614 40
710 210
1041 679
658 100
995 504
1131 678
682 188
1134 715
329 96
403 14
63 477
729 237
1163 670
681 120
1062 384
1120 195
364 425
1090 684
769 619
470 540
718 247
1059 106
627 256
353 535
730 323
1090 603
1116 685
387 280
671 427
1016 422
334 230
701 239
1028 638
1132 564
1095 525
282 16
319 334
332 492
441 677
1130 711
1052 327
761 376
965 406
1123 395
1152 584
285 150
1132 517
608 26
1110 700
1118 156
1106 284
1086 702
341 277
762 280
1160 84
1129 624
1050 329
1069 535
384 391
994 423
356 348
1058 427
300 109
1100 244
1079 492
300 52
1109 588
356 216
316 551
722 236
1111 483
746 227
728 609
1102 287
394 332
84 288
729 393
966 396
1144 684
1170 655
1065 546
396 548
1131 586
1094 188
685 135
1133 442
1092 450
336 290
468 700
1085 521
717 143
470 629
1014 375
1082 346
709 524
1073 390
1123 500
682 7
1098 390
656 81
423 632
1162 600
1062 433
1130 528
1145 563
1075 14
1119 28
1114 85
1095 371
668 301
1098 504
481 610
1163 638
1083 567
444 679
291 51
724 213
702 189
655 169
1093 336
525 276
383 268
1086 488
1075 500
1056 648
1172 649
340 654
455 667
1087 600
1152 531
1156 562
272 11
256 95
619 227
680 230
1110 447
343 429
325 393
1095 406
1047 350
681 348
1027 334
1083 381
409 656
1151 645
792 693
716 590
758 626
1118 532
357 570
1164 549
385 201
698 201
394 225
317 167
320 54
1032 94
284 72
1095 382
1113 367
1103 481
1044 487
763 479
648 404
482 641
1165 651
1037 710
1060 516
1098 566
1099 603
309 155
692 157
954 223
1076 195
1126 113
1127 73
695 76
1042 467
760 259
1130 554
1073 601
1118 690
1119 46
1122 144
1042 347
721 279
1148 398
826 699
1048 643
1114 421
626 88
1074 428
402 264
477 567
628 12
316 432
643 2
1037 625
1019 636
718 191
1131 294
322 405
728 173
360 312
352 334
458 659
1019 585
600 175
1074 66
452 593
1151 604
453 483
1079 126
1035 425
375 466
1116 488
1047 532
327 159
844 193
1048 713
380 427
1016 476
1073 600
1091 589
1156 590
398 355
739 336
384 432
282 61
1096 57
271 36
641 248
451 648
1053 351
1130 612
1036 588
654 35
1035 189
792 568
666 221
1139 560
1101 567
1100 605
1104 302
1034 445
1123 30
1174 665
394 405
738 319
1130 576
1109 66
1108 437
621 31
1075 577
1018 661
1099 378
1100 508
1133 526
1092 18
1115 33
1030 554
1113 309
1103 273
1083 332
642 229
1132 125
556 4
1109 616
817 688
1064 507
1016 400
967 414
1061 329
1047 282
1073 545
1028 523
370 166
627 83
1119 40
1094 485
1090 437
1103 545
721 185
1151 356
456 645
1151 615
1148 576
1003 521
1075 405
1031 503
1075 234
1115 610
1062 280
746 640
499 693
247 19
1086 273
1041 333
353 234
625 318
454 48
410 387
1032 495
1100 642
688 440
1012 670
1102 695
1083 546
369 520
1106 523
1032 670
370 168
291 124
643 59
306 515
261 15
960 510
764 522
1140 686
339 328
785 631
1089 23
1137 619
1149 630
1074 560
1141 503
230 45
387 275
996 415
602 28
1076 212
571 560
1101 499
1157 658
1094 85
755 708
611 107
691 274
377 476
1087 712
1075 537
1087 202
1106 531
952 419
1056 301
1069 231
1097 274
1092 74
1083 180
1048 711
1133 581
1074 533
722 234
1103 148
987 385
671 237
1006 493
1078 340
1114 615
1015 701
666 176
378 587
1130 650
1094 195
764 461
855 344
320 213
731 297
746 531
1128 236
358 250
710 197
1091 539
1106 247
1112 579
1044 647
350 294
165 664
685 217
1020 607
461 531
1103 264
190 607
820 134
1115 677
1164 645
780 424
1080 463
480 580
1090 601
679 277
1125 568
340 338
282 160
1118 554
1188 600
1079 667
839 456
799 156
1046 452
1118 18
977 372
384 475
1152 702
1153 647
1086 274
362 270
1083 388
377 445
631 18
821 650
1045 344
724 244
663 75
674 82
1052 510
744 268
1072 73
1067 500
614 174
1176 626
1121 350
1038 683
1120 31
1103 454
630 360
573 142
1138 586
1030 662
1128 537
1073 493
790 682
1144 285
368 194
1105 563
617 614
1099 286
363 171
723 237
338 257
627 241
437 409
846 480
1140 620
1096 284
1069 10
1130 580
587 375
638 28
1117 68
1120 94
385 267
1100 597
1025 638
1150 599
209 673
1091 691
1022 667
779 654
1091 710
616 82
486 251
751 652
412 712
1048 687
614 83
1018 570
325 382
1100 657
1065 458
634 152
707 285
1068 533
437 609
1123 11
1068 449
1065 439
603 127
825 653
1001 517
1009 551
362 171
1046 658
1076 496
445 658
1064 372
1131 521
313 94
874 560
1155 60
1073 341
1099 377
1018 519
1059 681
345 566
1050 605
1038 361
1123 460
1116 461
1113 580
1141 628
1151 593
1084 18
636 56
1085 530
450 457
1101 591
399 520
777 632
282 602
1071 557
1045 714
466 702
723 267
91 376
299 139
951 375
1091 190
445 585
1081 353
809 648
1076 413
1131 483
1087 589
707 170
1058 38
1130 619
705 205
652 114
1097 247
437 611
1079 532
1036 548
1126 614
1074 460
1098 318
708 286
311 27
1117 613
694 254
342 137
998 448
1027 476
316 280
840 466
1130 493
1065 703
410 582
971 407
1026 515
1115 653
287 337
1023 631
1151 643
1190 642
308 35
426 515
1016 572
543 136
437 633
1140 503
879 519
772 613
1155 552
1105 452
679 126
1121 682
674 119
1074 640
1085 222
375 245
105 564
285 2
1080 141
281 182
1103 336
1027 579
1131 496
1038 386
1036 645
1099 660
1046 682
298 178
1082 284
567 65
1098 458
1053 57
1033 666
1125 680
1075 28
371 545
1038 256
389 397
484 30
1113 376
457 478
342 606
1039 320
1063 405
1083 586
1037 644
1095 510
1100 161
1085 564
972 442
1118 573
198 472
751 278
1063 601
1048 69
599 121
1031 580
388 299
1129 643
1062 488
1091 365
1095 661
126 354
842 148
1127 33
624 164
1026 443
546 132
1094 591
1121 658
415 426
1101 407
1093 531
336 329
1145 503
1012 96
863 495
1081 549
1123 560
180 692
346 223
1079 386
878 578
1147 647
604 543
735 158
438 632
1021 304
1054 433
978 429
605 157
1127 585
1044 545
871 590
1059 698
570 56
1068 629
1112 607
1117 719
837 681
1076 213
1073 639
998 556
649 25
1078 334
1029 702
1158 628
604 630
1260 38
456 61
639 134
373 432
86 507
1022 212
1121 542
315 89
173 657
850 468
1174 629
859 479
903 68
878 562
1113 585
1137 544
947 234
817 78
1142 493
95 458
873 212
936 197
139 178
912 446
1111 298
890 441
911 689
474 147
931 716
1059 547
1023 472
1131 92
854 404
815 35
911 383
1029 25
847 370
845 57
937 103
372 539
832 350
839 215
868 322
882 586
663 507
195 553
818 191
269 30
982 15
1114 419
1112 558
860 514
80 436
916 719
478 160
736 698
156 551
896 638
1057 139
143 529
1120 47
886 242
149 440
770 33
802 51
1135 103
837 12
1087 603
118 395
290 633
1029 449
475 629
148 697
366 334
884 584
1035 402
853 508
1071 466
185 393
395 283
800 61
770 66
878 81
838 423
796 667
150 235
422 34
209 679
881 292
904 719
763 21
231 67
1077 650
1073 397
1117 579
759 257
1081 718
1118 557
802 21
1062 641
478 523
386 572
1033 494
807 194
382 383
1025 437
911 563
1022 530
876 20
622 540
773 635
1057 638
910 652
1021 652
1085 40
1107 696
951 54
780 70
763 624
1102 363
1038 3
987 489
834 162
769 595
702 336
563 66
143 548
1111 421
602 83
1144 64
308 145
1038 102
686 260
1112 658
1029 716
984 390
708 246
1085 447
1060 712
1125 672
1065 365
833 449
1054 359
143 675
1070 641
414 428
778 35
1118 26
1095 707
699 196
649 111
842 111
1120 555
1119 376
1033 626
404 501
1058 397
1112 446
1152 649
1132 430
1068 29
353 459
76 368
427 683
416 491
1044 336
822 699
1087 149
1148 676
363 397
1078 493
399 416
397 412
950 155
681 128
329 233
248 20
1111 6
1061 586
714 268
440 644
674 152
307 347
436 690
1086 71
268 315
941 564
552 491
1095 687
1151 566
1099 565
314 112
406 701
362 398
644 190
544 17
1021 678
857 516
1121 516
1017 550
1032 374
1126 101
1103 237
1058 527
449 668
875 517
1044 367
1100 494
1182 598
958 382
810 574
353 227
1036 655
366 282
614 21
790 656
1012 597
779 480
673 160
824 199
1114 714
639 133
475 186
619 21
1085 539
345 211
626 159
1079 683
365 459
293 128
1075 290
744 311
834 8
366 540
1062 157
1091 649
1115 566
832 303
1073 543
622 66
1063 682
694 121
1056 601
276 39
1162 576
1102 396
397 672
1123 134
1015 494
250 393
904 185
1108 669
1130 527
1106 589
574 240
1135 629
308 331
1129 522
1055 108
427 523
396 17
1035 420
1091 171
1160 643
1152 611
1022 623
1066 198
1086 641
1115 310
679 60
1097 687
1063 342
347 461
757 481
643 216
1037 92
1053 72
150 537
346 220
841 454
361 281
345 214
623 456
986 432
708 266
1083 11
1046 14
1070 436
1134 584
286 33
1122 554
1154 678
1120 534
1095 565
1098 378
347 109
657 20
384 248
1081 185
1049 599
912 632
1084 297
408 306
1044 183
631 62
1131 666
1011 618
734 259
1157 641
849 475
1125 570
442 549
1001 357
1011 630
398 414
677 676
1119 84
1172 635
1110 459
370 203
1092 424
321 184
998 374
346 423
356 457
1061 73
1150 586
284 211
1074 609
1071 540
465 586
1020 711
1133 125
1080 229
1101 255
1070 459
1069 354
1110 602
771 665
1149 627
351 378
1096 528
935 257
728 330
1038 396
422 624
733 389
337 349
535 342
545 102
1141 537
811 221
397 369
1004 615
1108 214
659 210
655 201
616 89
116 191
144 606
955 398
1103 542
1114 469
1139 668
742 327
290 26
1118 83
1008 657
1081 374
1124 29
1075 382
1008 592
1027 396
892 296
326 145
1102 179
149 245
1153 634
649 0
464 667
1033 695
1081 9
1101 592
1035 366
997 659
1130 520
1113 345
1122 89
1023 193
1024 656
1120 550
1101 506
636 223
649 449
630 175
874 157
1062 451
372 341
685 197
714 438
1140 635
1077 423
131 550
257 114
1078 460
258 7
1106 232
1118 308
1048 661
1099 677
619 68
1081 131
1055 275
1103 161
1072 421
661 218
1061 352
273 200
1108 600
817 670
1024 440
970 440
1106 225
145 441
763 540
1118 493
472 611
1088 193
1124 653
1047 625
1087 525
448 510
1010 525
339 220
250 7
1075 680
645 23
1052 363
1085 518
1033 599
727 628
557 34
1101 523
1023 507
294 43
601 34
736 429
1104 53
704 230
1150 662
453 521
1121 341
903 705
1070 252
718 281
656 225
295 160
1055 522
1049 430
150 578
1026 704
843 683
1095 713
1036 613
989 441
1130 664
1145 634
608 82
1148 490
675 124
1130 303
1065 639
1102 226
1045 484
1097 205
1020 666
1152 552
785 663
1020 707
1135 338
960 696
734 216
1119 560
1126 549
138 326
1054 650
1059 286
474 540
749 323
1047 554
1087 502
1129 67
1037 621
773 43
196 636
834 264
755 473
869 576
96 311
1111 549
96 427
1066 525
84 251
1009 333
616 44
817 52
1062 114
1082 469
783 714
751 690
1048 710
341 367
698 134
815 107
350 520
1125 388
507 313
1104 48
1136 685
80 230
70 321
1138 688
446 668
1099 528
1018 325
556 547
1172 586
346 301
1129 655
774 80
1043 4
1057 548
1145 486
893 560
870 481
770 562
851 468
1011 431
1082 249
1032 711
1064 416
386 269
403 10
367 174
681 260
182 227
895 628
621 717
497 385
1128 551
1085 581
454 101
611 25
1092 658
1024 302
1119 577
1046 92
449 651
409 498
1044 63
1103 521
1062 43
371 339
176 359
606 92
1065 358
1066 644
444 692
648 126
1110 619
1140 625
1139 644
343 279
774 681
1050 172
350 521
1082 528
1050 709
1129 349
251 127
940 622
713 344
378 264
1095 381
357 484
1113 656
361 713
897 558
1094 218
557 477
874 51
317 97
1170 622
1039 697
168 605
1080 715
969 67
219 16
1262 243
102 450
1135 371
400 29
1024 680
1082 209
680 464
901 76
1096 139
318 236
1059 413
1045 680
1142 128
774 54
167 509
1127 608
1110 612
1118 349
834 431
830 184
1105 562
489 708
818 148
721 194
405 543
760 397
185 446
78 469
1096 345
1134 496
686 96
1083 302
1054 281
814 115
1083 161
1098 608
874 13
402 338
375 353
911 189
972 294
130 505
1105 205
730 375
112 198
974 459
275 114
308 34
1063 265
828 272
1103 713
84 527
879 577
460 568
1030 535
1069 547
844 73
679 127
836 325
860 528
1099 87
428 512
407 667
900 662
82 510
1089 264
1014 707
1116 280
384 119
754 473
1055 596
867 96
272 332
657 174
1046 18
860 350
1168 653
341 537
790 553
238 703
242 50
1124 586
933 278
1116 255
1116 33
1116 267
1102 585
1099 614
1096 347
1132 604
158 245
851 203
786 13
1089 77
1065 538
327 450
163 675
1130 508
1092 103
889 422
1097 415
1105 552
1130 579
491 710
751 5
768 55
851 385
1070 501
1084 674
509 48
1121 619
420 661
752 323
822 328
703 363
1021 714
1055 392
903 495
1103 122
1125 437
1054 356
1046 297
839 131
951 628
900 144
829 473
689 124
1016 408
448 516
568 66
825 286
667 104
1114 584
299 113
776 678
898 139
454 81
601 171
1034 697
1078 157
1089 717
1108 374
685 225
1046 188
266 142
760 585
609 61
1059 653
1089 397
404 530
356 275
407 586
469 228
1112 629
320 155
421 29
1140 400
511 204
905 669
1104 449
424 579
1026 562
1077 520
321 178
903 192
712 213
944 36
1011 406
210 626
394 218
697 301
1147 576
920 262
401 572
1014 645
432 538
1101 545
280 72
1095 530
847 464
1067 434
1145 539
180 542
449 678
1065 33
129 96
1164 551
463 544
1071 270
1120 539
583 554
1079 617
1016 660
394 629
1065 646
1092 364
1108 561
909 514
1153 514
1055 455
1144 67
902 480
630 262
413 26
875 330
469 673
131 455
137 242
103 389
1236 482
300 344
384 281
1084 63
1054 355
572 36
1123 36
1111 695
322 274
897 210
758 288
803 602
845 365
828 327
1029 311
1206 451
1130 495
354 334
1047 672
416 407
882 490
1070 214
611 28
1049 577
1092 171
409 528
1007 343
398 430
696 185
294 64
432 64
1102 495
1089 380
1098 88
90 554
877 454
792 540
1071 23
1027 640
404 4
952 65
1092 40
1119 653
1078 570
726 290
918 695
1061 718
888 673
1034 534
1100 377
621 76
1062 593
761 0
390 558
911 713
831 453
1174 603
1007 506
1064 47
72 412
243 575
790 583
1074 535
675 212
1108 450
1080 665
572 100
295 143
109 265
701 221
607 46
1089 201
1101 242
88 398
656 217
1127 320
645 9
396 257
1087 184
290 449
1162 597
632 279
661 101
383 256
1100 476
820 307
1113 578
1127 51
460 140
795 633
644 91
271 415
1114 534
1061 356
671 302
1089 527
603 361
1063 292
150 406
1223 354
1060 397
1187 640
663 208
294 671
79 508
454 641
705 242
424 420
1041 619
755 452
660 184
726 271
1003 34
1107 637
1067 352
444 77
1102 578
734 238
401 293
1146 518
160 598
1079 511
161 541
924 69
356 366
1062 30
1077 29
1034 240
1166 605
1142 82
906 643
335 657
1166 648
338 600
336 164
143 206
437 644
1051 542
1092 12
820 305
1058 352
1034 40
1086 53
902 411
358 514
1123 457
1077 521
133 251
815 403
760 25
1027 659
1014 601
1028 490
1121 104
737 629
1112 358
1112 123
734 554
1099 535
1177 639
730 324
866 554
885 528
727 314
1144 606
1138 640
857 482
870 22
156 472
1023 487
850 377
467 713
367 547
141 590
1070 604
1072 684
344 208
1038 666
823 291
725 240
1093 432
368 390
835 360
763 35
1067 710
799 149
1035 234
1035 693
1116 346
592 660
891 56
1105 637
1056 381
328 210
786 84
1029 437
1136 643
835 416
1061 570
1086 691
954 158
1101 652
637 133
1055 409
611 286
1056 51
585 107
951 598
1088 560
1108 105
1134 668
735 706
1087 218
1020 461
798 145
295 106
1024 699
1028 273
812 23
1157 676
830 683
1134 340
1106 499
702 117
1074 286
1094 160
485 202
623 174
545 477
1101 112
1087 223
1020 307
1065 522
1016 486
1025 632
331 32
1126 430
1067 544
401 614
784 578
383 522
1013 482
436 667
113 577
1077 691
1040 686
1110 611
357 362
1031 333
723 203
638 363
1103 297
144 476
369 388
414 453
1119 34
359 462
1086 36
1067 1
1136 639
821 123
1099 381
1044 547
1086 390
1150 700
298 95
1123 360
878 557
254 463
281 622
1072 379
1145 618
736 509
1129 430
590 10
1093 584
330 355
1158 614
750 273
1132 482
854 26
274 63
915 697
161 225
1086 268
825 235
475 616
804 125
121 210
1087 205
821 435
828 371
187 498
828 349
712 112
825 400
1085 267
207 567
1081 677
439 21
71 484
692 245
341 259
1112 424
817 678
1089 107
332 47
747 358
394 702
329 350
1116 590
600 665
1072 108
884 519
674 54
1137 529
799 115
692 166
1022 559
521 366
978 464
702 327
1083 30
72 454
1064 539
375 372
1124 398
1023 600
925 716
836 161
1088 223
862 493
652 315
1099 42
725 239
479 703
902 701
1004 514
192 466
202 648
190 402
386 3
142 199
117 521
895 176
1035 650
301 105
821 180
379 532
566 496
877 251
1094 101
593 707
780 100
896 547
166 441
127 319
764 49
839 476
828 385
897 212
185 632
789 68
868 170
601 668
199 272
584 522
862 353
873 673
856 195
181 572
854 17
140 466
580 561
1093 628
71 318
848 491
360 216
859 343
825 382
859 608
830 361
862 207
560 310
89 464
1084 287
152 512
184 326
843 248
998 73
926 269
825 401
840 316
335 72
577 596
552 447
202 610
162 659
900 696
843 275
983 207
874 351
125 634
858 516
1110 603
270 560
174 501
1099 539
817 411
905 433
256 394
859 40
95 509
603 157
761 30
419 414
1143 637
410 22
106 202
157 551
845 463
869 178
124 482
815 304
171 492
1024 690
1073 629
882 563
390 17
120 483
793 119
249 258
214 649
901 567
1044 431
438 543
902 441
821 474
1113 453
1045 130
728 76
1094 608
594 94
1128 610
786 51
1124 535
854 351
166 591
446 81
839 327
872 556
204 185
826 480
1156 611
1078 153
138 151
149 680
902 502
1091 690
177 548
259 558
196 614
261 207
59 337
787 58
1154 564
1012 590
866 428
831 294
74 447
917 613
820 155
1076 515
120 587
94 533
914 713
790 47
874 473
748 276
103 454
837 328
1125 517
824 298
892 566
386 1
760 30
868 593
492 220
798 87
923 608
111 404
829 307
925 131
883 108
873 573
895 280
65 302
791 99
880 28
836 484
144 494
73 458
762 51
799 28
889 603
67 444
117 439
902 225
820 45
938 149
97 417
488 271
842 335
153 640
891 517
67 418
427 46
128 588
842 307
1080 608
76 478
570 496
630 709
837 467
236 504
215 550
1104 539
836 336
172 691
153 485
916 631
704 208
960 33
825 275
779 87
108 436
408 23
154 600
863 367
206 564
844 465
483 213
140 559
122 366
149 323
120 537
830 192
886 453
435 23
894 574
846 306
877 46
79 400
925 223
1030 607
639 15
837 475
866 569
841 470
449 75
71 388
882 42
1208 177
828 227
816 220
1047 709
874 533
918 533
1104 663
424 29
772 61
406 13
786 75
480 104
398 439
832 369
1050 632
432 2
1042 525
738 622
932 698
771 61
380 569
517 247
1071 151
896 321
834 297
69 432
587 647
1239 343
1064 676
705 288
136 501
348 358
872 538
850 127
839 69
1045 623
427 467
889 10
180 667
819 244
100 488
818 344
1074 579
1096 430
1051 346
445 669
1093 446
831 298
166 212
1086 18
1129 133
625 700
1094 509
1053 224
758 35
846 52
1012 549
1062 589
901 364
355 467
896 228
1101 542
754 15
853 481
848 418
360 305
1071 510
81 438
875 66
141 557
1097 539
110 538
785 80
841 478
86 202
1099 327
1118 425
851 449
145 429
896 376
195 675
910 604
460 43
876 43
832 209
830 486
99 485
1119 571
445 72
986 625
809 173
216 427
117 540
130 552
65 463
1015 670
821 456
678 251
124 459
842 481
133 587
846 155
89 495
149 439
1109 632
723 664
159 228
749 279
871 421
222 102
977 514
70 342
567 495
802 145
1082 251
435 62
911 170
1109 511
778 387
106 191
90 476
359 369
895 633
68 303
1104 473
141 457
1072 687
908 654
94 345
971 581
1049 505
902 179
866 262
446 625
1087 511
874 166
381 485
1117 679
827 409
837 315
1099 417
825 366
295 185
788 74
660 59
1154 640
846 81
1070 711
896 448
896 568
69 456
851 406
616 26
825 483
832 346
828 451
356 218
603 38
881 368
876 339
1125 449
888 67
910 63
911 49
1129 648
889 490
876 83
886 74
673 225
893 541
143 620
925 673
829 385
1054 351
1120 601
859 531
1072 208
833 265
478 329
693 242
818 243
1085 366
470 184
568 520
663 59
836 445
121 527
823 138
107 367
789 112
71 461
864 234
875 236
1098 204
1066 513
813 128
921 367
1151 569
186 439
1065 535
827 348
1133 680
938 205
451 83
839 119
1013 121
483 167
828 429
64 425
824 23
687 171
899 583
864 540
1032 652
1044 660
768 48
224 350
132 597
761 56
596 230
830 438
890 375
887 631
1047 517
115 221
1044 492
79 411
508 387
1119 399
992 508
438 61
657 275
881 556
164 671
491 246
821 246
830 372
289 710
884 145
839 235
500 202
1079 278
85 360
85 447
857 502
813 26
369 368
1086 435
226 184
841 242
899 166
807 197
737 291
66 268
1064 30
1120 676
1068 658
315 194
1102 556
920 470
783 146
803 81
1083 259
1032 715
810 58
135 325
1101 245
1134 597
1101 143
1094 547
279 620
398 639
871 515
828 136
892 658
1135 577
1071 509
1109 218
1105 248
131 591
911 660
917 605
764 32
337 179
363 225
609 168
1050 438
1087 135
894 199
1115 569
887 412
898 473
1042 581
766 37
1076 660
912 561
1095 412
1048 636
1042 577
806 640
606 709
1022 622
658 96
1064 445
714 290
743 314
883 314
439 670
1099 274
1056 200
623 117
932 606
1080 626
77 267
58 386
1018 508
1121 557
681 226
1092 447
65 422
1059 295
784 503
255 464
641 91
1031 299
886 311
377 529
997 325
112 227
796 573
898 657
1048 463
430 53
787 53
1081 498
1142 591
1228 229
211 417
338 46
1106 635
605 208
733 191
1163 594
1089 704
436 87
1078 585
1099 570
667 29
909 282
1045 455
568 59
1081 634
1097 487
174 611
1049 485
375 408
1075 695
206 191
960 66
736 198
1096 489
1058 615
1023 571
1111 622
1133 668
1098 324
274 175
857 541
474 635
408 598
502 47
1122 562
1069 356
781 698
773 560
1077 355
1035 604
891 412
494 718
1092 501
839 397
968 425
592 593
1113 429
271 2
849 474
1106 471
1096 291
328 153
1110 712
1153 520
522 401
1027 715
701 70
102 363
276 106
1101 378
1065 106
1064 237
1056 489
1135 65
1078 461
350 422
1026 705
1081 206
1079 689
295 462
1114 572
704 144
1146 644
1027 481
661 446
1056 603
1068 553
1078 329
1110 474
1155 581
1080 606
201 576
586 3
1132 710
466 603
1007 660
112 518
704 188
1005 522
1098 611
288 310
374 285
1129 589
1002 319
1061 373
964 406
974 508
627 10
431 615
918 214
339 297
1154 547
800 115
1039 418
804 20
1163 98
1080 192
880 123
1069 71
302 310
943 250
816 41
175 714
913 538
906 102
1060 210
462 695
788 113
168 622
648 199
1096 629
877 168
779 61
380 395
301 416
894 584
826 171
1060 275
99 511
844 389
506 325
493 151
862 112
1087 468
892 649
1164 547
1061 70
761 54
1037 461
1075 244
1062 494
385 567
823 252
428 462
805 183
546 456
1138 673
840 90
462 105
98 506
249 581
838 296
1056 346
321 495
782 9
94 271
198 297
826 273
483 618
86 530
1112 694
1157 512
1167 553
869 449
1217 236
801 609
654 13
1058 369
907 350
1009 418
107 507
1074 546
345 440
712 190
1127 674
1021 405
156 657
885 234
717 302
140 511
1117 553
857 10
134 550
779 84
292 153
1118 229
839 349
768 32
376 591
1070 102
386 601
360 231
931 708
176 689
756 12
1033 665
456 10
1073 531
759 395
1132 639
204 706
1114 350
1075 449
193 457
1101 540
638 689
1086 103
832 247
821 378
865 78
967 587
1131 656
909 713
1126 7
99 506
746 513
615 532
1106 699
1042 382
1007 479
1021 627
859 87
1081 37
1109 543
1108 681
870 474
841 221
799 604
842 487
847 488
1082 411
664 42
187 98
1111 113
1111 682
864 186
419 541
1070 705
1113 556
1144 472
1116 577
147 530
536 101
1073 538
872 481
822 58
346 335
1119 491
1107 345
1091 314
571 116
1005 400
1077 409
319 118
261 235
420 709
245 8
1074 288
1045 629
849 89
400 4
1095 495
649 576
1140 519
1111 573
1138 529
1085 316
900 563
843 405
1074 393
73 406
1021 708
1119 438
363 352
382 514
868 239
1122 681
381 559
1153 676
643 33
1076 173
1166 514
532 422
385 497
1124 632
385 64
1051 470
583 306
836 94
786 91
777 706
678 83
277 113
1101 108
1109 188
695 208
1188 596
859 559
436 571
442 673
1171 648
284 111
416 530
899 659
1106 254
977 335
741 415
1075 609
425 524
1046 580
1067 684
1138 652
804 711
262 28
1017 717
847 457
162 544
1080 22
701 217
300 142
1135 653
1099 324
1067 570
1069 486
1108 345
362 714
1129 661
1024 445
428 675
845 480
1080 467
1020 13
691 125
795 616
157 628
1127 525
127 441
1133 648
1032 574
637 219
918 703
1110 231
1088 691
733 274
579 22
1092 614
847 436
1123 20
1171 655
1063 352
421 642
380 376
1090 319
830 322
1065 463
634 686
341 73
716 207
337 223
1148 554
845 450
116 560
687 199
1123 487
1083 57
111 445
1042 429
122 530
1152 545
1158 611
745 239
1123 317
1111 495
308 108
1034 713
1151 533
891 261
1104 436
1113 521
791 110
1102 413
821 159
1122 292
1155 629
377 372
1113 601
669 231
358 86
811 562
1030 408
921 155
191 415
330 141
1096 718
1031 279
606 616
1114 252
566 450
1077 186
640 408
333 278
451 706
365 390
1116 507
1092 458
443 661
1110 277
812 60
617 176
1059 605
838 422
596 89
1051 316
368 365
634 36
809 604
1016 504
1098 226
1053 117
811 629
1085 254
913 718
66 431
624 147
1094 577
689 78
384 473
1019 519
1043 616
1043 376
1117 617
1059 716
679 76
1079 272
1100 187
1060 368
1096 264
390 444
1086 129
1141 604
533 384
889 295
305 176
1025 424
751 719
1111 516
677 10
1108 193
1115 365
1136 594
581 118
838 455
730 300
1069 699
453 583
855 12
707 190
371 428
829 384
634 49
702 475
251 379
894 70
1122 535
801 685
562 77
750 665
676 226
900 176
828 318
381 478
1105 494
400 513
905 218
819 448
845 498
1075 495
1092 436
1097 568
889 65
212 417
1070 557
968 293
895 581
797 54
605 598
1039 10
816 185
357 231
774 63
1035 58
834 193
1131 693
564 634
1040 706
816 229
681 109
1108 388
696 62
1136 693
721 600
720 150
919 131
1117 618
718 342
183 700
336 161
1079 369
1004 703
673 58
155 138
895 138
786 36
1086 421
449 489
693 325
911 208
663 163
881 209
281 108
149 504
136 368
124 530
386 12
388 390
1094 83
924 684
1129 635
258 152
1075 677
931 128
837 443
325 131
1145 580
1064 520
1091 614
1018 666
1084 316
844 409
1035 703
871 469
1067 283
1057 437
1063 639
1020 661
1104 320
787 668
1128 454
463 394
1065 567
461 45
1117 219
1082 708
121 518
1038 133
765 50
562 189
1068 503
645 96
1079 59
815 159
1076 622
358 311
322 176
931 12
990 359
1128 587
1036 64
286 341
1092 393
1108 329
1070 218
1106 36
342 335
1095 173
1016 610
1081 604
817 628
1153 552
897 674
1106 242
740 277
1074 462
411 589
342 255
1115 536
537 26
224 87
1137 400
1060 413
1123 383
1148 584
220 220
486 663
1093 228
126 638
1018 524
605 365
395 538
1064 414
1070 181
778 652
858 134
1051 676
1084 3
463 192
626 379
718 268
326 211
1132 551
1131 484
373 481
1081 261
1021 475
691 101
356 258
872 499
1066 61
327 476
1104 643
243 70
1004 442
469 671
1102 66
997 499
675 48
1099 290
251 111
1084 707
1104 561
904 637
307 41
84 305
1163 613
322 242
1126 683
1033 87
302 54
1131 649
624 137
1119 311
1031 674
453 686
1063 393
161 400
1125 556
1153 540
1042 521
420 606
694 282
298 64
613 261
387 313
1141 577
1098 382
1029 522
899 645
612 82
662 513
379 560
334 365
1102 615
1020 324
1048 601
727 641
455 613
423 626
767 684
891 101
414 454
761 626
679 89
92 498
1064 46
832 412
430 501
910 9
778 719
1074 527
516 349
351 255
209 695
1126 618
878 702
332 247
1099 593
759 474
1112 115
1086 230
1088 391
581 509
1042 718
324 105
714 180
1108 384
479 263
846 41
1101 525
1070 564
759 662
1060 86
851 459
1088 336
1084 653
1068 564
747 195
1089 282
1003 552
1140 507
1118 408
1124 497
649 145
732 241
380 546
200 444
291 344
1116 616
1023 694
1064 280
1034 349
906 710
104 517
981 459
1025 514
1076 552
1105 147
1176 634
359 530
1102 146
1030 270
1126 642
1080 355
1156 668
1112 485
1028 570
373 470
1084 638
341 421
1083 719
1108 247
1153 635
1128 312
1017 692
1106 561
1105 565
172 266
1005 664
242 19
1014 624
1094 395
276 159
825 192
377 523
1090 533
1063 32
990 466
1004 591
647 448
327 349
1026 260
1103 52
1130 22
803 631
1147 571
1108 648
1171 543
122 580
943 569
1040 428
1038 467
669 172
1044 718
82 444
1085 701
1062 83
1120 377
1116 539
476 602
1103 446
85 476
895 139
1091 148
899 78
1117 370
514 700
1075 57
734 656
674 34
1083 572
385 437
1036 543
656 108
285 650
1075 5
1101 481
659 277
103 514
1072 472
477 531
204 42
1051 162
308 72
364 243
1070 518
982 132
1093 688
480 717
830 280
667 43
1131 648
839 463
642 36
1099 510
1015 643
1092 663
1171 547
1089 474
743 450
782 111
1054 523
303 130
1135 515
687 198
960 444
660 300
1085 371
1134 626
1031 684
1137 581
296 199
394 708
840 80
867 503
645 104
1174 615
1058 425
763 281
1114 707
669 498
858 349
703 223
577 548
149 633
839 352
67 393
725 293
197 519
117 515
1126 588
430 542
920 140
858 165
905 239
858 424
1067 557
128 165
876 539
92 516
90 523
776 617
635 197
822 200
1090 680
262 446
799 67
409 46
845 93
850 446
113 410
1036 427
226 705
1088 168
241 580
1095 21
797 575
1090 412
799 250
70 460
1092 694
829 305
137 572
828 226
914 719
891 438
978 693
143 447
812 641
648 407
170 569
981 129
126 635
562 417
121 290
780 11
161 637
86 497
411 620
844 188
786 41
246 53
78 470
834 335
910 232
894 668
140 442
1103 593
871 529
128 283
819 340
1055 457
901 672
153 657
1114 599
849 167
753 42
836 413
1083 25
912 80
946 512
824 183
1128 653
914 386
870 231
974 52
855 369
1084 639
796 93
902 700
896 145
128 624
707 301
790 108
160 669
909 632
917 580
844 23
816 107
1094 584
391 407
674 182
205 627
650 633
1081 19
904 629
165 681
732 401
309 241
839 506
895 243
845 111
824 372
851 450
982 429
152 627
875 57
956 395
101 389
398 367
178 231
130 240
792 61
1058 717
330 209
902 251
813 114
882 543
135 415
825 341
323 476
164 507
350 384
1139 446
1031 630
639 680
1078 593
1065 429
316 436
891 312
379 6
340 344
786 66
371 632
471 572
597 5
388 374
78 478
137 516
1097 351
84 464
697 347
1124 371
1067 643
1023 429
376 240
1106 26
854 466
125 495
891 588
530 399
1013 399
834 223
1095 389
845 53
760 60
1122 491
1096 492
943 683
1108 198
883 163
393 331
301 242
58 439
1099 566
865 302
865 183
882 203
652 74
844 335
890 600
545 608
173 452
914 531
201 539
1137 551
1127 554
336 480
883 530
1139 614
1012 689
790 617
901 538
752 596
971 70
173 435
189 327
805 37
846 230
822 300
682 252
899 445
77 214
269 630
776 44
892 6
143 611
1098 186
891 592
128 576
832 325
920 501
189 583
833 29
836 483
1159 563
509 364
1118 90
436 70
890 144
774 3
419 25
426 556
354 395
830 354
112 288
1111 145
1062 75
1035 638
1152 616
792 46
486 311
141 660
658 17
1140 559
1103 268
1144 652
896 695
341 216
119 441
738 292
589 80
1139 605
353 214
862 515
1088 538
1103 527
817 301
107 509
1123 549
1128 560
837 314
1061 335
320 410
1107 7
1047 664
936 517
772 92
1032 527
477 23
200 688
177 299
968 354
1122 550
191 253
1079 273
493 145
1007 589
486 74
268 24
735 367
918 367
996 453
319 504
637 596
1043 303
337 369
1104 676
362 263
437 487
909 517
266 166
1092 322
332 253
813 712
150 490
632 106
836 371
460 9
855 555
297 116
158 495
307 131
844 243
535 714
900 155
894 583
1067 146
1130 604
168 55
629 119
1134 466
1155 535
916 618
120 461
1095 366
697 283
1033 520
350 211
1023 658
354 361
1109 199
896 10
1092 546
1103 671
888 716
1042 366
129 608
354 474
814 226
1052 665
1061 687
1126 409
439 684
880 338
907 669
250 29
73 275
447 107
326 286
1011 207
559 413
1022 644
1076 522
1082 374
828 375
673 48
1099 430
1013 551
836 436
1041 170
853 112
897 172
386 11
1116 498
1137 558
1120 622
1057 535
134 343
219 17
1104 291
842 462
95 539
588 653
1057 649
884 531
1150 598
1143 594
1163 689
827 89
95 370
644 99
724 374
330 143
1084 29
1073 631
366 409
1040 530
1105 414
1090 406
1093 367
1070 361
1116 350
1107 299
1120 363
68 293
688 268
811 695
763 663
406 708
909 683
1066 714
372 305
355 305
1103 76
813 243
837 369
1087 195
1090 248
832 444
378 513
1090 475
497 643
50 334
1166 680
1034 705
821 291
1129 550
790 115
841 176
127 168
837 703
1083 599
332 122
947 630
95 250
1101 579
1155 554
1084 393
1105 693
147 430
1057 608
790 671
305 278
681 214
310 259
442 562
310 252
1097 212
1081 451
102 483
479 575
374 189
707 206
1082 347
771 28
1114 35
1056 639
461 655
1027 94
1129 667
1077 496
357 202
826 384
489 672
640 52
1082 442
365 438
503 58
675 31
1101 512
1089 348
1034 678
1018 702
1026 594
1099 652
1066 363
1090 608
669 190
1104 540
1092 581
833 62
1033 475
1087 43
460 655
441 575
715 276
376 9
841 403
999 620
1148 579
390 239
326 419
138 261
685 184
1094 610
1137 583
450 659
380 613
1079 413
652 153
1115 683
1095 233
993 397
335 228
1112 327
1065 294
1139 627
731 249
347 328
1060 466
423 607
1036 482
1121 552
772 525
1134 669
1077 582
648 150
1165 659
448 574
1083 48
1126 241
116 628
1130 651
792 684
357 283
902 646
805 714
1081 349
1117 337
1068 474
1037 333
1122 507
785 710
1113 631
1053 598
1038 269
1002 527
739 291
1093 63
347 148
906 109
1030 357
1097 147
1099 214
169 429
975 434
376 624
964 570
1060 205
641 474
1080 534
850 613
714 256
1064 410
1003 191
927 680
77 385
1052 335
1035 298
1079 672
894 141
1048 455
158 656
565 397
1055 566
785 613
408 35
884 518
385 307
1120 411
1082 514
887 560
901 98
431 468
1125 635
1040 719
86 481
371 284
798 100
1141 532
727 341
1057 266
885 367
805 60
1109 518
885 54
648 426
855 44
336 424
240 592
713 238
278 617
523 370
1073 670
471 588
275 140
977 392
768 34
374 452
83 412
1061 665
693 362
1113 323
147 606
1110 529
928 259
357 509
1011 677
862 50
1062 337
1054 716
176 515
399 457
414 637
776 47
1046 623
322 331
681 221
856 348
846 417
1127 653
1055 412
1144 578
309 20
838 217
129 562
788 107
351 411
821 321
1104 374
829 274
907 640
863 486
833 327
563 416
902 82
1042 421
658 73
1088 210
254 77
185 705
860 203
1016 139
487 298
1085 523
1077 129
375 397
532 125
782 646
705 218
1044 558
1112 455
1132 472
163 650
825 231
150 652
152 675
911 582
1115 525
933 153
1129 506
352 309
865 618
1097 221
440 72
228 635
1068 242
295 489
1173 653
780 539
483 641
307 583
204 115
1092 233
305 27
1092 65
388 0
689 416
472 5
657 62
984 453
793 122
1082 137
1052 511
1115 87
1087 55
554 611
1120 639
651 2
1089 701
1117 709
426 40
1111 400
839 457
1156 678
987 339
1128 575
1077 688
816 223
1041 685
721 154
1081 377
1087 482
1006 471
1048 467
968 416
1091 356
1042 185
125 385
792 610
1099 309
302 182
842 253
1155 536
411 9
293 137
845 339
1076 521
1044 391
160 561
1121 637
1121 620
628 146
227 69
1119 80
333 277
1093 618
1043 576
1091 544
989 413
1054 563
365 352
341 499
1046 298
792 126
1106 241
431 586
610 113
1106 544
1065 614
867 133
302 278
737 556
224 47
1102 123
995 474
753 631
1077 541
270 621
392 538
1145 602
1117 501
1099 384
1113 456
1004 513
1077 176
561 436
787 681
654 253
72 414
297 358
1019 544
393 524
1141 650
1094 288
562 152
333 292
1055 410
1134 540
1063 642
569 12
1018 291
1080 434
443 624
1107 425
820 370
463 643
659 136
190 506
958 376
693 428
1110 577
597 1
1120 573
1096 19
1096 157
1070 598
1111 693
1055 547
1032 505
888 532
845 342
743 396
379 215
1162 624
1133 161
695 379
1091 469
784 75
411 468
1089 619
317 126
1135 670
831 311
395 237
62 417
1126 641
241 2
1134 552
1087 387
420 478
1031 612
537 24
614 27
825 69
1181 611
1089 552
380 512
279 37
401 500
841 134
192 214
375 421
1097 604
381 332
1086 342
445 715
1006 357
1102 544
777 343
1059 92
1135 25
1008 525
277 330
1122 615
809 119
1072 589
1112 542
832 242
216 699
480 699
314 238
978 430
675 173
1067 604
1081 213
303 318
391 484
1111 410
1162 658
1103 292
441 712
270 410
836 227
135 135
1107 691
312 64
869 462
586 530
741 499
675 571
769 16
1063 595
1046 373
852 462
1062 599
409 26
528 26
1090 246
1031 577
1052 426
1042 544
1046 167
1135 584
850 386
609 131
1093 252
1066 402
111 452
613 42
72 331
1115 602
635 330
261 6
818 327
1043 412
396 486
571 558
1164 667
972 44
430 71
1065 618
602 195
1134 512
789 608
1057 167
886 614
1077 115
956 613
976 518
1024 239
493 620
1102 500
1098 533
1091 599
1032 517
682 310
287 23
1065 271
1022 604
372 440
1145 588
347 409
1087 642
764 38
848 129
1099 628
832 443
1132 391
824 402
1008 703
977 414
291 143
1063 508
1115 558
1077 429
1124 493
1078 666
1155 635
1139 557
1024 552
1120 43
376 348
1146 603
1112 543
1113 439
837 149
882 617
314 410
1059 640
337 425
1030 552
1125 597
1093 118
1163 699
278 32
445 452
776 703
757 681
1035 332
1106 214
445 589
576 46
262 85
623 28
1021 566
1094 508
847 327
1059 8
1070 165
236 26
781 638
375 348
396 324
1091 292
822 335
1094 439
1101 382
215 684
1106 419
886 486
1095 650
273 66
1059 434
1131 540
673 474
234 50
1099 201
1070 437
114 578
1047 372
1041 541
284 94
286 38
1040 668
724 272
114 549
1083 484
1083 240
74 449
976 475
509 324
315 378
1115 600
1144 567
884 535
1021 278
86 472
1054 701
1161 574
417 43
1145 68
1025 559
1156 599
1047 666
682 18
677 162
1012 78
1092 547
1030 493
1125 473
344 491
450 640
729 614
669 192
738 289
1079 364
337 247
361 230
707 348
1150 686
1045 33
1051 386
688 263
1095 562
788 550
697 104
637 177
1014 570
1088 201
336 146
1155 585
361 374
335 571
655 26
702 427
1027 532
1026 385
1103 415
760 488
802 708
1088 245
588 124
1063 387
376 241
304 52
291 127
641 127
623 205
1155 561
1055 429
1022 676
1147 558
1038 115
1135 372
1098 706
749 342
637 280
1092 280
1061 411
1137 470
1087 587
134 331
369 418
1029 326
951 393
1036 489
429 438
1018 440
1119 398
745 628
798 598
1005 487
447 458
121 445
1046 482
1090 96
1114 637
624 204
1122 537
728 285
1030 585
361 258
1105 536
1087 530
1067 464
1074 306
1089 707
616 388
1025 629
270 411
1033 654
1093 422
368 341
1095 74
1079 620
1048 469
729 670
982 502
654 95
1139 571
1060 603
699 141
441 524
1163 665
1008 419
387 349
426 687
780 618
550 399
1083 200
1080 400
335 194
1108 613
667 152
1121 502
639 21
1110 434
1069 11
1016 584
989 402
1098 290
1106 72
1011 582
1106 274
1056 636
1097 190
386 293
347 353
1106 654
391 433
1064 136
350 500
1026 603
1040 606
1091 454
1030 594
1008 438
588 47
1109 600
320 426
1046 358
1112 584
1167 670
778 646
1082 1
715 252
1080 500
1033 412
1101 597
292 340
388 410
1001 353
759 480
743 414
1058 266
1041 556
1026 145
721 598
1022 639
1084 256
1135 604
446 704
1120 409
1079 150
344 292
455 635
327 443
373 296
752 386
732 383
715 73
821 674
1121 644
748 695
1024 351
1160 623
1119 69
613 151
1090 24
837 268
1122 3
751 339
1147 544
1110 240
346 299
418 549
1092 565
1070 554
1038 611
1114 442
469 685
1071 337
1114 368
1095 208
1076 716
357 339
1091 77
1125 93
469 592
1140 705
1164 672
632 105
1070 37
307 106
1156 615
275 159
305 226
858 519
1172 660
407 435
399 703
1040 463
1053 484
1130 713
1099 642
1061 597
417 651
1026 650
1093 620
394 514
796 564
1087 29
670 80
1034 668
716 216
615 56
1089 538
1096 269
1112 576
348 643
1118 392
1101 54
1093 111
623 54
411 693
415 556
806 689
1142 604
660 213
435 547
627 261
670 181
1058 577
347 254
360 110
1035 59
834 347
1078 387
1103 553
1041 666
987 499
1118 119
1045 345
1050 556
1132 601
1034 436
999 358
1156 67
933 596
1125 596
1019 345
609 81
1047 184
1131 702
1077 209
1043 577
339 610
792 604
1086 283
1098 95
1051 572
1089 260
1117 43
783 536
1002 602
779 644
1086 224
1143 564
341 400
620 219
879 477
836 16
1066 142
406 718
428 49
115 595
1072 20
1060 535
323 142
1043 606
69 228
1059 359
824 331
1145 607
1085 508
528 221
1062 28
314 124
416 593
1113 60
1036 397
825 468
406 510
1067 516
437 700
1065 712
1134 654
1088 508
386 547
434 537
1023 567
1065 459
1117 529
1059 673
1050 86
1116 707
1083 467
1111 290
1083 186
895 645
1127 664
1089 637
810 178
1092 282
1134 539
674 365
957 413
524 389
1126 494
635 200
587 581
