877 649
1101 537
1011 9
520 98
943 191
991 51
1000 4
895 81
920 67
346 527
965 39
882 403
1021 196
359 75
907 418
965 108
78 204
623 194
918 596
123 351
44 451
843 597
923 193
922 531
245 580
936 579
927 311
679 133
912 20
490 530
877 591
908 324
451 320
923 479
1002 84
550 179
398 543
968 20
985 436
952 121
501 403
627 500
356 42
670 264
944 203
724 88
1002 131
1008 61
124 229
983 146
997 225
583 27
908 397
428 444
132 139
1006 1
922 331
949 204
893 328
945 215
894 332
1043 151
891 371
885 495
960 50
927 90
1097 239
966 235
914 36
912 535
895 395
933 166
933 167
931 126
918 146
919 28
925 364
277 123
1018 123
897 376
976 144
371 97
914 171
937 205
970 27
900 637
852 533
941 252
951 199
874 435
928 460
996 270
1220 306
1068 252
1026 173
619 38
884 11
914 560
510 321
1231 442
880 440
891 37
914 346
912 415
923 519
465 129
1046 79
62 341
909 527
594 273
957 249
895 295
893 6
385 540
985 10
566 129
999 192
902 308
1014 231
910 404
963 55
374 288
255 326
930 335
928 120
245 204
905 150
961 315
188 391
117 484
87 530
300 598
942 331
948 271
293 437
155 343
212 229
95 187
318 279
943 19
937 128
997 106
382 453
957 202
512 331
630 623
602 75
552 12
547 474
639 151
165 714
962 263
1005 115
918 183
964 178
1000 354
926 323
930 152
884 391
634 238
992 263
947 52
931 13
200 164
954 104
453 331
1086 120
449 561
1219 348
265 246
946 575
385 53
113 445
166 668
740 553
347 449
325 72
387 57
273 530
912 245
312 47
1011 49
290 451
148 480
331 634
656 30
932 564
511 216
256 162
634 75
457 413
73 428
698 503
959 113
118 633
959 10
495 526
267 107
293 532
172 321
475 485
347 48
335 128
155 482
984 267
473 549
324 304
476 330
930 265
176 502
306 8
520 356
1126 529
922 27
969 151
283 100
589 176
324 562
908 79
554 527
910 418
110 528
902 49
373 156
628 36
148 526
589 137
116 449
425 276
582 206
157 335
581 416
215 481
718 323
107 324
427 42
262 471
931 52
633 289
897 333
467 252
240 292
1008 279
950 5
901 26
945 166
935 411
952 285
121 643
500 28
1059 179
481 405
939 115
881 77
467 25
943 16
301 44
658 172
132 187
174 197
467 351
488 143
1125 502
347 132
986 561
996 320
323 26
431 227
448 615
158 434
892 470
907 426
323 482
437 559
1010 45
880 29
1090 122
954 253
870 507
922 503
331 307
254 271
88 375
223 39
221 459
170 150
390 26
1024 692
577 55
475 383
433 110
155 319
188 457
957 1
977 214
297 391
677 18
315 43
657 577
205 47
1110 514
434 497
160 626
27 373
575 151
352 104
119 553
186 205
335 198
1015 165
244 304
975 87
244 238
333 5
632 189
291 364
638 530
187 325
1005 268
122 518
338 127
217 282
381 67
705 47
504 148
393 672
937 88
947 331
946 307
956 53
884 551
247 232
904 232
879 406
966 31
952 173
555 298
407 106
18 585
916 423
936 49
454 295
612 157
455 246
1222 259
871 44
959 224
884 424
943 18
872 23
245 253
919 30
1014 150
880 665
203 281
671 340
623 583
916 546
175 349
945 14
589 295
631 115
919 530
948 138
671 504
903 99
901 433
974 111
144 274
291 297
220 30
221 186
460 368
955 181
943 383
298 29
909 86
882 229
948 228
1003 298
882 0
916 576
129 387
913 378
365 315
313 28
989 187
326 612
629 565
975 34
987 20
938 442
345 539
433 496
130 384
100 302
106 264
924 399
925 311
915 27
192 68
961 61
631 542
880 375
913 551
961 297
1156 580
937 179
994 13
1240 432
171 308
198 439
853 66
1237 349
884 387
148 55
1218 267
922 10
903 89
948 230
948 46
195 167
909 43
967 40
868 619
874 362
323 397
479 187
437 481
957 21
304 154
998 224
971 48
886 473
297 665
895 604
987 214
451 45
721 284
940 55
237 101
988 110
933 39
94 563
436 26
1048 176
328 253
283 432
643 148
160 669
563 581
988 34
885 244
915 367
272 49
844 579
451 166
950 164
919 334
675 140
642 328
395 153
472 515
122 337
374 534
375 595
903 635
1035 659
955 136
263 665
129 432
530 584
315 300
978 337
999 321
511 252
936 449
1148 449
467 504
211 193
905 669
945 461
178 511
259 542
906 178
877 454
139 319
439 192
938 183
108 284
718 550
940 363
902 570
644 24
392 714
944 18
354 635
456 207
960 282
942 174
929 17
949 551
867 506
956 16
600 143
965 179
877 300
896 343
903 195
430 510
905 217
1020 105
965 82
274 697
895 264
918 439
395 529
1009 148
949 278
978 35
865 588
330 138
1096 497
903 49
983 271
901 624
1003 6
261 60
86 402
577 23
878 220
1040 648
897 619
937 454
1097 483
1066 84
923 528
199 629
523 574
244 286
321 547
932 364
100 399
906 223
973 5
904 375
958 47
897 497
358 248
566 583
919 256
1006 111
402 2
554 204
547 522
716 72
905 296
975 69
584 276
992 95
976 45
985 160
34 479
905 19
1022 82
992 119
929 488
183 146
883 493
1034 175
147 269
1212 354
265 661
535 583
487 109
216 515
990 4
948 39
936 514
472 46
339 93
204 426
902 530
948 102
872 425
261 226
973 124
904 77
945 637
454 8
688 328
924 422
1226 253
740 176
955 141
911 365
382 23
932 17
936 69
911 317
897 203
892 298
948 252
442 142
927 404
939 68
998 321
460 37
929 144
430 318
199 560
982 61
115 264
325 132
619 92
189 409
338 129
135 622
605 77
103 539
898 427
289 581
987 154
182 680
553 167
912 512
957 198
965 121
904 579
1024 635
1013 88
1019 91
203 189
865 3
596 174
175 434
721 406
351 353
886 4
950 372
1220 455
244 228
221 188
297 344
971 64
952 309
215 297
887 241
254 678
930 242
363 288
680 29
655 451
887 412
1134 407
172 654
354 499
240 179
926 131
968 65
473 222
632 552
427 523
244 247
598 56
140 432
192 432
356 652
641 265
350 582
300 49
906 82
908 384
999 17
1100 537
1022 694
333 171
968 93
232 586
460 248
411 312
882 498
926 483
871 500
915 121
277 78
894 25
1228 253
854 696
82 498
893 534
244 87
1216 205
67 520
980 80
887 307
506 93
992 255
961 124
921 32
998 40
461 48
897 347
323 210
262 365
874 502
355 313
1116 491
942 233
514 291
436 485
1104 565
188 148
245 329
712 140
940 205
935 54
1220 373
899 342
584 431
555 352
1046 685
76 511
534 711
998 65
971 494
559 225
573 222
264 96
356 257
1012 708
582 151
562 200
216 71
440 293
59 553
387 182
883 641
408 492
416 197
987 83
165 257
896 255
161 581
641 545
375 628
622 96
73 469
241 367
963 523
901 382
524 356
256 212
454 541
198 210
449 172
372 629
883 544
470 285
946 268
1143 367
241 626
526 703
486 60
292 222
463 18
196 297
989 202
949 99
1026 95
292 207
981 634
260 543
903 350
278 220
340 717
1038 9
903 299
140 460
246 711
550 19
383 52
1002 192
113 173
171 114
361 520
1025 20
66 448
93 245
956 5
488 359
981 161
954 116
903 300
946 26
256 250
1018 58
621 366
463 438
488 64
461 274
956 42
969 42
981 80
971 118
322 245
621 325
264 159
251 0
944 0
999 131
396 620
949 520
630 184
268 407
542 344
127 239
1019 86
320 280
970 127
174 673
921 423
177 312
427 110
990 250
566 156
934 32
872 492
130 427
437 510
977 90
243 310
904 310
238 58
355 372
997 207
965 275
1021 37
1122 408
957 170
875 615
873 465
903 395
888 25
909 321
926 11
971 8
966 287
220 354
875 209
970 7
947 12
936 77
99 235
191 310
165 161
925 124
912 612
179 679
941 250
945 156
134 486
981 179
1215 386
941 60
337 115
925 546
1012 148
924 173
900 44
984 172
514 449
905 461
127 667
973 20
186 304
580 463
885 444
262 216
976 103
938 13
856 24
932 293
345 301
927 286
949 196
985 62
401 197
941 157
904 26
945 51
979 113
157 618
930 403
402 424
1007 258
302 294
976 19
540 25
888 49
892 432
262 393
932 62
965 60
908 303
329 27
930 46
940 53
912 667
920 420
182 442
928 144
1227 362
992 94
966 162
540 168
142 363
243 151
261 197
496 37
508 394
1009 156
926 142
1077 486
861 247
928 616
883 472
267 183
330 568
356 568
123 631
942 4
359 25
183 454
359 21
1008 9
992 230
983 123
351 116
440 24
1035 50
944 193
399 0
919 82
965 46
170 59
1029 17
836 547
892 406
955 270
912 552
886 272
724 269
984 64
917 617
300 169
983 63
941 73
225 71
377 244
1118 465
888 556
910 315
597 209
907 281
976 105
926 553
326 597
897 359
979 170
867 653
936 493
1220 223
590 77
639 570
880 425
931 258
951 494
349 243
630 141
959 567
1141 548
922 613
1016 6
906 495
505 239
999 130
93 348
981 33
989 167
962 208
646 181
593 137
636 603
614 323
1036 187
167 398
99 342
922 202
966 102
871 646
127 439
933 213
925 191
964 144
945 280
467 78
1003 187
1024 697
1144 535
954 127
152 566
998 39
288 259
395 17
867 581
502 336
343 461
1256 673
294 604
57 435
588 435
1001 39
311 374
1105 534
147 307
104 505
491 67
947 236
121 378
558 437
424 519
236 477
942 328
1025 48
363 261
450 1
101 415
308 60
244 385
477 181
519 202
940 249
322 623
97 293
911 179
922 571
345 407
459 106
955 0
921 357
41 325
877 543
290 292
897 559
88 198
209 223
857 495
682 581
577 69
1229 345
759 195
644 316
336 88
528 282
226 262
596 582
135 292
366 197
107 458
407 309
375 199
154 66
461 201
953 609
112 219
497 397
371 464
267 41
391 54
993 193
248 651
523 264
297 98
136 518
975 202
1116 494
544 476
186 567
403 347
637 476
997 142
438 672
266 223
206 690
231 246
353 12
276 682
1016 19
606 141
973 143
337 293
104 188
944 92
1094 570
871 444
625 467
424 498
147 248
310 227
422 94
158 350
636 361
249 211
262 6
194 395
592 527
365 704
387 433
260 332
238 343
1101 522
250 330
123 403
890 403
305 399
716 394
545 360
128 619
1085 562
398 618
886 386
952 27
458 438
984 30
1116 484
1138 475
917 625
569 520
923 381
324 13
1018 247
236 63
208 51
881 571
141 154
406 307
1090 630
191 255
334 173
486 239
606 139
895 135
115 317
720 308
257 257
530 331
648 40
1022 6
656 97
924 304
138 333
587 148
308 111
465 272
234 364
89 374
567 397
532 241
449 686
496 328
531 315
176 493
439 62
997 22
727 577
942 198
649 338
297 271
680 286
932 273
187 135
170 412
970 6
42 634
942 636
1001 91
434 703
372 26
1055 665
680 12
397 686
199 282
906 306
891 83
951 79
552 585
575 133
443 70
587 297
251 140
1006 72
911 474
258 216
277 243
508 8
657 44
521 362
349 339
974 23
462 505
913 475
1025 59
489 311
869 343
630 164
587 483
894 523
308 188
128 126
993 89
1038 42
910 608
276 198
928 328
142 272
367 235
1069 646
285 385
870 46
179 266
203 294
717 310
631 535
643 422
916 493
418 18
559 31
1070 247
579 210
724 352
931 466
519 30
684 178
981 178
909 256
971 117
555 577
906 383
205 53
845 20
453 557
204 671
402 118
227 304
597 109
1020 76
133 366
1006 81
926 23
192 552
374 180
375 383
1220 436
1155 500
635 267
947 24
545 257
1090 113
884 482
985 327
485 567
373 126
459 539
1118 491
65 349
896 579
145 447
184 402
931 147
991 123
928 227
343 284
289 111
520 70
198 499
101 339
326 377
251 265
977 6
925 312
241 301
441 473
949 67
915 84
1004 182
172 675
904 483
982 274
335 592
317 313
875 304
172 643
941 46
1213 347
930 351
954 286
894 92
965 183
929 77
936 61
932 500
255 84
874 10
942 242
901 159
851 582
942 19
919 26
234 393
181 320
215 275
135 640
1011 198
910 38
261 357
533 260
494 323
155 50
387 151
432 205
849 476
892 598
925 593
924 524
351 231
647 198
866 447
891 615
939 339
368 265
537 535
919 106
978 26
450 198
992 146
936 257
920 91
185 532
935 79
991 30
245 241
900 39
324 628
308 307
946 57
321 523
412 547
170 332
903 354
894 165
881 465
403 187
984 242
971 154
1101 90
444 243
990 107
911 24
908 417
943 38
364 296
994 55
886 378
874 75
703 573
457 686
967 214
339 515
911 340
960 9
425 2
388 284
540 49
504 465
164 550
947 372
1040 666
390 233
904 337
151 343
569 242
285 537
1087 502
976 69
890 326
250 210
979 202
943 221
951 201
596 275
147 573
920 303
470 706
226 551
898 135
896 46
548 191
110 355
510 269
895 9
909 299
850 423
452 447
354 354
883 395
862 473
915 252
396 140
916 140
929 225
448 11
939 61
985 46
933 70
612 195
526 529
940 415
885 455
906 251
72 404
573 246
913 660
926 26
110 324
899 426
994 136
219 379
326 209
569 142
130 278
988 281
579 404
590 31
928 221
355 554
914 389
307 135
569 328
312 155
413 583
525 466
923 18
535 540
124 367
949 254
567 149
989 2
992 64
565 333
888 346
522 233
132 415
903 81
1052 190
982 122
910 52
967 6
290 5
932 29
957 222
967 157
523 449
939 106
865 506
514 462
605 51
886 233
562 302
1015 146
427 435
90 427
905 483
937 203
887 252
419 345
1091 135
344 493
1012 209
451 585
885 1
924 448
324 197
397 223
866 364
982 83
1001 119
949 366
927 444
525 34
487 233
633 395
210 273
470 651
925 380
906 256
154 182
270 381
1104 485
364 353
326 246
883 491
1228 301
892 195
929 233
986 195
925 469
487 286
693 286
709 256
447 258
892 286
908 16
148 425
902 550
945 56
996 39
598 435
883 435
123 560
922 266
153 339
1036 168
392 58
951 72
928 333
929 425
237 419
612 130
933 130
846 589
887 344
924 531
555 144
916 499
536 59
919 549
900 359
1012 129
551 190
1118 537
1070 249
940 187
926 101
274 182
912 338
512 370
915 248
537 252
606 32
878 486
699 34
898 482
946 15
967 68
957 45
334 24
606 544
971 19
1092 156
900 462
920 258
922 33
951 30
971 217
159 212
481 392
989 117
965 42
903 31
991 247
964 331
402 301
152 291
955 36
873 636
473 561
895 1
151 563
500 370
932 530
466 272
922 90
995 288
944 91
910 512
497 333
1237 412
916 481
1233 329
937 441
1002 149
970 53
907 187
979 78
877 433
988 32
992 190
644 376
897 555
1084 225
833 502
906 300
1013 98
484 397
886 587
856 694
937 97
135 464
266 13
856 361
994 156
957 275
1014 203
945 190
927 83
187 309
151 392
924 9
939 86
877 2
163 94
956 50
270 323
591 12
890 91
873 28
945 125
908 129
1000 87
443 502
546 105
204 431
937 169
886 29
969 50
962 214
582 240
338 230
909 429
975 53
940 172
528 175
948 20
947 205
885 163
958 7
893 234
393 481
875 101
868 502
496 165
942 205
914 173
229 426
489 161
904 377
922 263
971 71
202 400
881 635
702 145
978 56
1020 51
872 279
901 496
405 308
81 364
149 575
942 158
333 108
900 318
884 20
255 339
307 644
907 651
913 240
945 93
1026 209
166 387
1034 24
919 455
1001 54
612 465
399 386
880 493
892 375
458 645
996 87
948 108
189 448
942 480
161 638
1035 154
1043 154
912 50
56 451
419 592
920 395
922 244
926 123
932 88
326 21
858 562
908 471
956 36
551 200
950 2
424 28
999 179
609 9
906 517
717 588
137 323
920 22
416 73
883 464
597 338
932 38
231 309
897 639
194 501
950 51
889 206
967 116
351 26
184 252
950 436
890 114
219 362
181 221
911 285
958 489
505 147
219 567
996 73
976 147
906 151
253 252
969 158
363 525
428 217
341 124
887 368
476 179
950 103
905 51
448 304
948 141
557 96
973 607
510 215
643 364
199 483
975 119
910 105
918 55
901 0
903 460
905 245
95 479
980 26
217 363
441 217
213 419
927 43
273 388
966 25
870 339
588 607
862 507
923 330
570 320
447 121
1043 44
300 13
869 640
866 578
953 125
929 421
910 185
81 259
998 303
65 507
994 295
366 153
978 179
1151 458
97 413
357 278
859 551
916 297
444 382
360 306
179 483
996 269
238 447
417 440
635 225
594 114
434 52
892 581
1060 72
579 123
906 474
985 93
975 1
920 399
513 426
181 170
978 71
978 569
360 70
985 125
1013 109
102 512
1007 71
125 535
910 523
297 576
935 240
941 65
99 318
201 181
836 645
940 107
244 419
384 351
495 351
886 374
127 216
357 244
311 287
1235 318
916 432
264 210
149 590
52 491
659 298
1016 178
321 60
934 155
942 316
900 533
954 26
1090 626
945 262
903 283
956 178
432 230
885 514
951 65
970 275
982 57
932 523
924 47
544 100
909 48
245 261
897 587
451 19
946 135
111 371
407 291
890 528
962 74
148 137
263 196
488 196
470 453
332 518
968 63
1226 383
891 533
892 539
912 419
900 536
866 214
898 243
891 141
201 543
918 156
1020 159
978 0
634 207
905 219
927 138
976 152
334 710
917 611
174 542
889 338
972 29
1025 140
906 46
991 80
846 652
98 544
95 328
878 406
329 513
874 81
1213 219
903 535
409 150
932 302
869 647
235 522
941 209
944 139
857 10
1227 412
899 620
935 215
1010 209
941 283
1081 157
1091 134
911 421
258 636
868 504
900 312
256 96
870 413
1005 186
893 44
887 383
930 427
303 379
908 609
1028 129
987 14
592 282
527 591
1006 130
970 133
585 575
374 487
507 100
930 230
623 29
929 42
998 116
906 414
887 294
993 277
912 488
1142 488
982 163
899 611
945 133
940 480
877 439
1001 179
961 249
925 545
129 560
556 229
345 265
296 424
341 236
960 243
469 187
901 336
360 503
936 219
151 264
707 319
1015 228
542 360
899 411
887 266
716 148
921 571
932 46
165 155
994 122
434 687
899 645
916 32
928 102
449 656
920 276
189 573
633 462
892 186
921 36
917 372
921 13
921 543
947 30
1030 23
959 200
966 194
936 502
895 95
232 367
304 192
467 129
245 653
1026 214
961 597
863 393
454 406
940 592
875 19
1000 136
880 391
929 401
916 278
921 15
1076 167
938 430
1141 482
569 138
156 116
903 295
144 625
177 484
542 72
968 304
925 263
894 610
953 220
971 43
905 44
529 249
941 360
512 392
955 196
85 461
982 93
284 338
943 203
972 66
903 341
887 470
97 326
988 187
175 323
966 76
369 90
919 391
212 692
1013 178
1001 4
145 244
446 380
438 52
251 501
888 567
897 270
948 44
202 421
147 294
948 11
135 491
1004 22
910 546
608 147
71 400
285 488
177 501
887 473
1128 93
917 282
289 254
1003 343
397 262
471 117
605 27
451 641
890 658
463 671
912 205
921 327
489 118
476 263
553 15
913 148
195 475
897 247
374 166
875 668
891 450
894 575
952 252
1003 125
223 358
343 239
878 384
260 105
984 43
196 321
100 237
620 369
156 502
946 20
952 200
246 308
935 179
642 322
922 316
898 42
97 348
136 480
919 496
947 172
957 254
972 104
338 416
891 321
642 171
425 608
118 496
233 313
234 100
873 460
386 123
875 381
217 75
916 464
967 56
110 405
1000 120
1005 245
371 543
568 113
985 55
941 422
939 63
198 514
975 228
463 64
936 83
734 701
491 85
1014 110
919 457
916 202
1082 628
147 666
246 679
315 616
423 308
133 511
261 517
951 534
925 40
944 104
353 223
322 208
929 18
981 31
956 31
380 7
930 457
232 274
397 414
471 23
922 171
583 257
1006 702
323 396
200 274
503 43
879 443
323 212
997 42
990 51
540 379
1051 138
1028 64
328 680
636 124
69 480
899 407
951 59
428 154
191 390
270 64
902 434
948 98
212 6
215 446
162 680
105 173
291 328
322 78
156 710
272 354
659 445
994 36
192 490
181 435
90 312
493 581
481 357
146 610
990 161
268 300
54 310
128 439
548 519
336 177
344 166
356 121
312 84
384 274
169 528
888 11
576 437
681 24
481 291
484 19
1017 707
201 587
990 127
294 79
496 396
189 694
267 210
923 39
452 486
936 326
634 666
131 527
133 356
1031 659
912 457
324 493
259 130
485 313
384 226
1128 475
188 501
72 282
68 218
456 589
195 285
301 178
329 281
100 163
885 447
93 426
285 109
489 345
219 276
211 239
124 320
342 267
456 251
1027 657
302 171
530 275
542 414
262 299
198 89
589 142
275 11
273 61
955 569
102 347
83 334
322 99
291 716
200 453
165 612
490 375
170 512
432 481
481 479
201 125
375 84
389 485
393 70
376 289
1133 433
66 301
192 274
127 588
211 229
381 227
236 400
1107 573
193 559
558 102
711 524
448 164
642 497
885 17
260 367
230 244
375 480
937 451
542 239
478 381
656 246
139 701
452 256
641 120
1090 611
940 5
202 31
587 152
600 152
569 226
303 546
123 477
439 653
211 28
957 276
882 443
967 128
439 514
575 424
390 358
262 670
276 123
145 600
976 226
938 177
581 444
478 208
451 407
360 80
301 315
226 361
926 53
163 615
604 277
926 212
404 453
420 140
379 149
350 220
951 29
141 520
448 289
347 216
480 522
260 450
110 399
270 308
610 12
898 495
462 176
1128 446
969 13
1004 285
263 474
921 101
636 57
122 225
227 243
127 275
891 596
72 437
621 31
541 547
262 313
451 95
118 451
178 27
391 57
496 518
479 24
111 365
83 559
904 602
337 303
384 448
611 42
923 42
570 334
605 411
527 509
193 525
518 191
225 377
906 539
317 552
502 71
528 13
984 161
570 304
562 537
194 445
534 332
950 517
496 186
856 512
557 165
158 524
363 208
1003 208
944 268
204 476
272 429
381 426
196 547
435 53
872 25
903 289
169 314
136 375
241 522
125 187
371 92
441 13
879 308
1223 390
594 50
329 35
112 253
894 342
399 691
456 581
699 542
1113 550
994 226
735 436
189 408
950 71
635 240
1002 93
147 308
844 680
459 442
476 291
150 299
276 574
253 318
953 98
378 139
1032 77
948 127
909 102
208 35
585 538
213 457
917 67
532 415
259 285
413 308
446 203
206 264
551 326
1162 431
375 667
984 77
909 70
608 63
900 214
178 449
902 432
507 424
370 276
169 267
520 296
469 291
140 351
191 327
913 613
17 132
376 238
994 10
937 305
496 295
323 373
880 392
511 427
1019 709
842 532
549 236
979 219
370 150
627 111
1086 89
169 647
931 587
170 201
66 229
637 625
136 105
96 310
229 265
1220 265
449 233
442 444
935 44
939 252
104 499
711 678
1025 24
398 136
952 374
930 6
193 121
478 33
672 494
212 324
330 317
928 477
336 126
160 478
1055 168
869 30
127 586
425 213
947 224
876 327
444 276
174 479
315 36
114 258
469 220
176 347
304 149
622 286
938 333
759 470
433 447
524 353
913 136
450 266
563 377
919 407
217 384
91 190
1003 114
293 289
306 259
484 268
177 412
363 682
877 555
913 113
938 115
973 16
958 219
909 190
310 552
352 391
591 489
186 356
992 38
936 39
978 54
898 152
715 213
855 604
902 398
270 403
1161 426
312 334
882 325
1014 12
669 276
677 565
692 142
380 252
558 664
293 157
873 533
975 2
80 256
402 176
1011 231
305 717
313 237
902 508
285 608
460 125
115 445
893 361
540 51
420 351
389 570
985 105
351 400
910 86
117 273
81 427
582 22
285 142
499 341
149 370
553 685
940 312
167 607
908 48
906 617
294 318
668 443
132 72
319 19
435 19
317 629
604 458
479 285
1034 168
217 383
889 464
369 637
341 264
636 444
211 410
101 485
182 485
532 46
120 329
354 350
219 259
487 627
431 592
982 174
501 372
362 199
624 60
954 297
972 233
914 278
197 49
919 288
285 34
606 585
667 177
295 250
440 250
275 271
941 379
138 569
285 521
603 68
692 351
175 400
265 183
1123 188
576 155
391 289
232 190
370 543
971 176
961 163
192 450
390 169
983 61
922 79
928 71
413 55
898 297
133 585
190 307
317 287
890 537
929 43
555 319
122 327
902 543
856 27
550 345
925 101
419 618
219 217
263 200
263 325
336 193
363 679
374 352
901 307
396 278
699 579
309 200
502 326
978 259
388 44
562 395
936 423
271 328
881 207
1020 123
907 84
880 498
959 275
870 9
679 21
679 354
980 264
899 43
904 392
879 103
1004 74
564 602
618 104
888 504
577 387
350 298
268 524
375 258
932 396
442 487
1011 54
895 43
877 619
405 297
1143 401
961 143
1015 252
899 469
1008 13
1021 126
974 123
712 106
247 605
225 323
126 259
284 205
472 552
931 94
1098 522
191 519
915 67
260 638
923 112
913 568
989 319
993 359
701 442
425 407
261 217
1003 217
909 253
935 140
172 110
433 614
851 635
987 325
941 299
145 430
873 484
927 230
988 104
1012 39
910 325
387 427
495 401
917 114
869 45
918 413
490 300
897 291
606 207
896 323
891 446
916 154
295 153
920 134
928 352
156 244
603 244
1055 507
896 586
934 458
960 134
911 501
571 7
922 1
436 221
842 628
985 12
877 636
970 56
891 41
943 324
882 338
955 384
914 587
993 21
317 692
927 285
558 115
262 494
959 2
1017 52
961 142
334 204
946 197
922 375
960 230
1174 117
888 57
879 11
943 172
1147 401
846 400
946 86
1016 226
934 38
899 474
888 360
881 23
906 289
963 191
204 475
944 297
510 318
997 103
965 72
635 144
919 144
441 327
537 263
601 557
912 472
987 220
357 543
953 85
958 83
913 317
965 76
871 530
871 11
552 580
688 403
912 519
454 509
943 62
901 408
933 217
460 620
343 493
994 270
1026 25
904 576
961 218
481 256
967 263
1037 61
897 475
1016 114
945 17
986 143
989 209
891 409
684 297
1066 21
877 130
942 130
967 229
883 324
969 178
105 144
338 439
335 35
563 635
427 469
952 58
191 422
534 34
888 367
361 77
1013 131
389 660
891 301
922 534
171 538
878 378
901 374
909 681
934 173
992 34
340 330
1162 365
943 3
582 476
910 411
894 297
913 324
1102 598
575 616
193 561
1014 157
942 170
86 196
251 239
501 395
1216 426
310 554
359 595
891 412
174 376
946 125
261 121
949 206
887 587
1225 273
909 325
956 13
1218 302
197 571
897 314
1016 123
879 393
900 415
157 476
1099 153
180 341
539 211
586 474
920 7
469 447
918 265
1217 376
920 193
160 416
295 136
242 686
913 12
936 307
891 461
518 341
401 158
1148 508
204 283
230 499
933 653
441 383
473 519
426 512
1062 47
927 18
1006 157
412 135
892 525
941 45
960 500
365 51
468 251
872 648
928 288
238 40
435 40
916 308
399 248
916 93
145 531
297 522
927 522
995 140
247 115
317 580
255 701
307 123
855 597
209 75
918 75
399 374
390 592
945 114
918 411
386 50
195 336
1071 100
892 644
898 636
874 415
835 672
873 607
887 666
579 225
158 348
937 265
1011 45
863 615
959 56
892 553
193 366
963 338
929 61
398 418
923 64
948 165
1213 399
149 194
577 84
907 2
942 516
138 413
103 447
415 468
937 144
962 221
936 217
167 635
985 114
954 9
530 585
1209 327
953 211
1028 77
534 198
961 107
1024 185
1051 107
920 326
908 156
1014 687
562 545
916 309
909 637
243 416
965 52
951 220
983 199
1221 458
561 440
483 309
1019 339
903 699
212 553
1030 87
888 602
1067 215
898 305
353 4
492 88
913 53
285 242
876 237
287 306
1093 494
940 488
928 548
197 109
884 470
80 369
903 63
684 375
925 581
927 657
442 498
1000 105
71 257
168 128
186 540
919 66
324 544
997 56
415 14
959 244
996 102
931 348
922 609
723 271
924 500
295 301
932 86
310 445
161 356
858 343
924 330
964 44
456 481
157 425
242 355
368 387
918 128
964 14
125 206
958 77
994 305
971 32
220 413
866 384
937 57
904 288
972 74
951 212
311 217
309 488
258 307
983 84
158 164
927 333
890 408
416 87
955 114
603 21
881 462
113 236
360 137
1012 12
464 401
343 286
987 91
954 257
97 411
367 606
456 227
1061 187
911 466
930 333
668 508
212 143
93 473
952 47
932 40
909 47
910 151
931 58
920 52
976 68
976 149
128 252
157 477
885 19
129 304
922 163
946 590
101 146
436 19
868 607
948 74
212 350
869 662
904 106
397 321
1017 185
160 226
399 342
916 384
894 130
340 685
966 74
966 123
883 27
262 186
366 282
911 438
1008 178
939 239
599 422
208 345
204 425
567 92
912 439
573 27
1060 544
342 33
1003 140
956 124
227 175
222 417
589 417
947 268
312 144
866 527
1026 664
537 275
370 31
698 550
406 273
986 33
988 74
967 235
387 394
664 21
987 10
469 285
981 83
866 535
846 250
945 619
73 317
905 628
315 462
452 78
424 354
1051 134
919 251
584 433
936 149
237 375
114 608
913 538
975 51
404 514
438 409
510 181
463 58
948 253
650 268
966 138
982 24
335 233
253 175
591 388
119 436
867 535
442 238
637 145
122 355
874 383
882 487
414 151
617 284
144 388
883 12
325 192
415 175
511 439
394 254
125 261
165 631
547 291
860 635
343 77
452 151
916 359
163 718
981 73
172 405
487 156
137 165
348 69
219 143
353 89
594 454
523 266
316 199
317 251
192 462
905 39
976 35
606 493
842 477
950 58
1050 90
152 92
923 265
925 173
661 356
939 24
297 236
556 2
464 332
907 492
1024 124
351 591
408 280
274 369
277 440
935 45
116 628
218 365
993 78
284 716
861 409
918 109
921 50
1215 283
1016 668
372 523
967 83
981 6
946 122
985 144
191 350
1020 141
903 619
1016 371
293 393
983 50
503 419
981 132
645 140
880 418
501 331
258 312
276 80
427 499
525 614
1005 13
424 534
1006 269
77 480
947 58
952 521
351 63
1023 112
655 87
902 386
954 95
1004 90
272 488
151 586
914 367
576 220
488 506
994 325
932 412
923 20
977 41
276 487
920 280
859 678
152 478
464 99
911 196
941 205
173 439
174 295
524 185
303 167
894 62
485 169
488 371
950 142
315 3
97 412
588 114
846 319
343 282
935 236
411 116
468 383
559 466
1229 457
918 254
406 131
925 125
852 461
476 308
916 221
418 417
290 488
913 569
1138 536
475 178
586 363
912 487
916 253
327 364
1120 379
262 565
103 396
443 251
1050 629
927 116
674 447
369 46
366 298
1012 714
425 334
598 336
937 183
145 220
563 427
217 540
178 247
924 7
389 113
152 56
267 702
1040 28
616 42
648 351
295 610
238 64
999 91
347 29
1091 576
968 43
207 461
572 593
222 140
121 94
972 89
561 45
448 459
229 413
251 618
276 40
113 114
645 11
358 422
1126 468
103 162
477 385
339 209
504 251
413 31
299 508
1000 201
933 537
314 372
146 278
1167 415
120 361
475 174
472 150
453 694
394 2
411 630
524 455
665 36
188 534
731 30
163 471
108 309
533 350
510 320
678 103
154 160
1076 526
382 314
1080 522
179 385
1010 159
360 311
361 9
521 694
320 339
517 231
478 32
917 319
508 54
310 650
246 274
276 284
563 145
532 474
670 441
541 279
151 53
943 174
451 563
226 571
407 179
475 157
635 198
674 357
550 519
151 367
160 256
201 399
213 702
333 270
269 651
372 78
976 115
353 47
376 13
175 301
994 138
642 463
377 85
247 202
588 349
227 107
276 156
512 10
133 391
700 354
110 182
388 195
519 97
542 538
179 384
538 257
389 193
465 458
681 570
533 321
167 487
1224 386
353 108
538 703
616 222
1000 14
153 159
1232 662
247 247
901 106
433 454
374 337
600 150
348 275
443 489
369 347
723 354
943 89
339 196
187 467
489 305
29 391
206 530
184 230
441 409
210 509
176 246
1007 74
252 298
418 242
477 244
649 347
674 360
580 98
170 599
147 340
550 340
902 57
219 112
456 423
343 657
1008 114
573 472
620 670
737 125
428 344
371 27
159 308
938 200
298 315
375 338
207 331
461 430
942 165
443 81
247 126
381 593
498 262
538 330
549 492
616 193
646 225
52 241
685 156
441 605
985 202
272 181
446 281
463 283
925 24
707 392
560 141
510 43
413 339
412 456
311 390
254 308
146 575
53 489
434 196
162 407
447 230
491 321
542 509
733 537
478 256
86 387
225 387
170 484
547 317
198 683
961 85
210 263
151 501
240 463
179 299
995 179
122 124
975 124
352 122
197 319
147 433
438 436
175 692
380 531
149 133
528 143
168 145
489 165
956 100
926 121
590 64
244 561
526 609
1006 704
882 342
585 340
676 471
1111 471
555 459
979 222
147 228
410 226
632 155
427 106
593 93
630 12
1218 365
317 359
988 107
351 42
581 58
548 135
1218 248
370 220
1118 542
428 297
339 282
181 375
84 471
147 703
142 218
244 311
897 472
923 583
453 605
316 203
1021 36
547 269
641 138
592 11
534 181
971 316
29 473
915 473
886 445
962 300
319 314
332 373
689 373
887 544
888 441
899 505
611 0
918 110
648 82
895 639
118 549
191 289
951 337
190 331
931 135
510 50
131 563
254 575
856 663
928 303
557 341
125 398
911 398
1002 112
987 174
968 162
388 635
138 570
1029 673
970 123
984 93
907 36
229 154
214 307
223 270
1224 324
474 366
928 50
438 97
367 152
1037 196
403 401
340 529
924 111
996 2
360 55
244 58
366 147
928 141
903 530
500 475
222 472
921 380
525 134
911 132
969 136
353 229
1038 20
471 106
565 106
899 660
220 295
908 311
205 331
872 396
969 21
890 58
912 88
903 237
973 228
380 179
532 140
1012 140
950 143
911 545
909 619
941 289
116 310
977 274
1005 284
898 490
1216 440
885 443
500 417
982 82
199 90
957 4
900 7
951 56
908 36
948 250
989 217
974 136
937 133
158 144
421 649
895 643
909 374
933 267
946 423
894 102
1025 108
917 104
962 114
172 116
426 88
895 88
945 89
944 83
963 77
960 57
957 38
955 142
935 131
922 135
1019 165
378 192
571 223
199 226
437 715
884 604
230 598
879 599
243 593
898 594
883 587
904 521
949 515
863 391
173 436
205 448
182 490
570 511
898 343
906 371
1237 361
937 266
924 301
942 301
851 309
932 104
205 111
1063 117
1115 123
1003 90
974 88
967 86
847 10
980 9
914 23
993 31
967 37
982 39
965 32
971 137
838 142
995 159
914 149
533 191
914 202
981 243
962 242
213 239
274 690
149 681
874 632
897 603
145 539
358 531
882 530
1126 521
865 514
524 558
1026 99
1003 100
975 117
940 116
917 73
949 51
934 142
1053 139
989 138
900 156
919 147
972 160
988 198
525 210
1074 244
1219 241
894 486
890 492
863 499
851 475
888 474
928 413
959 411
877 399
1212 419
154 418
884 416
1123 416
181 425
943 438
920 446
980 336
968 347
151 331
948 361
884 308
987 306
897 292
442 291
1201 274
965 273
243 276
881 287
1011 282
350 619
917 530
925 519
940 557
899 706
257 694
1001 20
930 27
977 29
900 9
1031 11
358 12
1021 2
934 37
1035 42
997 44
1061 92
904 80
1000 79
936 104
975 104
954 109
1031 109
1032 109
948 122
969 121
921 120
958 140
889 138
426 147
316 179
1000 208
331 210
127 215
939 216
178 220
654 203
373 198
905 199
923 235
987 239
980 244
936 245
957 386
181 406
200 410
484 431
941 437
285 459
202 451
906 477
889 506
889 480
334 365
860 365
360 374
874 337
368 294
560 301
436 257
946 602
979 592
908 587
935 584
253 638
879 547
893 558
444 539
870 543
621 541
865 529
1107 512
992 83
1014 98
1041 100
938 118
622 34
1004 36
883 39
826 47
397 44
944 52
936 28
951 25
976 11
113 5
230 159
921 130
504 184
362 408
882 427
1222 338
878 257
960 513
252 69
954 90
205 115
935 46
247 224
898 537
641 413
918 176
967 136
899 440
474 559
906 578
1048 186
236 333
928 78
458 305
260 192
961 100
358 283
949 7
935 40
255 459
1014 88
946 52
977 35
684 341
336 470
441 676
215 151
964 318
1114 532
976 130
264 697
912 379
265 589
950 53
352 93
913 218
922 121
4 458
389 107
608 420
886 264
952 5
917 86
1019 677
665 228
524 14
741 587
956 188
335 148
875 570
107 270
317 320
343 440
387 404
889 520
316 352
118 493
176 376
224 643
417 168
940 686
1022 5
939 308
912 346
211 149
585 336
911 616
1139 456
259 328
912 416
921 384
630 503
998 93
196 232
163 317
931 6
611 127
982 229
1047 658
852 503
927 10
141 422
332 324
966 0
691 466
461 84
449 316
544 40
293 210
416 357
995 36
970 93
986 227
161 576
462 547
100 312
924 44
953 216
917 149
952 112
303 155
324 4
913 604
905 237
954 38
955 446
911 127
674 62
883 512
90 270
902 323
926 60
1097 471
1035 172
902 67
949 113
881 622
945 214
962 118
904 22
911 80
427 281
1074 172
975 174
992 49
998 41
1003 11
974 158
864 567
408 529
205 425
345 501
1238 379
318 362
912 137
585 298
1015 179
573 80
441 180
976 365
628 320
463 111
913 104
938 554
602 212
949 78
1001 250
988 243
157 430
1002 27
907 259
82 304
952 450
935 475
892 643
872 7
991 84
900 109
998 102
954 3
403 11
964 408
982 211
223 349
954 161
1008 220
1217 291
952 150
958 191
992 65
962 220
867 660
267 359
934 68
887 141
306 305
304 518
488 70
921 215
219 286
909 324
961 69
995 290
272 353
955 327
1006 156
399 22
938 291
908 145
874 453
144 199
871 184
588 457
971 47
891 370
934 247
899 158
905 90
580 465
906 188
887 382
969 20
1032 20
924 113
950 165
613 329
902 495
881 149
902 566
873 295
905 71
924 353
1224 293
122 347
438 612
922 209
874 375
1000 317
995 255
902 339
912 498
977 28
491 264
528 227
948 507
1043 36
1004 124
1011 83
1008 41
953 473
182 225
902 476
888 300
97 204
1017 36
194 375
922 200
989 15
939 158
985 104
942 124
1117 127
991 150
483 284
124 307
934 499
375 533
966 124
943 286
291 148
949 141
568 312
971 1
892 440
427 517
1002 136
519 156
900 370
1002 87
309 582
933 435
1218 397
909 396
1005 162
905 417
927 258
855 25
924 31
1009 188
981 170
923 366
965 36
969 57
932 143
954 107
878 314
884 21
430 541
172 378
985 251
922 157
908 188
1218 456
1016 73
931 169
949 46
915 52
972 271
882 437
888 667
993 25
958 17
916 91
955 389
994 209
929 190
188 492
889 261
933 23
886 293
944 133
991 306
891 534
428 569
948 332
103 440
910 534
1012 185
972 469
1016 150
916 517
994 315
932 19
860 227
993 103
487 69
910 10
192 569
491 16
908 56
995 98
374 485
904 245
877 615
1083 655
878 651
920 408
898 409
81 341
941 128
895 262
909 333
897 344
345 180
52 357
642 493
566 476
375 332
318 248
679 50
298 279
998 91
531 124
339 38
990 249
407 665
918 615
354 7
982 118
926 285
953 175
1021 175
946 443
646 315
1021 186
248 456
937 362
535 275
566 76
626 76
99 346
919 584
960 21
922 338
158 613
626 91
899 448
152 164
348 5
978 217
202 548
364 705
106 176
1012 192
334 221
923 373
354 30
546 364
388 288
329 351
165 410
248 369
685 335
529 320
299 137
315 259
443 100
396 554
630 491
622 58
863 405
857 391
392 550
1038 122
961 612
1005 181
191 126
921 293
591 224
641 87
108 315
955 40
1089 496
510 274
479 387
927 125
422 190
1134 531
415 586
491 280
139 184
980 16
490 541
362 360
199 492
907 19
1046 242
139 386
919 125
898 58
448 313
359 475
1122 516
531 449
959 102
1221 277
237 200
942 103
356 3
529 154
907 644
352 459
954 204
100 297
928 291
489 516
1221 372
351 9
583 201
379 207
1045 120
967 98
1041 688
227 443
1113 505
883 380
548 51
681 220
624 592
177 353
296 270
454 187
1215 333
978 57
444 217
258 469
568 228
200 152
893 8
408 512
223 125
1072 584
1216 407
313 157
1036 31
991 91
509 152
913 252
992 550
222 149
259 406
481 403
247 667
67 439
955 103
137 472
387 216
1107 526
1147 511
874 477
981 328
298 229
1121 541
950 93
325 307
245 202
68 356
194 519
500 442
388 340
159 247
264 32
556 34
918 43
228 360
435 79
865 600
901 489
198 335
952 43
255 322
80 440
251 244
424 348
937 239
915 306
987 102
546 264
857 17
213 257
1159 404
905 45
325 298
918 541
346 684
896 85
416 235
991 223
242 88
320 290
893 29
932 555
511 46
483 294
134 386
663 419
375 543
199 556
474 162
1035 137
302 583
1211 364
238 357
604 321
1141 501
240 455
905 554
418 141
360 178
634 350
2 705
355 93
159 318
958 53
996 225
1024 648
953 388
1126 438
80 317
135 447
351 711
124 429
956 41
916 407
583 420
531 570
897 577
616 172
987 172
928 7
84 358
899 185
972 126
895 131
998 266
926 583
315 33
576 316
376 135
118 257
586 264
213 599
524 372
556 129
883 198
981 57
351 635
251 289
860 497
399 229
958 80
949 124
929 322
910 392
907 309
609 15
1271 98
930 197
504 382
932 70
990 45
873 325
902 7
996 7
956 252
984 252
319 45
917 24
291 147
335 366
985 74
875 531
902 297
925 517
910 386
469 430
939 161
1089 593
305 389
999 261
918 261
918 4
1050 171
410 318
881 377
917 196
697 500
202 492
392 92
890 336
936 356
398 107
917 301
1145 438
937 93
858 593
166 495
586 273
430 114
961 224
203 432
231 137
435 2
132 220
1129 558
612 140
992 271
226 404
526 158
283 91
405 677
122 513
534 51
1056 19
943 173
259 168
433 11
92 184
908 523
487 85
585 224
1021 276
854 567
266 648
503 192
448 169
958 130
885 343
353 42
1020 289
985 36
536 242
683 286
913 155
445 688
908 373
465 558
1128 163
898 364
439 610
870 490
715 152
886 388
896 489
871 524
850 523
148 30
1008 236
207 695
1114 469
386 400
595 123
963 85
406 52
884 430
474 333
142 288
596 591
209 335
462 434
495 294
1003 53
950 101
351 199
241 142
649 179
222 554
899 55
892 477
341 107
410 107
345 257
411 65
244 210
209 361
594 267
899 191
974 64
1002 33
496 213
1028 37
102 205
910 499
615 327
186 185
105 480
174 385
105 627
351 345
1120 465
305 520
498 515
171 450
1216 417
526 315
424 227
613 392
312 165
996 101
911 390
237 329
138 641
156 166
294 501
961 79
119 426
908 124
425 396
211 316
247 316
397 187
503 90
1014 100
394 208
546 479
893 357
213 376
953 56
286 495
524 390
429 51
916 29
891 305
912 219
1024 104
393 361
290 243
942 617
365 427
249 673
923 185
1059 600
507 456
303 194
254 436
467 281
171 173
642 460
1040 502
458 443
533 104
928 462
458 323
456 409
340 214
229 367
931 366
890 50
186 434
922 26
316 534
908 123
1001 109
69 493
371 450
348 58
131 379
902 578
482 240
364 194
104 498
932 153
992 52
960 177
936 312
902 196
1276 287
565 374
276 699
1010 683
159 639
596 212
425 484
142 466
141 533
112 309
1125 463
179 103
491 319
1013 168
901 447
170 178
1083 509
192 515
187 406
218 229
910 61
310 33
1098 541
187 1
618 313
95 343
152 197
348 450
563 219
92 433
344 438
424 649
481 203
438 679
1094 535
113 139
351 624
93 464
200 421
666 497
684 299
543 84
175 684
538 159
290 502
212 352
885 275
173 373
143 256
407 273
558 219
281 322
1080 578
408 114
1074 529
892 491
104 305
451 429
158 214
268 198
113 361
554 263
287 339
648 411
225 317
209 301
337 336
352 477
429 533
946 504
171 348
996 311
511 265
1005 277
259 399
556 36
922 461
539 584
387 548
680 331
208 480
548 251
174 139
87 408
384 542
444 535
352 117
371 75
658 213
140 205
733 164
499 650
104 329
667 255
121 357
1221 452
310 481
494 486
307 181
230 706
160 337
393 343
182 340
553 340
417 360
137 260
910 183
469 331
231 644
501 447
518 597
400 5
1078 548
353 153
342 89
318 133
463 539
480 374
529 65
152 348
609 218
487 169
954 589
516 46
425 516
927 107
444 631
323 354
1050 252
477 195
338 483
358 44
260 151
978 223
1016 149
219 210
958 601
1013 152
106 211
896 446
462 342
393 348
164 449
493 64
174 539
112 249
235 182
679 196
888 204
350 41
340 133
405 582
549 339
311 7
322 483
922 67
73 300
174 396
78 292
387 94
572 354
290 266
82 319
376 134
458 538
174 256
159 527
157 251
473 251
932 313
104 529
341 55
633 244
217 485
255 686
926 76
711 73
136 149
234 191
541 2
509 119
542 392
650 657
951 150
261 143
464 212
914 230
548 108
710 600
582 154
140 656
93 416
101 482
974 79
105 384
313 67
905 320
489 328
264 341
412 677
411 246
353 18
332 200
96 122
383 275
77 429
932 227
519 204
125 462
416 163
112 647
911 315
278 436
538 36
330 39
595 72
491 317
259 282
79 418
937 61
293 473
972 205
510 382
547 382
941 506
403 139
963 192
101 179
274 716
1018 691
166 64
225 289
340 474
118 642
327 535
344 98
203 255
132 410
284 305
221 703
256 165
188 623
582 269
118 216
603 327
498 554
125 178
914 500
449 183
331 0
1126 502
273 436
1155 457
307 130
934 365
299 645
123 579
394 136
32 229
222 229
1113 521
261 54
870 136
329 242
497 294
868 531
442 338
943 428
102 386
281 386
618 124
593 357
882 502
868 9
137 475
622 510
213 161
348 345
162 518
911 424
77 448
992 148
574 340
955 226
997 26
1137 549
238 587
648 591
432 414
352 449
360 48
462 601
183 498
205 333
1030 164
330 301
585 477
300 142
214 338
180 424
1069 435
994 28
921 8
1023 93
351 336
909 412
182 368
605 509
686 371
311 216
890 354
228 714
134 468
912 53
185 258
299 239
609 518
178 271
896 30
143 262
508 383
270 153
516 291
903 17
389 261
571 147
366 42
393 430
592 269
411 298
871 656
406 206
443 345
761 263
301 505
474 167
995 249
292 321
1007 80
362 5
276 267
397 561
1012 86
577 214
512 159
350 675
449 647
1010 87
656 65
284 331
566 192
306 660
990 109
597 245
286 94
239 42
869 199
572 33
202 569
982 614
188 384
979 105
485 99
1215 256
128 651
1221 313
627 264
885 483
950 373
327 71
329 209
408 617
487 415
315 6
140 395
933 27
404 634
456 215
453 163
942 257
976 38
244 98
882 392
309 254
325 12
282 366
407 361
945 26
549 406
937 584
945 79
1223 389
937 121
1046 52
993 24
145 349
920 86
947 195
109 251
944 153
240 302
264 338
946 136
909 501
969 68
292 663
968 176
900 3
624 42
872 478
912 2
965 282
324 434
925 494
219 645
923 245
194 349
1219 374
982 568
892 162
905 189
471 25
155 67
900 283
957 241
634 85
508 325
377 258
942 155
906 126
1081 515
57 580
99 402
903 302
87 252
540 244
622 185
1024 108
970 534
217 271
269 368
1007 192
975 177
921 329
1007 280
914 27
1019 88
1077 123
843 554
320 399
886 671
624 644
933 118
309 536
863 241
305 215
274 486
952 429
929 648
913 495
635 466
918 223
243 342
610 237
842 617
1028 712
862 199
931 49
138 565
925 523
1013 341
518 212
201 640
912 491
930 207
953 2
907 344
1024 138
114 634
920 463
86 219
901 153
645 162
978 136
907 366
563 201
972 2
923 63
909 98
1014 227
266 392
913 25
950 88
921 270
953 397
923 174
1006 82
987 21
976 1
907 214
244 194
194 253
928 358
923 310
1084 297
403 145
969 165
1040 31
927 109
248 554
262 433
1002 64
541 38
962 62
850 294
923 279
877 343
988 326
986 65
592 230
931 212
975 209
953 178
935 176
1019 146
933 136
289 615
269 301
923 257
69 486
392 81
997 110
904 99
886 16
961 50
953 142
867 275
533 289
900 124
901 485
894 60
681 467
860 333
911 57
949 205
428 270
133 389
898 422
348 483
1034 204
925 236
912 78
221 19
922 47
987 47
897 410
930 447
916 193
1050 172
898 61
486 501
492 501
1058 211
858 345
476 141
912 477
960 268
957 208
959 32
956 308
1059 122
1006 146
932 475
939 628
1020 88
857 19
876 40
242 518
998 11
932 142
203 67
934 567
927 390
931 273
879 317
108 393
900 40
955 201
653 193
870 43
920 30
333 243
931 294
975 127
1019 249
886 639
906 444
939 323
971 2
934 380
404 17
271 53
905 516
995 241
898 216
424 479
865 258
945 157
606 38
390 334
536 75
1099 159
228 239
919 682
87 508
857 605
958 270
966 211
954 296
920 336
1002 178
530 334
869 473
327 34
1003 153
960 229
881 579
894 479
922 103
910 321
975 170
961 53
886 400
998 43
616 91
944 269
271 339
986 228
686 315
525 621
1218 490
890 404
914 603
158 630
982 241
939 145
887 73
987 28
881 295
892 284
955 265
202 354
847 494
872 532
915 242
915 219
1036 134
1231 311
596 236
939 141
929 75
925 269
1039 74
940 67
948 318
896 320
394 480
944 182
951 182
981 158
338 546
1223 290
977 549
951 239
910 160
168 223
873 488
1044 132
447 572
680 447
897 647
197 254
915 282
941 403
931 45
943 143
950 323
340 158
933 555
970 124
926 152
428 663
882 267
398 381
938 10
931 127
931 183
1079 93
958 63
982 4
1226 361
242 184
1012 103
559 551
1053 135
923 608
908 7
972 255
303 70
890 70
957 505
180 545
948 118
1028 217
938 431
989 321
143 163
959 182
511 603
950 379
182 250
311 55
962 184
905 154
897 411
59 523
893 246
336 316
950 424
914 82
461 437
106 245
882 297
1103 504
64 300
368 457
364 326
1004 217
690 327
279 143
396 316
677 316
144 235
1142 438
535 33
943 33
132 499
992 51
920 452
180 503
287 595
882 238
908 328
866 446
985 157
280 203
895 36
584 383
1031 133
1008 701
938 121
414 696
592 631
606 65
890 309
1006 53
1044 131
992 97
958 147
956 283
892 280
319 4
299 14
524 190
969 150
589 15
249 287
914 368
938 99
216 259
947 282
621 240
1011 127
607 330
926 190
256 157
543 176
945 27
911 40
926 117
535 64
245 95
545 187
970 571
531 297
991 194
912 127
442 639
896 68
186 461
272 423
1003 169
241 160
961 407
872 166
962 213
926 286
983 144
280 127
401 423
1010 392
117 323
906 80
980 282
917 630
428 493
910 83
163 201
907 292
899 163
899 405
679 291
952 166
398 45
313 430
862 666
166 432
936 675
1013 147
899 225
1111 171
957 18
963 201
866 333
946 660
225 115
979 127
881 443
957 345
419 325
934 13
905 194
639 199
452 191
635 280
472 242
917 242
916 47
1040 20
987 175
359 53
916 207
890 376
400 147
913 42
537 247
1231 306
918 333
555 203
938 207
895 68
269 224
894 2
470 445
483 190
1228 453
991 176
530 234
875 640
223 550
920 230
949 24
898 329
666 479
566 682
863 487
876 593
928 57
977 185
954 381
247 163
927 64
973 99
505 209
230 339
529 246
1019 47
403 344
333 145
270 242
1030 697
925 447
966 163
1030 43
940 24
903 6
1024 107
1127 525
213 588
421 577
900 190
908 278
244 300
942 574
1024 214
529 454
193 375
915 429
545 169
942 241
908 57
970 21
977 80
927 14
108 168
567 409
924 271
863 433
927 5
881 376
906 123
912 9
939 27
964 81
1082 526
927 527
923 595
995 350
971 218
518 1
92 277
837 605
949 33
163 238
984 68
903 249
894 345
992 6
925 133
896 31
958 31
1007 98
328 207
896 67
300 266
333 223
898 601
883 601
909 571
938 141
934 9
887 640
1005 140
958 43
895 90
939 169
189 206
925 357
998 213
883 93
889 10
914 583
582 183
912 6
946 239
891 30
943 482
691 137
950 547
907 508
893 79
887 372
904 89
1020 36
1099 485
932 226
987 278
951 216
902 356
924 590
1096 238
962 192
956 22
935 309
651 133
950 18
949 242
923 270
930 179
303 640
924 142
910 263
294 320
958 3
886 551
949 10
640 430
883 482
948 317
1012 57
482 225
950 104
413 502
891 614
929 497
963 414
923 478
897 407
885 301
895 601
1021 144
868 91
930 565
924 43
996 159
923 222
900 334
909 50
963 64
932 13
876 44
1022 86
982 191
927 0
959 1
874 380
953 124
961 181
964 115
904 43
973 71
107 190
895 150
1046 234
74 268
950 476
871 389
870 454
984 46
961 87
925 123
293 418
410 84
948 29
927 71
1217 243
394 42
898 253
875 332
887 318
945 206
888 397
985 31
930 108
168 523
911 90
230 378
869 296
186 25
986 15
244 299
163 481
908 251
936 323
957 305
881 492
1215 240
100 529
917 383
1006 52
948 17
923 333
122 364
906 514
906 136
914 57
1009 296
903 252
147 409
975 253
910 188
943 628
1109 171
929 579
913 287
929 298
914 330
1006 7
876 374
955 175
922 29
930 368
941 405
885 484
1020 119
895 77
138 582
887 76
918 173
893 78
883 309
978 94
1010 336
930 124
931 103
990 168
1010 313
1220 434
895 406
558 350
1006 89
954 414
945 73
1117 487
338 242
917 31
972 192
947 255
955 52
903 452
687 309
993 75
215 593
198 716
206 446
898 570
957 8
887 62
947 143
963 67
1238 473
1051 74
158 194
222 637
1012 34
920 289
1016 29
1027 173
463 370
998 218
918 259
1037 32
889 1
896 611
297 355
64 297
879 554
943 85
1018 42
421 539
901 144
926 120
896 444
192 417
902 307
879 552
1018 153
1005 9
958 574
961 60
971 234
987 134
927 377
1201 560
223 82
923 271
983 37
327 99
1001 88
926 313
952 208
966 380
1007 6
1009 131
870 503
975 27
1220 291
923 362
922 130
961 213
149 473
923 353
303 279
956 162
906 254
842 712
914 414
918 461
1002 100
918 139
563 166
971 173
969 182
877 235
966 227
890 389
306 268
904 119
911 46
978 149
1059 201
946 295
914 123
907 12
357 351
901 211
956 311
1002 198
1016 102
937 12
933 241
991 151
923 19
989 166
200 359
132 253
935 449
233 427
905 565
952 365
903 44
1049 49
950 32
915 132
903 107
1222 296
911 454
860 666
935 70
889 588
903 42
923 221
917 297
707 246
913 274
996 124
869 638
1052 146
1038 212
971 104
952 78
868 562
929 222
905 636
886 226
954 134
977 568
922 293
220 541
948 87
968 83
946 223
847 506
900 434
875 284
541 8
195 172
931 76
938 165
914 511
931 14
1002 109
915 98
868 593
1025 224
902 662
995 305
879 320
946 363
924 455
963 70
1075 90
925 80
920 188
888 527
1037 38
974 29
1219 294
136 289
879 55
918 471
896 319
1022 181
879 217
926 62
950 392
920 16
1217 328
924 325
969 46
917 150
981 75
890 410
929 238
898 19
888 324
1237 362
914 506
951 208
1071 121
982 180
971 74
936 100
876 254
917 363
902 46
974 67
969 97
874 446
894 570
932 528
929 116
860 585
159 70
945 357
915 659
931 265
843 635
857 643
908 69
1028 2
884 479
905 380
880 226
965 269
962 57
981 147
888 505
924 503
1018 117
890 532
984 52
887 375
894 140
947 60
974 311
967 104
890 491
912 243
957 10
1014 113
872 339
902 34
893 257
1006 393
910 452
903 381
855 325
895 545
925 128
439 435
887 510
910 291
931 647
956 151
934 362
939 143
921 73
1014 169
917 299
928 299
923 403
919 356
1007 204
939 170
935 170
1028 179
901 569
111 376
222 650
996 11
481 415
1226 469
1000 342
684 190
1004 14
244 161
959 246
181 269
1010 305
374 20
985 140
987 117
468 311
978 11
621 429
424 140
282 544
342 266
958 113
150 209
484 246
900 87
970 252
576 502
560 59
405 168
225 335
395 519
163 272
1003 97
466 242
866 223
1212 301
512 131
153 311
869 544
149 375
1009 1
855 347
142 402
444 109
1224 234
976 20
581 312
937 687
901 545
255 190
127 408
895 313
898 447
975 195
362 191
958 133
500 468
368 359
974 184
303 257
527 397
212 512
868 572
510 236
544 89
913 305
975 219
963 224
502 323
982 234
415 78
895 623
889 19
377 565
532 314
1105 124
1056 171
197 180
480 271
594 270
234 370
920 120
331 115
106 561
879 431
828 621
1218 290
558 327
238 389
930 192
941 602
890 39
906 482
928 111
915 72
942 57
561 177
979 14
920 277
961 239
139 238
1010 211
940 562
991 164
917 109
935 646
887 260
949 262
900 220
951 34
949 148
905 376
661 637
903 193
1019 168
111 150
878 646
1131 489
966 159
1061 240
904 519
1017 324
204 336
1016 27
1005 311
955 167
1012 32
854 303
494 349
936 349
926 384
999 80
1013 17
938 278
1221 456
195 122
940 117
285 231
887 697
956 569
240 237
424 254
923 128
890 93
962 133
918 112
958 95
1091 532
277 215
293 194
1035 83
268 640
309 297
359 704
904 709
901 538
967 240
993 16
1214 328
299 38
965 145
986 44
900 288
955 2
408 78
1234 326
892 652
896 682
891 97
1020 276
968 119
948 324
395 228
979 45
981 119
398 343
1012 323
1141 466
955 457
1031 153
1000 18
1231 260
886 317
929 533
967 152
1010 133
997 162
911 664
1040 207
886 178
895 44
912 74
879 363
931 325
910 145
902 253
923 219
935 53
903 71
881 657
961 275
898 268
998 329
1222 204
923 33
912 587
893 494
978 41
969 99
929 338
993 111
1002 356
905 439
866 467
909 616
932 218
925 103
995 120
953 60
922 374
914 380
913 261
907 476
925 508
930 405
552 582
852 563
920 564
927 249
972 245
947 138
667 165
937 456
678 283
1222 297
950 365
932 331
500 532
941 83
975 84
941 12
934 30
908 25
909 33
928 58
911 62
944 247
952 193
941 149
983 147
954 131
272 161
886 436
1002 99
973 113
979 36
1036 19
894 30
965 140
1221 223
891 378
949 122
919 34
1004 20
932 181
962 244
988 213
840 560
368 551
932 317
294 316
959 341
1227 333
893 487
905 485
1106 439
1077 80
995 94
994 76
990 6
906 56
1043 35
614 172
944 148
244 134
907 236
904 226
918 559
933 559
904 705
865 4
884 25
901 49
989 121
971 160
983 208
916 254
915 231
893 501
928 481
1214 397
951 414
912 296
885 382
954 106
1033 96
930 79
920 17
1023 42
1063 141
937 134
911 159
947 221
1042 245
895 255
954 393
898 389
924 499
228 367
1216 320
928 307
920 565
931 686
904 692
914 647
1064 104
931 96
987 74
974 73
994 67
937 14
1035 7
917 25
992 60
969 52
1001 34
1016 208
994 216
1001 198
429 177
930 145
950 153
835 432
890 430
918 479
936 505
889 515
1201 598
949 30
905 59
934 66
928 240
992 247
943 358
946 368
895 323
909 289
964 289
1021 265
911 442
1218 420
891 490
926 589
969 5
886 0
952 38
937 85
952 90
986 79
1050 118
954 125
906 295
1241 309
141 339
925 376
905 432
879 434
934 410
487 473
866 679
914 662
890 633
897 629
929 513
983 120
988 116
968 102
989 66
975 92
968 32
900 34
897 42
923 5
853 21
909 21
994 211
924 214
1106 193
1009 226
941 180
901 191
1024 136
902 469
910 477
936 453
951 491
877 388
1225 413
123 412
916 311
909 305
898 315
884 261
928 273
984 612
888 619
842 601
935 522
937 519
911 530
889 104
927 101
945 121
980 123
947 119
961 89
1093 90
921 93
907 82
915 75
952 55
1011 55
988 57
914 59
974 35
878 25
975 29
929 15
911 194
942 212
395 230
927 244
995 168
984 164
944 176
999 182
365 185
1021 154
971 158
994 148
934 326
938 351
961 339
112 373
930 369
914 377
905 359
874 360
1231 298
885 316
1003 316
1003 258
1017 271
892 453
1226 454
913 479
965 473
876 500
884 409
912 432
936 442
863 620
860 621
899 609
834 636
934 606
876 602
915 570
108 550
884 524
905 640
1049 102
930 104
904 105
971 105
1031 114
925 126
970 88
947 91
1058 80
994 75
935 69
560 70
953 18
953 19
955 24
995 13
910 15
1029 5
1024 1
948 63
925 61
915 59
966 58
977 54
1009 44
924 32
922 37
961 255
331 243
865 243
1019 238
915 227
973 197
986 201
963 207
1009 214
1008 212
947 213
939 160
918 161
965 173
962 172
1030 175
1010 170
94 168
973 186
1012 178
947 181
917 132
924 134
1073 128
1103 142
1071 139
1087 146
1106 146
888 147
1010 145
910 333
911 331
975 339
876 372
1227 370
885 367
923 289
930 307
907 310
916 287
964 283
896 272
997 256
958 258
1224 266
952 440
896 417
928 417
911 431
472 400
884 400
955 403
878 386
967 386
929 505
1205 505
904 485
939 653
829 664
969 676
955 690
894 552
989 573
877 593
839 587
326 627
934 127
924 114
1014 109
975 108
914 110
1085 91
1006 80
1026 76
951 77
983 66
969 62
916 51
890 46
887 32
879 7
857 13
937 16
655 20
898 20
1015 21
882 31
1228 249
877 255
920 241
1027 224
914 226
896 237
958 234
875 235
974 214
894 209
917 194
938 190
1009 187
854 161
914 160
966 165
1073 174
923 140
1053 141
918 145
417 260
1007 265
987 286
920 272
903 307
880 305
949 312
989 292
508 357
897 353
866 360
935 364
896 369
1234 369
901 380
970 321
1017 325
886 349
921 349
886 338
882 340
914 438
875 433
892 447
910 442
892 419
864 416
879 391
894 386
169 399
905 399
908 400
897 488
887 503
926 502
899 456
947 471
1227 467
933 479
901 514
946 519
857 527
908 532
898 530
876 545
996 573
958 575
905 564
889 620
918 619
906 628
945 625
888 595
907 596
886 666
865 660
860 659
944 719
927 66
1070 64
992 72
969 90
345 103
997 102
939 101
1098 107
922 109
989 108
946 110
1036 121
1019 115
934 23
962 21
936 24
1024 26
902 30
969 9
897 11
990 11
902 12
871 4
1065 63
979 61
893 58
895 52
904 49
941 44
933 43
962 42
1033 33
940 38
1087 227
1015 225
993 228
977 234
942 219
912 217
1049 222
906 208
716 213
902 213
1046 214
990 198
937 196
1009 203
870 206
1015 204
1113 170
975 175
901 166
910 184
906 187
962 179
944 177
992 182
904 155
938 154
883 158
944 136
976 137
1020 139
942 143
1118 143
995 132
971 130
938 262
1226 257
1219 265
1003 282
1019 285
1008 276
880 277
506 298
910 316
960 316
1014 304
906 332
1215 324
1002 323
935 339
887 338
895 338
968 348
976 353
920 355
923 357
955 356
909 361
891 507
955 508
888 496
889 484
885 488
526 492
903 453
914 474
906 407
944 406
950 412
1214 408
921 388
927 417
913 419
912 425
896 431
1220 433
920 440
890 550
907 548
155 555
934 568
914 521
938 527
930 516
912 542
903 537
913 528
941 532
928 615
890 593
895 647
1056 669
926 672
904 70
554 71
959 69
1037 67
996 65
997 65
958 76
1022 77
997 72
957 73
935 80
1038 84
935 95
925 91
1014 91
1016 105
951 109
996 97
1096 122
893 116
892 48
889 49
1012 51
934 54
947 63
896 41
913 44
1022 47
919 33
913 29
877 24
937 24
920 26
1004 16
1001 17
980 10
1038 15
1044 12
963 0
893 4
982 7
969 226
1056 231
909 239
922 253
1068 218
945 216
910 222
920 199
554 153
972 153
966 145
937 151
999 129
1011 140
936 142
1014 188
961 190
910 310
867 307
964 291
907 289
908 294
1225 297
907 274
1007 259
910 261
911 347
905 348
904 351
1008 334
1001 354
959 361
903 362
374 381
933 383
883 401
944 403
912 407
1219 410
447 384
895 432
901 434
150 443
870 466
892 464
877 479
901 462
977 504
858 508
858 509
880 557
894 564
888 574
836 523
957 539
1143 528
1183 634
891 622
909 584
906 650
947 64
982 76
1015 90
944 85
1074 87
908 110
1027 102
950 96
999 114
982 115
981 126
968 52
1039 50
1022 57
905 42
904 44
992 22
889 0
895 0
985 5
898 197
984 203
893 211
1223 220
982 252
931 249
987 228
968 175
917 171
1015 164
1011 139
1127 136
972 154
930 277
935 279
942 275
1216 264
1216 265
926 337
870 349
966 348
896 480
843 498
919 472
872 410
889 388
885 567
877 570
929 713
937 82
897 84
1021 91
1013 75
973 104
980 100
977 118
1010 20
919 32
863 36
925 36
1043 53
946 149
1000 182
993 173
944 216
301 203
933 601
901 344
870 439
1016 87
953 84
952 115
941 31
878 33
1231 412
923 402
942 520
992 127
1043 185
955 147
885 554
895 335
964 74
999 158
959 18
997 71
951 219
919 276
923 295
891 382
892 233
938 543
878 357
976 117
968 26
906 503
950 503
934 345
901 453
961 594
854 632
933 32
130 656
934 340
1227 459
896 572
925 377
1006 265
911 339
958 56
978 58
1057 203
936 533
991 2
924 289
895 53
960 181
974 212
1071 253
911 242
936 258
1109 133
904 107
1002 96
926 247
947 417
940 179
869 625
897 324
926 587
860 216
953 103
872 414
950 538
1023 99
960 209
652 418
884 48
998 108
912 325
903 64
1037 145
894 472
890 239
889 146
907 453
1011 135
939 200
923 361
937 139
966 50
920 89
895 483
930 404
972 244
889 148
917 61
872 121
928 489
1004 318
903 181
884 407
982 200
960 154
911 406
1026 71
933 119
995 156
987 187
975 218
890 598
956 644
941 455
934 348
979 360
919 69
994 127
898 33
921 252
942 131
952 587
851 617
889 551
940 521
917 335
910 347
1226 375
904 291
987 256
1222 270
904 421
929 499
942 94
1006 122
944 103
1041 52
907 166
1020 136
58 248
1214 248
884 525
898 649
993 310
953 299
964 262
211 383
981 322
924 24
1017 16
1006 15
940 36
933 215
983 203
939 221
895 258
933 381
940 360
901 417
897 431
926 395
895 475
866 512
917 618
992 236
951 224
875 183
1021 190
959 169
974 156
1004 155
957 145
922 83
922 86
980 113
932 110
924 61
891 317
1220 313
1225 276
968 269
936 378
917 374
961 423
906 416
939 411
889 485
898 600
891 577
911 587
980 88
962 93
997 115
1067 119
875 249
882 244
1032 170
973 180
952 177
979 152
931 149
991 273
935 278
868 256
921 259
941 363
892 439
914 390
909 511
959 551
930 547
883 622
909 659
863 675
870 677
1094 85
907 108
895 33
960 33
928 35
995 48
338 57
926 31
305 17
921 255
961 243
983 239
1020 196
1018 187
955 191
1123 157
941 130
524 131
883 367
1213 386
949 388
1227 403
958 627
939 656
1021 119
1003 67
924 71
902 82
961 82
1024 95
1032 37
986 231
887 225
913 178
942 179
1069 129
1012 142
900 399
900 410
909 413
917 259
953 365
871 370
947 547
871 541
923 121
925 84
1007 34
911 36
892 40
994 23
1029 19
852 9
892 222
920 232
893 268
952 478
944 506
953 633
936 229
903 60
946 557
905 437
997 157
924 126
882 556
902 172
1055 174
281 266
983 58
935 228
879 292
927 95
884 290
939 94
896 561
894 423
958 266
906 36
963 351
984 258
956 28
990 217
945 593
915 274
918 616
928 381
902 159
899 278
910 259
915 422
930 594
859 618
983 178
845 615
966 199
878 189
958 306
897 496
950 177
974 126
916 34
930 148
950 511
944 44
1004 10
952 66
906 527
986 210
960 183
886 59
910 214
974 173
888 317
1053 10
906 229
916 272
1025 47
921 340
948 132
905 133
902 19
924 140
993 561
513 343
923 342
867 577
885 598
959 47
996 164
1047 164
881 459
938 402
895 396
954 364
994 193
952 187
933 144
1008 131
950 119
1024 105
977 82
933 77
919 608
1007 283
878 456
930 487
986 191
944 175
942 146
935 195
921 106
925 37
882 557
890 493
876 330
991 187
1021 130
952 244
1039 201
995 113
836 611
936 348
1021 141
854 257
895 684
1008 3
1015 16
865 484
912 264
940 50
466 455
888 255
929 102
460 160
996 400
908 0
1003 364
948 67
992 114
529 509
917 256
993 225
874 570
917 441
931 141
1033 65
898 444
1128 167
906 496
392 715
946 76
974 654
992 192
984 53
875 372
960 11
946 170
967 219
938 445
1040 64
938 271
900 397
900 304
864 148
927 484
1008 192
885 211
881 384
1028 166
905 102
979 138
1219 344
955 130
960 117
864 0
937 3
919 335
925 198
995 192
925 87
894 5
850 379
907 481
706 42
1011 29
964 473
1220 356
1172 247
975 47
990 183
923 28
921 595
853 641
1138 187
911 494
941 178
975 203
876 385
955 382
889 492
969 244
1015 220
954 138
897 144
1113 197
997 141
949 137
1040 151
1026 181
927 325
890 591
1021 29
907 233
935 374
922 303
929 447
913 531
892 31
918 349
999 75
940 227
989 1
922 125
1013 108
875 698
914 468
924 14
916 307
872 482
953 287
1005 86
878 662
919 121
972 15
298 205
981 567
911 13
930 127
153 344
957 112
938 250
995 579
960 148
912 317
1015 112
908 43
953 328
912 509
906 125
958 198
947 465
889 259
888 54
872 231
936 87
940 196
890 357
940 112
946 140
921 441
997 282
977 208
850 342
947 541
956 156
948 540
936 139
901 399
874 419
915 471
896 507
1008 208
942 1
926 103
918 70
900 14
962 75
871 78
357 95
1162 401
949 297
984 171
900 546
997 51
901 55
883 34
982 154
1062 222
1007 336
893 327
1038 53
920 432
994 8
906 174
861 279
980 167
913 533
908 387
898 324
953 89
843 575
926 170
1021 24
904 341
432 118
982 245
914 409
988 285
885 496
940 18
871 436
985 103
1051 50
922 683
932 231
1013 289
914 455
888 384
905 104
926 235
893 572
967 275
931 250
934 106
913 490
1221 243
881 211
924 298
976 71
943 39
952 232
935 172
988 145
911 264
1230 457
890 443
854 513
1010 120
879 304
1220 304
1055 256
1015 182
1219 365
892 429
898 497
997 228
954 122
907 83
864 405
912 111
935 452
1024 237
876 282
966 43
891 560
950 29
910 667
887 429
923 215
974 62
946 324
924 705
891 386
963 56
1060 60
952 23
924 228
965 149
864 592
998 115
927 33
935 218
895 497
925 88
965 244
979 43
852 651
934 114
897 78
866 647
1011 0
992 258
867 413
930 658
914 507
959 99
949 566
874 95
1028 136
938 24
912 343
854 652
960 8
954 598
980 70
1018 13
914 58
908 404
853 320
912 446
908 347
973 188
874 539
1011 34
983 177
853 255
1230 373
943 513
998 70
941 127
652 366
942 475
1003 328
895 576
919 616
869 415
968 229
900 206
911 404
877 559
986 157
1053 147
918 121
1016 35
953 447
965 576
920 194
926 544
884 392
1011 355
1001 355
893 81
937 106
1057 23
880 133
492 473
1220 235
948 259
911 204
920 70
959 245
986 232
1005 40
886 381
633 261
1236 280
828 594
951 53
920 683
931 37
1227 296
987 98
1053 26
949 91
970 141
897 564
925 223
954 352
898 134
1002 49
938 3
976 80
1083 156
965 181
951 62
1040 14
957 92
921 533
907 251
975 9
914 499
936 314
889 7
429 501
908 498
967 172
980 149
1023 169
867 531
162 448
907 412
976 575
107 321
935 186
951 398
969 268
534 154
234 352
857 635
896 688
946 276
408 580
883 427
969 169
933 73
976 70
898 454
970 19
967 568
944 279
1120 521
948 403
886 434
1027 21
907 451
876 661
896 533
957 182
917 517
919 36
1216 342
896 701
1073 130
969 91
956 149
931 375
1213 280
936 116
958 185
936 205
919 387
932 324
920 62
985 255
1009 250
857 679
1188 565
949 198
895 526
927 551
1218 197
893 486
987 73
987 113
866 319
906 219
903 86
883 529
1013 253
888 63
931 17
867 687
943 235
982 98
830 687
933 116
898 481
935 304
937 543
881 9
935 142
892 309
911 230
944 70
1039 121
937 538
1226 368
999 298
996 202
1084 537
1014 646
920 300
1036 147
891 442
993 33
887 276
1225 374
984 150
944 157
950 109
952 37
888 304
1026 187
914 179
977 175
994 219
930 62
992 136
907 410
911 426
942 65
942 25
919 97
924 436
1033 27
899 198
888 389
82 475
980 79
856 643
898 391
965 207
1032 45
1020 195
933 345
971 35
975 28
889 676
926 318
990 196
898 654
1004 116
876 547
963 96
910 433
1025 173
935 270
982 13
861 25
885 609
1003 314
931 54
969 39
1027 88
887 521
993 326
900 221
957 267
993 129
990 617
890 398
888 29
952 671
931 51
520 155
235 25
991 299
1028 186
903 312
948 469
914 483
922 8
970 106
984 23
929 477
1222 282
1106 99
949 60
1058 75
893 638
957 11
905 260
1005 14
1114 499
930 604
878 240
996 18
965 74
893 231
888 298
949 194
942 151
896 254
589 186
864 459
157 392
911 437
170 301
530 274
890 286
891 58
996 642
925 421
899 547
1060 138
978 36
187 274
868 220
904 24
1009 99
457 257
931 669
1130 446
479 255
852 550
499 162
171 293
104 461
229 209
889 402
461 502
954 19
924 250
648 154
918 127
198 174
295 113
516 397
1013 127
667 238
509 12
391 219
129 232
947 251
387 609
1037 687
947 608
920 694
876 682
143 108
959 204
895 521
442 377
664 26
409 354
419 65
477 387
562 326
590 177
157 480
783 549
462 385
170 239
881 328
360 58
326 296
1124 516
311 650
884 5
935 5
577 476
75 339
581 334
176 381
1059 166
510 167
686 76
333 341
510 336
347 22
876 164
357 100
920 675
866 416
562 314
1056 37
871 249
358 111
413 44
1183 221
527 182
583 209
897 529
530 417
983 134
503 529
923 13
921 718
131 323
521 334
965 176
603 565
588 172
293 35
590 337
950 193
24 441
1006 719
398 2
112 194
585 552
466 295
397 24
511 556
144 451
437 313
127 302
500 536
324 677
148 190
571 164
195 335
535 56
133 172
628 93
905 165
414 300
304 102
215 373
177 458
465 482
137 502
627 331
530 276
995 298
892 355
400 326
641 513
359 501
278 363
893 18
367 41
402 698
892 577
320 335
357 78
913 228
534 125
385 50
732 136
172 103
981 252
1017 232
241 675
881 358
368 448
979 38
988 93
157 227
882 535
175 8
925 349
974 590
224 273
1043 691
450 151
158 293
543 90
513 131
535 146
932 190
464 496
599 543
206 335
548 598
391 325
1003 195
237 221
483 281
535 297
210 627
593 379
580 325
1046 222
974 151
340 625
891 558
259 241
308 487
881 604
188 79
945 320
479 530
441 152
256 396
448 176
164 443
560 367
381 208
366 203
429 593
417 632
411 230
538 388
923 96
207 538
146 202
1021 687
275 233
299 276
923 186
485 339
927 518
636 328
359 122
974 97
890 120
418 433
962 195
65 404
157 200
580 289
735 622
393 319
282 489
121 162
718 439
173 246
377 315
722 588
332 170
243 564
122 171
412 270
1030 158
975 25
927 611
379 48
904 48
907 449
461 148
885 421
423 289
601 154
339 195
499 526
316 293
344 675
594 358
614 386
144 598
468 151
444 390
247 383
378 565
311 484
665 205
999 15
1044 657
253 430
348 261
145 335
292 79
149 404
520 505
888 523
1221 281
137 447
407 396
431 160
406 1
233 270
611 50
522 506
578 348
414 579
180 186
215 542
338 279
724 328
869 551
432 66
638 30
999 396
932 616
918 304
889 116
375 97
344 443
279 589
362 632
960 149
608 380
280 355
515 242
135 221
160 470
902 485
202 554
444 524
185 440
986 35
903 134
404 157
453 304
182 431
958 89
1043 709
890 426
455 307
889 644
603 296
706 504
1027 667
522 192
390 314
956 103
95 466
1083 595
976 39
469 365
429 527
397 139
449 591
399 681
528 363
350 601
879 20
284 499
1008 2
314 440
667 199
658 60
601 131
404 178
448 288
640 518
220 445
1022 240
374 252
169 326
1011 195
673 368
982 610
899 123
1062 634
1228 229
887 432
489 270
400 18
656 103
249 464
161 122
889 347
745 117
219 91
907 253
163 384
474 159
121 363
190 462
446 239
903 506
315 114
256 380
79 377
311 401
615 56
952 69
563 342
1146 434
450 140
119 451
935 385
968 91
593 106
241 321
895 503
401 54
1058 144
491 494
883 339
496 157
891 232
913 486
896 555
234 353
982 143
402 682
375 237
281 20
901 198
846 329
298 281
981 167
155 483
884 34
1061 96
560 297
535 8
115 367
914 406
118 305
513 256
502 33
453 135
212 302
914 37
451 120
323 257
1022 189
972 119
886 283
756 625
1012 76
87 482
1042 41
918 229
1017 179
360 546
903 216
1009 718
945 161
441 102
347 392
464 28
466 8
931 116
952 68
453 178
1139 474
1057 201
874 583
903 58
1121 494
930 412
845 528
901 197
385 124
877 280
1008 257
975 142
280 448
889 348
176 231
916 245
967 187
971 138
280 602
391 465
944 45
285 62
905 476
683 483
986 206
955 460
511 276
605 286
284 93
70 490
909 389
943 434
1065 635
1030 2
969 59
953 116
923 67
226 256
942 231
903 297
945 556
289 143
276 459
203 203
116 421
288 227
355 152
923 43
190 150
287 247
961 652
875 510
476 235
202 453
898 360
178 624
987 0
962 40
898 515
1109 180
164 267
126 366
1214 271
883 50
294 158
949 421
954 188
618 297
228 277
905 101
951 246
1003 12
477 50
854 553
988 227
451 600
946 63
938 223
190 394
521 411
591 53
969 75
579 91
892 509
323 52
329 191
867 419
470 62
326 457
1068 175
208 682
949 129
499 119
168 276
898 27
931 8
317 241
539 247
124 521
871 558
899 313
202 210
947 370
184 565
308 404
333 703
404 198
454 661
837 40
397 367
409 160
986 22
328 111
938 549
544 86
322 195
893 330
168 554
204 404
938 399
922 556
674 408
255 184
92 555
254 636
611 161
892 63
323 493
1083 544
907 385
55 641
225 180
926 171
915 299
906 95
624 362
135 650
113 348
914 479
69 327
1227 354
250 188
137 570
350 120
936 451
263 270
331 111
975 239
134 495
952 577
113 518
1034 120
158 460
631 205
330 84
98 554
611 202
900 426
896 367
925 487
82 273
449 243
397 358
960 227
956 78
988 54
196 633
298 277
1003 207
566 89
191 484
512 196
897 441
929 127
608 283
166 312
1121 552
526 111
941 185
886 447
268 276
304 374
295 158
713 413
275 247
1106 504
598 213
93 375
478 180
234 580
1016 118
228 336
1142 474
1014 99
932 100
337 393
303 115
1001 23
1000 31
975 126
349 64
200 186
226 224
241 164
1006 29
470 293
190 182
896 293
1026 180
174 435
462 424
275 590
886 303
327 286
352 191
597 358
609 456
229 82
913 443
478 561
266 389
866 268
261 313
185 349
929 90
92 357
518 73
243 409
876 411
983 33
442 32
912 173
461 613
153 168
474 274
412 231
181 127
605 525
978 47
533 344
606 114
1113 459
314 540
149 186
903 400
456 281
98 317
63 405
934 45
419 105
703 526
408 333
273 83
266 250
84 210
363 116
893 576
896 485
528 277
765 303
432 285
1013 143
148 286
358 66
982 60
418 403
1005 84
194 149
280 275
544 466
211 412
137 148
113 390
928 173
1131 205
652 51
504 120
752 79
987 22
427 203
606 335
423 285
973 151
300 218
906 175
426 518
634 132
916 26
910 72
204 447
91 416
63 262
891 2
371 245
128 384
648 512
884 530
118 211
341 86
893 409
518 326
109 266
958 205
212 376
397 312
383 144
958 94
362 331
315 654
211 545
917 261
139 330
987 9
236 373
122 568
345 37
193 217
255 354
383 427
971 172
614 132
919 427
144 468
447 184
365 392
194 218
146 377
234 498
411 239
331 55
116 345
486 21
472 342
852 179
354 395
611 207
116 217
389 47
993 49
1140 446
245 249
929 404
389 177
543 568
284 570
906 69
368 465
680 364
922 65
104 199
156 489
933 36
191 259
945 76
394 323
1148 428
570 216
962 69
877 310
670 274
1106 88
1072 103
362 425
606 185
985 64
493 424
989 50
893 154
920 147
1015 32
576 12
932 492
150 540
423 118
220 231
949 271
670 494
943 70
856 99
1022 650
219 393
915 407
891 342
988 128
475 614
1017 61
338 102
894 359
906 372
87 258
199 370
902 702
906 146
270 413
1057 147
915 253
997 118
840 516
95 238
1230 400
840 381
557 2
970 2
928 178
961 6
897 212
918 207
864 95
240 426
343 243
953 301
103 348
947 23
871 218
879 257
1028 13
959 141
878 29
908 330
346 155
886 84
1104 142
956 277
887 37
878 529
932 361
893 288
974 121
130 342
899 74
1241 397
243 275
975 208
286 319
1013 278
963 180
934 198
1009 230
450 34
1013 185
891 20
946 212
944 674
960 256
912 220
901 229
999 177
938 113
885 65
1022 30
947 47
927 379
182 405
94 189
934 93
960 215
908 238
996 165
844 513
576 142
935 208
442 572
894 667
883 222
183 551
1031 183
977 680
1002 187
908 405
310 491
431 326
398 502
203 341
440 182
546 247
480 449
396 546
305 31
905 420
1012 228
421 5
987 234
927 54
998 155
604 435
929 66
951 37
156 376
92 365
313 365
864 313
613 181
431 252
934 221
409 281
135 318
942 38
168 544
140 332
371 433
284 629
39 357
188 698
1020 84
425 574
908 59
900 653
263 310
557 418
1012 3
554 216
415 85
202 240
500 345
929 214
875 379
955 361
360 37
942 177
899 513
327 103
946 161
950 44
909 10
928 64
320 629
886 620
136 156
949 199
906 339
897 16
61 427
978 40
898 80
723 499
246 559
1005 66
950 564
438 577
887 262
950 157
888 377
63 475
921 404
389 385
1010 18
886 553
270 102
1038 27
1022 683
471 308
341 268
947 87
970 113
943 6
950 52
959 229
997 212
1016 138
1008 197
934 170
945 414
704 322
1220 241
890 510
973 92
994 53
879 516
313 51
901 512
259 390
947 390
966 257
933 303
884 220
940 277
449 329
891 388
905 111
879 8
1219 399
921 90
918 276
361 94
1129 455
902 233
946 124
247 315
901 242
1131 168
940 27
860 514
886 365
929 417
909 292
971 29
869 659
1023 190
924 562
945 705
936 3
1026 3
903 332
942 287
1071 233
866 377
1216 494
973 217
1019 240
874 29
493 100
868 633
889 444
928 197
932 347
682 105
398 168
867 542
911 518
326 117
950 560
54 503
368 7
1012 187
893 584
872 640
1060 59
991 7
935 484
926 427
877 662
942 104
295 320
961 39
916 31
945 545
1010 65
990 30
879 492
937 77
1035 197
892 339
883 558
907 68
920 435
296 300
871 465
884 607
946 248
1216 229
866 387
815 636
914 111
904 418
896 441
937 614
1057 214
938 48
1167 647
130 391
1083 153
903 171
930 515
374 126
965 16
1062 50
902 105
940 572
964 83
896 454
951 194
1009 288
947 59
1032 17
873 9
662 541
973 544
935 444
901 481
895 125
947 89
947 82
885 635
941 10
970 289
938 476
1092 607
1029 12
884 29
985 179
931 130
979 130
902 363
949 629
858 366
954 40
616 205
930 158
188 284
962 261
900 347
898 8
936 134
934 122
959 135
1012 110
1003 127
1024 170
919 158
278 518
974 211
909 518
212 497
929 240
846 295
912 0
920 152
565 524
967 301
169 339
918 58
956 104
1222 425
99 440
132 92
967 123
950 415
904 318
955 214
976 27
1058 577
874 498
986 90
908 480
979 252
997 238
938 308
438 201
907 7
480 298
960 58
102 463
928 603
901 400
958 172
981 103
880 159
681 314
907 100
887 253
900 29
918 676
1000 22
589 197
1014 16
1106 156
917 232
940 60
916 15
917 225
436 86
932 474
964 483
925 497
861 413
681 253
957 27
150 429
891 35
935 503
884 296
312 462
474 23
1015 218
1011 171
536 192
563 491
916 346
976 282
976 4
886 298
966 53
922 441
229 341
889 80
394 175
891 487
144 392
595 232
889 63
298 150
897 530
879 171
1009 24
608 94
314 47
529 333
494 214
904 69
950 273
874 354
1059 26
966 104
908 517
984 44
885 38
900 371
988 262
949 149
968 103
235 19
492 210
889 428
1218 341
939 343
1063 68
273 223
971 115
224 321
867 623
930 337
907 225
526 285
909 233
598 522
106 558
1057 234
853 0
911 121
941 187
920 314
977 204
902 21
948 148
942 91
945 1
950 175
893 535
886 1
924 200
943 564
896 421
963 145
968 132
881 424
133 604
891 392
216 415
529 156
882 327
1124 471
576 584
984 228
500 157
919 63
495 159
890 413
474 615
884 127
922 204
916 46
966 177
893 590
884 640
988 164
909 14
908 281
942 59
401 90
358 430
584 626
874 343
995 35
603 30
307 89
947 88
170 463
949 100
271 425
878 23
174 603
85 476
895 378
135 546
910 18
141 177
889 45
995 42
852 22
869 494
922 141
206 369
233 717
162 632
971 65
949 191
902 36
927 391
1005 131
859 549
185 507
965 141
532 289
973 174
1113 563
895 87
941 257
905 339
665 398
948 23
1017 81
930 72
1000 48
1047 142
937 137
945 187
907 64
983 617
841 513
146 268
951 114
1015 269
614 217
865 446
1006 402
1223 244
975 252
626 203
293 336
1225 342
874 168
331 527
997 68
369 369
972 218
874 648
883 631
396 559
885 39
1217 421
455 281
1038 68
926 135
361 224
212 479
164 50
682 665
967 16
910 444
1077 98
913 268
958 51
214 126
336 424
1110 520
868 550
291 635
276 368
949 95
893 248
179 421
1149 210
981 55
126 342
361 462
938 327
307 465
957 500
301 114
888 462
905 184
977 68
1003 117
918 129
917 92
931 699
566 197
37 128
103 411
194 383
994 93
984 188
252 88
601 164
953 12
866 480
65 522
877 381
528 108
921 304
920 50
116 343
674 502
537 98
176 253
920 37
437 328
933 59
278 141
932 189
275 368
428 131
493 415
200 708
268 258
287 296
465 421
1094 488
966 182
458 494
194 394
901 483
868 16
899 345
54 486
1042 242
613 348
594 338
986 17
485 204
945 177
896 514
108 548
937 53
328 417
194 358
197 376
186 421
897 479
675 480
632 368
411 689
928 220
295 130
231 231
970 63
156 668
326 12
355 250
982 590
433 235
997 92
81 257
209 101
239 431
925 387
1069 103
936 253
271 134
480 286
933 4
588 361
872 381
547 165
927 218
1036 129
915 324
959 226
958 517
909 388
951 47
938 317
903 584
636 27
185 356
1025 225
923 417
878 535
1001 22
429 157
903 279
227 488
1013 693
908 277
1210 358
923 14
461 495
959 247
906 487
588 373
293 291
887 289
936 185
610 559
981 41
489 399
894 285
951 387
927 491
898 474
658 514
476 327
543 295
957 340
162 243
915 332
460 159
628 176
995 319
534 96
935 134
924 247
989 11
240 145
406 75
133 439
959 62
893 60
651 663
922 335
909 57
356 660
976 205
909 165
873 403
208 135
843 625
163 456
957 632
496 440
878 564
580 292
994 337
1029 188
449 540
947 540
928 11
185 331
880 228
911 168
1018 26
349 428
988 267
747 179
562 348
521 629
933 363
636 316
894 18
1023 210
961 169
145 325
983 162
546 595
977 228
559 245
919 444
970 79
92 528
448 220
952 598
129 343
965 80
176 298
857 295
984 166
882 518
918 30
933 318
992 237
870 346
190 361
988 129
879 604
922 387
186 305
880 0
196 569
981 81
912 657
368 510
889 399
936 2
942 6
988 75
164 433
1033 664
144 676
951 130
181 573
307 431
492 118
924 284
916 347
1217 255
498 465
1016 286
648 62
960 4
991 183
880 647
913 277
945 127
858 408
884 590
1001 56
141 590
175 209
884 513
904 388
880 598
1090 130
272 466
872 477
1035 8
913 506
243 344
973 309
653 218
957 215
964 95
223 220
497 394
391 221
886 442
881 369
369 33
872 42
934 11
945 90
342 339
470 339
993 98
543 285
1000 159
143 93
300 452
914 536
107 467
530 625
914 125
411 506
1018 60
515 584
264 419
308 37
970 94
891 588
885 403
112 448
971 5
386 546
414 209
1006 68
163 607
965 253
417 712
277 155
540 78
96 361
328 276
616 219
926 141
506 506
343 574
923 602
525 269
363 587
470 146
977 418
660 263
1011 86
605 391
965 394
577 334
195 696
342 92
192 413
437 208
577 463
891 456
1137 482
925 211
299 36
833 270
121 527
532 251
968 16
109 542
131 337
256 7
1122 464
864 449
1037 229
236 471
942 135
508 128
900 461
1017 114
956 115
871 381
162 327
946 141
440 503
377 246
683 449
882 24
187 538
1176 474
930 159
363 396
1014 32
935 192
354 93
885 50
310 66
218 331
386 301
937 311
943 291
1179 140
915 372
599 77
280 290
1120 473
171 648
997 277
376 157
933 41
1059 72
973 128
998 309
668 99
988 76
990 244
893 370
117 183
1016 199
217 556
898 317
274 285
556 438
1225 373
1012 35
926 85
526 101
1013 344
956 128
311 362
952 518
988 36
899 682
843 415
398 512
1008 233
916 165
978 146
860 404
623 3
933 86
881 534
901 413
598 224
909 294
964 243
902 368
925 8
201 218
991 148
690 423
985 111
952 20
568 217
914 421
613 422
913 145
324 319
299 66
1022 666
976 269
688 104
1009 11
344 629
950 203
208 208
917 52
97 502
439 210
964 21
151 606
588 60
878 442
278 353
930 84
106 117
893 524
966 99
1053 681
912 268
910 559
897 219
686 382
390 80
863 612
883 291
861 337
966 171
1227 351
965 73
416 14
930 282
584 251
963 240
871 473
225 410
945 239
892 580
920 296
897 667
905 513
263 312
944 312
925 280
218 504
911 75
906 340
915 375
899 550
912 195
895 62
958 135
549 116
924 36
122 420
282 19
938 36
1012 280
882 451
1009 107
876 657
939 11
895 407
915 210
935 350
922 605
938 222
1007 54
874 622
1073 575
910 406
877 337
889 382
916 362
962 54
1005 88
484 527
909 586
938 354
918 298
915 483
1052 118
899 354
121 447
331 54
553 61
393 658
909 198
1213 252
893 368
943 475
964 123
897 459
1038 1
278 131
898 110
982 396
1104 511
968 234
963 265
1225 308
940 578
913 290
995 49
176 291
885 60
517 497
1232 399
916 149
888 141
1030 102
127 80
882 462
864 231
937 81
400 11
906 534
1010 706
970 229
504 195
451 38
913 5
931 517
879 460
952 164
935 578
930 358
957 113
923 111
1220 393
1013 176
935 190
892 634
1213 326
911 423
945 532
1025 139
935 165
1085 120
87 359
1004 66
888 184
908 326
908 425
972 58
1018 47
911 83
950 86
962 84
984 147
1007 173
858 168
1006 171
974 215
902 318
860 380
1223 483
520 444
917 421
886 397
900 571
864 540
1015 669
1066 90
899 94
874 74
968 78
917 66
905 28
925 22
920 154
1037 170
964 313
225 367
897 368
879 455
84 458
944 482
923 422
892 125
1096 104
900 88
926 74
918 59
966 231
530 222
1058 196
996 195
866 149
902 277
899 286
964 280
907 348
881 381
895 355
1159 427
347 686
885 675
1115 552
870 617
1089 119
921 84
969 80
902 90
892 20
977 4
861 39
962 33
125 198
946 193
944 235
986 144
1034 128
929 180
1037 168
882 257
1223 363
1226 358
931 381
928 382
918 374
498 343
888 322
909 329
928 334
929 494
909 499
886 471
917 463
873 448
900 455
869 435
949 425
924 406
899 390
905 387
878 661
898 610
909 120
960 124
938 126
925 102
1039 103
523 109
933 71
957 67
954 65
891 77
935 78
1016 78
846 92
974 92
273 57
925 60
949 48
926 54
958 40
275 39
884 39
1001 36
999 7
899 6
973 31
1027 31
1187 244
1017 242
122 239
1130 196
941 199
943 201
1135 172
993 161
955 184
968 191
1014 146
990 143
999 137
900 134
994 273
920 278
1016 277
318 268
922 268
957 299
877 302
955 322
866 326
1000 345
962 354
1210 359
968 367
852 417
865 425
916 393
299 461
924 452
887 480
886 689
855 621
935 626
838 633
845 563
902 523
1013 111
927 108
565 109
1023 122
951 70
940 71
962 67
986 84
1047 47
999 39
941 62
1013 3
927 6
1029 21
912 27
952 147
976 150
989 142
1019 129
920 131
972 182
915 184
892 185
906 186
878 166
1020 173
881 232
859 230
953 229
984 202
216 342
522 336
928 347
912 351
1240 323
1246 404
894 393
629 439
80 433
425 459
960 450
391 464
882 559
911 549
905 545
902 569
900 520
916 589
845 612
952 651
893 653
944 96
933 112
1007 115
928 121
969 92
931 91
932 85
300 83
948 76
919 75
971 66
983 41
944 40
907 33
983 57
961 17
926 3
967 162
896 161
923 184
928 187
1093 155
919 152
1018 150
968 141
917 128
879 197
1004 239
983 241
878 372
976 346
1227 309
1009 280
932 497
929 507
1121 491
886 480
178 460
909 431
874 430
1009 397
622 402
938 598
937 556
945 515
1014 678
889 89
990 95
991 87
880 75
888 67
986 102
941 58
909 55
399 37
907 38
936 30
1005 18
955 6
956 231
902 220
876 204
962 156
964 363
381 361
884 352
877 369
939 296
905 294
911 272
861 667
905 533
907 78
872 49
944 163
941 317
257 303
907 469
945 197
947 97
145 528
941 107
922 269
394 11
202 174
925 20
919 203
959 514
982 77
902 104
944 137
543 443
862 30
978 98
955 575
985 102
919 280
902 283
930 231
897 297
1232 315
935 299
882 508
182 609
967 57
864 277
1235 297
899 206
943 607
900 71
931 227
1011 74
269 7
903 271
896 261
952 101
925 26
959 338
953 471
303 197
1021 101
965 29
922 284
962 466
928 45
122 648
954 119
129 207
195 394
215 450
148 588
970 346
876 397
964 457
888 119
899 490
888 307
826 581
915 73
1218 250
1039 124
881 248
901 277
884 43
913 32
997 37
917 40
995 57
917 532
132 403
912 196
213 148
290 221
972 34
917 199
514 300
992 42
1008 321
921 524
963 513
889 36
888 226
929 89
950 15
854 13
943 130
956 147
905 196
917 76
948 234
259 135
895 203
840 606
1011 108
886 647
866 520
1116 142
1026 22
1023 280
905 351
974 60
876 291
911 54
396 218
930 163
947 14
980 158
924 318
922 430
967 446
698 115
934 428
944 53
935 555
931 525
895 272
1217 330
525 130
886 27
1065 137
341 351
965 474
983 207
371 481
913 318
1007 319
560 540
889 437
987 71
869 557
335 411
903 201
926 161
390 386
95 291
1053 41
967 85
449 696
898 57
874 544
888 186
988 125
842 398
1127 215
998 225
909 85
962 136
960 700
1037 715
853 433
933 97
480 323
957 212
885 623
359 164
872 363
999 201
972 247
887 664
955 350
899 467
951 13
366 602
921 602
978 340
964 125
878 327
902 27
895 607
1216 410
922 420
567 24
913 3
169 337
254 298
932 225
910 154
906 182
1111 113
947 173
959 261
890 83
901 37
957 83
533 201
949 69
883 79
946 74
890 343
924 553
915 118
900 93
923 162
998 16
999 144
140 454
977 99
392 218
1215 426
321 48
953 292
896 386
950 7
980 150
1214 385
950 236
868 242
912 483
1005 99
907 355
884 575
912 59
987 249
962 326
893 157
991 54
896 209
910 502
899 457
862 63
1038 36
1038 151
891 436
562 147
984 604
919 237
1044 41
979 121
941 470
621 362
925 85
964 582
490 529
511 381
899 438
894 173
905 403
925 117
982 67
1001 141
857 458
1223 319
960 108
906 98
935 226
954 309
899 486
522 218
937 89
943 58
365 228
428 573
185 674
420 209
916 396
900 23
1006 251
611 361
114 146
256 245
924 279
1054 104
874 41
979 60
941 124
907 295
913 45
1125 537
209 349
937 186
889 56
242 320
181 465
552 75
938 162
611 373
234 589
1006 133
1003 84
422 126
90 344
968 166
865 493
921 419
970 183
955 499
898 503
499 479
1223 281
602 164
1019 620
930 115
301 296
406 438
993 220
852 5
558 541
921 210
883 651
1048 96
880 500
1155 460
490 101
961 452
411 78
148 108
900 514
929 220
910 520
1049 68
424 92
933 87
174 445
857 582
1051 695
966 109
894 167
188 691
905 8
315 88
1030 88
621 508
1119 540
914 475
974 256
910 9
956 90
200 160
865 531
896 493
946 79
966 176
894 329
909 193
255 177
1092 111
897 288
1028 138
120 463
942 92
918 387
924 445
1229 243
907 45
892 486
976 37
945 154
941 181
299 293
925 466
907 407
882 268
986 133
981 87
902 20
181 217
955 217
880 656
893 448
1214 312
954 428
866 457
955 125
158 604
940 445
858 433
254 340
944 2
915 88
909 304
974 32
420 319
572 397
907 284
986 559
896 503
902 17
912 100
993 169
895 486
867 403
938 64
1010 149
991 116
472 345
947 345
935 259
909 184
961 223
941 113
970 83
961 552
937 76
853 505
900 339
915 142
886 472
405 155
907 137
904 47
878 204
653 502
862 464
941 357
895 283
896 267
950 205
360 215
948 368
944 113
291 412
930 306
567 322
981 91
940 147
974 252
927 163
977 258
995 112
901 16
870 634
954 129
893 555
932 486
974 4
952 506
997 31
903 494
956 33
911 143
936 688
920 450
902 486
970 145
945 61
932 394
990 73
126 247
270 123
968 2
924 76
916 56
1002 170
1112 171
977 181
418 81
923 3
1049 34
901 329
915 74
894 200
908 418
907 195
919 639
953 360
955 526
893 213
955 157
1011 27
907 300
960 129
902 251
935 101
889 184
188 496
956 524
881 532
868 681
914 115
1031 182
899 367
179 477
440 51
949 577
589 325
1011 146
900 336
934 0
902 15
917 113
985 78
534 354
1067 234
959 212
969 202
943 453
940 64
1010 204
917 492
193 631
850 529
1007 291
324 246
917 19
99 282
1037 18
937 685
1021 233
1010 290
1225 396
922 116
1007 101
917 394
874 280
894 243
78 495
961 13
286 388
889 170
908 61
947 449
979 275
1002 293
986 592
968 70
983 69
959 283
944 510
874 436
1009 200
873 659
873 286
125 399
960 112
911 29
863 444
903 67
978 67
924 398
898 325
937 253
917 217
464 627
954 84
892 16
987 474
950 339
902 289
927 191
961 640
885 536
997 330
904 241
605 234
892 550
904 558
989 20
904 657
1006 238
969 164
983 137
944 345
900 56
885 140
980 192
890 373
929 480
894 467
966 156
879 574
338 570
305 361
914 232
930 175
950 102
943 583
926 230
918 101
926 87
440 317
1094 156
978 168
962 80
966 5
555 321
927 669
990 69
910 556
991 55
929 69
996 231
834 334
924 362
908 436
889 535
971 112
963 570
913 205
976 222
549 252
1059 97
870 369
919 279
982 144
895 194
1032 187
949 222
934 181
926 20
864 477
1217 278
414 185
940 551
1224 376
873 195
928 132
468 484
1003 333
881 247
287 219
900 419
440 259
1000 236
917 515
49 347
921 139
1001 99
94 628
191 205
191 207
951 105
947 412
1208 318
915 161
932 72
858 316
172 419
893 374
978 361
853 404
935 662
892 532
149 429
878 457
520 329
898 141
892 295
865 562
913 330
980 238
179 334
704 94
935 255
307 296
377 27
889 328
330 533
597 541
220 137
1026 658
914 174
941 717
641 273
396 706
1118 229
961 36
698 193
153 463
870 505
1004 44
958 413
1113 454
398 262
967 52
203 464
344 29
106 289
353 82
978 33
60 319
279 502
456 473
206 603
666 162
607 424
203 201
900 519
925 95
931 201
1028 204
986 623
883 44
928 195
526 562
1008 11
274 487
316 339
947 303
1019 676
152 176
894 221
588 522
399 520
348 608
896 328
125 584
923 32
68 375
936 358
910 40
948 134
932 206
1028 4
960 111
131 237
144 237
328 39
509 93
1224 355
949 201
947 197
889 68
872 569
933 453
979 244
592 435
858 466
225 501
515 501
472 344
853 587
593 109
1013 86
894 477
904 101
997 195
915 456
592 145
877 417
952 339
391 567
1023 61
894 10
863 23
868 177
377 495
999 196
930 21
930 147
968 220
842 367
174 305
937 315
920 101
877 348
396 193
914 362
913 386
552 245
1060 147
373 333
876 365
885 22
997 187
940 350
994 212
1228 307
878 21
983 569
862 281
969 120
856 411
848 495
958 177
927 113
907 200
928 517
866 560
848 555
912 370
944 49
962 46
916 440
834 80
