305 673
212 298
920 361
1026 51
251 511
1124 695
1162 667
832 6
333 460
1158 458
278 230
169 519
325 475
1147 304
337 536
637 509
346 380
998 686
638 13
797 5
442 653
253 285
689 431
246 509
877 151
374 483
219 109
1014 619
267 295
1189 232
920 678
557 99
216 496
354 422
1003 308
950 79
1129 506
277 403
841 271
1071 315
563 316
1178 328
839 30
907 275
452 358
342 718
219 547
648 705
799 56
442 180
395 630
352 424
334 378
1175 469
258 553
155 407
295 210
185 558
574 161
1188 608
894 411
278 365
258 149
611 522
533 74
1177 69
1036 109
254 485
251 199
644 443
376 526
1170 573
835 490
232 329
632 338
172 387
1144 635
872 301
937 600
492 151
392 521
628 307
209 253
1194 496
254 180
1173 413
261 620
504 139
630 580
1024 694
536 178
147 139
164 427
111 315
344 499
1146 411
1188 464
175 184
209 399
431 677
886 122
139 137
279 197
212 525
372 458
292 425
167 274
1196 367
538 248
916 337
630 665
1000 675
175 283
617 55
223 406
165 174
225 586
461 669
271 296
286 601
627 326
1084 547
1086 295
330 399
1207 566
225 245
413 708
1181 339
1103 581
264 138
179 385
869 524
561 138
598 72
723 641
740 711
232 456
618 395
957 674
428 40
578 467
603 210
237 562
1179 248
1183 387
631 477
643 591
527 110
931 609
811 65
311 352
878 483
277 268
277 313
918 639
845 98
678 534
1133 350
1042 37
313 656
217 520
359 517
1033 34
681 587
250 475
306 659
945 429
755 17
788 500
914 286
1158 475
969 692
332 667
279 172
310 255
153 204
687 538
918 228
615 496
291 285
191 479
927 485
534 157
559 283
601 538
1022 656
642 529
733 41
1159 374
176 481
954 0
234 407
1066 715
162 270
225 163
523 72
245 513
259 480
266 531
149 507
970 655
793 86
705 675
484 48
93 242
294 197
695 571
940 357
556 406
873 221
806 92
197 331
388 379
587 152
348 443
1151 415
607 274
932 10
914 424
680 583
359 564
964 555
576 135
847 163
295 291
157 391
227 124
344 425
1206 309
724 629
830 45
608 72
684 694
650 444
894 188
1181 334
1027 650
143 220
688 603
212 306
509 153
594 355
879 489
570 357
1029 85
987 234
250 183
299 361
817 207
654 612
838 95
1115 569
947 50
407 644
747 159
196 278
644 567
466 231
264 217
765 399
901 249
1172 209
231 132
662 463
610 347
710 703
188 292
1022 196
609 3
970 98
578 424
900 205
661 496
641 361
877 80
944 713
1192 286
233 414
249 96
182 315
638 571
301 346
294 639
317 303
286 362
396 628
910 517
842 272
1022 70
674 688
666 19
1047 145
124 248
1011 415
599 385
602 459
246 498
460 684
1137 658
927 246
839 401
450 593
314 353
182 419
904 278
242 545
277 644
1075 382
261 535
361 606
1163 498
950 63
1029 194
431 640
1021 709
214 53
322 428
335 280
386 552
134 246
797 353
289 31
1043 113
382 388
204 403
1140 301
371 501
401 588
993 338
920 50
1142 438
321 544
183 486
244 152
648 688
191 387
853 168
265 268
1181 196
1015 391
941 64
619 429
998 32
1027 103
1011 118
556 221
698 582
1107 637
373 561
391 652
207 65
812 60
448 631
1195 233
900 383
891 258
563 254
966 213
961 311
146 299
417 607
908 255
867 84
970 686
611 458
204 18
388 513
632 508
847 194
690 625
298 149
218 79
1169 374
265 152
938 343
429 592
312 167
279 315
261 207
259 268
237 510
842 145
980 20
1159 312
1002 608
842 110
1198 416
157 159
473 113
836 45
1004 261
953 682
1012 462
577 226
987 19
261 616
929 47
319 654
990 46
1014 243
393 514
745 160
1038 86
1010 385
1017 88
994 154
992 690
939 27
267 253
374 630
851 68
249 112
445 664
948 23
269 168
340 713
594 336
315 643
554 238
616 452
267 518
610 365
280 243
715 709
896 310
341 394
378 466
357 592
237 493
400 670
979 182
572 215
938 479
387 481
694 27
406 648
363 602
357 394
239 110
384 244
975 101
196 17
332 403
161 343
693 542
1100 367
916 266
542 135
1026 278
242 143
1008 168
839 75
840 98
336 483
723 463
1021 694
267 127
274 316
262 259
296 293
298 340
891 278
405 571
992 384
263 264
266 207
1145 600
184 415
362 309
589 190
419 573
430 462
950 55
940 139
424 666
902 28
318 421
204 68
961 8
981 221
876 350
969 58
402 577
714 713
388 558
571 111
326 429
1034 138
306 239
322 411
369 522
601 417
275 100
336 455
950 72
937 83
577 222
645 424
190 306
409 565
1159 161
405 600
914 329
866 287
374 569
205 16
983 263
1005 417
1143 281
966 79
220 62
1024 640
1161 112
1195 333
997 681
975 625
217 548
988 273
691 712
386 642
154 183
980 65
450 700
323 411
271 248
1014 279
853 135
628 334
288 645
596 60
360 458
1009 68
345 448
250 177
282 708
310 220
990 267
1010 227
251 145
386 612
985 107
281 270
285 337
611 633
347 500
426 646
363 438
299 291
198 389
306 298
233 53
432 697
801 48
1023 251
550 240
368 448
149 527
373 666
326 520
195 292
425 654
944 299
304 637
247 106
308 531
126 222
974 65
580 521
1010 439
926 20
279 304
312 383
888 509
295 217
325 493
669 493
1041 702
243 86
176 55
899 254
945 294
378 558
617 457
501 117
517 97
847 482
915 173
292 235
875 482
786 58
715 655
1170 153
1010 624
553 256
615 672
364 552
348 453
658 500
195 342
1194 263
314 290
407 440
497 171
1169 364
978 28
882 604
630 401
268 31
878 147
1156 596
279 229
565 370
1062 719
869 65
1023 646
981 248
1195 533
811 20
704 584
909 272
1185 515
671 542
401 440
885 427
330 565
890 540
196 7
552 356
71 317
315 366
209 20
964 336
1201 390
616 409
872 207
304 658
303 305
848 361
266 524
1182 290
184 180
846 149
218 86
980 513
533 76
730 681
259 549
587 393
629 361
678 240
709 598
636 355
992 659
986 348
894 258
688 564
335 716
1017 311
1182 260
1113 636
196 90
571 237
933 282
195 414
277 216
909 325
643 482
648 590
969 564
1098 191
211 446
531 159
921 244
1000 115
1168 237
1001 442
228 446
714 654
171 461
471 32
981 3
1000 662
617 540
960 399
1028 688
572 131
831 148
1140 534
233 0
184 581
840 54
1133 705
158 132
164 154
927 21
219 78
471 12
1172 562
228 114
879 160
193 221
651 675
125 256
643 463
854 75
214 55
174 213
860 160
1021 160
1024 4
907 234
659 507
1005 666
852 64
885 697
330 672
850 544
231 529
1053 146
265 177
339 405
397 520
609 294
393 633
609 70
1010 661
160 298
155 448
309 448
173 194
1012 89
1000 369
1016 281
743 703
299 696
959 97
1008 53
1001 210
179 503
362 625
1029 662
973 27
224 113
659 571
515 187
998 70
278 403
570 308
917 232
946 333
259 137
345 520
872 246
339 451
1016 430
856 132
229 200
169 244
1001 171
84 408
282 150
903 234
295 339
326 500
617 324
613 65
1177 543
396 560
120 255
845 10
1025 286
929 521
425 719
965 58
202 317
208 445
382 516
177 208
855 123
342 452
413 659
359 523
303 318
771 145
129 328
433 500
553 143
1020 615
611 389
971 110
602 339
341 423
231 118
241 21
235 244
559 158
275 149
236 151
131 170
331 462
1142 598
247 192
1159 508
368 494
867 482
530 197
495 188
502 235
1021 362
285 296
339 403
469 189
188 273
344 498
912 181
437 271
1077 311
851 175
702 604
1038 163
187 436
365 471
271 212
937 274
259 194
330 462
1016 105
996 682
372 489
1023 96
570 184
371 486
292 175
228 142
388 488
709 569
269 360
149 138
638 669
1017 578
1186 638
913 430
619 669
285 383
648 567
221 298
857 406
631 391
625 374
290 196
896 520
337 715
615 248
210 53
276 219
1193 400
604 61
226 435
377 544
410 641
349 519
142 149
149 436
524 1
344 691
363 451
655 516
1184 370
320 383
318 444
377 388
306 325
283 364
293 188
896 405
242 53
221 6
356 377
307 296
415 636
287 7
449 680
636 439
388 546
923 169
966 40
824 21
215 9
397 540
325 568
271 360
368 634
253 58
613 86
364 590
1014 173
799 531
312 353
352 504
582 291
874 125
333 259
320 288
225 78
264 533
292 346
266 208
294 391
363 501
413 460
645 149
404 410
397 614
316 323
239 67
916 263
342 481
323 550
267 228
341 406
163 274
578 436
305 203
292 404
577 373
514 147
401 697
646 700
522 89
596 59
1023 76
371 478
663 441
996 250
399 583
1109 691
279 26
376 601
258 274
1063 247
994 183
171 301
915 466
854 141
310 427
276 535
831 71
1174 377
244 96
976 38
520 97
962 24
403 566
712 638
586 245
648 516
211 109
371 504
252 268
360 518
352 485
998 385
952 459
285 367
410 572
934 698
324 381
951 126
914 16
320 233
236 396
938 111
357 499
612 447
258 277
1176 446
459 154
430 688
873 511
1147 443
250 70
951 71
300 411
286 389
1188 494
316 424
339 575
711 610
973 215
239 41
721 719
411 536
1031 102
112 210
320 208
1018 176
422 295
996 316
635 547
919 408
245 581
974 565
1153 526
254 197
389 661
501 129
247 578
730 705
1018 135
385 567
677 664
366 601
1010 408
1014 76
659 447
404 680
158 345
1048 99
1053 99
361 522
314 351
364 116
350 500
796 187
294 356
1011 5
302 263
1014 436
189 410
441 665
1087 201
575 137
366 591
712 533
935 66
294 374
1184 392
318 297
287 233
594 270
501 696
1113 447
399 523
979 547
323 470
336 557
352 415
263 219
249 478
171 450
209 486
253 37
1003 122
658 154
947 94
852 441
1113 517
285 370
323 381
439 99
456 622
352 321
619 296
911 6
857 471
1015 672
366 608
458 664
268 678
163 201
620 55
239 158
753 38
617 442
181 468
406 710
217 393
294 205
835 615
279 222
997 300
981 125
254 78
946 293
865 392
978 609
352 585
391 67
246 493
1007 25
214 672
216 47
334 441
289 192
205 39
987 39
407 626
947 121
271 284
304 284
377 623
267 297
1031 706
1016 131
892 470
961 138
129 310
1118 371
167 212
210 403
241 256
1152 435
1205 524
217 3
397 655
260 243
352 17
926 335
963 135
988 715
189 22
958 54
1045 681
1021 278
145 166
1022 711
431 643
1028 102
149 263
868 531
611 287
1199 341
992 200
1001 180
670 485
997 155
234 141
310 632
303 432
951 22
286 391
356 402
617 361
192 44
994 247
348 294
394 416
308 325
1131 408
915 377
263 200
259 509
811 168
1023 155
1145 442
1069 76
401 569
346 430
971 124
1192 458
250 168
288 95
914 49
314 378
306 704
373 493
1054 110
409 668
426 701
287 316
269 115
613 46
994 46
592 449
233 60
506 713
1008 140
271 243
297 258
330 351
228 93
264 147
299 194
1059 224
336 428
1169 503
250 82
943 64
981 72
1035 52
314 336
281 172
291 246
446 645
1227 246
299 316
595 356
191 20
601 242
1022 50
1048 150
971 195
170 195
381 540
354 572
692 606
1110 451
1017 182
844 95
324 518
355 471
407 652
1075 91
250 141
958 139
378 616
196 323
1045 129
591 51
964 149
399 452
1040 159
1025 101
370 531
842 89
403 629
995 168
540 243
948 132
432 617
278 371
281 173
296 259
346 532
202 495
327 400
1060 130
389 497
514 160
917 423
195 398
285 165
400 661
326 457
291 405
1019 199
1007 308
403 635
393 559
1036 247
999 13
969 526
288 279
193 487
361 430
171 182
1001 623
248 211
278 269
663 518
410 558
316 329
298 331
612 60
218 94
324 352
1003 289
411 659
1004 439
136 293
290 693
877 127
1009 325
997 24
328 451
288 607
1007 148
338 382
539 149
920 270
293 206
415 718
316 401
291 239
325 340
711 3
984 200
132 141
999 659
1009 255
269 600
1035 206
283 378
828 139
597 215
1008 427
223 81
466 81
1040 179
982 319
378 494
865 85
320 275
314 365
980 158
331 416
1035 281
1076 110
439 626
1047 14
718 611
330 367
996 705
1016 259
238 84
301 451
391 665
996 69
295 292
1057 135
250 241
293 429
235 158
263 215
641 605
315 390
638 113
246 175
230 110
253 521
417 92
1042 685
979 582
874 269
367 638
612 539
1031 155
305 417
1004 342
277 303
179 214
1004 401
388 571
299 379
313 525
731 690
223 575
614 469
242 83
990 204
230 43
182 47
1187 165
1022 203
833 314
429 533
307 414
423 643
453 610
653 137
324 378
407 591
946 108
984 79
273 404
291 449
1049 121
635 432
471 163
948 168
287 205
167 352
847 268
954 111
1001 398
997 210
482 47
371 511
1044 182
371 633
302 456
317 181
386 468
1009 643
596 247
820 388
217 2
610 261
1191 447
204 428
581 344
864 268
1192 514
1002 196
1187 341
813 408
205 262
634 491
240 208
824 539
1014 211
443 700
904 310
326 392
943 7
245 159
260 38
540 114
604 564
368 492
973 133
401 493
660 515
320 294
247 536
384 514
201 2
276 266
946 93
385 645
1017 663
386 540
230 240
383 570
969 536
993 414
311 232
1005 370
239 5
1004 659
331 594
315 448
357 416
359 229
1017 99
1023 211
977 84
94 192
325 388
1010 102
315 291
280 229
609 384
1027 695
341 523
727 636
357 612
155 227
945 445
627 49
271 170
399 596
416 689
367 473
350 412
415 520
458 678
330 503
264 271
239 285
154 487
221 60
1011 297
268 708
971 189
347 371
230 113
979 89
265 362
1189 239
362 594
373 436
796 35
254 99
397 532
365 425
857 564
354 429
351 354
209 385
299 200
134 375
1171 234
413 617
875 526
866 205
1019 33
343 425
244 478
360 450
338 344
424 671
880 107
255 208
363 637
368 596
1196 491
383 485
175 365
1000 349
241 477
245 15
368 560
221 367
959 45
1138 624
280 160
481 88
448 605
359 297
409 543
522 84
651 394
623 308
994 90
378 591
1194 559
269 250
367 468
341 555
1188 387
920 42
227 413
286 227
126 336
646 371
816 386
968 63
665 515
1167 580
333 588
588 445
272 211
277 140
454 99
103 214
259 291
295 403
578 118
340 698
307 367
1031 34
392 552
880 456
322 262
313 453
1115 453
979 65
191 506
1015 230
406 664
439 697
292 253
291 404
743 37
306 393
282 281
634 93
951 104
320 474
202 90
698 600
590 320
270 189
864 99
1019 701
356 155
184 11
934 84
946 552
1026 41
1026 625
946 354
374 601
234 511
719 642
1036 42
207 399
410 626
624 110
225 203
330 705
389 597
972 285
956 435
498 60
209 365
747 101
235 469
987 284
397 610
966 10
167 404
305 455
1088 300
291 646
903 331
279 587
993 656
551 147
213 495
897 560
999 117
238 584
188 195
848 292
302 358
864 111
607 556
1176 464
1198 460
394 451
426 699
393 557
527 19
1018 473
1007 699
961 495
911 324
559 377
1029 665
627 561
1030 107
835 137
516 129
176 414
1186 375
949 351
224 554
324 460
1180 456
200 362
225 579
1058 207
1136 504
144 491
624 440
767 712
705 698
167 166
874 131
191 319
369 575
1016 197
766 53
361 484
251 231
217 612
471 126
1030 672
952 477
1178 611
809 155
906 208
874 111
842 121
915 307
614 440
409 678
164 144
202 61
960 686
1029 704
612 420
1174 495
320 255
881 79
787 8
863 423
1103 276
246 220
277 606
964 628
226 331
1023 608
948 375
122 310
595 188
881 237
1208 535
149 105
241 62
272 25
820 22
210 564
601 547
955 597
123 251
169 245
519 127
914 420
309 346
242 515
390 673
168 3
1203 395
1172 475
180 277
631 380
1097 329
694 555
577 160
1129 204
843 94
1156 67
204 455
655 466
598 560
706 556
703 600
554 182
972 75
436 30
884 178
273 317
606 365
169 366
491 100
820 127
860 85
784 131
993 701
224 318
1135 348
914 245
347 217
792 64
1193 569
713 555
268 525
958 540
949 680
1002 680
1017 698
979 658
899 277
935 356
204 350
933 410
417 57
910 235
687 598
841 633
1157 637
219 348
488 330
592 327
957 366
179 267
611 261
220 508
1145 472
928 438
519 122
159 226
909 235
599 187
329 708
439 641
1035 666
749 696
700 604
650 563
619 543
311 378
318 371
822 338
310 342
926 329
203 305
852 286
206 284
297 266
201 386
198 52
220 100
815 110
465 109
275 151
814 132
511 175
915 172
134 217
1198 203
560 227
904 653
306 640
732 646
998 660
941 603
615 587
200 572
143 310
923 304
1198 313
536 295
316 341
113 488
401 485
614 416
1035 39
997 36
820 51
850 69
933 85
544 97
1167 125
547 167
884 129
281 634
253 588
415 548
879 717
1019 696
1009 703
926 360
1192 366
567 372
884 333
156 292
1168 464
581 229
764 174
830 63
445 718
260 620
708 611
196 357
1181 365
947 346
675 489
655 621
621 356
633 61
885 363
181 485
700 527
666 684
629 651
1013 359
143 335
402 578
606 203
571 276
559 189
701 545
967 124
1000 712
951 617
1140 535
904 470
747 178
175 219
232 106
920 548
837 6
90 394
1012 165
1154 159
354 621
214 497
243 520
1157 674
67 266
267 524
609 632
811 72
294 688
572 146
946 392
1028 135
226 3
1191 424
837 513
909 315
600 254
897 218
1172 628
179 259
996 287
308 410
351 444
915 418
925 469
1144 655
618 354
820 133
172 261
1130 253
1181 420
888 205
258 534
831 184
181 161
1179 264
1012 66
91 193
601 583
938 376
943 410
302 482
1000 53
920 369
1134 268
725 615
580 213
797 119
63 301
798 35
187 271
167 239
229 146
983 626
261 135
997 261
843 386
846 456
419 633
955 337
850 645
120 371
251 652
921 190
402 56
1029 718
206 293
246 610
379 471
947 621
861 174
379 437
496 155
973 155
991 67
298 225
76 313
830 29
1085 27
196 531
429 684
134 203
294 348
372 557
354 555
1134 516
936 68
282 311
253 142
563 543
104 206
157 438
985 154
568 226
324 368
584 179
239 488
225 604
854 77
599 197
969 94
289 288
305 397
901 271
614 350
211 149
580 350
843 424
642 332
305 406
1079 436
967 48
398 546
862 146
567 319
1125 592
131 255
168 409
1001 233
906 227
196 245
796 181
1062 38
1011 166
805 205
936 71
709 698
639 512
362 505
688 699
1034 687
1022 405
642 90
948 703
935 374
1016 142
379 572
936 14
128 211
873 712
413 667
555 229
828 6
575 306
229 564
1152 348
1196 418
1021 467
945 6
1012 255
266 166
297 418
1130 340
361 578
287 213
324 234
1189 298
252 463
765 84
352 583
1005 621
219 646
635 667
713 610
161 283
991 72
1189 354
623 291
455 54
293 202
180 420
396 534
231 20
436 701
739 701
956 98
457 83
312 339
905 312
303 251
650 662
1005 588
573 304
797 131
196 351
254 182
900 198
362 433
878 161
1012 185
709 693
260 256
924 379
352 577
279 326
318 326
193 505
188 401
859 495
212 410
451 525
588 145
681 556
970 79
692 675
1161 308
340 690
149 221
875 59
937 59
100 220
728 600
683 593
219 376
1046 681
383 649
292 457
587 342
500 157
149 339
1201 493
167 243
856 462
367 439
1209 194
808 472
534 121
842 477
1201 287
234 503
225 562
621 422
152 171
212 631
919 288
214 403
660 667
791 17
295 154
559 306
955 352
1157 390
639 378
195 43
1200 598
612 319
944 561
852 457
769 47
968 170
951 391
852 230
251 613
435 38
921 418
935 447
953 596
1009 664
193 316
937 304
976 125
611 324
1000 673
1006 673
416 482
398 593
675 518
1180 199
399 96
830 53
177 564
883 177
160 377
939 331
231 150
801 300
929 434
842 68
936 250
540 177
280 288
250 613
867 701
1192 487
843 67
569 83
706 546
238 697
1187 170
814 19
200 619
610 510
783 228
359 539
185 577
268 202
1196 147
1179 472
336 458
125 506
288 206
337 531
621 337
910 365
561 311
904 226
156 286
152 288
1152 167
286 610
1123 510
901 307
1146 675
316 439
605 387
578 163
945 400
523 128
272 656
629 428
1195 500
993 696
938 440
145 218
677 611
465 91
158 262
536 265
367 463
934 266
376 615
181 446
1048 718
899 203
682 473
78 410
322 318
1175 573
399 619
601 249
176 446
890 254
905 265
220 357
157 274
151 462
998 9
120 325
282 347
924 306
1020 649
340 594
846 102
908 224
560 272
260 582
841 297
1201 494
612 642
212 264
803 4
295 327
908 371
182 406
179 236
1029 719
417 605
929 446
457 101
346 322
1017 419
325 677
617 279
864 4
187 484
314 634
1028 189
398 573
600 595
879 682
332 529
397 676
257 502
865 409
1031 686
950 438
640 546
270 525
759 8
632 591
1183 210
948 452
965 149
418 88
243 117
938 678
256 171
897 408
951 596
611 418
629 453
138 294
840 43
834 2
247 554
423 718
1020 321
1203 584
1016 589
1025 70
341 239
413 719
1128 418
372 530
858 102
401 570
1039 637
258 317
655 535
592 600
290 173
550 542
622 417
605 169
950 130
255 258
409 653
510 139
230 79
838 482
360 523
411 632
420 642
1006 381
818 251
996 265
334 463
317 703
1127 546
882 140
434 106
443 581
354 532
579 204
929 39
224 694
899 259
1184 346
601 405
247 84
576 158
839 74
663 513
910 13
949 182
245 130
1027 642
1001 29
949 445
940 476
350 403
432 99
269 513
640 498
766 143
1186 593
332 318
708 640
820 354
520 158
711 624
253 665
327 386
869 238
538 231
692 640
1030 678
1001 301
608 268
143 175
1099 671
163 471
988 145
725 680
509 126
716 545
236 467
651 485
378 431
332 684
621 300
111 491
355 695
184 286
925 240
807 55
942 538
118 297
544 83
995 347
1061 119
668 665
184 427
953 383
716 621
996 192
167 144
1186 186
926 196
468 665
1121 419
198 364
735 672
916 402
915 286
826 149
996 635
177 468
1021 22
242 124
222 378
181 418
750 122
187 393
937 371
915 705
634 490
193 537
847 171
1022 602
286 201
679 663
153 534
650 594
923 651
1170 271
583 185
120 190
1168 206
874 223
128 226
263 617
647 682
945 330
218 402
863 64
581 157
219 611
1188 206
1193 622
913 202
687 500
226 559
1166 483
374 581
224 370
313 337
294 626
181 212
803 42
623 527
499 52
1006 604
834 422
1119 33
380 609
128 273
843 9
562 96
1001 119
582 241
485 107
252 163
392 529
907 530
993 710
261 641
379 524
189 194
295 354
162 316
985 297
548 510
243 521
173 192
638 397
81 307
860 11
199 333
918 239
364 577
730 719
341 358
1171 625
910 181
832 547
293 671
228 379
171 213
1224 400
618 454
189 178
160 159
384 381
900 340
636 391
587 299
1202 339
231 516
1141 579
807 199
929 236
998 183
1144 359
647 476
395 663
484 154
664 143
511 96
1186 210
972 51
387 623
612 324
963 601
230 554
1016 704
851 161
417 709
739 608
644 537
1005 351
765 67
894 197
307 200
1012 662
900 193
947 109
221 21
814 48
757 27
546 119
618 119
337 501
185 134
357 450
667 535
607 554
1181 485
620 429
995 717
201 354
207 297
285 203
1165 390
233 503
520 200
191 225
304 666
1187 624
942 524
269 339
393 634
921 571
502 52
641 668
1199 441
595 461
578 250
861 151
346 554
1205 469
202 283
720 68
295 663
614 531
329 494
218 356
620 519
269 535
700 631
1188 606
180 228
487 149
179 150
114 432
1210 384
615 413
1181 473
491 317
1109 300
187 263
946 351
219 532
477 562
704 609
1034 675
611 237
819 206
562 163
528 159
591 405
216 511
197 502
678 492
249 452
1180 318
296 702
691 645
663 547
686 557
576 211
146 194
182 255
552 107
194 449
993 627
327 669
887 671
299 643
917 710
142 393
236 502
1131 484
243 89
287 199
530 213
596 218
169 238
541 684
1040 656
714 660
1149 581
214 407
649 404
145 487
155 486
607 460
896 278
1139 285
211 282
307 344
503 106
501 47
835 50
858 26
994 143
893 166
390 646
616 696
718 613
701 625
687 545
216 572
315 367
588 333
854 454
235 409
229 417
755 43
871 51
866 100
440 668
320 704
138 335
180 351
562 116
575 209
518 542
326 447
762 338
207 365
650 517
868 287
626 433
700 504
311 684
178 353
899 352
953 347
875 214
824 275
240 478
595 609
640 465
651 497
718 141
280 175
1003 179
862 50
129 447
520 139
939 330
992 651
418 632
642 495
236 452
953 455
263 202
1056 58
1004 69
178 558
958 685
817 222
853 34
1189 563
673 674
988 719
260 532
158 152
615 547
162 219
89 361
282 579
784 329
1176 346
1040 682
240 142
902 468
258 251
286 567
256 661
187 366
428 56
1179 651
171 261
195 240
600 205
842 50
164 199
790 45
896 510
336 700
767 79
494 113
296 330
158 333
762 309
777 299
1042 708
1171 321
848 488
302 421
938 421
177 343
377 514
560 180
682 666
385 633
1179 281
527 114
407 571
834 429
716 713
172 239
847 73
529 136
261 274
953 381
405 649
780 366
1030 235
1204 336
999 709
933 30
257 536
306 597
419 637
944 416
308 388
148 288
678 527
1200 253
222 376
533 112
1198 236
332 412
848 369
757 50
945 606
925 578
1185 532
326 435
1152 397
694 13
562 356
606 312
1144 690
1184 259
646 671
657 456
444 648
308 252
180 425
528 517
1022 620
96 345
631 530
199 482
863 104
148 542
1169 617
1010 287
310 383
1011 658
228 351
351 511
102 314
821 59
973 163
188 491
391 491
896 91
207 376
1197 233
1207 293
1185 193
1164 485
675 499
213 303
1055 715
493 34
1159 204
844 35
1008 713
945 12
413 466
310 249
848 41
1134 544
1212 403
884 199
231 491
400 94
156 162
1008 710
538 539
361 595
827 77
509 164
808 341
1017 719
870 79
411 601
723 72
189 253
575 182
1061 707
248 174
186 532
972 700
881 270
582 181
813 203
434 681
213 382
982 601
937 410
479 87
703 703
867 197
713 578
1031 41
956 707
1160 597
1103 476
1086 420
1181 538
257 615
96 417
854 79
213 677
710 639
614 330
929 288
1004 161
167 302
603 713
581 201
907 419
90 208
159 148
338 304
140 145
148 145
291 257
1127 331
158 171
631 436
226 108
192 447
620 447
188 551
1184 503
405 446
1179 653
505 117
1131 398
873 83
180 222
222 403
385 539
958 527
991 712
181 205
227 472
358 369
226 342
574 290
289 650
559 460
481 59
980 74
885 327
959 395
165 283
643 657
480 100
1035 637
865 188
108 325
600 204
703 676
381 569
925 92
431 684
287 304
290 668
516 267
242 430
1170 547
936 369
577 134
294 154
1186 604
1116 546
155 206
160 258
302 419
703 584
910 411
190 385
808 68
101 216
626 448
395 642
217 295
817 409
247 581
690 643
1119 673
283 204
881 182
625 461
1211 392
1172 632
542 196
625 661
549 143
869 504
771 30
580 174
1026 658
185 241
118 179
853 155
200 518
1126 220
696 533
173 326
1021 619
590 326
223 148
216 551
213 302
900 408
980 147
429 580
941 632
887 92
1166 635
927 581
301 326
1200 619
347 436
643 386
946 583
652 692
1006 716
565 132
923 705
183 192
425 647
254 553
630 486
1090 312
640 519
1052 189
1166 267
762 141
694 713
1020 622
271 283
928 617
1189 432
262 677
1176 309
1205 499
260 350
310 370
390 654
238 414
820 61
164 358
445 49
1138 442
593 335
932 455
1187 198
609 257
928 257
351 707
219 26
589 454
591 491
1112 404
1152 274
183 249
1152 675
378 471
825 67
956 380
1150 481
644 435
711 630
842 32
452 141
201 246
820 427
729 698
630 680
587 497
1040 684
548 214
230 499
1204 459
623 286
552 182
963 611
1004 611
514 162
832 8
647 555
721 626
883 148
125 233
876 238
493 106
731 660
584 185
304 196
558 567
933 310
183 219
527 166
277 580
208 381
232 384
570 194
438 665
1130 665
1053 668
554 230
479 411
914 505
276 643
634 338
418 653
876 466
1059 22
1143 572
939 324
871 447
1090 700
967 139
621 399
328 674
369 594
912 298
368 553
173 282
940 397
946 39
1169 210
1031 678
159 336
132 397
345 246
208 450
578 215
987 240
668 613
1143 490
323 52
917 237
253 594
632 631
562 389
249 594
1139 686
215 495
992 242
911 374
919 569
223 511
643 663
932 333
212 510
1044 398
318 707
602 368
672 557
566 227
902 291
310 392
643 546
1087 128
792 217
250 118
149 286
981 669
371 440
235 414
315 434
722 705
614 59
538 209
209 330
687 694
1193 319
227 375
299 250
727 281
601 395
941 585
603 315
541 278
892 392
1113 600
893 233
341 485
505 318
540 215
1181 424
916 585
677 487
807 42
894 168
253 543
224 455
973 66
606 441
924 434
889 529
1027 101
243 602
1108 190
283 300
720 683
1015 673
371 588
801 345
210 481
338 390
278 377
771 65
223 89
720 706
668 523
867 180
874 356
136 718
1092 697
1203 391
264 542
734 682
978 684
284 288
229 465
139 232
803 232
572 117
890 189
1197 418
879 277
970 676
850 130
819 36
491 110
216 444
620 660
615 514
865 504
315 454
237 437
136 593
836 266
748 688
166 346
599 315
595 249
680 681
194 287
1198 533
370 453
259 519
957 665
1192 459
583 621
602 246
862 229
674 643
305 219
1162 375
592 599
827 337
1202 147
823 481
357 710
173 180
775 60
1012 638
179 387
1171 332
572 190
1150 587
1180 168
133 110
283 627
245 423
433 602
940 335
623 479
589 457
721 593
866 163
240 438
190 330
1121 634
438 148
551 146
173 327
395 657
611 277
922 334
1167 676
962 42
907 649
619 245
218 377
587 317
813 363
239 460
398 569
905 239
696 584
1114 23
1152 301
1169 594
1039 673
996 242
662 581
673 667
223 351
1189 481
627 594
514 183
277 563
897 514
596 495
731 700
223 436
300 333
594 154
160 183
592 212
1031 664
940 484
659 687
945 581
150 213
181 322
209 667
833 27
402 561
260 159
189 287
521 221
412 498
829 500
553 167
988 325
1210 259
412 508
1103 534
159 327
253 637
246 530
199 378
829 124
313 392
811 133
386 641
164 187
568 188
239 503
1200 173
420 693
783 169
726 647
301 446
1177 625
641 427
287 317
1006 4
998 708
997 288
897 337
186 272
703 75
376 443
356 563
353 611
825 72
332 313
1154 629
261 159
321 525
1011 315
808 61
339 389
686 530
1002 352
259 150
212 330
344 380
574 277
1017 169
990 83
283 200
331 496
332 496
275 218
1031 1
982 224
232 111
275 258
634 492
1042 702
334 521
898 268
993 276
738 709
499 713
353 421
869 210
316 358
260 106
390 102
818 53
1062 81
351 422
1157 328
276 364
726 671
1011 34
226 484
122 673
1202 402
703 576
657 657
848 239
460 700
304 339
1212 558
506 185
264 165
525 261
376 505
255 113
842 165
305 498
347 463
1187 549
257 197
655 75
286 297
511 328
234 135
342 377
595 72
225 206
600 521
323 284
372 414
981 243
256 55
216 456
930 83
242 88
917 158
607 308
855 583
1015 619
872 361
250 135
986 277
884 437
610 545
270 190
327 254
241 175
381 561
233 93
661 46
101 171
292 420
993 262
907 283
338 713
295 429
1130 676
521 11
387 460
289 393
607 490
363 450
686 612
634 330
985 74
408 678
993 302
268 338
184 431
968 34
303 308
146 421
698 552
1207 492
505 149
754 93
292 283
343 388
274 194
311 301
898 133
108 189
850 405
260 148
238 441
427 652
422 434
1190 414
907 631
267 116
975 102
389 611
935 309
324 284
341 708
403 509
251 84
391 380
183 220
157 285
439 670
399 531
295 305
966 28
924 274
325 333
1009 3
571 177
539 153
287 402
1178 381
1173 539
713 718
902 12
1192 526
417 707
705 686
285 280
177 326
1084 4
323 229
866 706
1155 481
1206 383
219 554
782 183
220 307
236 127
822 6
229 2
404 558
334 369
268 269
282 269
425 629
975 132
285 278
273 249
597 348
883 234
337 409
237 197
879 452
1132 637
953 137
183 217
397 668
1175 405
1169 232
143 249
291 212
997 697
359 446
1000 84
416 513
977 45
990 370
776 248
859 80
1026 146
402 631
344 311
181 500
318 345
932 14
452 61
1026 270
246 49
404 662
163 308
611 249
300 347
722 631
1136 360
138 160
1182 304
588 276
422 537
306 168
215 357
1161 436
278 316
997 206
265 360
264 109
1169 477
1016 376
242 198
1044 161
301 641
1014 125
160 160
525 141
269 587
1131 430
555 94
696 521
1172 327
474 50
230 99
946 462
332 444
385 561
382 405
944 69
293 328
970 56
275 289
1042 140
769 40
511 149
185 185
339 419
288 677
384 433
331 468
788 660
186 375
208 7
723 452
1012 315
405 524
1020 646
773 327
873 482
386 532
1205 468
541 238
251 501
714 640
214 334
947 430
843 29
941 487
240 491
570 134
215 3
867 53
294 229
395 513
305 183
247 197
303 349
1190 184
536 157
1189 199
886 117
869 225
852 80
960 141
181 273
922 386
920 260
565 553
555 125
231 156
1002 156
925 244
287 641
1186 204
1211 234
878 138
1181 500
668 518
451 51
560 109
881 175
1010 598
172 192
534 159
920 391
248 658
708 579
1194 187
252 540
1017 458
336 491
229 154
640 346
1194 144
184 343
511 77
427 600
174 23
1137 142
1210 455
799 261
231 560
138 398
276 231
457 42
1147 361
251 541
1156 337
604 240
911 269
385 484
102 385
893 228
950 533
606 303
220 546
157 166
1175 378
908 333
1008 677
611 345
245 626
784 271
1032 654
643 714
663 549
291 383
171 162
921 161
276 672
1039 691
611 433
360 429
836 423
322 268
1184 354
1161 177
965 168
809 47
313 647
252 474
271 267
128 264
304 382
327 377
914 533
687 542
983 29
861 74
911 169
515 238
865 221
324 449
694 463
211 492
938 492
616 440
1175 543
709 653
994 77
243 232
258 252
884 144
258 142
160 285
919 282
282 260
1064 592
922 623
387 656
497 656
841 8
317 349
607 366
255 191
853 257
608 419
246 446
172 395
629 579
289 233
1173 365
840 280
234 492
585 264
606 346
729 713
1179 286
574 328
162 180
198 289
270 507
1153 369
389 638
858 60
739 1
725 684
360 636
915 423
389 595
910 347
230 546
627 356
1192 358
679 700
343 230
851 494
300 309
1201 484
172 561
981 63
205 645
993 620
102 200
232 626
1205 314
880 648
1153 365
194 248
622 77
256 623
1137 663
915 284
581 476
846 497
736 495
348 492
217 411
631 440
578 171
583 174
269 189
236 159
436 207
849 37
1015 118
638 69
856 69
857 83
234 589
377 567
836 422
587 508
628 455
601 258
917 325
1015 157
180 249
775 124
402 610
1023 706
1199 210
180 165
417 694
858 128
677 616
603 236
1019 242
875 360
1200 358
209 347
876 220
228 487
872 126
257 596
357 545
534 102
332 457
557 136
974 32
597 232
221 403
549 316
677 477
752 685
852 146
1051 196
307 653
659 547
243 10
827 133
909 195
790 22
915 9
1183 547
1167 643
809 273
287 352
866 355
889 464
158 246
982 103
731 667
574 265
496 280
160 190
183 263
883 443
1085 681
764 44
767 108
225 11
230 619
275 554
733 677
250 596
59 368
748 717
233 384
850 534
249 230
1145 228
1038 70
915 4
200 514
203 564
1170 393
616 279
209 657
1189 275
877 330
297 234
829 503
165 427
890 538
726 618
825 209
237 568
582 237
927 307
134 286
952 286
871 52
171 298
613 297
859 422
274 525
955 60
491 335
174 253
518 89
629 531
1207 567
294 56
950 421
267 593
622 492
163 278
1007 8
1145 396
280 428
561 553
350 443
183 383
904 169
606 414
277 620
533 463
1057 710
347 227
141 455
655 463
160 147
237 380
1195 414
827 11
840 49
581 293
948 283
603 676
263 516
1183 486
328 2
976 591
264 578
132 436
612 596
97 266
569 173
913 323
1180 440
913 584
1014 666
369 461
932 593
855 178
248 443
270 602
750 82
1046 81
723 652
833 682
132 175
1187 255
271 545
523 472
242 497
874 485
1179 388
572 120
256 102
227 47
713 685
231 576
1203 289
410 501
954 502
875 116
891 210
1179 570
1148 372
308 334
1204 306
847 45
833 108
735 673
1025 674
649 351
314 343
414 3
435 28
1138 126
472 199
664 475
854 204
516 217
208 291
239 572
162 142
842 217
891 268
534 113
536 61
584 115
188 391
283 572
603 327
579 229
488 121
483 195
997 676
573 516
809 38
356 711
1023 213
123 436
677 502
1203 518
149 136
640 426
377 472
601 332
132 396
475 103
426 711
792 114
896 489
823 374
984 549
166 263
270 591
232 437
957 154
642 573
135 264
409 666
321 341
917 250
522 207
1018 666
621 330
141 359
318 384
859 231
818 42
681 594
868 108
388 521
807 10
1176 450
853 281
1168 331
658 660
232 589
1135 192
273 277
1110 285
225 442
687 474
625 448
208 391
245 659
281 703
978 414
416 425
882 698
906 340
134 273
524 105
695 491
946 316
681 545
1022 152
1196 559
1103 13
920 247
1018 165
814 441
461 95
661 620
1183 211
1207 527
669 672
939 345
980 112
355 351
546 550
164 393
209 528
803 0
662 461
515 65
1164 227
875 239
469 99
523 126
221 86
774 295
292 417
1198 523
960 718
290 274
235 712
1191 410
575 118
955 616
1195 169
652 626
1030 91
942 280
226 398
138 444
858 583
618 272
911 426
1166 517
583 268
1128 445
977 655
180 480
582 286
622 362
624 621
141 163
452 93
236 104
1035 643
917 269
191 317
913 608
1047 80
1151 70
263 592
459 216
305 602
572 209
581 205
232 549
341 696
280 370
171 151
870 243
510 127
301 631
616 397
207 512
851 434
498 131
445 691
862 54
201 302
254 532
553 204
1175 432
818 50
754 719
737 692
653 652
812 384
1137 301
141 236
855 45
860 16
1031 682
1158 410
569 193
166 414
691 706
1136 20
573 188
880 115
1198 281
1184 216
647 644
1158 309
1196 501
290 673
361 108
734 702
230 474
340 702
957 133
81 215
934 296
1170 210
690 534
225 509
817 427
888 232
523 74
383 550
1178 310
171 191
991 10
208 432
693 643
917 224
884 313
1147 511
731 2
291 367
896 208
964 715
167 300
106 235
572 188
600 579
1165 442
431 711
341 263
972 22
179 426
605 272
289 304
156 362
603 410
600 504
813 337
553 398
774 74
814 55
931 513
274 333
824 481
697 701
624 293
468 713
1145 181
641 515
351 445
1188 277
795 42
265 645
951 386
1193 447
559 125
889 210
563 569
842 369
181 419
1175 510
223 503
945 302
1027 683
217 629
293 320
964 527
302 376
366 545
296 312
731 105
606 423
1004 36
826 98
217 426
301 333
596 558
631 353
180 261
138 308
1155 348
577 206
235 119
175 497
155 121
1139 405
650 482
321 316
164 478
501 126
675 646
639 248
264 317
599 220
724 116
962 132
520 153
254 507
1131 660
1158 654
1194 527
261 156
264 237
837 624
615 83
899 425
367 51
960 422
154 253
301 440
231 634
589 712
316 375
357 415
251 167
498 83
1136 519
472 67
501 102
205 53
283 218
607 385
665 615
218 406
311 238
1024 606
818 340
1116 446
376 629
203 284
385 445
218 411
259 508
1012 19
987 114
189 519
1100 394
1164 335
312 461
306 696
335 501
290 324
230 470
553 475
386 617
966 45
648 709
216 59
1074 339
436 38
1096 709
297 188
339 387
877 520
389 648
861 41
246 130
212 26
350 714
1186 359
1130 572
1198 258
229 481
929 56
264 516
964 526
137 339
145 237
1183 531
330 703
882 183
986 110
625 397
597 347
690 660
402 626
673 665
95 253
958 97
118 238
172 201
750 177
591 196
267 171
937 289
645 506
783 39
614 233
990 418
1183 620
580 195
187 443
358 458
208 306
687 541
311 240
309 415
967 480
1022 676
553 109
314 397
935 580
273 166
1167 466
618 520
1015 711
225 542
964 25
1065 699
857 147
953 375
256 485
346 543
402 498
1171 311
886 96
1202 540
983 622
521 606
467 9
948 552
493 439
348 580
450 533
854 48
283 651
169 329
341 425
563 237
226 540
199 251
1172 626
907 253
363 514
147 358
958 336
582 587
582 179
536 208
513 57
632 382
426 489
893 194
846 98
272 566
1024 693
355 703
959 347
1183 439
119 162
434 656
688 586
163 484
659 245
1009 547
455 97
396 598
911 35
1123 435
662 587
1171 424
355 594
396 625
601 501
648 593
152 380
206 337
1136 436
812 139
914 308
1003 441
303 705
949 146
207 577
626 336
1186 338
835 7
850 68
898 131
358 446
506 255
508 72
579 141
173 356
844 36
261 528
921 181
237 451
968 579
862 298
745 0
1198 361
570 197
1002 388
319 314
803 55
946 98
180 354
436 690
989 243
963 152
760 26
1024 711
420 625
692 678
312 289
804 34
204 264
1178 523
1044 126
1209 451
755 184
354 275
451 587
937 303
276 276
252 153
929 46
905 281
381 553
1002 365
380 590
456 76
250 139
292 327
378 595
408 695
262 170
982 187
424 697
269 192
245 133
369 519
327 672
249 71
284 361
479 696
688 545
421 694
941 65
965 73
246 199
251 64
339 378
249 42
303 440
995 161
961 43
441 709
1009 41
251 219
865 427
615 688
622 487
320 546
213 33
566 607
1163 282
996 293
915 23
954 307
928 219
974 40
844 163
199 418
377 613
301 267
1037 678
353 503
192 279
273 159
228 19
766 171
1116 468
1085 218
1191 330
882 205
927 82
663 544
231 59
608 667
971 583
625 540
938 314
692 494
185 193
312 687
219 371
667 533
1005 387
341 393
637 350
894 308
885 462
499 208
717 660
484 255
1017 121
179 336
359 605
997 322
164 379
271 642
937 430
1024 200
236 577
274 148
374 634
288 187
398 592
280 396
274 591
716 707
264 194
928 0
1001 53
273 204
409 641
213 109
209 46
244 168
817 494
238 243
60 243
1186 306
364 367
904 50
1050 141
1011 162
287 388
196 321
1002 15
332 341
916 275
360 482
654 481
760 0
227 68
663 576
230 40
683 319
557 249
658 689
444 677
245 530
962 554
557 371
1016 443
371 489
233 545
859 86
968 182
701 632
584 284
297 654
628 627
631 484
209 331
399 593
977 93
382 569
390 648
835 568
215 415
915 404
728 643
697 559
1011 252
295 322
858 106
991 125
396 571
390 576
412 626
1022 669
787 43
128 287
637 402
415 676
994 136
319 671
482 94
893 664
1005 412
274 577
143 372
1201 437
739 630
269 583
1023 241
797 146
290 211
1183 414
164 306
983 659
273 309
1007 264
956 497
929 477
292 654
163 281
269 607
589 314
1185 522
561 263
518 96
1014 19
980 124
942 339
314 452
228 371
970 62
1007 425
1187 220
223 496
240 461
194 77
330 526
486 103
922 506
932 132
259 138
1127 576
1170 300
1010 413
1029 701
1029 170
207 412
642 439
956 173
961 142
1162 376
207 441
367 572
370 439
1171 148
301 265
880 226
233 67
897 501
1016 670
594 237
1031 194
1005 380
588 69
610 269
383 598
952 430
495 151
193 565
1163 177
755 37
322 450
962 10
403 415
630 115
1186 373
1204 542
879 215
416 631
827 14
470 117
172 172
182 195
1016 713
564 151
1048 74
328 416
239 193
753 717
812 123
269 181
176 416
179 419
930 480
962 114
194 252
1146 703
148 167
622 503
924 603
1135 419
811 441
319 402
641 345
363 507
199 194
565 144
673 487
207 240
947 364
247 33
69 386
215 448
913 444
426 607
1170 495
311 643
728 645
937 645
522 384
580 183
1201 525
174 264
836 20
320 373
72 206
686 600
891 420
670 632
1192 347
834 91
831 129
299 218
644 514
217 1
1180 321
269 520
182 333
989 621
912 262
210 332
271 153
1139 652
1108 352
51 365
879 469
925 531
234 183
607 230
299 345
634 468
427 693
363 616
343 440
898 158
540 265
661 551
192 360
1076 362
673 485
975 560
200 21
282 273
507 708
888 271
602 475
208 218
827 12
840 85
161 252
986 341
360 420
571 710
268 42
1152 537
1030 135
535 559
203 391
202 435
868 196
848 140
193 490
551 77
862 438
464 83
677 531
503 130
324 231
167 575
717 681
1166 95
890 503
576 134
434 667
712 255
222 549
230 90
209 300
242 585
157 124
44 109
527 79
570 209
147 123
238 582
917 385
1169 217
738 134
281 194
315 315
126 343
859 209
901 176
1019 297
1020 297
639 57
424 581
831 189
219 413
995 258
448 673
1013 91
173 159
687 651
999 699
233 491
176 384
683 519
519 137
262 668
356 495
247 127
348 506
623 534
221 471
303 685
406 622
644 512
314 651
691 635
700 597
512 269
398 468
225 295
524 222
227 100
248 100
658 523
368 542
175 215
223 545
718 626
1117 441
922 49
840 397
593 267
358 524
810 118
180 273
923 251
999 125
218 512
305 653
427 696
954 26
924 278
974 124
377 601
910 248
217 26
552 121
295 401
878 506
816 591
1155 409
366 532
338 493
856 37
1004 714
216 363
248 530
124 405
325 413
1149 507
572 105
1183 218
231 356
181 175
638 303
278 265
831 74
956 39
290 184
82 309
243 191
966 103
408 667
1070 700
1175 402
199 518
660 701
1056 113
265 541
552 186
880 120
991 383
955 118
326 489
1146 458
512 149
241 408
516 100
295 363
802 179
166 465
599 429
313 442
231 473
191 240
804 213
1034 205
1020 441
999 192
895 196
365 622
800 470
249 212
133 243
838 485
292 174
431 65
503 65
287 320
933 74
176 350
277 592
312 326
226 168
395 619
938 67
191 354
232 73
804 85
781 160
243 40
220 449
578 451
159 281
539 245
861 101
570 579
803 99
594 175
146 211
1002 705
837 29
1024 669
1194 327
450 96
635 452
265 607
1207 422
274 129
205 93
1118 483
821 101
335 366
341 547
1000 247
344 533
781 7
1207 277
1166 521
1208 562
598 360
225 134
253 166
659 428
1017 372
1020 611
221 333
854 226
256 180
1009 628
625 362
993 35
569 177
1019 177
392 533
268 295
197 241
265 135
282 263
368 450
1180 335
197 500
935 507
217 73
848 568
172 508
279 107
116 324
192 189
138 227
910 265
908 271
228 126
335 488
1165 218
616 324
844 312
917 384
461 32
1054 123
702 524
862 116
547 354
605 386
962 57
495 47
933 716
887 175
521 75
606 231
669 684
919 256
563 179
201 233
506 362
337 334
178 263
948 369
913 354
805 170
650 450
973 165
241 415
883 70
240 532
951 21
974 136
398 567
121 293
341 583
1011 386
312 417
212 502
283 222
971 68
900 190
1127 33
914 3
355 571
292 683
239 470
1195 621
568 148
921 533
504 83
597 191
925 621
269 589
594 290
656 651
1186 462
208 521
1050 717
929 3
1015 691
180 281
741 711
997 72
188 211
1203 356
406 633
506 68
260 280
185 252
973 193
330 437
188 8
917 32
602 59
922 253
1010 112
836 395
1042 666
280 337
256 512
340 364
248 114
177 237
218 129
985 106
167 369
298 207
973 114
336 592
968 267
224 141
558 141
563 287
231 35
975 54
439 659
309 238
570 189
632 516
627 440
293 417
459 627
279 173
419 540
295 370
625 321
880 147
211 610
354 535
928 78
798 189
146 193
1035 93
150 288
1106 669
382 498
1038 29
963 71
733 669
949 17
1174 118
702 555
269 151
262 596
736 713
589 185
190 187
329 306
348 467
884 253
301 609
423 551
188 502
404 514
301 181
577 436
169 152
989 75
424 660
413 646
840 299
415 507
699 561
691 586
585 349
333 229
347 496
1026 269
949 51
239 514
240 86
864 64
530 155
941 17
692 669
757 42
424 487
533 97
1008 269
336 550
140 186
215 301
767 59
198 333
557 105
979 15
416 670
712 711
615 435
860 176
232 96
903 306
1028 11
201 65
157 313
967 170
829 39
441 708
225 53
1138 522
839 57
1028 140
632 533
676 633
409 529
240 164
326 494
266 582
721 623
421 658
215 305
809 177
396 606
294 388
324 313
151 458
147 307
217 149
99 316
184 235
1152 250
1010 19
424 517
990 143
420 432
215 150
289 342
360 481
956 699
271 74
946 80
356 455
1003 280
879 153
975 153
308 392
872 103
1006 87
704 354
394 509
296 372
1182 305
281 170
312 396
1148 72
633 95
347 473
224 394
1006 12
299 309
1009 213
643 427
288 332
254 273
1175 216
235 80
1166 394
960 101
600 375
393 681
870 350
933 298
283 358
1142 462
563 258
701 691
606 49
341 489
203 513
186 398
258 619
1049 703
928 684
323 330
262 147
978 515
387 602
443 131
229 133
229 357
213 441
260 205
585 365
295 683
217 320
897 268
625 476
331 399
1022 413
1031 71
195 26
1122 242
1085 711
382 667
276 549
193 56
954 138
401 605
353 466
217 88
399 580
160 119
241 94
312 325
447 708
347 570
266 237
304 373
997 214
241 514
940 665
993 305
314 283
946 146
350 547
218 637
369 511
625 316
299 377
229 91
239 107
995 73
451 684
233 86
816 595
304 387
220 76
258 207
234 151
224 125
289 314
313 351
286 365
313 405
962 122
305 301
407 661
1009 179
303 368
1023 705
1060 188
228 176
314 400
1017 642
367 398
424 696
362 586
407 636
272 215
317 340
257 241
1141 643
245 55
327 369
366 557
983 586
253 200
324 512
936 45
220 22
1207 324
285 299
983 258
367 399
748 714
306 182
384 553
947 99
984 279
353 393
314 166
390 623
730 693
676 274
569 162
278 306
387 580
282 264
575 224
979 28
588 523
394 399
940 477
298 247
815 192
332 380
652 421
198 420
296 327
200 76
339 320
926 316
302 374
1025 221
695 592
370 488
123 272
740 459
1025 670
958 48
564 198
306 423
872 260
280 595
1039 166
324 369
307 366
731 480
692 677
325 422
354 481
257 702
179 317
917 40
675 684
327 278
648 671
300 443
275 203
1038 81
1001 390
624 503
242 149
250 210
990 248
210 97
1023 449
1102 292
380 535
243 88
696 548
313 380
380 581
505 166
350 572
185 66
903 429
382 520
404 529
602 209
551 63
607 539
241 476
638 497
940 99
297 291
1122 222
717 553
775 12
449 537
654 607
313 374
238 31
945 26
304 497
990 223
994 186
362 562
611 46
161 136
870 185
152 216
394 507
752 669
1011 281
1170 281
572 315
1199 361
582 351
1021 665
77 251
842 74
866 199
194 413
961 78
571 256
286 172
887 122
578 258
593 336
1188 467
361 422
535 74
823 484
977 183
928 324
663 534
278 624
652 383
986 394
1035 700
344 401
960 195
347 581
1178 417
1069 103
699 515
865 101
1003 105
318 498
201 56
889 292
180 369
643 662
668 616
356 474
330 430
611 430
1026 273
604 325
919 244
850 149
168 173
240 12
267 536
1178 507
164 260
1151 298
575 361
847 350
309 249
954 536
685 629
1026 661
346 282
375 471
362 510
977 10
268 561
588 392
358 526
204 56
1159 620
1031 670
1191 487
926 458
960 368
205 303
857 586
1028 668
953 70
247 62
930 454
634 449
1166 491
318 415
694 415
996 347
789 360
1193 571
223 517
166 588
287 209
562 242
1030 242
963 139
998 698
613 514
916 488
1181 476
943 67
1002 245
267 224
407 623
586 192
937 305
639 116
913 293
756 704
181 374
1171 291
1127 325
222 388
226 520
120 222
1166 219
222 511
147 352
275 290
217 58
124 254
846 143
362 499
445 313
313 273
169 306
791 398
823 647
960 537
242 490
249 517
1101 697
930 478
1022 46
349 585
646 87
610 328
402 611
208 363
353 488
916 380
263 495
904 331
257 96
998 251
1198 238
242 516
226 526
951 25
477 94
508 135
1017 147
999 254
270 255
984 646
412 703
671 707
1019 713
712 626
927 571
352 264
831 311
1190 324
549 386
105 429
411 459
752 38
272 206
1180 541
179 548
287 649
903 301
187 217
225 196
1044 135
935 86
831 121
277 632
148 354
868 131
281 336
566 336
124 170
718 649
627 351
724 701
1028 214
965 456
1091 654
722 644
1170 203
345 495
320 298
927 362
262 191
1191 545
531 146
1169 414
113 216
689 494
1048 105
1014 456
1179 254
223 101
1209 363
169 506
915 298
186 310
231 557
1209 422
835 9
320 464
832 18
548 195
1025 189
579 383
608 89
675 653
937 458
645 511
217 27
686 662
783 253
1114 215
454 704
1001 714
279 151
173 201
874 133
277 689
1153 581
261 120
935 308
149 351
244 161
965 654
1160 451
938 63
293 300
636 644
599 287
854 95
349 563
216 450
603 62
961 50
477 32
1009 693
1012 400
500 81
370 501
1159 451
728 580
715 646
216 530
856 293
917 265
324 422
511 552
656 482
292 411
858 168
1029 663
1137 515
278 532
604 487
433 613
275 120
501 285
287 231
1194 412
513 102
478 46
228 107
809 613
1045 697
1172 504
476 16
1064 97
997 600
1023 709
235 141
282 373
300 232
546 93
307 294
255 64
332 262
203 315
591 507
429 597
1149 239
1160 624
984 47
1206 545
531 100
318 357
1005 459
1048 713
237 170
590 514
988 544
794 36
774 411
711 703
275 134
548 118
821 69
830 139
911 168
266 172
1197 313
560 467
831 15
286 377
243 98
309 433
162 149
1196 356
1050 73
322 398
275 674
268 167
99 210
1118 229
682 701
564 297
1003 380
782 114
707 668
978 512
579 401
897 449
1015 133
1179 633
523 117
292 258
547 159
1048 120
987 700
258 589
854 274
145 449
285 301
207 625
1165 671
203 370
345 522
378 629
1159 562
783 681
1002 681
889 106
434 697
211 27
257 577
967 217
279 129
530 45
400 433
746 445
580 262
201 559
277 273
238 183
143 279
943 281
1007 278
266 230
985 29
141 303
421 591
987 319
1008 319
322 457
262 1
1181 535
262 241
379 546
224 43
1031 662
955 113
246 171
408 718
926 21
197 371
944 80
614 301
560 137
1018 637
317 384
365 582
705 652
275 266
602 323
423 591
310 412
1036 124
300 336
618 33
947 158
954 626
433 604
580 28
341 408
872 390
271 192
614 61
238 35
359 480
347 537
999 224
1189 348
970 515
661 199
269 320
1058 711
587 432
1154 305
929 393
562 155
248 180
874 513
1027 688
816 25
389 538
201 316
206 595
729 617
1052 63
839 317
495 115
139 246
606 340
1023 714
262 560
667 557
900 175
1176 451
222 502
690 593
959 107
1178 588
817 477
923 714
1001 287
194 341
336 585
723 664
243 224
234 364
213 0
917 306
1096 212
411 652
140 270
989 216
325 337
577 250
323 451
909 7
924 37
324 417
264 637
561 201
108 178
996 57
1137 101
234 602
808 150
779 137
221 381
133 301
354 475
514 324
418 485
563 218
540 104
556 113
995 288
230 22
1134 218
194 526
912 347
177 211
959 181
587 153
315 423
1008 209
294 601
962 58
607 273
1013 5
1140 359
630 379
1184 506
1202 202
846 72
1184 573
834 11
1010 649
174 469
189 28
1185 446
828 39
861 342
173 167
241 581
236 517
637 424
170 390
1183 648
781 54
573 168
188 405
823 60
1186 456
1029 647
196 429
1186 370
401 647
747 323
1203 292
262 288
912 392
541 116
352 364
956 16
1014 681
255 552
210 427
835 132
977 645
691 585
583 211
266 142
834 151
904 401
916 253
183 165
211 412
1030 621
416 692
1201 609
534 134
1005 285
540 170
182 201
928 17
282 633
357 583
213 373
295 162
1189 394
361 395
639 133
708 710
487 676
685 707
119 201
396 662
628 378
523 155
778 86
649 618
374 568
299 334
929 49
577 299
1004 408
693 567
1011 133
298 357
688 566
237 96
204 509
250 487
730 621
244 40
196 468
148 276
213 104
884 592
577 305
364 350
184 389
193 533
373 514
1030 652
315 227
157 490
816 190
496 233
838 233
240 174
365 538
183 398
899 504
536 471
1151 591
1003 651
623 245
879 512
709 680
457 660
184 437
933 368
836 63
1106 644
131 324
294 324
938 308
573 225
508 217
483 160
729 599
215 502
881 199
1204 245
232 149
557 73
680 716
664 175
664 396
599 320
278 296
531 587
201 6
548 66
912 202
218 505
709 660
1132 441
1139 208
598 248
878 429
832 11
164 236
689 535
887 609
656 610
319 678
222 396
63 343
525 121
482 54
644 517
620 328
189 353
927 466
181 480
1193 398
997 635
596 546
188 198
904 247
1166 132
470 114
1002 302
1206 294
898 291
153 495
656 492
148 505
204 546
676 565
304 714
334 651
459 135
559 159
228 233
220 311
121 292
629 348
651 432
1076 416
218 408
1198 476
1179 459
71 450
627 480
1022 623
266 595
251 527
698 544
1049 669
294 643
1101 693
891 196
1152 238
579 186
882 185
915 177
1020 12
293 335
187 333
927 338
193 261
570 270
169 277
276 277
319 273
914 304
1177 471
1185 454
204 459
598 485
639 419
1167 441
1163 386
416 661
961 652
954 713
380 637
929 604
617 568
133 357
195 373
296 379
918 349
865 300
1167 315
1021 231
842 236
1223 205
113 194
286 185
1185 186
972 187
318 169
421 120
235 83
1024 617
1200 556
734 659
1019 688
901 299
210 306
931 502
224 482
906 408
232 135
890 209
231 127
804 29
704 620
1032 612
1053 698
285 716
221 389
1183 506
498 148
289 253
206 525
617 522
235 582
290 641
742 718
215 432
1154 395
904 326
199 515
320 694
635 444
1168 443
647 119
894 224
546 133
1181 579
1183 623
598 323
241 47
204 25
1088 1
489 89
739 688
405 657
1013 4
873 103
184 241
132 524
241 562
658 586
328 718
660 646
769 79
980 0
140 226
561 206
171 143
825 143
226 417
177 449
640 459
394 487
300 277
621 373
955 521
500 125
534 126
500 90
292 446
793 278
392 603
293 235
306 408
1204 257
1069 714
591 340
605 435
923 385
952 54
1115 654
411 672
203 335
599 393
263 169
867 178
356 557
359 606
725 663
823 385
308 454
882 255
278 244
974 518
862 141
1182 165
1135 417
778 24
414 702
819 347
165 297
197 51
1030 92
1193 370
157 414
896 414
1109 306
448 84
1176 586
494 157
864 70
633 1
876 44
870 99
465 129
993 60
1186 175
1204 179
349 711
887 420
448 647
957 613
908 216
931 503
206 682
136 500
351 484
1197 431
246 129
618 343
1135 680
848 390
565 283
900 145
914 322
1170 182
873 532
178 212
780 358
258 247
974 81
293 379
211 340
605 288
933 479
945 99
354 679
249 579
1131 459
306 265
574 347
1127 330
856 130
108 146
885 166
341 686
261 548
638 584
839 31
600 198
1208 368
225 387
270 686
938 236
1119 324
976 700
1139 511
871 307
263 179
889 192
576 610
927 714
101 352
1120 628
579 207
294 657
283 681
219 391
951 418
961 170
858 95
1018 667
669 600
682 600
522 385
297 312
244 521
1011 714
884 204
151 238
1161 242
585 418
114 402
579 303
152 195
180 155
574 171
1060 691
941 420
1175 449
542 307
228 104
625 557
1182 623
551 107
855 114
894 366
566 274
209 479
552 130
290 345
672 701
843 14
498 56
723 35
948 327
1122 543
834 145
1020 651
207 406
886 351
722 589
447 155
563 197
473 61
1176 503
1013 638
266 634
334 515
942 331
593 365
587 221
289 213
326 719
263 663
1175 349
1135 375
1182 414
133 415
960 564
609 210
1208 244
598 432
1007 390
253 306
1099 7
259 241
203 281
195 455
182 381
231 6
976 505
278 535
567 147
477 20
485 153
1125 584
225 382
1194 370
235 428
440 31
583 236
1193 379
511 633
554 156
386 636
793 133
346 715
541 549
1174 528
288 177
832 461
933 559
197 227
276 189
1203 537
946 459
913 530
142 233
296 336
309 386
901 324
351 342
278 187
689 635
285 228
990 687
231 91
1198 487
214 587
1130 487
963 653
585 257
142 237
943 493
693 657
1148 431
937 488
260 335
942 367
1178 248
151 339
373 699
177 178
347 554
246 210
845 136
255 572
1178 353
159 275
344 550
196 76
347 419
787 75
828 350
1201 199
732 690
557 225
585 600
178 287
399 603
599 399
970 48
238 176
673 612
301 259
675 628
277 688
603 44
251 487
711 550
1169 179
737 693
211 441
962 683
1105 21
1163 156
605 208
919 523
1064 62
213 281
870 509
674 567
1195 342
815 321
300 311
994 401
608 307
325 425
1201 273
375 377
916 170
1081 35
198 387
932 459
268 565
645 528
258 529
198 401
425 705
1024 222
274 273
1091 531
686 543
1182 478
1186 320
307 245
965 676
1117 319
294 263
1014 690
413 635
980 146
382 415
993 37
852 544
602 233
640 373
977 216
828 75
444 693
601 330
206 85
385 626
183 384
547 243
911 88
218 95
226 634
456 697
860 372
646 542
1018 240
234 44
240 390
587 336
300 340
338 451
1008 632
523 57
211 104
403 708
576 176
463 41
389 547
278 347
415 712
351 268
651 542
266 158
313 230
180 40
403 462
268 272
275 177
572 168
771 60
735 212
1028 91
615 262
373 495
310 285
201 95
272 512
280 155
284 353
1017 223
799 18
346 661
248 611
400 669
155 482
234 567
1031 703
1168 326
477 99
1009 252
317 338
988 234
336 444
913 239
1170 227
595 425
238 436
637 640
534 161
933 377
180 243
979 99
183 236
898 315
753 674
361 549
1046 164
869 175
718 664
680 706
797 386
859 136
928 385
908 413
337 448
1135 394
853 72
540 72
1185 425
1029 640
915 662
295 667
653 453
366 471
822 31
618 610
968 78
428 122
539 290
605 371
1188 477
640 49
318 389
149 397
1024 35
1019 126
414 707
468 325
860 29
975 644
294 622
1044 106
918 299
255 598
801 106
896 288
855 196
1192 183
1008 301
569 192
969 156
526 489
249 487
731 657
1206 434
282 333
606 61
950 454
1132 672
558 185
222 374
882 488
936 297
929 440
906 396
1167 534
903 403
882 221
621 98
196 62
187 221
892 515
674 678
679 665
629 328
198 252
1163 174
199 435
213 443
250 71
701 602
203 477
830 175
853 246
408 656
177 379
694 429
440 712
1030 112
999 376
1048 76
397 393
502 138
857 89
589 166
413 97
861 158
222 575
920 426
468 637
1188 617
144 147
306 269
278 146
675 522
440 702
960 297
130 185
593 249
472 684
427 142
875 86
750 685
366 583
683 537
101 255
553 350
366 496
150 179
203 286
224 413
873 196
746 28
1115 310
936 311
101 405
339 284
175 509
834 129
687 585
392 61
168 202
863 148
375 517
429 89
688 621
195 411
210 423
1193 328
745 200
1161 514
475 65
861 83
1018 698
1118 293
448 198
726 226
932 658
192 257
209 284
201 301
943 367
146 503
1181 104
558 97
1170 595
868 98
560 194
320 214
459 717
224 103
1016 151
1000 582
270 293
289 435
335 514
1158 471
901 458
1179 409
1140 283
1157 520
479 36
181 428
193 461
156 278
247 534
458 55
263 366
307 432
245 546
307 691
874 120
370 61
527 267
200 314
1106 460
725 679
1195 247
946 369
618 689
611 541
990 633
232 369
681 542
1019 215
876 429
245 637
592 481
676 558
283 606
816 107
875 194
426 702
924 323
899 118
592 662
931 604
577 514
144 291
909 197
506 150
842 166
859 87
367 542
833 520
198 485
935 358
391 545
288 669
1110 385
169 159
238 596
605 190
858 536
854 180
690 516
704 529
197 377
1176 210
550 129
1014 81
719 650
662 538
281 559
845 687
938 493
711 635
573 187
1008 616
712 680
923 193
287 347
1190 618
1004 648
658 656
240 349
208 55
607 377
516 388
254 525
612 302
1199 407
848 524
633 486
958 475
1001 272
196 356
969 184
87 307
214 395
609 347
197 234
848 159
748 658
622 310
360 476
950 382
160 402
976 135
817 676
472 152
121 237
877 222
382 172
268 359
309 403
196 265
247 242
165 231
567 172
944 72
965 207
747 46
1173 581
594 193
397 558
1016 298
933 516
905 368
823 37
617 355
965 647
281 144
1178 190
312 287
274 698
170 139
194 358
890 279
954 56
925 565
346 561
685 592
171 193
446 716
628 716
321 493
205 313
823 128
281 622
461 101
521 55
1112 398
931 622
1028 4
877 131
275 226
1199 226
236 536
700 610
1010 153
135 575
304 330
926 231
678 650
868 59
587 570
602 211
208 347
821 93
1014 240
127 151
201 590
439 664
647 394
226 377
235 92
795 112
1191 222
1165 228
706 173
149 188
659 639
369 620
1153 673
1027 678
668 684
1046 706
950 479
600 436
613 362
1165 298
937 66
849 116
855 107
592 137
264 558
231 524
1169 511
918 52
845 22
889 215
705 601
685 613
558 145
99 205
172 353
277 353
532 61
236 139
398 274
437 719
1116 492
801 490
272 265
870 341
374 560
603 525
661 579
697 545
242 508
622 557
196 557
1208 265
1174 305
854 532
168 305
855 460
416 641
615 385
1170 244
923 248
621 401
855 139
1016 15
387 465
946 482
912 568
586 147
957 32
610 224
110 551
159 214
1111 662
545 265
235 71
1017 661
820 10
347 499
216 611
600 299
175 62
1185 202
595 366
141 198
898 216
149 361
833 127
577 124
905 353
267 104
1148 270
880 209
740 5
272 212
1005 675
125 204
218 550
349 550
1178 163
241 590
319 370
908 297
267 634
192 12
646 556
707 617
819 44
90 255
362 440
250 590
1151 123
1131 190
260 143
737 687
482 111
578 374
197 451
1028 689
1181 543
938 362
95 370
950 555
547 216
671 532
965 613
967 230
788 177
238 403
995 229
851 146
676 497
980 86
610 265
700 569
290 402
683 514
402 584
531 140
358 544
728 679
313 359
951 524
346 525
982 680
153 294
1143 492
556 134
844 188
912 248
377 548
396 454
189 301
593 197
558 209
568 552
874 412
387 608
285 164
547 119
1185 199
887 178
557 109
882 124
459 704
285 617
572 353
1030 700
251 142
766 61
1043 705
440 692
1116 370
677 706
334 496
679 560
172 152
697 595
280 383
571 396
1168 373
1193 418
1180 395
637 323
899 510
1034 619
845 154
157 562
1136 96
1204 502
926 561
676 377
1124 505
942 119
1164 424
211 497
548 609
1044 714
242 447
731 80
381 550
245 153
202 260
166 265
1166 515
882 430
596 357
911 294
284 688
186 186
1167 237
733 658
264 106
590 650
542 150
327 541
661 632
95 384
236 462
1177 509
649 393
544 292
629 342
511 107
1128 702
189 487
1027 691
258 571
879 228
980 491
677 617
319 311
633 436
98 249
1168 504
434 31
573 213
1135 682
580 465
184 453
614 309
693 525
934 209
1131 672
845 90
1192 533
1157 514
198 47
1026 669
794 385
273 623
167 185
248 515
625 444
395 680
1170 334
264 206
242 182
453 616
348 406
304 229
967 552
583 218
1025 214
830 219
267 221
577 488
381 607
399 607
526 289
314 663
555 203
388 545
608 284
578 159
134 251
259 518
1132 583
220 476
163 297
831 80
891 292
809 77
1106 337
331 304
681 564
1003 234
995 352
195 390
1173 471
513 470
622 337
1110 360
1155 382
232 525
1013 665
1018 153
973 67
412 685
209 499
954 708
221 345
455 676
1031 689
858 175
241 542
209 349
397 451
1188 342
181 314
807 185
937 299
183 340
458 353
285 212
388 651
283 215
208 491
741 69
411 618
294 202
396 713
319 631
287 260
505 84
214 48
279 196
990 192
609 326
907 2
294 320
997 292
928 66
419 572
730 682
257 306
982 11
950 0
332 311
202 8
983 269
633 449
777 173
308 377
1070 95
272 136
1171 445
1009 661
1190 213
276 123
1029 638
357 565
252 210
1012 449
689 591
318 433
975 504
978 249
1033 94
927 272
910 296
1035 64
705 526
281 147
370 463
730 659
428 627
1009 377
260 186
1190 482
966 72
290 145
406 666
330 376
342 289
309 316
1008 326
948 47
267 114
283 117
317 372
623 241
928 101
1038 33
279 102
354 448
1093 530
1052 233
328 525
975 135
257 120
1179 615
243 97
329 397
1068 134
430 602
296 242
390 508
208 75
964 250
975 104
1022 115
349 509
586 193
234 74
923 332
286 360
1140 588
379 575
1025 471
262 164
992 289
254 181
378 507
426 609
690 356
280 427
410 653
1165 261
344 560
431 591
998 1
1185 400
636 56
288 417
243 199
326 3
639 602
253 229
997 159
340 529
967 58
317 452
357 485
1063 160
1002 686
369 549
394 637
395 463
283 149
266 194
240 27
422 660
1163 401
550 136
243 215
1003 227
1156 268
399 629
954 54
299 317
416 579
1040 703
805 210
1064 132
718 650
230 34
1026 128
291 362
242 196
327 384
612 268
519 75
257 123
869 130
279 205
640 537
1035 670
698 483
326 443
568 346
263 260
253 133
206 300
232 72
427 630
558 216
938 60
242 442
306 248
170 439
781 329
647 563
632 547
596 330
1201 467
258 260
1018 260
576 368
651 117
149 367
423 588
288 706
312 336
227 410
429 75
965 38
325 376
462 686
495 456
570 204
255 286
393 532
307 413
200 92
290 254
1035 255
223 119
313 408
380 388
943 87
322 711
300 415
361 455
392 490
393 239
339 488
367 510
354 447
986 251
376 475
341 361
282 285
158 366
943 4
361 541
324 400
176 338
225 104
266 299
470 71
286 243
516 58
293 239
137 406
293 350
322 464
354 549
292 250
216 390
972 65
987 75
1155 120
391 438
1006 366
325 583
588 218
326 405
1152 391
102 357
342 463
440 678
291 132
676 537
593 382
229 218
963 5
736 718
267 235
426 645
1001 437
293 205
947 108
209 383
950 383
923 533
352 553
239 125
577 321
414 685
421 564
203 263
374 629
999 34
349 454
420 686
441 686
325 345
986 323
925 352
629 87
261 556
314 652
395 652
285 338
340 341
998 413
253 193
951 52
379 617
235 538
1159 212
1172 273
934 279
438 457
943 390
630 509
331 518
590 188
237 199
433 618
224 451
646 68
310 216
930 259
976 34
336 506
294 326
846 131
336 431
300 641
1035 101
173 31
324 656
812 15
245 463
984 580
157 146
580 149
323 276
679 597
697 557
980 48
988 707
232 183
1007 625
484 613
347 571
308 175
1021 675
1022 150
890 272
992 97
361 575
836 171
322 429
991 248
325 411
176 315
344 457
1030 127
545 267
273 187
392 576
302 505
314 501
1175 553
1042 87
347 479
365 523
308 445
454 610
567 516
962 630
331 532
589 319
1003 216
944 0
545 245
980 4
647 502
664 529
855 17
135 363
1151 462
324 479
720 617
1166 213
1181 193
962 104
221 666
530 113
957 112
1025 15
238 11
375 446
233 14
221 42
1000 254
1018 714
751 550
573 416
1013 267
964 165
158 186
175 160
391 429
204 367
1002 305
995 25
171 482
286 288
890 166
662 631
362 465
307 314
144 168
403 540
1011 302
925 195
1173 279
420 668
295 284
981 114
371 597
1041 73
279 270
204 8
419 684
194 255
749 324
1205 374
374 427
559 321
190 275
919 17
284 277
1152 308
125 287
632 526
297 426
207 355
921 8
889 159
341 347
129 336
1187 414
1033 145
319 351
975 681
250 48
297 386
546 94
833 17
935 494
1169 213
278 333
934 223
961 487
1151 516
937 578
968 417
903 293
389 570
1028 255
887 123
910 199
156 227
148 314
683 503
203 304
866 299
1195 381
998 121
315 514
690 543
101 408
968 17
769 150
873 182
601 230
1199 300
843 584
249 468
648 613
1028 412
630 519
1025 717
368 590
961 131
659 658
291 428
1022 24
1142 331
675 610
1171 506
1191 411
994 396
207 374
706 452
408 539
643 444
928 325
227 370
1200 586
320 479
371 479
259 222
1121 422
251 207
848 45
578 240
240 555
969 86
215 22
853 338
940 360
453 60
1012 693
1155 465
361 600
1023 455
1059 167
1158 213
1022 643
315 265
1117 338
328 359
393 609
599 638
1170 398
1130 454
240 538
975 523
1186 575
651 547
825 169
882 187
110 155
960 121
958 388
1202 438
1192 425
662 458
185 341
901 516
363 565
1133 563
272 546
859 629
419 653
728 648
333 693
433 702
1001 711
263 209
818 210
898 223
924 223
527 167
132 173
533 156
566 152
1047 48
1088 23
629 451
943 456
1148 470
264 486
1094 430
606 356
567 275
610 296
277 682
951 687
645 650
213 521
883 529
550 601
310 625
1198 182
827 161
531 129
405 198
179 226
756 31
736 63
951 72
860 84
862 108
867 96
919 373
910 349
643 474
847 452
1174 484
595 418
311 441
416 677
889 646
438 707
587 621
994 615
469 26
939 17
820 147
988 136
554 244
286 200
649 376
1197 335
916 273
849 467
1167 477
1203 421
1164 574
170 573
257 557
529 556
1166 553
1034 674
914 227
985 142
323 392
723 637
270 665
1167 489
665 604
1210 584
591 419
1176 270
337 336
312 682
314 394
579 182
452 527
287 663
108 378
1025 620
602 277
189 298
186 545
280 286
82 365
338 365
870 198
319 375
1095 709
906 23
239 182
1134 413
292 264
327 355
317 633
797 142
292 409
1204 439
250 517
832 424
868 138
928 493
1196 304
396 619
832 117
203 306
577 343
333 408
345 709
135 249
717 646
383 666
950 126
340 436
995 661
943 80
1002 185
957 483
921 443
250 146
273 538
240 612
110 368
320 410
841 167
242 87
1017 222
201 71
702 601
1191 315
904 337
1159 626
1028 656
324 490
382 580
649 505
527 60
513 87
686 634
387 662
946 27
273 155
959 371
1041 685
945 628
224 105
170 245
1150 361
732 657
433 674
717 550
227 52
235 191
661 562
215 505
960 448
315 488
929 237
234 509
430 628
228 639
464 304
674 478
201 275
135 348
1193 573
864 147
252 573
365 642
414 642
544 249
1003 236
1004 190
1206 238
202 437
926 512
144 458
722 604
305 316
885 216
624 337
243 162
902 306
386 376
938 342
357 611
365 464
192 484
1143 205
230 387
234 40
1011 15
329 485
960 476
371 515
306 300
715 432
300 162
1008 228
256 130
247 523
641 532
214 312
374 653
832 177
916 269
1026 92
381 439
1175 401
1189 362
221 414
312 702
299 610
270 330
251 45
413 693
301 381
79 277
262 295
945 74
1007 125
276 373
268 133
908 504
240 172
994 353
944 309
574 247
90 402
614 332
300 68
636 509
347 367
989 664
274 404
164 452
1188 246
297 208
629 99
593 174
614 68
386 584
453 685
624 467
703 620
658 636
110 321
621 218
867 442
456 293
445 716
361 591
212 10
195 466
654 531
182 358
1040 686
1045 673
632 415
350 386
318 363
1044 80
570 444
346 579
1192 484
290 199
298 307
730 655
971 113
262 118
702 551
802 378
451 35
298 366
290 293
368 497
813 107
1021 616
158 160
311 297
638 610
327 328
913 425
368 600
1158 442
784 136
829 216
294 378
260 160
331 524
287 332
168 389
505 79
969 110
175 182
952 68
259 219
163 216
283 158
955 550
968 215
656 579
422 681
204 391
375 601
804 65
139 289
336 388
1039 694
1149 71
403 664
610 486
996 63
510 86
871 181
984 104
1129 323
836 219
311 436
221 325
904 395
428 709
412 682
1004 458
375 437
855 166
189 331
268 521
295 195
1034 70
181 307
363 583
840 522
714 601
952 102
838 174
868 42
314 438
228 516
338 458
313 305
93 348
305 688
733 651
338 343
188 303
606 469
287 270
235 89
158 232
353 464
393 673
623 95
1005 160
163 347
219 42
1173 579
614 557
345 269
308 440
1136 328
1163 662
723 604
376 578
365 605
1151 504
165 225
451 669
937 453
276 152
530 56
512 84
1162 300
309 381
1001 383
834 177
147 281
323 501
1195 388
1003 260
177 385
1068 79
238 206
982 176
238 103
120 219
424 668
287 308
646 516
376 626
579 216
295 277
580 425
623 100
1044 111
457 697
1014 74
957 536
1006 714
811 13
336 374
349 485
952 12
69 278
975 21
387 603
537 136
298 287
261 197
391 479
1118 273
318 249
999 233
883 500
1097 114
1189 309
651 609
811 349
376 512
926 5
252 229
1022 127
1097 194
607 207
433 686
301 613
217 269
461 692
1178 454
254 227
235 31
328 230
864 453
417 610
1183 443
302 469
257 255
326 678
910 230
235 561
274 126
363 552
284 228
1015 220
305 268
343 396
231 375
340 576
1065 12
634 481
1118 387
476 70
961 110
541 130
362 554
243 485
217 330
831 603
260 162
310 470
796 302
1125 466
677 560
976 168
313 690
540 67
748 60
1178 216
689 517
395 649
656 504
662 534
926 390
356 295
125 273
585 636
988 84
1130 94
608 74
198 304
873 169
183 159
300 651
1160 124
359 546
1155 217
968 162
164 182
1124 654
1166 244
1184 635
936 28
422 717
187 550
1187 495
671 504
264 532
1049 710
974 89
579 524
1011 616
133 115
229 115
1028 137
222 380
301 359
1032 658
1194 545
888 199
846 189
387 629
967 16
138 403
1117 472
100 154
528 167
215 440
222 509
415 644
578 452
1056 48
180 298
594 210
927 3
328 249
368 630
428 626
894 649
206 494
814 485
637 476
595 504
591 642
613 347
1041 664
938 401
879 339
946 483
645 345
1146 696
958 130
838 525
273 585
387 470
854 46
241 174
339 309
366 512
190 417
971 519
1034 713
997 107
294 359
1194 359
297 201
702 576
390 544
847 556
862 80
815 79
878 505
944 394
358 536
260 701
304 341
265 568
1138 683
314 437
1139 136
923 190
1007 225
1140 656
292 364
695 605
1170 331
981 602
812 395
1200 530
162 165
731 711
1169 369
180 412
1143 185
909 216
747 123
599 265
553 326
274 193
1024 718
948 518
196 256
651 405
180 344
419 514
230 91
135 126
986 275
834 19
937 535
181 390
1052 692
569 437
231 539
191 269
1197 411
957 669
563 169
1018 636
211 520
813 474
722 608
335 675
910 352
720 651
767 135
819 22
1151 309
1127 438
698 576
364 529
312 649
251 654
999 428
1014 43
840 21
705 537
881 422
315 344
1005 264
925 275
1124 275
166 317
676 472
554 315
626 360
926 37
611 244
394 572
1151 461
956 430
287 515
1153 618
211 392
185 342
188 44
540 335
990 160
177 259
1001 673
1124 420
926 648
1154 535
624 561
355 566
928 263
1013 264
622 355
1004 407
1197 517
539 186
212 437
988 171
1048 142
608 79
1005 338
1184 479
271 236
304 329
919 253
216 117
101 278
362 460
1152 305
300 614
709 605
931 447
258 10
159 181
329 566
697 662
420 649
251 517
306 453
1182 255
163 224
269 188
583 163
962 126
977 652
635 642
527 295
513 139
182 362
1008 413
356 521
327 430
196 340
1210 548
415 655
858 167
276 251
1057 144
846 277
682 653
579 353
326 415
1197 504
981 551
379 506
257 216
256 594
272 190
850 96
961 52
381 575
753 166
362 415
288 228
162 298
575 280
259 254
268 532
468 697
1027 654
1192 230
396 610
1165 339
244 113
929 493
217 0
361 377
1209 581
987 554
884 112
1156 302
191 384
645 477
184 568
430 645
346 452
798 19
605 251
274 660
268 692
343 559
313 696
576 144
527 111
1020 175
887 207
953 331
288 355
356 483
314 675
316 706
652 711
1062 671
1133 534
932 3
368 614
261 147
342 130
669 638
630 548
692 238
260 233
156 237
888 161
321 476
600 41
711 564
420 661
1001 96
696 575
993 241
622 486
659 644
623 498
694 587
928 353
285 38
180 517
165 296
940 354
334 287
281 246
383 635
827 49
1012 363
469 710
229 504
1154 301
594 499
701 591
1152 225
548 581
290 304
732 478
265 251
152 175
354 506
1183 199
386 620
1196 341
581 671
482 13
276 301
679 685
1151 644
290 664
304 453
1015 219
851 7
670 639
1120 618
1039 42
981 212
321 294
947 44
663 71
856 583
614 261
163 365
181 346
959 599
278 260
993 278
1001 40
689 592
651 185
994 54
1001 159
840 47
1010 191
272 164
1036 684
296 251
443 670
933 80
639 59
326 354
247 163
221 477
407 576
871 103
334 435
429 621
528 140
1019 219
1004 137
322 289
207 78
415 622
1227 196
295 373
418 521
278 690
384 564
757 691
235 59
789 139
311 431
358 451
240 596
325 272
387 487
292 396
275 168
314 164
686 550
107 277
1188 357
984 617
227 163
112 361
952 15
1022 434
373 547
883 104
1176 590
390 636
1023 247
188 256
705 703
1016 41
250 148
308 442
298 279
706 635
302 706
391 621
364 550
245 98
332 345
241 114
362 469
635 381
999 182
595 216
347 418
976 209
906 3
1027 117
155 232
320 412
554 149
252 492
291 287
1008 85
984 235
917 717
355 454
632 699
499 180
275 190
982 326
388 565
358 401
989 401
210 329
378 585
281 330
245 151
568 273
406 618
274 275
227 3
1202 513
188 15
364 429
574 209
997 316
282 254
302 464
436 639
282 607
448 369
322 445
230 159
902 444
229 92
296 471
241 193
413 670
410 570
197 43
925 100
1066 27
350 434
839 36
1009 222
408 510
453 667
194 475
255 633
217 508
339 494
945 67
917 27
244 237
956 11
326 468
337 403
1027 35
408 562
371 530
707 357
293 252
333 433
404 527
1003 658
337 486
334 517
234 92
373 579
235 79
454 569
383 630
341 267
216 352
943 134
316 343
444 667
234 515
374 572
984 34
337 318
548 120
213 139
377 506
696 691
333 286
726 154
726 440
921 363
101 327
219 51
328 420
903 122
1016 225
289 326
636 394
596 223
992 274
1141 183
366 376
303 435
315 395
934 599
327 293
875 168
1166 580
805 9
621 467
861 226
374 553
1191 425
994 277
361 544
257 340
452 716
343 522
857 33
1177 245
359 464
875 110
1171 303
291 382
530 151
189 339
366 660
225 61
581 195
239 150
283 563
919 332
214 484
375 572
1152 278
842 158
335 326
272 348
642 414
961 616
707 425
913 179
963 63
249 172
680 540
665 237
886 194
626 582
1043 98
347 384
903 132
593 334
675 624
951 106
380 458
370 445
192 371
356 606
308 360
426 708
313 370
442 709
327 474
350 428
295 172
231 530
572 90
337 383
203 44
379 507
584 258
239 52
282 257
399 479
379 636
1068 167
125 176
229 392
699 595
442 657
938 81
967 610
280 246
890 214
1025 117
268 307
199 94
673 705
352 439
307 403
1083 707
270 233
317 388
437 619
402 502
369 417
233 163
313 378
264 273
390 405
1003 328
179 30
623 324
432 519
1036 128
268 119
299 278
998 106
944 71
1148 475
349 503
171 220
285 245
348 429
312 236
348 477
988 122
359 456
725 305
440 665
885 107
730 642
319 256
1009 421
259 160
272 233
297 331
346 390
363 584
395 610
413 572
210 381
264 242
325 290
996 620
369 376
300 52
238 61
1154 469
295 176
348 502
271 306
905 228
886 477
234 188
863 483
389 617
259 131
825 249
622 392
652 382
253 69
275 399
281 401
348 485
698 410
871 381
387 598
1013 327
1002 633
343 344
952 345
533 649
1014 660
369 517
472 706
106 371
1056 153
866 118
905 548
377 575
579 222
239 529
1154 522
392 599
1027 45
354 550
368 572
421 650
297 408
333 473
575 153
674 508
329 350
868 224
695 595
278 562
988 381
415 536
525 25
230 404
948 607
861 415
903 201
583 169
174 29
272 300
301 354
137 245
302 479
336 376
1006 465
384 358
322 427
707 653
855 293
284 16
612 282
1012 114
898 704
937 449
284 595
364 533
310 348
265 248
234 208
1021 672
649 362
314 396
409 631
586 223
214 168
928 205
585 215
300 246
909 329
1170 228
690 568
703 569
927 391
340 558
215 57
1029 4
281 224
262 196
328 693
200 392
1004 381
1193 209
147 209
350 469
1003 119
906 13
339 569
519 60
323 255
970 516
940 71
1003 401
824 27
242 131
283 623
406 564
996 179
337 368
934 359
292 281
297 391
603 27
892 577
304 396
236 100
598 541
1018 318
1178 562
994 133
957 0
154 142
269 218
692 608
792 707
530 636
316 286
944 25
937 338
333 432
456 719
410 690
389 541
994 289
133 198
216 84
365 503
188 280
977 14
106 249
296 196
237 266
350 552
346 570
324 484
413 607
323 427
310 293
302 258
881 119
978 141
282 299
1030 138
1021 607
601 78
327 499
250 172
1025 39
1055 62
991 106
342 544
304 250
427 649
311 314
442 698
931 86
1007 404
309 341
362 444
220 11
281 320
1003 161
915 42
397 595
1018 402
973 17
325 318
312 477
401 474
304 470
469 713
262 117
279 142
991 301
340 413
1148 608
382 654
999 425
994 286
413 593
381 546
1029 45
365 465
315 212
905 224
413 552
648 573
999 366
890 143
420 617
300 223
996 685
291 183
232 95
331 482
318 207
242 174
1008 229
719 693
1160 433
531 526
700 389
304 440
369 629
837 24
995 67
391 555
984 584
1087 143
847 16
345 286
265 128
573 177
534 204
684 480
530 186
725 715
1025 200
321 439
240 35
711 685
310 287
1007 104
1036 59
1017 662
256 41
189 266
414 672
576 171
459 670
242 123
1204 488
721 614
674 572
710 655
189 257
931 373
961 144
792 140
447 694
305 299
934 376
679 654
803 403
544 259
1035 680
684 517
847 101
416 649
709 672
946 302
252 184
605 246
1152 523
308 711
951 466
1042 677
561 194
946 574
925 341
926 321
307 554
392 641
539 103
201 365
907 526
663 666
312 26
1151 514
300 449
530 254
285 384
368 589
1027 207
347 447
371 499
1003 99
1189 338
894 521
1184 187
928 525
1015 656
593 426
922 454
1004 253
1137 281
954 514
236 625
809 40
213 569
508 211
374 599
415 599
1051 33
127 414
1033 658
281 312
318 335
1064 47
978 601
1182 601
409 664
582 357
681 310
380 568
632 378
173 158
601 390
451 333
563 187
358 99
243 483
970 4
713 711
667 563
703 579
204 36
251 33
652 569
152 122
1040 78
926 591
472 66
1111 361
295 374
203 310
280 264
405 713
281 657
265 660
167 161
788 86
387 511
617 464
907 342
1024 296
1156 551
1132 508
1192 369
1158 430
499 91
1037 52
985 207
288 585
265 271
256 602
959 617
1185 498
242 646
533 449
984 659
571 179
370 595
227 331
1195 532
218 87
693 592
567 150
857 216
305 282
132 126
943 341
291 188
237 613
588 169
350 441
310 274
618 70
360 533
866 520
312 312
1031 651
63 320
1017 702
1162 449
1162 640
581 159
777 389
453 136
122 280
172 399
1210 555
311 670
927 371
616 247
1009 663
322 684
621 259
932 274
175 439
275 117
276 232
261 250
317 316
1148 535
1140 395
269 507
224 61
1205 461
1025 142
231 551
917 492
1187 206
703 642
222 444
1048 186
257 257
897 136
926 375
980 224
256 137
512 137
242 507
298 252
1170 401
233 145
706 574
431 476
1201 541
998 306
302 424
543 138
705 673
582 369
630 496
896 170
1172 392
303 223
285 623
414 681
633 406
1187 629
740 297
1158 413
1207 282
140 352
191 232
1194 536
211 390
886 227
620 396
746 77
868 61
251 607
360 386
296 422
355 33
851 57
964 451
959 127
1206 159
189 197
850 421
226 341
950 309
1022 663
870 351
1190 233
564 157
937 534
1171 327
990 98
675 675
1017 585
290 240
305 331
313 404
1169 202
588 292
1130 312
237 25
90 453
938 690
892 106
171 118
1186 360
252 172
886 604
820 86
861 105
316 294
293 192
462 64
306 395
856 501
417 635
211 337
1012 303
599 420
107 204
558 161
992 670
872 230
975 650
315 205
942 486
840 75
126 195
144 226
674 583
926 392
579 325
257 175
366 453
535 106
254 490
1169 514
485 57
514 246
247 438
550 196
353 709
568 170
900 496
395 645
859 232
389 636
741 54
790 55
237 118
172 293
315 351
193 357
313 342
665 511
970 635
1053 666
909 472
592 148
166 230
1041 230
576 253
616 258
414 665
961 576
860 481
1183 303
885 181
1001 196
1171 569
200 460
1182 205
1122 693
303 434
586 0
367 614
280 600
868 414
845 155
1197 357
979 4
251 631
857 346
946 380
266 590
896 261
360 381
574 168
977 122
192 276
481 204
547 406
872 192
210 486
219 367
382 507
934 389
878 93
847 91
585 343
417 667
637 494
306 685
827 160
514 85
339 707
1192 482
663 15
259 577
489 86
312 250
908 214
1174 444
883 262
913 283
1151 548
132 223
746 22
867 463
923 327
888 373
728 652
803 175
216 314
400 561
341 718
594 39
1189 480
427 428
340 217
210 497
906 307
930 202
256 539
269 297
904 385
328 328
721 621
255 545
1080 74
265 262
1022 591
831 604
457 115
553 300
471 708
327 461
888 316
795 275
657 699
921 4
265 587
441 630
114 547
640 625
257 152
325 329
1130 576
572 296
570 453
1032 100
255 56
287 703
603 457
585 452
164 251
316 347
154 427
779 25
1140 636
195 374
967 87
337 394
622 393
1145 604
543 204
995 89
246 528
46 395
646 590
441 648
148 490
162 403
397 643
153 510
278 570
173 185
1164 508
1140 455
557 177
1158 616
1014 159
859 140
228 377
193 423
148 136
695 582
598 57
172 410
895 183
586 351
1004 654
861 523
290 580
1021 689
850 146
424 30
379 83
206 448
294 675
871 136
489 112
954 425
868 146
529 26
911 185
154 297
196 347
944 366
968 192
536 177
542 64
815 318
854 81
846 34
264 561
1024 663
865 475
610 178
928 718
643 495
377 528
310 294
812 46
489 111
858 490
303 442
1013 383
1160 383
440 28
699 548
505 210
904 269
144 190
68 286
380 488
505 143
160 347
229 116
601 388
591 456
905 607
320 691
670 650
568 629
550 110
158 292
575 323
939 564
684 539
688 541
257 560
853 111
317 477
582 225
717 51
720 687
771 283
883 130
711 526
216 409
890 414
924 68
1034 679
901 316
738 16
176 220
842 213
1035 684
292 291
609 431
1146 431
873 194
259 325
659 452
570 182
843 12
1030 679
318 434
576 286
285 416
905 295
193 478
1203 583
564 101
599 219
277 205
865 236
218 327
108 385
178 274
1199 483
910 243
260 134
855 415
1173 376
1167 517
1183 301
877 92
265 281
297 375
1151 465
311 321
921 372
265 170
899 42
697 684
681 593
200 374
849 10
1192 379
1024 668
490 119
936 440
216 114
864 475
235 95
1039 709
589 424
389 428
889 208
687 684
849 40
839 592
526 122
917 353
477 64
300 328
1185 406
515 123
1118 229
1126 274
720 528
957 104
1010 682
231 145
1019 47
473 114
1017 131
213 468
987 522
1185 649
919 254
629 529
325 456
894 379
150 276
1187 574
519 204
701 672
178 213
940 490
703 591
181 540
1199 338
683 599
737 658
650 507
1008 646
988 704
692 599
877 132
865 281
624 462
129 413
717 614
1114 615
547 235
493 210
816 156
1143 135
1014 112
443 74
964 513
854 354
590 279
915 318
878 296
1189 488
191 510
886 527
997 669
633 668
527 97
525 110
847 111
790 82
505 203
589 211
583 222
174 249
754 251
159 288
1183 383
1209 447
654 464
674 639
1156 546
253 569
585 113
849 123
508 25
929 312
1092 284
933 358
254 638
1107 611
654 586
1150 641
1051 696
1074 714
985 128
1019 129
541 148
541 171
1172 176
592 223
838 229
166 286
771 11
1128 31
686 618
693 647
605 370
596 318
681 596
1030 715
1201 381
622 490
829 52
497 65
804 206
122 188
151 514
204 547
660 557
619 386
156 367
323 372
1192 295
266 529
160 482
639 703
1038 683
208 327
562 117
882 93
1143 343
906 230
1021 650
624 580
239 18
262 536
751 449
260 594
1182 258
546 289
261 512
895 294
702 664
827 607
955 394
248 639
932 435
858 394
1202 386
623 305
978 658
941 315
291 337
329 703
1155 454
901 245
1191 295
220 285
905 266
280 588
602 195
888 300
625 371
719 708
551 105
827 118
755 342
164 327
447 261
154 166
831 4
849 88
803 364
579 146
1147 478
965 334
660 541
1051 676
901 145
965 157
1182 256
113 272
1098 482
716 694
1131 600
626 619
298 627
846 82
588 149
1180 367
850 510
1085 481
198 442
1018 600
690 564
1059 706
571 376
1215 475
224 465
256 503
68 446
1205 446
207 413
235 402
558 203
591 204
824 243
514 233
1205 160
287 182
137 183
905 154
741 51
613 44
462 45
431 32
857 39
808 5
834 22
485 114
820 118
384 70
847 76
158 532
866 538
1091 524
911 527
258 520
950 590
725 584
1180 576
654 599
1015 601
695 615
621 625
677 647
1169 655
1155 663
968 682
890 684
332 685
327 676
964 703
893 340
935 335
545 334
948 320
138 321
1086 357
310 363
828 364
1121 371
102 378
1141 263
112 261
841 281
866 295
156 310
232 310
577 492
1156 493
237 488
945 481
938 483
673 508
935 511
1186 507
224 450
647 448
941 461
928 477
1191 412
231 410
231 408
542 387
237 445
324 432
640 432
929 424
616 425
567 144
834 148
873 153
551 152
146 158
861 135
476 133
422 140
178 166
855 173
136 195
872 194
175 197
537 197
184 207
794 200
1158 211
559 214
589 239
921 236
1122 224
841 227
88 230
601 229
175 240
519 241
148 122
474 121
543 120
550 113
1143 100
1191 103
805 111
499 109
1172 108
875 71
542 82
828 82
1155 84
493 86
514 55
965 54
454 51
787 56
753 59
988 61
548 63
994 63
821 36
865 37
1149 33
798 41
751 46
433 18
430 27
1091 12
635 552
1007 552
612 553
655 551
671 550
153 545
630 545
684 567
630 565
256 560
695 562
336 563
891 571
220 570
677 532
907 533
972 535
259 528
1207 528
946 530
1187 540
964 541
1140 543
889 536
1139 537
158 513
969 513
257 519
587 519
124 518
667 517
230 526
648 524
685 520
971 636
1017 635
722 630
1006 624
1157 625
1175 625
1002 627
197 621
299 618
1026 617
992 608
931 613
708 584
261 589
304 582
1000 580
917 576
993 602
1141 600
1139 604
644 592
679 592
733 594
1009 596
690 642
953 642
714 641
718 646
924 644
724 651
255 653
271 655
254 657
1046 656
690 662
945 664
915 667
295 669
717 671
1039 695
994 688
999 690
688 702
989 703
331 696
723 699
326 685
448 682
689 682
253 674
1020 711
225 704
344 707
636 707
1010 715
282 712
654 713
618 716
344 717
715 718
485 95
472 93
519 91
453 83
859 83
488 82
497 82
830 84
432 85
482 64
518 69
751 69
830 68
653 71
155 117
