393 489
297 623
250 519
356 420
1031 129
288 392
350 397
219 496
292 585
404 638
1150 614
925 318
403 572
830 130
260 120
304 599
293 139
220 410
260 13
292 694
184 324
883 334
1152 266
604 412
630 447
158 247
439 613
1158 534
405 329
897 477
907 144
969 533
934 271
209 548
894 584
1209 166
149 210
1195 564
438 694
630 451
178 218
259 497
927 497
857 85
258 105
662 615
228 549
702 705
1168 299
1176 236
300 433
274 246
915 363
623 575
427 628
167 351
1207 512
714 185
577 272
565 224
716 526
652 633
652 629
242 519
620 556
1113 477
997 305
589 275
1152 202
947 85
592 386
522 398
170 327
177 391
407 400
553 173
924 479
1198 237
173 289
1169 438
954 368
232 382
579 260
662 530
986 350
683 696
207 401
1163 571
827 114
581 172
206 381
1207 595
320 690
964 2
976 189
726 645
179 512
959 571
814 117
234 484
1021 604
119 192
904 127
432 88
1183 536
895 482
185 510
180 169
1191 202
1164 225
872 148
202 351
941 343
777 20
639 380
620 449
935 679
154 451
192 488
600 514
1147 551
823 74
296 296
331 718
177 262
625 643
881 77
597 414
1188 521
917 369
572 550
1049 714
135 309
975 704
146 485
1148 295
233 614
1134 620
592 211
308 465
1207 300
999 362
885 267
162 406
824 49
606 248
255 631
529 272
507 57
238 555
86 252
581 352
943 305
1144 582
636 479
909 347
582 382
205 461
933 328
854 19
866 143
175 327
190 406
883 416
1173 591
426 687
1013 87
1157 342
433 685
155 310
1188 491
569 138
822 184
737 653
945 533
1045 686
1173 272
812 49
1164 486
891 393
264 371
241 463
415 683
489 239
688 567
880 315
645 584
1045 676
592 221
197 329
1157 344
920 350
643 545
1004 613
199 291
869 296
550 175
631 317
265 572
1021 19
627 505
982 653
1168 207
941 292
219 333
988 640
1026 693
487 150
902 182
864 87
432 92
1169 469
1176 456
607 411
1077 426
953 686
277 522
306 634
471 47
335 507
924 383
219 378
756 709
643 560
835 109
554 187
250 483
309 488
521 688
585 694
842 27
546 221
238 464
173 444
731 714
812 66
906 274
684 489
944 497
248 547
248 561
1013 131
806 49
121 306
1199 315
120 380
1022 649
266 577
271 605
409 58
536 135
1188 610
278 703
115 140
620 486
1139 506
979 516
560 332
306 361
898 215
243 516
87 391
715 668
180 226
559 451
1179 384
166 157
791 189
199 564
1202 357
1168 419
113 129
1173 551
872 386
181 172
591 678
1033 647
197 558
713 536
114 186
843 459
158 331
1036 609
1031 125
970 100
1184 413
641 470
208 318
178 298
228 347
599 610
1175 594
965 556
241 662
412 666
869 172
142 131
118 135
491 92
519 45
941 265
228 295
1144 375
1164 434
864 499
608 471
280 662
998 681
248 165
144 157
815 303
831 388
250 546
1194 528
176 196
905 160
219 324
175 456
1044 711
260 524
1184 535
175 193
848 40
923 45
757 2
974 31
891 109
214 323
306 629
974 610
869 579
1189 106
929 223
500 196
190 238
126 181
699 544
214 570
261 579
1029 692
581 258
855 286
939 367
566 124
292 255
864 131
1174 594
728 625
1122 647
981 672
1008 719
452 403
1173 398
187 394
629 417
1145 318
223 592
649 3
866 137
589 268
604 288
205 312
196 385
172 230
1208 490
1096 419
891 522
161 426
856 36
193 412
192 436
608 450
191 84
617 282
651 458
1173 501
869 244
198 397
540 139
533 192
1200 437
121 586
432 713
1191 270
999 640
1043 664
1193 529
1004 627
289 671
686 481
369 491
274 679
608 347
314 398
1178 501
1011 376
1180 640
1158 295
190 429
320 429
810 48
170 212
901 626
1171 476
625 58
978 58
1157 218
696 589
938 313
1181 625
630 133
223 96
873 88
571 220
713 584
402 587
886 132
893 258
862 86
520 132
226 481
877 227
334 434
595 211
153 161
659 688
1180 492
448 687
808 156
498 99
1190 438
311 376
927 337
217 375
780 39
599 260
988 566
910 187
1116 188
592 615
513 121
755 69
709 16
977 633
382 339
924 427
450 659
1034 637
598 183
275 664
138 243
1066 709
1178 256
116 338
1199 453
164 444
540 91
841 491
87 481
389 532
613 550
846 168
1201 592
668 636
824 151
824 503
781 134
601 252
556 87
465 75
204 312
306 652
1192 419
653 357
287 333
1139 463
766 27
1147 613
755 85
935 314
151 318
560 297
854 302
573 173
818 91
545 139
663 673
371 555
613 579
726 600
871 296
671 681
799 85
220 405
315 405
872 112
209 302
592 338
196 450
663 599
86 229
862 127
1189 339
260 279
658 710
758 281
688 653
1191 195
244 194
205 542
802 317
699 532
340 420
148 566
154 401
594 454
251 150
639 502
1185 377
450 125
308 645
969 116
160 269
113 435
255 473
414 530
374 452
721 662
291 672
1164 315
797 82
1188 153
664 607
845 431
996 671
959 59
1024 111
226 297
568 150
1209 452
897 219
237 526
923 520
206 329
416 499
200 558
1175 308
196 296
160 301
582 138
439 708
362 392
679 544
218 53
394 682
538 540
982 709
577 116
204 316
897 235
657 420
881 504
1163 318
823 22
871 119
286 593
196 374
907 303
280 413
1004 685
1007 700
914 53
190 199
525 133
107 369
220 503
578 426
979 700
186 486
253 191
842 201
256 561
519 85
272 582
174 408
932 279
592 566
503 60
324 676
529 274
921 262
659 696
203 282
519 330
929 325
207 477
938 435
406 51
1161 559
324 573
1139 569
1014 590
722 648
561 318
566 311
1189 336
834 59
740 132
1043 708
954 369
506 156
322 140
281 569
1020 715
667 687
626 321
236 366
198 274
653 494
185 391
860 152
566 174
565 223
513 219
137 213
644 76
454 93
809 103
519 49
940 569
1165 552
1156 583
213 335
623 282
938 412
207 418
574 162
1107 32
648 562
158 411
1186 238
187 529
579 197
664 550
991 561
201 436
896 268
308 272
192 523
499 36
1202 452
716 703
213 592
890 117
135 331
1160 424
871 476
1165 381
596 461
902 286
932 244
334 696
206 486
945 524
597 251
263 658
1167 596
170 370
845 180
816 122
656 393
95 227
816 212
260 498
1007 666
249 437
1040 718
473 466
967 567
472 101
1199 489
1207 481
185 607
833 281
715 588
298 616
137 455
936 396
338 701
289 361
417 668
850 164
216 347
914 554
202 527
618 446
709 687
770 295
204 384
574 345
90 203
245 491
638 533
228 94
391 528
1171 223
311 200
1144 125
298 499
423 679
178 281
1052 710
940 396
1043 692
108 268
539 178
586 243
934 303
282 596
954 532
560 91
1200 247
832 251
134 177
955 581
891 191
1204 239
566 467
218 679
239 479
464 44
409 369
209 289
354 586
500 60
404 650
865 426
275 663
674 641
949 78
805 29
289 616
353 64
637 361
1026 21
1180 607
602 521
312 410
727 672
524 98
439 657
1013 235
945 540
559 318
364 591
332 411
844 58
626 364
177 376
273 626
919 598
955 665
134 260
906 478
228 429
662 717
714 548
1168 433
1033 719
731 225
126 218
1127 119
224 357
974 150
118 289
274 610
690 488
1179 215
933 482
437 692
1029 675
75 237
205 237
1091 423
1043 657
997 196
552 85
1142 657
300 431
994 20
279 224
839 441
243 588
485 165
471 432
342 350
1194 501
1146 518
850 395
1003 200
623 543
1049 690
222 386
317 715
183 599
596 430
446 710
278 221
428 648
1142 335
834 44
500 362
604 311
943 306
221 307
855 105
235 453
452 685
1165 483
939 318
431 623
279 187
1007 112
866 61
1181 302
215 394
138 503
230 529
824 91
360 515
1196 594
339 460
280 186
608 444
848 186
149 228
1012 628
351 704
188 285
319 347
1145 140
917 275
960 419
959 592
571 191
1181 331
970 125
433 554
619 353
791 327
343 456
395 578
412 686
578 129
286 298
385 540
997 364
125 439
1164 323
427 135
1137 654
305 326
330 314
1188 599
1156 313
352 448
187 42
287 229
622 329
512 72
282 349
1190 425
495 113
414 466
1018 692
1020 273
371 563
474 696
1008 403
1187 187
406 662
432 695
1007 101
994 193
1182 385
356 494
277 234
231 102
1029 698
382 198
677 483
128 379
324 413
250 36
797 215
317 234
699 560
682 635
996 420
445 537
1183 251
1017 286
249 114
396 470
603 316
648 419
1045 28
321 469
288 272
206 107
705 412
924 36
347 439
998 717
788 1
293 375
331 256
1019 82
830 90
279 283
978 176
1002 428
375 642
364 485
872 484
254 124
409 589
875 156
809 153
355 430
1023 384
258 41
944 53
296 382
258 644
290 192
453 148
332 565
944 64
249 439
1060 135
413 692
461 92
1029 5
354 398
402 698
550 518
245 237
485 39
1175 232
722 696
1047 243
144 273
347 575
968 59
249 103
292 293
130 345
385 530
661 497
686 496
578 457
160 134
1034 123
421 490
354 440
807 17
749 619
1168 252
453 664
586 199
274 292
1006 382
1008 382
152 312
587 133
188 324
207 66
1028 635
606 412
436 675
1053 128
640 586
324 471
172 356
389 488
249 210
874 276
394 689
261 255
231 85
560 68
841 28
443 624
1169 198
1002 26
622 459
628 585
834 125
530 201
937 329
217 499
1013 391
835 121
1041 111
292 274
222 61
718 655
1192 139
251 130
1172 449
404 553
367 588
365 478
973 167
875 103
989 78
1013 676
354 487
437 504
158 264
385 637
258 502
627 636
1015 666
301 299
278 180
278 257
260 234
713 16
272 226
719 621
262 239
913 587
387 556
716 696
849 5
1063 718
386 483
483 94
266 575
1206 233
627 88
199 472
235 113
162 337
932 321
687 573
380 626
291 689
386 353
1001 344
843 351
1017 314
1165 668
590 362
313 421
968 665
566 105
675 665
1145 338
888 469
274 210
637 527
235 475
1175 341
576 149
377 429
255 516
976 145
845 93
726 697
529 217
412 708
312 418
521 64
804 106
296 474
474 124
966 47
525 131
863 52
1180 609
175 180
888 105
560 232
190 425
265 590
577 94
993 595
458 708
211 297
935 264
474 241
171 386
263 197
607 71
1018 693
720 603
557 193
881 159
625 73
758 160
944 315
972 204
1181 323
723 606
884 192
179 184
615 304
640 83
201 224
166 383
224 122
238 92
311 621
565 162
164 347
209 409
378 647
600 223
928 268
118 451
1003 613
288 610
893 570
404 38
409 459
284 294
310 646
620 357
483 46
358 444
249 570
759 37
262 179
224 375
218 137
171 315
775 53
848 34
246 503
258 528
624 212
300 632
1192 428
221 494
289 343
792 205
350 526
770 35
266 138
355 492
995 285
689 500
578 432
619 587
740 698
550 89
624 451
739 672
624 406
877 97
281 310
927 365
619 329
257 515
914 244
143 82
250 79
1182 267
344 495
921 582
1167 422
265 198
836 604
1185 484
1078 406
366 586
440 700
849 218
848 84
979 282
186 311
191 391
987 607
204 301
190 249
923 187
903 276
1170 500
1189 176
469 141
1003 638
133 366
304 271
340 415
1173 477
185 186
273 52
1182 292
877 555
857 26
869 23
965 590
239 446
314 321
987 664
232 10
600 560
915 334
1000 643
268 485
271 44
972 176
1065 695
374 391
1159 570
878 660
891 158
925 461
909 496
229 483
1051 688
988 239
1228 213
707 692
810 16
673 571
1010 183
195 305
936 293
863 417
879 443
914 38
1178 564
196 487
273 353
824 116
271 48
562 151
346 477
280 199
417 580
1204 304
970 509
277 582
676 716
300 587
665 670
1107 17
508 107
197 325
595 545
198 391
564 166
601 342
406 650
1012 643
173 520
1012 630
1033 447
343 405
188 291
1172 221
167 430
407 474
663 474
1012 65
1132 48
980 236
883 652
349 403
1017 689
1187 645
436 698
166 228
1179 437
1150 338
285 622
148 279
394 562
793 13
919 678
900 335
726 711
272 166
189 422
593 262
1199 600
318 464
1183 206
969 44
934 308
343 673
621 425
139 294
250 229
295 455
712 595
1021 612
905 571
625 328
1130 90
995 175
340 467
474 106
633 500
618 455
1191 514
931 360
705 547
173 255
266 336
274 326
892 406
941 35
1021 660
144 338
504 117
798 392
1158 490
930 503
605 680
322 500
463 710
926 293
295 209
354 716
249 174
211 323
309 226
183 360
597 412
893 180
631 307
198 269
642 509
596 127
91 406
1197 397
555 100
490 310
353 496
424 681
945 116
616 327
140 221
556 384
1020 59
847 1
178 181
421 688
239 512
1074 705
506 50
968 190
567 230
659 494
846 35
804 313
745 693
857 502
609 281
1204 323
416 566
674 492
828 78
697 676
270 589
974 165
184 212
903 649
989 324
610 152
1160 287
275 558
662 715
344 698
206 474
217 128
694 547
362 511
181 423
616 286
661 395
195 290
830 163
921 254
973 81
565 172
895 198
314 719
896 254
187 304
1005 394
222 587
927 344
546 368
1200 394
345 698
583 688
533 413
1188 154
173 246
942 503
293 370
955 461
1176 474
419 704
639 704
1142 206
881 176
625 65
248 460
256 481
920 498
699 529
653 543
390 549
312 703
337 690
583 136
853 215
967 445
1206 475
236 451
1177 450
292 362
180 339
100 344
197 296
597 294
254 617
704 618
215 613
653 522
1161 528
686 536
269 716
782 85
471 64
531 114
804 30
828 22
1117 221
159 210
293 228
898 227
183 232
944 250
843 161
110 176
116 138
573 158
1203 502
842 501
219 508
185 509
242 392
239 415
235 403
611 421
624 304
194 306
295 307
755 319
597 316
939 312
570 295
953 299
312 276
337 326
878 335
917 341
591 353
858 376
1177 375
412 622
853 614
1013 632
265 629
622 595
705 590
199 525
1131 514
1206 519
1205 543
198 541
294 567
963 564
672 560
1170 560
682 570
1162 572
647 574
849 547
183 553
702 704
1172 670
1024 660
709 691
410 683
785 8
842 7
906 62
830 42
535 88
673 82
1133 72
842 104
1056 103
527 133
491 141
233 139
594 159
881 172
538 186
928 210
891 213
1150 214
536 198
126 192
608 203
864 230
888 226
900 235
927 281
609 271
935 290
200 292
206 317
283 318
1138 313
185 375
824 378
958 383
1146 449
943 448
210 450
915 453
423 460
200 468
1124 491
240 493
908 481
676 505
241 510
685 511
273 509
1196 499
204 502
1125 434
1163 424
507 431
646 429
1180 422
149 404
606 407
961 401
769 387
725 585
673 639
304 629
1000 612
305 622
223 533
1213 534
1203 531
1167 539
714 522
596 525
669 549
577 554
978 554
841 558
1186 572
274 678
706 679
302 677
1092 677
1041 676
1011 681
299 685
414 701
1036 701
690 640
695 661
708 662
745 658
1090 708
732 710
730 707
1038 705
490 85
529 85
820 95
509 88
217 72
204 73
876 109
1163 111
477 125
853 52
232 54
848 60
794 32
487 30
838 22
845 3
143 231
559 252
205 255
603 218
175 217
1180 213
115 200
159 201
117 194
1086 152
836 158
888 145
558 143
569 142
531 128
853 131
870 132
857 135
131 182
1189 178
584 184
97 168
829 169
592 170
512 167
873 164
914 278
526 279
883 285
1182 259
96 263
317 308
1127 314
568 316
192 300
135 301
887 298
638 296
990 295
158 351
1197 351
946 347
1091 341
210 336
954 337
319 327
607 324
212 321
132 323
597 331
486 328
1172 353
951 375
279 371
617 382
556 383
650 377
232 466
583 470
193 471
928 462
938 451
400 452
1151 506
170 507
640 511
352 510
344 508
207 500
845 497
259 498
603 480
595 482
118 492
911 394
652 395
89 391
227 414
946 443
231 438
221 429
830 429
590 422
925 421
622 638
686 638
931 637
261 633
317 635
701 634
988 628
1004 614
935 611
715 618
559 582
1029 595
1143 601
1197 600
643 602
277 519
657 514
238 527
882 534
1142 535
648 533
709 531
1167 540
1186 541
226 543
643 543
1158 542
187 572
206 563
894 560
261 561
214 556
702 557
1200 547
410 680
1016 685
1045 679
679 688
264 689
293 648
708 652
656 646
963 646
987 644
638 662
1027 668
318 665
735 706
1051 712
435 120
876 127
883 115
800 116
506 99
824 99
468 97
858 108
459 75
1062 68
482 88
538 91
758 21
354 0
869 35
577 33
482 38
881 55
1173 224
177 225
177 226
905 230
611 242
1163 240
198 244
606 244
933 245
109 247
918 255
174 250
321 248
565 198
444 197
817 200
574 202
561 220
257 221
846 216
554 133
492 132
743 132
537 129
873 143
906 143
1137 151
501 148
159 145
890 145
114 152
578 190
881 181
134 183
922 166
498 164
548 161
1192 171
573 170
590 173
119 174
946 348
852 343
1189 343
895 341
933 338
218 337
603 332
166 331
999 329
1171 323
557 373
609 373
360 375
961 383
460 364
890 362
212 303
935 303
103 300
933 297
205 291
161 318
216 317
275 308
916 308
193 256
592 259
936 262
874 266
107 267
879 269
892 272
919 283
141 402
174 405
619 409
145 393
133 398
578 397
203 386
645 391
843 440
663 444
646 431
196 425
183 420
659 455
1164 450
223 456
968 462
932 467
382 465
958 471
1151 473
1193 511
265 508
958 507
227 500
190 499
1204 494
673 492
231 480
645 607
307 606
996 589
1132 580
1212 576
1025 624
978 628
613 636
604 638
1180 635
1181 634
293 611
984 623
173 526
259 527
167 525
558 520
1150 513
201 531
578 530
257 538
965 562
1177 571
713 574
598 558
696 556
1032 640
1035 645
634 651
639 668
694 671
720 665
1143 665
1023 663
345 702
270 698
1152 676
314 673
1005 682
974 687
1001 707
292 710
681 708
286 715
522 126
838 121
482 122
866 112
557 116
484 118
880 95
809 90
853 75
833 76
863 65
537 69
835 28
761 17
839 16
762 19
922 0
476 12
861 40
756 45
235 34
512 49
503 52
863 239
105 236
478 235
169 232
915 231
921 230
1144 228
326 225
904 225
1193 246
907 245
129 249
73 248
1162 220
147 222
860 216
194 197
920 198
182 194
546 195
566 200
848 200
529 165
116 176
617 177
259 181
1196 181
124 180
566 190
893 186
868 134
153 133
1175 144
529 147
491 148
102 150
1186 157
171 156
75 346
217 338
622 324
542 323
902 322
620 333
178 330
176 370
951 371
459 373
352 374
1171 382
118 358
921 355
1156 366
633 360
215 313
144 316
1167 306
179 305
88 311
1180 293
87 302
143 301
557 261
624 262
283 267
217 279
1185 278
177 275
336 272
596 285
197 386
562 392
244 396
948 398
929 399
200 413
219 401
988 401
599 403
156 420
1201 422
235 423
320 423
338 423
901 417
1156 427
1172 447
635 442
335 436
893 450
202 451
234 463
649 466
507 467
219 465
1180 464
1207 464
1196 476
239 475
137 506
369 504
216 495
1140 491
230 485
932 481
263 588
223 591
392 596
973 623
283 622
708 613
390 631
264 559
368 546
677 563
843 562
657 570
680 521
385 520
247 512
174 536
202 542
1186 529
729 679
1013 686
1061 685
943 703
345 699
1006 688
429 657
1006 657
1010 644
289 643
961 715
240 114
399 112
249 119
116 105
841 75
810 25
267 27
203 30
765 18
778 10
1005 32
993 46
1155 212
869 215
250 217
863 216
349 200
121 236
557 231
264 240
895 133
1030 128
894 129
139 163
591 178
615 341
1158 333
199 329
164 320
630 383
889 370
1186 352
95 278
572 260
188 394
932 393
1159 398
184 461
601 463
245 452
196 508
385 505
152 492
166 495
264 603
343 581
982 589
938 591
1029 613
693 523
615 522
639 520
1188 531
1012 677
1004 675
1158 661
870 87
771 81
884 73
424 105
237 126
467 45
1091 19
835 30
1187 195
164 250
117 158
551 141
265 164
589 263
280 261
1196 291
1187 325
874 334
882 352
375 479
1191 483
634 561
661 536
939 530
581 145
155 234
605 330
943 562
263 563
904 529
615 433
699 504
957 601
187 511
628 438
238 417
156 158
552 219
613 330
867 75
678 462
406 597
871 137
403 658
120 292
922 471
933 235
179 330
152 272
1011 668
312 428
841 137
180 185
682 603
833 466
391 386
769 112
1156 282
877 62
908 523
1151 455
928 467
898 145
1008 664
1144 322
185 314
695 682
1161 187
488 92
816 105
648 380
177 352
925 335
891 277
236 563
676 559
966 535
686 719
1147 643
142 157
97 167
846 124
476 49
802 55
892 383
217 364
555 471
811 473
637 507
225 546
941 570
986 706
615 255
580 233
838 182
528 67
892 300
1204 299
205 270
326 469
915 460
968 504
804 510
620 414
191 413
232 628
687 594
1177 527
224 512
1153 567
222 641
938 685
661 718
1120 225
183 234
333 252
585 154
845 174
765 299
568 275
596 262
351 322
630 343
934 358
525 370
469 383
204 436
843 412
223 495
238 460
192 450
653 475
265 613
557 544
157 533
725 661
815 112
466 69
428 80
178 135
98 247
279 242
925 315
347 375
202 410
1021 585
254 201
1197 522
536 620
232 395
814 386
174 499
1131 351
1180 594
654 490
621 443
1021 196
1102 186
1154 487
881 187
656 151
243 219
400 602
647 514
204 442
1166 294
1025 663
1142 512
649 142
855 187
925 326
560 103
310 336
928 507
768 27
581 217
683 674
309 447
297 251
161 471
586 66
537 223
1088 339
921 221
1178 370
563 93
183 208
431 686
1161 307
1200 434
1042 716
1135 520
446 700
905 308
295 333
675 637
415 640
359 435
215 513
463 77
642 636
915 410
438 669
878 126
360 579
869 57
550 155
159 132
198 566
974 54
648 522
738 639
358 486
420 714
899 326
180 251
988 21
282 278
1009 607
162 177
991 29
559 586
988 646
1144 626
320 225
283 229
1022 435
1022 94
230 542
275 552
926 48
623 489
957 4
223 601
436 106
314 355
502 37
612 524
583 146
625 550
319 434
370 547
350 312
906 244
992 677
350 466
688 643
1191 308
188 244
1178 488
960 538
246 166
753 21
356 700
690 700
820 152
297 174
141 416
587 333
545 289
1052 716
1173 408
1183 380
1196 568
934 378
326 224
983 358
586 480
858 518
226 345
484 32
700 571
701 521
242 521
908 237
1195 226
117 291
239 495
1184 657
411 654
573 141
907 551
136 217
445 677
1198 512
546 95
609 86
856 25
194 378
268 536
827 521
1194 564
859 426
209 431
627 574
694 529
730 617
262 546
645 396
568 163
1174 586
258 587
297 167
308 289
1207 419
1161 390
369 440
1145 456
565 148
178 370
333 370
257 142
230 430
1172 421
289 203
127 490
615 502
932 259
839 246
855 93
322 278
1047 132
1063 200
344 446
1172 434
248 484
1177 250
168 204
1185 180
944 369
195 386
214 277
235 493
250 155
234 425
235 632
303 163
213 488
403 632
253 117
878 243
245 522
923 301
998 382
809 84
238 173
701 688
859 239
1014 18
182 239
254 552
1018 654
1223 253
270 214
987 178
887 120
333 400
187 15
847 188
1028 685
189 259
352 442
296 158
892 502
955 520
622 314
198 316
123 257
180 447
637 349
345 674
902 159
970 644
368 516
882 78
272 221
1149 218
640 114
215 15
1179 528
400 616
1144 552
1008 643
662 523
887 208
690 611
341 701
281 664
317 711
118 489
1149 638
999 336
686 683
1187 233
933 469
926 576
649 581
417 538
940 299
203 635
922 310
620 521
710 600
573 174
187 218
913 234
1030 37
766 37
682 599
991 110
132 293
972 28
304 287
211 526
771 58
388 60
809 364
321 662
623 503
600 652
642 387
904 480
134 442
564 188
293 317
635 317
251 505
884 118
164 517
1177 297
153 169
1011 410
432 669
140 274
615 57
264 211
704 548
295 432
942 307
462 135
818 5
515 149
353 710
692 542
839 85
688 358
449 648
620 514
1199 430
837 66
327 408
438 651
908 260
504 206
359 555
1017 380
598 41
234 84
890 206
220 10
189 244
373 601
632 467
703 586
321 358
1169 336
846 450
638 432
635 558
293 312
1148 356
574 116
616 215
299 601
496 139
261 580
894 279
322 282
838 44
635 538
597 184
992 641
700 635
594 263
225 580
1010 659
504 105
653 460
248 192
790 293
649 421
268 35
612 310
932 440
219 318
646 387
192 198
952 589
327 360
497 144
437 668
619 498
1188 472
474 57
735 702
634 470
309 324
283 719
1036 709
393 548
189 53
1098 679
835 144
308 373
318 219
345 538
934 517
941 27
241 169
930 425
580 235
987 212
399 555
126 435
1011 127
886 506
427 624
639 384
659 385
864 504
1172 586
1203 414
478 703
1016 152
366 391
157 143
650 547
177 188
220 50
970 50
264 330
236 429
654 485
1180 569
317 513
802 131
241 200
904 198
368 519
330 384
911 577
612 266
122 203
669 662
616 299
966 135
545 427
333 540
602 665
188 371
244 516
1185 205
939 315
1037 82
911 241
741 622
249 509
962 653
1140 597
1159 495
309 674
175 556
726 627
544 183
383 567
521 189
858 349
361 590
292 277
930 277
693 573
195 558
418 551
614 318
208 483
221 532
403 574
1069 679
241 18
431 70
834 141
932 377
599 296
1024 623
282 619
808 139
817 81
891 127
415 621
922 469
615 466
621 466
1158 466
179 591
305 700
525 255
158 299
264 487
948 471
222 430
636 399
708 399
167 544
1164 563
232 598
100 323
552 313
1149 467
580 373
106 158
931 30
708 705
1163 275
257 179
1006 638
637 440
189 387
1208 330
1143 117
204 360
824 225
269 642
409 577
733 28
164 230
243 236
601 48
506 116
935 509
214 485
981 132
583 265
801 176
130 241
85 417
827 119
987 156
1018 440
853 304
975 666
391 573
526 134
253 204
160 199
910 333
656 536
174 179
639 433
1022 686
884 428
1174 531
845 81
204 373
976 32
328 688
561 156
594 482
929 316
413 660
827 15
514 41
262 653
609 214
114 158
341 479
653 512
921 45
658 613
226 122
1183 420
724 688
863 246
192 272
605 245
1180 468
286 142
494 686
671 701
867 218
834 250
84 287
887 167
1100 220
126 318
568 280
1054 677
234 494
649 615
898 225
1194 190
647 466
619 314
621 353
1161 585
965 83
860 488
840 177
312 283
678 698
99 447
948 671
690 650
839 98
848 105
546 110
126 360
190 327
355 518
233 529
293 652
1145 409
1150 308
302 299
206 61
335 317
303 206
1139 467
331 450
898 136
1124 647
564 226
502 73
121 281
599 577
212 380
723 587
197 541
323 402
991 126
212 85
410 688
923 403
659 607
1202 456
362 509
1023 210
992 138
182 448
885 103
1150 468
879 337
213 294
330 423
169 297
367 570
1138 646
404 606
434 606
510 155
405 666
1021 710
171 436
588 403
345 399
1175 191
134 184
453 701
751 701
932 352
308 290
148 300
561 111
254 500
1160 181
958 427
173 311
723 683
406 524
1144 580
227 426
1178 235
1206 421
338 403
230 420
422 498
715 148
277 232
221 358
672 551
221 314
811 488
268 593
539 261
932 332
1085 351
563 146
327 361
869 66
513 592
320 256
307 379
235 544
403 537
996 247
176 564
417 66
1025 591
924 386
600 290
930 249
754 203
191 590
608 51
1172 389
778 243
869 85
495 55
468 714
726 558
740 683
241 50
878 474
533 88
1189 156
912 572
1201 513
891 185
391 644
858 92
294 274
492 124
360 571
898 493
273 168
98 449
686 704
431 596
268 243
180 380
164 433
1186 644
1172 399
730 698
931 267
567 552
575 131
559 250
1022 670
818 117
533 118
1183 201
911 175
1182 324
1096 4
197 401
565 483
242 542
242 466
439 515
407 673
888 213
268 173
664 646
635 484
74 260
194 327
667 200
595 267
777 126
235 56
179 169
1032 719
1196 487
912 36
536 106
1000 411
616 547
583 193
138 241
884 439
940 652
924 182
182 494
603 334
463 716
210 518
1155 315
876 117
577 316
648 402
572 383
941 398
625 398
861 110
382 107
907 379
726 656
622 530
319 385
688 639
1021 416
540 176
207 522
918 198
541 189
873 195
564 218
909 277
262 545
852 219
1003 397
824 28
742 673
1112 513
278 662
370 521
131 178
854 100
926 628
237 416
206 364
904 142
618 436
573 217
147 530
944 436
364 425
237 421
852 464
955 507
538 127
922 379
244 429
652 482
311 245
1047 711
414 506
502 386
216 32
819 10
113 170
406 154
250 130
1064 698
1023 654
965 527
974 626
1003 284
630 263
535 307
810 316
222 291
1208 359
224 446
1197 408
828 96
419 695
1168 624
656 565
673 574
699 574
844 373
648 379
174 377
1199 337
850 342
891 394
300 429
838 491
804 492
255 474
823 103
852 55
877 218
163 210
1089 240
658 633
1009 587
641 603
965 550
983 544
402 688
668 652
711 640
475 350
626 324
630 371
1021 258
597 295
229 400
196 411
1174 423
651 507
245 501
996 68
479 123
520 119
845 113
413 32
839 199
114 196
899 248
834 231
78 153
957 153
838 154
275 143
578 165
149 166
297 166
155 177
1167 626
974 608
225 610
289 590
370 559
260 552
372 571
207 572
1186 524
315 698
284 649
701 660
328 668
700 716
787 334
173 367
623 353
1136 262
1197 259
632 294
176 291
557 305
833 305
1138 474
1145 471
201 458
954 480
189 491
305 441
1179 434
627 429
566 427
371 413
1174 403
574 84
845 64
548 96
797 109
1059 33
809 146
164 158
561 135
239 140
877 184
1205 190
582 177
891 194
172 200
1167 208
1186 244
157 253
601 228
167 520
1164 520
210 517
264 531
690 533
1203 533
1166 541
234 542
255 557
644 547
1083 550
832 574
1014 583
234 578
636 587
287 586
404 603
642 605
678 636
712 636
990 615
986 610
1157 620
402 644
280 668
1013 697
961 688
728 690
744 705
1034 707
571 337
193 339
622 340
825 347
914 333
306 323
625 320
231 364
183 362
574 371
325 287
615 279
833 277
894 268
908 266
1175 264
1206 299
187 293
1149 293
250 500
252 500
1197 483
1162 473
636 469
157 464
597 459
500 461
195 449
868 412
1144 392
156 395
944 395
826 15
793 14
631 5
829 22
824 30
808 62
862 52
756 41
206 64
481 71
410 88
543 101
540 97
537 109
493 126
872 123
591 148
174 157
849 136
125 141
586 135
139 133
190 170
129 172
150 172
533 163
519 162
863 165
125 181
905 191
912 198
519 203
168 200
594 205
838 214
1204 208
578 216
907 232
600 233
243 237
867 237
879 224
599 252
272 530
716 541
966 537
227 522
885 521
1183 526
691 514
959 573
555 575
246 569
626 560
957 560
628 547
159 545
252 559
595 586
1160 578
864 593
691 600
626 604
1161 636
234 639
1178 628
278 631
951 616
243 623
698 609
1048 671
362 662
276 646
730 648
343 652
726 653
1047 654
998 693
945 690
1043 701
1031 700
1153 698
1047 680
957 682
1007 678
1036 712
408 715
1014 717
1061 717
706 716
330 719
670 719
876 80
501 88
773 76
864 77
486 96
1171 125
837 57
872 43
482 45
838 46
830 26
857 1
128 167
495 164
546 162
872 189
164 186
591 156
170 158
764 146
955 148
528 128
573 129
1154 216
1128 211
974 202
929 251
605 249
196 252
505 255
937 242
881 236
923 341
186 339
835 338
635 351
152 349
118 347
228 327
588 323
1150 321
923 335
108 333
1191 367
1174 363
930 359
1187 359
1167 358
952 356
198 354
569 355
608 352
225 373
647 368
627 376
95 381
920 383
835 312
1180 312
836 313
1151 308
889 306
941 296
153 302
121 294
771 279
1204 273
1166 272
546 282
782 281
278 285
920 286
550 260
758 260
151 258
120 267
548 267
209 264
841 265
171 270
183 271
238 503
177 502
1211 498
1181 509
632 505
663 506
272 487
511 484
1200 495
686 488
1106 469
870 468
1168 470
1206 470
840 475
922 472
244 473
572 476
633 451
197 453
856 457
373 459
953 391
929 389
648 388
577 387
593 387
300 384
1179 404
290 407
352 400
1197 400
864 414
211 417
230 417
219 416
72 419
184 418
644 421
1132 420
1126 424
156 426
201 431
561 447
883 542
128 536
958 529
170 534
660 532
1041 532
958 517
1182 519
619 515
701 524
254 569
576 569
351 568
401 572
688 556
220 558
689 553
669 545
965 548
1182 632
265 625
1043 631
710 622
993 618
382 613
260 604
631 604
952 607
742 603
1143 597
252 596
1176 585
218 590
676 640
1032 644
963 647
683 653
705 651
669 701
328 700
275 689
318 676
1029 716
965 47
233 41
852 35
1169 58
482 60
502 99
412 112
997 76
418 85
961 93
469 95
126 223
512 223
116 211
919 207
899 251
197 252
819 252
1187 244
547 233
256 162
166 167
1193 171
546 168
1192 173
906 177
256 187
832 135
278 130
881 130
731 131
278 139
581 142
883 155
812 146
577 151
133 283
949 279
206 267
169 303
936 296
566 307
901 310
227 312
922 319
613 343
1151 351
1140 333
594 372
619 374
596 370
614 355
189 357
544 358
942 422
199 439
639 414
656 488
1190 485
613 503
681 501
207 476
392 474
594 468
1166 460
258 535
202 566
1200 561
266 557
169 553
742 670
733 643
603 347
354 389
209 478
554 246
886 245
281 178
120 177
268 172
126 165
1029 165
880 148
854 47
832 77
154 119
409 648
690 701
1163 609
222 520
1189 400
1186 159
883 185
680 612
446 647
670 538
1210 468
785 371
184 192
942 596
278 169
889 223
611 150
401 668
381 583
396 520
1006 395
1001 353
432 504
849 83
1006 267
264 151
835 417
327 658
297 647
302 130
768 15
258 230
686 593
704 669
181 399
835 227
862 115
926 416
136 202
784 74
635 473
272 107
727 600
969 716
536 250
989 698
333 438
937 269
907 474
598 359
236 94
1011 706
919 617
288 233
324 403
1024 701
792 127
250 123
243 188
527 91
180 514
1198 348
657 544
252 537
246 520
234 399
505 153
189 49
855 27
123 336
880 180
586 182
885 194
356 568
938 386
233 164
803 101
1183 609
928 63
198 271
942 342
962 641
783 51
630 472
911 661
249 472
1157 374
596 346
948 688
1009 715
943 63
595 236
1168 446
942 114
1007 684
187 210
624 660
687 552
385 41
1151 221
614 407
140 396
215 302
525 71
951 603
650 475
593 294
954 37
230 416
906 257
552 544
226 361
875 169
1008 640
1202 277
233 117
499 84
263 641
946 422
300 652
671 599
992 580
619 464
1159 284
298 243
714 599
328 685
330 477
369 428
393 618
570 618
199 432
640 503
1122 502
924 447
521 539
1175 539
936 340
998 683
339 355
190 203
96 172
516 61
270 609
970 699
586 163
490 395
1170 407
661 492
869 105
831 7
806 144
1162 209
1159 609
983 555
168 515
725 681
942 606
802 66
185 348
837 432
952 665
981 237
1204 374
660 236
862 92
1127 417
979 95
642 621
606 449
568 449
924 667
310 218
337 683
1189 390
264 167
611 716
451 661
935 72
83 428
221 28
925 255
222 149
1027 716
1165 590
967 590
571 181
861 76
854 511
291 214
209 522
376 494
410 465
811 46
668 614
813 314
214 503
205 273
993 273
94 277
227 665
951 665
239 28
255 122
199 479
360 516
266 242
247 121
149 425
838 442
233 337
657 503
556 106
140 159
1213 553
207 331
1021 61
460 711
714 574
421 645
108 349
403 484
342 440
242 661
1106 321
578 265
729 127
254 212
257 44
181 297
901 167
834 361
653 600
909 285
988 350
147 308
1035 679
80 502
291 176
507 104
553 285
923 205
278 395
683 479
935 526
812 70
1192 389
937 120
135 198
262 704
891 167
1183 230
718 694
705 664
586 259
344 705
1005 718
860 7
887 193
364 492
295 608
1005 563
377 89
975 525
638 646
1156 646
208 373
1189 296
1130 367
820 571
172 455
306 304
901 595
1154 374
201 566
629 247
685 566
587 509
187 183
652 564
227 21
1003 305
675 543
275 327
352 404
128 132
989 623
610 615
601 192
193 648
694 544
359 547
631 591
691 657
1191 433
340 560
741 688
915 273
1007 268
621 336
423 647
203 579
885 17
1204 295
188 298
985 395
688 538
254 645
817 370
189 355
204 416
225 576
643 669
610 431
869 460
580 134
192 233
1163 361
863 123
832 590
470 158
321 438
685 668
972 507
748 689
554 71
249 626
536 161
338 510
903 513
301 268
150 161
1182 211
578 112
634 465
494 205
385 576
168 195
713 684
150 221
575 256
990 410
426 635
407 646
849 32
258 218
953 435
222 306
928 197
1044 355
559 615
231 633
405 622
307 338
948 343
967 13
283 124
442 692
244 112
974 58
303 430
599 625
273 215
204 123
263 163
641 422
418 701
434 666
334 491
1023 263
304 292
1016 183
262 204
523 139
329 364
428 613
254 296
408 707
1000 179
427 640
267 227
283 362
708 550
951 93
380 499
688 679
1152 285
1201 458
280 260
1040 204
1034 610
289 354
1002 326
200 612
383 454
238 149
1010 412
407 558
432 677
1141 435
1025 211
288 260
261 257
784 384
358 521
1070 119
299 433
298 266
341 574
207 116
316 380
962 648
997 404
983 16
1014 431
981 61
926 675
295 240
987 374
872 183
223 371
738 662
838 112
371 548
411 662
221 138
348 490
376 493
992 75
254 285
279 214
458 103
389 550
948 707
781 60
167 305
412 583
689 657
369 587
352 369
329 482
712 654
412 706
296 448
205 493
330 513
356 619
407 645
237 399
890 359
265 134
283 288
438 655
893 304
674 584
972 32
582 470
352 497
344 177
442 714
275 227
364 443
541 118
177 325
184 317
332 371
318 706
253 508
234 404
156 359
357 542
240 64
208 520
398 611
358 487
385 642
295 607
969 187
302 431
375 538
283 210
216 90
230 55
614 448
392 562
638 81
431 639
354 537
920 302
486 133
1071 245
1014 336
716 701
672 46
327 412
228 463
293 165
188 385
681 562
253 94
999 216
881 164
384 650
168 470
936 119
870 208
438 437
349 414
281 150
991 395
361 510
712 715
353 413
313 454
559 227
402 522
383 655
636 68
436 672
318 435
942 71
277 327
520 449
1026 151
1030 64
294 247
77 259
370 371
372 572
855 471
1030 189
236 89
1015 179
1015 639
831 424
371 487
359 489
439 489
612 216
393 597
252 591
257 300
327 237
331 340
398 660
296 412
1032 412
272 115
606 75
279 92
361 361
566 130
353 475
454 715
487 323
264 338
458 703
829 126
1016 659
1021 110
375 623
229 531
403 593
896 122
620 80
1110 371
389 575
931 307
325 177
1006 278
481 705
282 65
790 148
241 136
544 100
414 676
386 470
1169 191
271 129
389 563
899 530
277 291
1168 458
999 67
404 696
213 26
304 417
717 460
345 480
337 385
334 307
338 286
1007 39
878 258
817 346
622 664
277 158
959 206
602 61
858 202
413 640
517 57
335 284
202 70
1176 441
306 322
374 475
723 612
305 251
1019 650
1016 286
1016 253
111 229
333 426
297 311
972 49
262 309
1032 90
338 563
520 131
413 599
296 208
400 607
302 266
341 359
247 52
1022 719
1178 522
657 276
265 565
582 158
215 140
1061 116
345 223
293 123
949 75
605 210
275 159
979 100
1033 691
205 77
362 535
879 113
937 391
1148 246
422 643
164 330
1188 493
234 125
218 321
196 23
277 315
317 394
373 625
970 548
1045 99
648 100
948 633
350 561
1168 498
122 286
435 490
286 319
685 319
316 445
387 454
403 461
198 70
421 475
884 35
363 608
967 114
309 439
443 677
378 589
438 680
424 492
1017 219
331 474
374 544
348 362
278 233
346 441
277 542
1010 26
299 341
344 543
1072 371
291 283
993 176
130 293
474 212
182 139
963 48
956 114
829 299
260 291
1041 163
256 188
391 643
259 115
612 493
417 680
391 537
324 384
353 596
800 50
441 715
284 167
400 595
255 308
207 437
240 139
1204 282
226 130
719 539
844 75
983 174
288 331
327 331
1006 352
1006 119
332 486
727 668
546 250
276 101
342 373
217 568
316 291
417 651
181 202
279 133
963 44
662 227
264 192
283 641
352 562
419 709
356 679
938 30
124 198
259 162
366 627
998 213
173 365
370 605
871 426
801 131
417 577
1183 522
1156 541
83 254
312 416
1035 153
1047 113
1026 85
302 36
389 493
215 107
968 42
400 653
968 64
1155 221
234 106
416 646
1003 170
610 271
624 567
1164 549
309 363
323 344
250 264
456 109
983 27
1013 144
287 236
635 464
1198 278
387 682
302 281
356 477
423 667
516 298
1041 120
1031 518
840 419
312 509
412 444
298 375
837 442
434 693
1001 320
914 44
997 358
421 523
1024 440
617 307
1178 434
348 582
1024 171
900 146
406 543
257 114
1012 474
394 626
359 77
1008 384
333 529
962 138
636 60
1054 96
222 113
1007 322
1171 229
315 361
977 167
401 552
342 523
283 166
614 232
968 198
339 448
406 658
232 69
876 194
228 51
272 68
239 58
282 156
384 530
314 332
251 114
620 342
1013 361
1012 150
958 183
916 45
986 149
383 592
938 1
1012 131
315 420
1020 23
994 8
363 436
905 10
954 133
381 534
444 703
475 604
380 529
337 341
368 527
309 328
283 239
250 34
948 17
1052 97
606 56
1185 470
352 429
979 137
1064 59
280 134
445 670
340 509
836 503
236 208
280 224
927 17
164 245
1015 85
450 521
269 163
585 664
257 99
266 282
357 554
377 619
198 22
1019 386
228 41
932 8
209 36
321 417
409 590
320 321
1029 181
207 566
442 601
930 94
251 141
334 458
362 514
267 307
301 350
380 472
339 455
284 209
1015 198
378 567
523 118
292 268
370 554
1057 107
1227 250
225 157
193 315
286 417
306 418
332 407
247 65
650 81
117 239
283 354
272 385
417 696
309 294
206 75
926 75
242 22
307 392
335 267
550 222
333 217
302 357
322 184
999 361
1223 264
243 59
987 15
1215 15
418 630
1008 295
180 204
264 250
261 280
265 234
276 146
214 461
334 256
218 131
293 351
304 322
1002 322
412 470
345 443
339 520
325 426
990 33
195 2
232 112
1028 186
785 43
309 455
913 48
333 356
409 698
1003 250
219 185
381 566
188 4
1004 296
995 90
667 519
252 222
335 290
318 451
319 395
1029 702
241 99
308 362
1019 116
271 166
434 629
311 502
280 417
407 695
335 409
970 142
1005 142
328 554
323 453
623 553
980 33
262 491
321 504
1009 476
1224 244
208 115
978 239
1096 116
335 355
380 540
329 401
315 236
393 478
893 187
962 120
304 299
285 336
324 374
225 37
866 33
352 418
362 495
397 660
222 46
388 600
1063 164
1170 503
246 100
988 74
314 490
493 170
289 160
1014 131
303 315
1018 136
752 481
333 499
206 41
342 299
479 143
1051 143
204 39
358 454
204 342
949 407
948 66
258 214
374 459
957 462
243 30
149 355
898 148
555 173
236 93
948 111
350 558
987 139
392 504
950 114
1028 681
872 286
1030 65
424 693
223 447
282 313
1010 218
187 10
933 387
378 580
257 183
278 167
147 162
526 201
398 554
601 288
853 340
202 339
396 54
871 71
973 75
260 166
259 214
595 244
331 536
291 386
300 290
812 7
315 194
443 674
426 626
361 698
681 648
165 206
313 249
513 187
686 718
496 696
1006 398
829 398
626 643
1012 159
828 47
253 538
719 631
294 362
280 18
410 625
542 352
413 622
328 472
911 15
1019 608
321 639
997 61
191 83
1009 9
830 574
800 9
309 228
362 379
217 289
993 289
145 429
1210 149
922 325
1048 203
1186 363
920 316
253 138
320 235
356 422
626 398
229 36
1045 256
1060 137
354 376
293 214
725 700
230 628
1023 405
229 591
463 90
638 346
148 506
244 494
1229 420
1018 451
916 10
459 649
134 325
926 365
507 155
1219 253
1176 373
1013 146
388 608
267 303
957 19
382 486
357 209
651 209
270 179
199 30
405 601
286 279
330 483
279 390
301 356
343 428
566 417
418 500
294 177
830 33
928 6
541 195
1020 140
558 132
547 242
983 241
1014 688
334 236
986 41
340 431
240 434
223 373
378 532
912 53
294 400
136 452
359 409
164 31
192 31
247 525
215 325
1022 76
964 127
865 41
424 540
205 82
1043 35
927 244
274 688
1029 106
1004 217
295 392
817 243
224 421
344 583
164 405
274 305
997 367
266 206
1016 590
759 567
1018 575
263 16
991 357
402 645
638 329
437 695
263 171
940 103
377 678
125 170
638 371
1042 689
593 56
919 46
227 540
305 628
543 181
287 571
994 712
239 38
275 3
383 508
250 151
584 178
1083 183
682 534
172 442
527 51
504 86
325 12
372 555
897 293
379 611
243 112
674 513
1156 441
627 625
296 341
226 404
309 240
990 240
205 389
834 707
538 90
1046 708
263 295
259 184
522 388
171 216
795 359
939 217
138 300
959 86
571 244
536 225
615 81
633 542
913 338
1170 189
580 162
234 540
838 405
1143 459
862 466
594 497
662 498
177 361
570 320
908 342
180 318
809 112
754 9
982 232
848 143
141 148
211 583
709 587
701 608
1008 374
922 268
226 449
866 429
1008 215
1184 195
909 241
175 168
544 175
697 538
643 527
697 551
630 594
128 351
1203 357
1155 278
959 455
1005 432
794 61
265 247
737 698
227 392
177 669
286 136
125 320
328 339
917 376
307 448
203 203
871 133
892 539
144 184
537 68
1132 709
390 627
904 351
206 344
1190 525
237 86
1174 526
905 286
473 100
433 664
678 665
174 677
1171 281
1156 568
395 647
592 306
907 17
901 615
1016 623
844 59
1023 223
978 480
184 382
945 448
949 449
817 30
579 181
937 376
335 269
820 0
909 148
240 184
283 293
1166 361
818 360
1225 211
556 149
262 266
612 91
213 599
265 285
704 7
334 338
1113 301
903 33
298 582
605 578
276 305
233 360
676 579
360 568
249 495
368 482
207 487
233 395
1030 569
510 136
1133 212
1037 54
300 622
675 622
865 463
428 567
751 23
1018 111
203 299
1184 605
260 458
233 98
148 266
339 251
121 265
1031 634
129 246
1006 397
530 121
111 320
988 272
336 370
310 396
1004 700
207 268
1197 199
436 676
656 509
246 513
333 253
362 380
1181 261
278 239
1192 289
407 671
495 129
401 424
1120 368
670 606
950 117
288 220
240 183
346 558
742 710
432 706
838 379
1009 338
289 285
610 281
264 176
689 541
1173 577
297 289
642 94
970 74
605 55
1042 682
998 199
712 684
1006 343
550 127
677 529
1022 665
1204 435
229 366
346 536
1035 198
390 533
983 261
205 507
125 296
395 686
842 101
454 595
1177 544
921 374
1191 275
278 446
377 590
670 255
370 505
435 600
1017 449
316 269
290 378
1008 437
941 633
631 460
409 607
311 261
984 672
601 297
964 75
245 155
244 212
402 493
935 31
287 255
353 490
223 563
588 560
898 514
394 624
720 443
404 509
296 304
225 98
346 412
159 152
296 199
362 541
671 682
745 700
271 289
435 697
275 281
297 342
207 440
224 491
332 188
1139 466
283 317
1052 102
607 239
321 396
290 610
947 423
271 519
249 26
269 534
294 236
211 472
627 111
230 66
430 671
1189 391
430 679
548 104
504 85
1203 230
1168 417
243 110
369 552
974 86
933 18
954 175
548 241
203 409
956 370
1201 445
1183 627
358 530
165 571
386 548
251 66
718 706
737 17
1134 308
328 582
981 229
1188 363
404 81
358 570
1015 158
211 258
346 437
641 385
985 713
321 481
675 644
286 266
1103 576
942 508
598 389
1018 216
648 624
184 279
919 177
890 175
220 608
716 702
346 518
247 190
990 577
587 420
231 56
1166 685
1013 585
389 688
920 278
810 175
273 510
810 434
469 42
489 43
509 75
259 482
363 496
284 561
1005 456
887 133
352 477
401 102
324 365
610 199
399 682
231 97
186 321
1018 711
1044 149
359 535
1013 3
235 473
162 395
176 227
722 717
869 187
732 190
520 71
457 32
645 505
269 251
1180 292
975 259
329 491
358 316
679 601
906 299
447 101
755 168
841 381
335 684
942 66
306 380
266 555
403 578
832 234
248 195
508 197
561 144
291 454
991 643
200 296
255 238
1002 266
247 458
631 528
551 163
962 146
330 443
192 354
1006 622
889 154
964 74
362 468
223 634
383 590
336 348
1004 616
1220 283
171 223
1007 396
413 594
862 175
950 428
305 415
1153 507
179 451
588 147
645 80
412 476
264 519
813 18
999 401
376 478
573 25
982 575
1146 625
356 559
300 667
555 231
238 101
379 375
231 100
915 240
1172 584
218 463
1158 601
896 335
952 135
827 155
296 297
208 310
297 715
928 65
932 58
1019 158
340 548
184 420
1005 427
242 522
418 633
994 224
269 269
281 220
784 163
1162 507
534 568
492 114
413 556
382 504
270 128
665 528
327 458
590 276
1161 301
1148 548
225 444
277 321
163 230
235 463
386 449
485 198
484 143
210 40
1201 411
318 437
655 108
864 451
1053 97
186 332
213 45
928 126
588 171
436 590
622 91
896 263
308 493
981 110
1030 50
556 131
628 436
755 121
858 124
1069 697
608 383
899 258
681 537
212 308
301 308
275 17
359 534
1108 331
621 361
891 361
211 636
1199 233
206 26
265 259
402 650
359 526
384 504
720 661
303 345
873 281
264 510
386 569
373 261
227 483
253 523
398 645
1059 212
623 523
1017 192
233 71
274 400
1147 459
433 482
927 462
954 35
1176 588
340 438
348 695
860 531
296 331
1092 123
1033 74
261 259
966 518
1175 536
398 636
977 69
436 700
1010 592
689 647
245 193
1006 180
995 331
1010 23
646 124
360 509
992 627
420 591
414 486
1065 153
246 102
700 550
233 124
360 595
582 48
273 281
386 606
599 46
338 359
1006 182
985 215
1154 547
321 214
257 200
404 636
739 704
1007 453
346 495
579 162
946 22
703 74
404 668
1144 473
340 567
299 264
272 143
213 310
192 355
876 378
937 688
317 251
907 175
255 104
353 386
225 534
887 227
1186 437
240 106
464 125
402 658
352 8
835 12
575 405
970 226
283 319
435 655
202 316
938 403
627 523
960 135
259 296
990 91
361 470
377 407
265 96
733 692
994 41
1007 327
383 472
251 100
1210 411
394 653
984 253
592 647
286 242
322 167
256 145
964 47
895 512
325 370
292 182
274 259
1199 355
997 56
360 591
295 295
410 633
416 706
1017 292
332 352
429 653
559 617
260 56
854 258
1103 659
1207 487
286 641
264 226
506 127
268 125
306 355
1028 10
1021 198
1027 224
963 648
430 707
591 176
1012 691
1028 266
313 225
259 99
928 52
584 447
280 173
303 320
376 427
631 331
910 610
283 531
396 531
296 35
595 550
706 628
187 156
438 675
1120 487
919 29
847 174
259 308
673 597
957 479
698 659
1036 4
820 349
329 296
1008 296
983 262
266 126
907 300
277 99
370 517
420 710
862 135
618 556
226 571
234 558
1084 542
554 297
978 506
1057 56
947 449
1174 383
240 119
606 512
1089 247
316 293
926 248
293 271
980 275
518 77
370 570
340 209
306 397
803 216
560 159
173 273
248 163
908 512
428 657
279 161
1030 178
407 594
152 575
289 348
151 213
907 164
338 564
687 543
437 717
904 194
305 368
282 147
429 630
652 601
627 475
352 573
576 159
809 24
281 349
1196 426
870 334
387 404
280 196
139 167
368 480
298 413
695 477
558 555
620 299
1043 124
296 247
200 383
314 491
191 364
748 11
218 43
451 706
209 401
840 106
429 698
1022 229
231 77
177 147
1074 147
1016 221
225 63
292 239
171 218
981 105
879 142
293 313
282 405
608 278
267 159
315 482
566 166
167 169
312 226
594 163
229 406
313 261
635 339
194 322
251 204
370 473
1046 124
216 598
370 478
679 549
1017 211
301 246
353 354
359 513
1164 399
225 317
1038 73
309 352
572 36
369 555
338 383
398 446
1198 411
698 527
243 137
1014 669
965 181
144 246
893 246
953 352
344 385
276 63
401 576
321 403
963 150
419 642
285 359
984 493
489 136
942 79
296 257
318 395
933 419
199 249
282 30
412 631
893 329
418 348
195 362
314 483
988 68
964 38
322 405
262 247
249 158
398 661
351 540
316 428
637 377
291 201
624 91
120 160
419 705
317 166
286 178
1010 236
352 328
309 387
989 7
276 248
964 535
268 238
385 662
901 139
963 60
952 347
369 524
204 433
255 71
875 88
935 63
331 491
959 145
346 348
437 669
560 257
1047 152
246 172
847 17
965 116
1148 283
1188 254
391 586
368 495
252 128
603 349
953 112
167 341
989 158
626 65
557 364
254 38
295 413
109 255
128 116
290 331
206 10
276 271
234 385
248 552
316 370
385 584
304 312
229 444
465 123
282 262
348 451
682 676
180 211
1206 509
838 106
605 220
517 113
437 696
397 672
1011 361
1189 553
683 642
689 606
712 498
990 140
269 695
844 15
848 254
913 219
1016 16
867 332
367 544
291 396
272 581
891 499
1096 325
250 133
210 325
985 17
212 428
949 337
990 383
227 143
187 298
1200 240
695 659
444 589
204 261
1183 460
234 174
160 186
607 84
716 616
560 220
1004 653
898 113
215 41
1011 656
318 686
179 16
263 504
230 169
290 286
322 183
310 259
1022 51
348 482
1067 153
229 458
220 155
1022 5
538 198
349 422
376 640
253 510
254 135
123 325
264 35
1191 529
740 79
260 319
306 443
295 166
239 473
390 490
396 557
737 719
954 38
404 372
447 629
1030 192
974 248
1057 133
350 427
394 448
992 103
230 53
157 202
394 470
619 686
1032 88
563 393
116 170
679 492
631 385
514 151
185 371
998 304
377 573
954 486
548 134
329 704
193 418
190 358
1019 208
272 327
338 530
385 671
1208 221
257 558
715 621
745 617
346 488
231 72
486 65
958 693
388 478
708 671
372 649
220 114
351 333
725 707
558 123
202 479
933 497
254 141
569 150
311 390
679 467
974 242
312 456
273 228
279 295
303 666
542 91
388 562
433 612
978 131
711 631
363 446
584 354
1107 304
1167 394
451 689
997 182
359 385
377 541
959 132
977 230
869 29
919 214
406 665
286 662
375 583
381 443
989 140
311 209
393 697
973 25
963 69
218 348
207 63
812 495
227 141
333 288
1041 710
1008 385
357 427
948 18
662 503
565 171
809 270
242 105
384 471
343 527
139 162
328 395
356 522
344 556
253 91
304 362
896 161
611 532
930 306
199 3
1011 428
1154 325
899 300
424 669
283 677
240 168
820 85
303 473
1201 413
1044 678
1002 195
437 508
310 272
426 631
230 408
418 563
1050 59
397 615
321 458
960 140
356 485
608 251
1094 320
946 104
200 46
175 256
969 127
438 677
158 214
314 537
213 117
255 22
755 63
208 376
781 120
864 191
215 132
319 718
610 80
338 540
376 575
149 239
205 436
811 74
293 342
426 669
991 358
157 137
241 129
578 181
588 135
410 607
760 87
319 336
415 703
306 647
962 208
997 208
900 247
212 591
564 441
377 447
624 552
295 355
210 9
206 418
822 412
597 11
360 601
186 452
673 227
696 612
403 514
919 626
255 578
325 357
659 562
195 269
1167 246
294 240
202 305
178 495
392 537
425 605
275 184
395 584
1051 672
522 269
685 527
255 176
952 344
209 54
366 615
277 382
948 74
994 235
207 256
227 79
252 120
287 257
354 251
271 133
881 255
367 616
633 337
381 327
1045 705
654 551
381 649
529 186
417 628
925 4
564 174
1021 146
255 567
274 137
157 233
626 541
1154 537
335 549
864 434
541 525
340 665
710 633
873 117
145 232
279 152
569 460
1207 477
197 79
1198 484
691 479
899 131
1111 317
327 390
650 564
284 175
234 506
229 9
1159 531
714 659
1180 392
136 346
431 528
585 279
273 407
226 397
362 487
630 301
624 272
163 275
228 96
591 459
700 608
1003 295
308 367
549 171
334 426
589 248
731 671
648 210
1044 0
897 39
191 309
1205 339
562 211
376 560
210 399
997 99
926 274
931 650
592 149
260 555
1206 443
1008 202
504 181
580 516
272 517
1018 35
1100 203
318 696
1012 439
1148 333
405 621
242 531
267 243
289 436
1057 76
338 362
1191 397
1020 463
917 638
840 348
669 710
605 215
226 518
891 224
377 539
166 416
602 360
1015 84
944 1
680 615
903 145
1017 687
173 150
184 408
174 139
547 128
257 246
289 418
1020 663
369 612
415 530
943 53
868 75
160 96
895 131
573 242
647 511
935 597
265 576
1149 589
1186 547
948 78
1031 143
154 229
884 243
938 317
282 307
190 488
226 465
407 608
280 626
751 684
972 70
517 137
245 132
146 315
1000 361
1175 489
1199 473
401 701
751 12
996 96
206 286
1199 376
943 345
169 395
907 669
885 603
565 143
169 158
484 1
559 277
916 299
572 363
848 354
289 323
156 486
253 479
652 465
946 430
662 566
674 552
698 518
951 605
1066 671
738 673
1031 679
203 278
206 270
209 450
325 449
145 222
858 160
199 83
866 83
838 24
693 652
650 648
163 549
259 550
237 519
255 588
1018 427
252 447
123 406
1160 501
540 475
1190 477
154 302
115 266
788 48
849 27
1039 121
832 191
845 130
258 193
555 207
713 638
382 615
232 595
446 705
573 303
825 288
1162 322
156 338
1194 346
558 105
1013 108
504 103
876 59
449 27
1169 231
526 255
114 220
131 162
616 542
339 531
419 596
272 597
410 576
1022 693
609 690
697 687
189 293
124 282
945 412
192 408
204 503
247 477
645 457
644 455
1166 454
466 100
208 86
874 54
1064 150
546 156
230 133
289 169
134 163
885 250
259 228
870 203
400 549
261 550
675 557
961 559
682 532
189 581
692 595
401 631
458 716
687 716
720 714
1020 678
78 353
1180 364
948 361
182 372
185 321
930 349
612 404
168 450
632 462
915 500
316 203
887 203
183 201
839 223
155 230
290 249
286 129
485 130
964 130
818 167
541 92
146 103
278 531
838 527
677 556
372 584
1036 694
290 671
267 650
177 271
595 275
848 275
128 297
558 310
285 335
241 363
1184 417
233 423
321 426
1146 444
1173 384
943 388
235 480
172 450
563 200
1181 218
1182 247
263 253
160 255
934 224
566 142
1006 149
870 119
546 80
976 87
996 19
1040 719
1154 515
245 525
1158 530
986 552
710 570
962 581
249 603
1181 601
972 613
1027 627
407 634
215 346
159 348
211 341
162 327
626 327
573 322
637 321
190 363
949 357
335 382
80 370
621 304
205 314
630 278
610 402
954 390
866 387
843 392
1198 393
315 429
229 453
906 173
896 176
1183 142
148 195
280 194
1167 205
1003 223
907 237
572 229
860 240
213 79
823 65
881 123
873 106
986 106
813 42
839 34
944 33
822 63
793 30
830 11
294 582
373 585
399 594
834 605
375 603
983 635
248 618
650 619
689 550
1141 552
813 531
1094 533
244 519
240 513
913 717
1022 713
724 675
997 695
1147 653
603 248
577 247
1010 208
539 146
163 185
294 170
913 324
632 331
945 339
161 365
464 354
1172 294
302 303
992 272
877 262
135 400
585 404
259 463
634 659
1030 676
580 512
692 623
502 45
471 58
217 85
556 93
183 250
292 222
1178 366
338 401
282 506
846 459
994 689
650 577
1179 542
137 113
188 251
1106 374
598 289
876 303
385 474
704 644
158 143
999 201
862 389
140 271
983 552
329 700
251 484
283 157
891 584
997 415
1183 597
217 413
1153 150
227 409
749 16
170 378
599 216
143 272
346 494
518 147
1160 390
215 486
229 419
190 79
247 488
177 418
659 572
584 265
1013 673
612 281
660 604
250 507
166 222
211 395
1114 405
625 566
999 684
334 406
381 549
640 549
1017 455
1057 71
374 515
1194 607
637 503
798 0
256 210
319 614
354 614
874 160
712 517
359 505
748 88
409 697
953 602
546 120
784 69
704 623
1035 628
152 221
363 499
677 536
174 477
479 64
878 485
286 147
291 619
680 596
723 596
860 325
686 700
538 259
719 612
955 345
172 424
978 693
738 671
121 214
572 142
220 471
611 449
303 360
523 102
232 373
534 319
1173 480
353 516
207 600
719 670
1175 558
862 222
664 526
825 220
1124 329
934 499
581 277
1003 641
316 641
547 97
1147 568
124 228
196 326
846 263
1036 648
929 364
946 399
332 396
853 195
893 629
629 583
660 504
196 338
684 634
947 160
607 365
1048 684
1148 582
886 148
570 408
851 47
804 226
703 668
616 239
199 258
616 291
157 288
291 678
1026 705
188 417
377 387
666 532
1180 547
195 265
909 564
184 393
907 301
616 35
318 165
162 241
496 89
1175 278
757 287
1015 674
1080 350
292 711
313 668
921 501
330 301
387 504
593 526
597 222
182 221
893 23
835 205
181 243
809 528
1019 644
612 706
590 229
1042 707
201 254
345 681
1166 251
601 392
896 346
644 377
844 215
1076 711
863 230
334 429
199 371
593 547
932 462
777 351
847 247
309 273
599 335
910 510
615 191
630 419
875 155
170 361
575 205
939 674
690 541
647 409
411 605
468 63
954 116
230 555
757 32
602 353
215 353
135 173
536 206
1019 49
661 707
720 697
540 397
944 55
879 202
733 695
1148 196
685 572
141 179
257 618
1141 302
265 487
664 576
1041 701
757 52
721 636
1013 553
855 417
213 162
891 341
619 481
719 683
290 608
656 427
875 434
293 190
248 197
534 66
178 156
1182 505
246 598
387 578
822 153
690 656
235 515
616 482
634 461
848 16
996 122
202 355
1181 303
1044 157
801 316
1021 664
643 678
910 159
849 125
630 452
791 197
1056 81
854 231
1141 558
151 107
157 396
1166 381
1038 48
910 354
1103 285
202 337
580 136
1008 582
1183 466
1012 221
263 666
892 529
745 696
880 85
161 203
560 144
622 379
1166 538
202 41
1052 663
427 66
369 132
351 708
857 230
1156 528
249 427
579 648
455 37
933 283
1151 620
124 212
629 371
189 364
193 399
1036 678
659 681
1031 618
607 523
835 89
121 206
139 231
172 308
809 358
749 418
203 420
902 402
856 449
1203 458
891 474
503 554
983 583
124 244
860 118
1196 322
236 356
1101 437
169 388
663 500
970 642
703 704
173 538
1171 238
1185 200
183 223
175 143
149 133
147 283
177 296
502 292
604 312
693 522
958 519
235 546
275 574
531 109
870 98
229 103
818 40
573 149
909 221
491 194
207 485
121 285
957 350
704 601
890 193
676 548
703 635
1030 698
147 390
797 335
853 39
1023 576
881 586
968 706
225 649
1203 505
894 422
283 713
289 235
843 609
537 150
723 154
181 506
908 417
625 337
556 226
876 132
124 311
818 199
884 124
830 112
198 456
126 193
424 523
416 657
367 566
900 271
1165 578
828 70
220 267
502 160
1062 702
622 371
963 543
156 239
879 340
608 391
672 475
873 180
644 391
1108 453
1027 416
920 372
575 217
593 151
92 306
538 171
550 285
773 302
604 258
823 92
924 242
158 416
596 598
926 328
567 292
898 157
931 657
669 694
409 533
148 328
517 89
769 24
1172 581
657 562
569 133
166 226
385 46
690 718
1182 640
974 439
218 420
1189 465
171 230
289 319
629 444
411 161
380 470
581 455
460 638
238 524
949 695
909 283
469 78
288 606
562 264
969 600
508 269
1009 424
338 481
543 92
1118 171
665 483
245 497
1059 677
793 4
202 428
389 442
897 633
131 358
555 159
120 204
1200 285
1173 275
203 400
601 269
508 353
1153 577
867 81
618 248
265 586
663 466
923 487
285 645
697 565
610 233
324 350
873 323
298 335
182 363
242 555
289 587
789 158
828 21
880 102
908 337
833 475
926 457
1179 562
671 524
453 131
569 160
672 690
719 593
824 224
670 714
622 360
281 352
790 40
680 23
193 550
1197 285
635 356
618 499
285 703
1082 690
828 215
117 219
932 503
276 507
1123 451
964 466
1161 391
1151 651
621 537
241 109
632 326
314 375
317 271
955 393
1181 512
243 681
318 685
894 195
818 370
601 492
636 483
700 585
174 543
903 136
1083 9
956 406
167 437
132 281
581 285
210 303
628 347
330 707
190 564
264 593
585 148
583 191
1205 350
1176 403
660 408
191 417
592 475
1011 575
315 621
976 716
574 142
619 238
1079 358
198 344
869 267
1193 416
369 527
676 602
721 679
1030 668
1047 102
424 75
788 29
107 206
189 217
896 166
600 295
239 454
1130 481
374 480
491 399
322 424
613 542
251 515
213 544
262 589
941 66
945 42
799 28
158 164
485 143
882 241
186 245
267 250
320 497
1161 365
981 692
967 698
1172 624
740 636
546 89
799 69
1153 229
587 230
1206 191
821 487
231 407
620 407
131 314
157 314
681 576
965 632
92 608
343 703
1180 200
1174 217
861 61
204 510
272 672
863 338
1202 424
1001 240
267 199
246 611
97 194
107 331
1026 683
749 33
202 462
1040 640
218 296
451 43
1184 570
962 77
1016 673
882 112
636 577
1148 123
514 101
918 213
943 363
1198 318
662 650
123 486
230 457
821 51
648 649
187 476
1175 618
1207 482
105 370
358 547
203 489
877 334
989 685
1158 641
1052 45
573 451
273 533
357 256
957 466
198 477
522 119
551 144
714 653
214 443
542 260
1145 183
888 622
879 313
320 460
1142 479
297 698
1194 514
662 424
567 231
654 443
156 230
601 451
224 505
282 363
855 141
1173 232
915 317
681 31
119 147
1134 612
973 172
476 61
666 663
1060 60
607 455
889 105
618 602
100 240
159 516
222 451
856 189
1136 506
704 661
1036 628
632 393
1117 574
982 112
1145 521
1010 38
702 678
194 507
226 369
530 118
481 91
467 124
165 267
437 694
249 501
868 104
225 291
885 225
639 371
580 182
249 490
930 632
875 215
293 662
201 587
332 691
357 410
1033 684
1023 710
140 203
215 314
994 613
421 675
772 250
884 201
973 584
902 580
830 478
675 586
213 394
548 243
281 631
1172 426
335 479
954 351
798 159
1166 584
1172 560
392 469
967 562
586 212
946 460
799 290
595 681
915 514
542 129
612 396
219 75
537 186
299 705
962 199
694 570
526 97
827 519
815 15
195 174
946 355
552 372
206 265
1037 143
304 634
114 455
804 133
798 370
869 354
622 532
226 628
879 151
876 544
572 407
266 542
675 660
358 43
579 161
619 267
1136 543
691 647
961 85
686 498
179 318
452 179
1177 288
924 353
678 686
1167 183
292 317
329 710
667 632
121 261
1201 540
256 464
176 277
197 356
886 247
319 393
1173 630
235 462
198 294
142 402
1017 691
929 469
1128 388
328 426
148 703
864 120
621 552
774 47
949 452
196 485
933 300
198 512
697 530
942 276
893 254
559 264
265 296
649 477
566 120
125 378
547 142
184 468
932 514
553 323
1188 187
1184 405
145 192
494 317
303 636
278 647
384 573
793 15
1156 555
141 233
486 173
238 428
310 644
217 451
1193 354
236 444
184 374
246 425
484 25
1024 650
212 449
182 373
386 69
833 64
167 205
883 650
1042 51
624 537
1186 300
821 247
906 705
925 191
982 143
293 450
1154 381
108 302
1120 14
555 252
645 409
865 120
955 711
775 51
833 324
210 485
830 220
1198 417
921 530
867 34
634 521
312 666
995 76
313 699
893 112
633 581
904 219
161 251
578 471
874 222
673 459
1145 332
700 551
649 513
1205 431
179 351
938 448
700 656
295 382
835 236
618 538
218 515
881 177
897 404
867 119
670 657
293 402
1044 659
490 111
831 54
936 610
168 407
374 470
642 662
614 226
223 567
674 543
977 612
793 45
482 81
168 160
546 257
927 382
599 210
534 300
157 140
949 299
206 413
647 474
986 680
675 235
869 432
197 394
172 275
660 542
1014 634
921 371
230 331
171 421
710 706
241 150
989 644
383 461
988 615
630 608
655 598
239 527
1155 292
1081 209
658 432
947 498
647 418
1007 627
1105 401
198 598
820 52
312 238
850 19
1134 482
607 694
623 339
920 271
366 483
1181 235
298 321
517 214
141 268
535 183
173 386
922 225
227 115
192 422
712 655
989 74
1151 158
224 79
1104 650
126 204
940 12
1159 341
337 708
987 718
913 287
231 481
653 511
812 247
896 345
156 536
1044 683
690 711
1015 669
222 434
286 294
1198 414
311 719
332 378
642 344
1196 177
230 506
1182 542
283 272
219 329
154 239
937 327
296 334
139 103
280 650
1162 340
219 394
554 593
595 288
990 264
603 340
641 578
649 474
807 111
673 565
329 447
1182 429
1046 702
177 251
309 699
358 537
457 658
461 665
1033 649
978 36
977 74
1122 667
212 316
226 63
319 308
687 689
1110 46
486 226
569 21
314 671
1178 387
178 169
1161 414
998 632
950 2
792 211
963 546
322 431
908 382
309 627
562 509
348 324
1154 638
890 124
350 574
271 652
1126 397
150 108
191 41
980 14
556 177
266 251
961 186
273 196
334 716
540 135
236 487
940 57
1173 371
639 500
644 695
984 252
568 353
664 673
1018 649
260 156
1011 620
983 389
291 251
228 619
148 299
270 15
235 410
210 411
229 630
703 632
243 195
1178 371
241 535
843 47
330 449
1162 200
622 354
886 698
860 520
615 53
946 2
477 63
1005 441
1162 515
544 92
346 704
345 282
997 705
124 249
114 325
969 126
714 657
358 431
315 362
171 177
1016 667
903 194
1134 470
902 270
290 616
242 571
878 447
429 52
1144 333
382 373
1144 474
440 708
199 260
858 42
1190 513
833 100
121 455
267 619
225 362
1149 667
568 123
321 385
893 346
176 260
890 648
827 92
867 525
114 128
648 464
1188 337
1045 713
146 482
1012 610
1034 683
537 412
712 585
567 139
155 394
148 341
896 320
1203 322
331 435
719 657
186 301
330 681
161 352
609 300
335 508
973 542
710 556
700 642
968 448
709 634
575 198
591 289
942 100
862 207
175 224
1013 643
183 336
126 271
619 393
192 480
1022 682
482 108
196 182
182 237
334 231
720 713
1163 440
254 266
858 31
263 198
922 539
797 431
554 282
1139 521
148 529
640 568
1113 629
321 675
950 687
1010 711
571 241
473 97
206 569
210 447
160 321
698 626
1178 535
687 507
657 533
893 150
186 389
736 305
127 529
503 80
1194 369
174 187
122 307
734 160
168 222
563 229
166 563
488 183
920 463
718 612
247 449
163 273
651 661
259 215
571 218
852 470
929 420
304 660
917 472
1009 700
633 599
1165 575
583 457
186 351
149 140
707 645
875 67
504 163
144 271
954 640
122 566
1009 623
949 109
1130 640
650 686
1167 568
723 620
592 240
535 113
979 46
288 369
689 489
276 359
204 270
930 712
498 208
151 552
1144 631
1163 467
793 25
607 283
1182 343
143 245
894 105
345 317
193 351
1172 459
280 688
903 180
312 234
576 249
694 12
862 44
310 608
338 290
865 257
1204 468
963 447
280 150
863 459
177 395
1052 699
728 611
981 632
613 384
939 626
268 705
875 171
683 575
307 293
1015 653
72 379
888 183
294 403
532 92
601 544
470 196
629 526
277 553
1145 46
309 362
1124 668
378 633
1018 265
847 215
259 540
1164 376
1196 215
243 185
277 591
626 446
930 248
352 541
406 541
875 195
81 456
280 629
931 563
233 486
170 352
904 526
228 559
581 551
178 313
873 191
271 206
302 608
537 187
230 643
600 446
652 452
232 428
253 612
259 662
873 402
270 662
257 516
689 583
597 231
173 338
618 336
838 649
625 575
395 32
1011 121
1031 188
1168 365
692 501
581 538
1125 204
961 73
1000 648
180 248
340 691
631 268
987 74
884 127
708 526
150 285
1125 647
201 308
1149 566
202 598
223 347
179 323
176 365
350 530
291 452
519 72
896 197
646 714
598 147
1175 214
315 285
925 279
474 122
601 225
284 236
598 33
1203 585
905 454
1164 191
911 208
319 381
982 603
860 19
407 619
194 321
217 613
1188 281
455 682
281 338
205 267
291 325
1203 416
938 433
494 79
315 640
838 124
302 389
157 264
115 353
1039 177
188 369
879 212
1192 357
169 408
459 51
253 31
711 593
676 511
506 126
215 279
790 570
622 505
276 262
254 463
180 602
504 47
814 67
344 294
1186 493
369 576
1175 387
1028 420
573 287
289 620
325 292
286 159
587 438
847 53
280 270
148 310
265 111
934 717
389 581
521 164
1206 397
182 386
1159 217
600 565
850 409
1036 68
845 256
170 377
213 509
669 529
930 4
246 187
161 411
1049 704
296 685
1030 97
908 140
119 190
207 575
184 311
343 448
965 62
810 30
637 83
908 289
173 362
1155 408
1166 506
265 511
620 525
562 226
192 291
221 332
210 483
632 587
991 687
225 447
227 473
907 384
806 134
945 356
619 259
386 422
832 16
157 216
826 141
582 436
998 647
325 664
351 450
1167 360
235 521
1118 306
251 28
840 532
918 581
1005 42
360 365
662 542
1008 644
1170 176
1002 236
330 357
966 392
651 387
1107 44
343 529
235 502
1170 525
616 404
1199 579
312 455
255 290
230 181
184 199
531 92
1118 201
549 325
321 351
906 304
602 310
188 410
229 456
535 209
172 240
1081 530
606 518
1007 701
908 568
593 170
290 354
860 507
531 198
257 630
222 485
999 654
750 149
210 571
620 656
837 142
414 698
726 666
694 670
313 346
151 271
641 404
689 611
965 659
598 345
660 95
191 194
649 577
222 330
185 180
692 638
229 170
476 80
1025 99
1025 64
836 282
262 388
323 704
1170 548
582 279
250 2
603 331
520 64
796 64
834 460
670 490
264 144
1028 59
137 193
578 191
191 163
606 473
519 262
666 576
215 27
619 242
1039 167
1102 184
1180 265
1145 212
1192 199
455 70
133 170
1021 651
738 642
308 382
850 333
1208 524
838 566
199 542
282 716
881 608
82 223
225 510
296 173
323 433
169 425
684 593
162 305
1190 283
933 296
311 363
234 410
981 138
953 454
633 348
878 510
949 419
685 567
844 198
312 431
262 563
264 564
586 376
233 330
233 410
949 319
856 80
1159 367
811 15
642 528
1208 455
637 547
899 235
876 701
235 66
290 271
287 619
1128 271
627 508
987 623
277 397
1221 274
536 333
420 687
591 214
796 20
324 344
683 586
721 692
263 256
880 143
569 225
587 130
746 69
597 136
305 423
841 444
166 48
173 474
704 698
705 719
838 32
1155 476
662 586
1195 177
216 577
835 288
614 325
1180 382
937 413
1189 408
847 44
868 193
410 438
606 321
325 515
371 485
191 297
220 433
281 599
307 460
259 493
220 540
652 658
255 228
1012 94
995 673
990 136
845 26
1156 199
438 533
549 81
309 647
605 361
424 320
165 344
1002 114
325 491
827 121
1175 241
251 200
1180 438
240 74
713 551
930 227
733 612
246 144
846 238
977 79
313 457
795 94
259 18
146 230
852 357
161 175
481 147
494 178
161 319
269 539
1139 461
887 277
1037 130
714 604
876 331
821 261
233 354
328 447
899 506
551 111
726 628
460 697
1130 429
117 262
964 172
384 664
857 584
164 477
229 477
729 654
824 230
916 35
965 29
617 358
1024 244
243 466
242 215
981 261
176 334
649 624
372 110
242 52
388 548
942 151
458 667
963 185
364 457
717 569
314 327
203 101
279 348
353 256
278 186
287 240
994 240
1024 597
616 61
729 700
333 446
624 354
189 402
986 484
309 337
925 517
209 23
162 660
965 604
423 675
940 300
898 427
965 669
1006 260
237 50
996 374
469 41
1051 84
211 261
271 630
900 215
1025 463
613 394
147 393
160 191
327 454
195 344
929 85
184 319
1163 244
1172 619
809 290
1001 280
406 607
1201 335
177 286
1198 295
302 253
1034 155
302 359
348 366
321 219
278 263
237 91
998 704
252 151
388 426
698 364
989 194
255 436
430 536
267 539
606 273
194 21
306 295
270 181
651 480
347 686
964 168
279 585
313 188
926 19
641 319
899 476
948 84
83 397
311 474
454 710
998 138
293 212
493 197
1007 412
532 328
675 595
138 641
268 201
256 175
261 124
507 72
844 123
620 522
952 94
614 243
859 238
322 420
694 581
789 676
355 422
670 258
1007 72
325 217
331 709
440 703
564 287
886 249
180 61
988 120
969 169
622 560
188 498
294 257
1002 454
809 296
152 343
994 397
152 301
340 536
1061 107
1151 386
882 225
590 217
1143 206
356 578
269 193
956 429
953 165
1181 452
334 508
191 450
713 618
345 556
503 76
422 650
377 210
221 436
879 192
662 505
701 588
160 266
1023 407
436 664
205 450
585 192
291 608
977 237
1015 643
913 648
163 259
979 710
1116 336
207 313
459 120
130 255
139 164
722 533
620 591
1176 419
474 87
560 217
400 627
1065 665
307 690
1208 333
321 479
563 91
815 44
196 58
269 554
621 560
841 114
856 149
97 250
608 373
917 358
276 611
1183 561
436 61
95 201
797 373
260 303
943 315
85 286
880 266
916 474
669 490
856 484
1171 407
586 433
945 552
1141 512
1196 589
1036 630
355 713
1045 658
296 694
304 675
184 338
920 339
210 354
561 371
581 374
175 377
605 380
172 269
281 319
623 495
238 483
684 510
631 501
475 455
1115 457
241 432
179 386
824 8
315 9
254 39
817 49
1021 118
521 108
787 100
462 82
270 166
773 166
556 178
273 154
188 231
919 227
606 245
923 192
535 201
143 213
251 556
586 544
665 575
417 563
218 520
697 579
697 620
232 644
971 642
709 657
306 679
335 677
1061 691
908 696
1113 716
1191 359
931 352
285 348
259 322
837 331
616 300
121 315
926 308
134 311
603 281
285 266
900 440
651 444
644 419
958 400
1017 400
197 412
227 411
1171 500
541 499
1175 499
870 488
258 495
130 454
504 35
605 45
772 56
797 2
509 97
163 126
508 117
1182 187
146 186
140 168
904 163
147 130
903 203
913 193
1170 250
276 523
706 525
1135 512
150 519
1178 612
448 653
1186 640
310 668
1000 666
1002 662
729 695
364 698
1059 707
352 718
951 366
231 359
176 355
308 344
1006 344
203 291
625 291
946 298
609 297
616 305
621 316
131 404
1136 395
191 447
802 423
443 26
624 71
267 164
192 240
256 522
377 534
1173 549
901 552
1022 592
263 582
981 612
956 701
300 688
315 663
939 290
162 288
575 263
386 375
566 360
357 487
575 416
247 428
537 74
603 73
1128 48
1006 225
578 254
859 193
889 518
557 120
627 490
205 491
944 504
584 463
1158 381
915 268
205 278
240 535
885 532
893 519
985 603
914 583
361 715
864 683
654 690
582 211
721 203
831 160
929 370
77 322
400 502
955 384
986 572
834 613
633 616
1030 87
269 128
298 216
661 495
1161 389
571 284
586 308
1096 342
157 335
958 544
319 628
304 620
443 680
646 680
342 685
901 218
1125 223
833 173
809 51
849 82
189 399
201 400
230 439
366 417
896 416
369 453
873 577
516 143
511 172
108 193
547 112
948 112
538 300
1134 295
214 268
621 340
622 347
311 346
640 374
694 622
421 616
1184 527
306 716
1108 715
736 704
1065 697
1058 703
285 686
1024 672
312 231
181 246
772 219
600 168
846 156
835 77
471 87
258 126
916 409
1174 352
1148 342
642 587
406 539
1143 527
1013 679
720 693
926 319
442 244
614 196
691 515
154 340
595 529
160 174
201 330
834 371
441 115
536 319
1185 197
1178 466
533 144
771 86
1189 271
969 175
187 264
262 203
581 356
180 547
737 699
1013 640
178 199
599 244
580 319
870 261
196 319
387 595
614 484
349 420
799 398
410 709
1193 497
182 295
549 200
422 509
144 340
466 120
858 616
930 370
656 668
635 334
357 528
538 184
481 160
573 261
993 708
359 706
1031 629
626 372
820 38
207 61
598 290
867 317
277 275
1128 584
955 547
590 288
174 452
1027 708
360 715
586 240
970 540
341 433
1148 210
926 348
1198 442
554 249
221 438
234 13
877 136
546 253
972 236
214 551
372 625
180 307
552 84
485 72
847 131
881 142
583 155
525 179
698 579
829 291
904 256
424 118
541 167
582 586
984 668
286 706
253 509
163 249
368 601
1202 403
346 719
224 414
214 518
228 92
1030 648
302 676
729 615
984 645
235 17
766 127
702 602
970 662
374 555
598 144
924 440
830 226
131 418
172 402
969 634
1137 606
1187 312
1157 501
276 600
582 124
201 252
1030 692
274 552
635 622
585 403
612 348
230 463
852 96
211 304
629 324
200 264
1145 485
846 592
984 654
74 342
407 44
558 114
749 701
312 403
199 491
883 252
215 579
377 513
717 524
283 552
150 269
175 280
567 240
1043 706
369 578
1131 292
283 276
195 507
314 455
147 395
951 102
999 24
577 176
896 153
991 254
967 670
638 675
405 603
1152 561
841 574
200 568
297 337
912 350
599 427
648 474
1181 468
335 500
362 500
826 73
856 77
1199 208
727 690
1194 262
328 346
652 504
1139 210
588 166
270 539
1178 528
921 575
903 608
618 658
424 647
270 697
117 268
145 300
462 27
677 539
203 528
1145 528
1122 522
597 718
575 208
934 217
1160 381
1174 324
870 284
591 390
1172 482
940 453
987 602
650 601
1171 516
1159 550
331 701
894 226
890 243
828 160
827 149
876 88
946 423
875 474
153 277
878 287
939 535
246 524
245 616
421 657
988 689
357 719
179 202
188 216
582 210
795 16
651 436
233 383
262 599
705 595
885 658
844 200
219 451
1189 396
1132 340
1173 344
140 373
179 312
922 260
285 651
1130 670
750 686
951 682
286 589
210 552
912 526
1111 21
380 79
436 122
170 243
158 242
891 242
971 245
592 235
575 216
1167 216
193 208
429 181
879 167
299 140
1197 403
591 401
209 412
1087 399
642 397
666 483
1127 487
907 488
260 493
957 510
392 508
606 366
623 361
843 370
951 328
860 332
93 262
190 263
915 261
930 272
171 310
220 300
944 611
411 626
708 633
994 591
243 586
1154 545
1200 551
260 553
687 553
948 557
280 572
692 572
720 532
670 534
717 663
1041 662
718 670
967 668
657 666
1011 643
313 685
990 682
718 674
992 702
732 699
647 716
980 707
737 64
955 104
1031 123
495 13
808 10
395 44
967 33
1154 217
575 194
496 202
585 229
194 236
857 232
592 244
553 252
157 135
767 133
1030 154
589 172
901 182
854 183
544 186
1173 186
889 191
626 374
218 375
566 382
174 356
189 356
939 357
937 352
607 353
515 363
125 330
236 338
1202 342
562 272
1207 265
942 263
1205 300
613 302
163 293
666 456
256 478
670 469
188 503
363 503
690 505
943 508
862 403
321 414
622 414
1156 410
343 408
845 408
1138 389
1137 390
919 399
606 392
149 429
641 430
1138 426
180 418
595 434
648 435
186 436
861 437
600 444
715 616
380 608
983 639
812 627
964 607
1190 583
1124 578
945 532
633 522
884 523
742 699
1016 689
991 681
1021 640
318 655
581 269
552 273
539 279
164 286
83 280
408 316
632 307
585 310
912 370
923 359
326 332
191 331
956 479
611 460
1169 463
1188 452
189 496
259 500
369 495
585 416
222 407
835 35
610 61
505 57
823 10
1141 95
904 254
933 254
871 252
581 247
594 244
884 226
954 209
267 166
839 171
1046 175
1055 132
818 143
503 146
477 159
894 159
1197 611
264 610
961 585
343 707
317 687
945 353
938 373
925 293
357 448
634 483
848 98
831 100
776 43
578 210
134 230
901 513
857 583
540 474
623 452
138 117
527 88
156 148
916 190
143 241
1195 369
202 367
189 260
1183 319
605 466
1188 419
144 405
372 591
1028 46
582 128
581 340
879 262
208 584
633 610
216 356
737 23
938 95
940 94
833 121
943 146
221 338
315 312
194 444
623 383
155 388
819 409
302 660
292 234
862 416
1194 220
1134 335
995 357
85 530
604 417
229 161
150 116
209 11
618 85
881 304
858 395
1150 173
346 407
438 34
915 549
271 529
811 211
329 472
645 605
462 192
164 210
933 38
607 661
802 136
526 114
1004 702
722 693
1191 460
268 177
133 154
917 180
704 551
594 412
692 684
232 492
98 279
989 276
296 308
1186 269
319 443
187 309
368 471
957 376
652 484
285 361
999 682
851 565
175 206
288 320
637 469
1024 0
1160 379
938 252
233 443
408 692
246 671
364 495
669 601
976 108
540 212
1150 52
189 192
854 67
443 522
679 586
957 11
623 367
538 78
816 307
710 690
626 103
197 471
934 474
844 61
631 394
1007 222
1003 654
953 635
1130 301
430 640
197 565
1044 94
1192 508
995 390
954 559
1022 605
380 549
1167 284
717 575
503 691
686 688
694 598
206 308
926 29
979 256
857 143
240 531
142 492
196 72
334 362
1198 466
182 200
435 445
565 134
174 297
965 393
930 633
1116 384
956 24
762 37
591 376
1028 62
605 255
206 313
171 473
282 585
97 238
948 137
598 339
945 507
369 516
1136 295
748 55
1177 459
1140 473
217 353
297 283
156 353
1197 372
193 313
611 320
231 502
1060 319
177 291
241 645
665 546
292 294
903 279
616 515
942 135
853 462
618 671
171 173
892 232
713 562
841 241
923 225
1169 120
234 443
888 349
691 695
550 185
281 565
503 209
801 75
971 9
176 272
867 219
331 663
625 581
484 185
1079 482
417 658
1129 617
993 162
677 518
685 578
408 195
593 475
872 108
920 283
715 645
946 317
745 153
204 209
902 169
871 208
688 508
196 299
631 442
925 593
921 232
1182 577
271 274
178 261
205 536
612 247
1000 383
378 552
193 198
249 526
279 137
366 560
1172 640
309 263
830 358
638 358
278 277
892 680
1023 249
172 416
339 402
532 211
1214 507
444 143
147 172
1116 425
595 175
390 451
1173 375
895 163
973 608
632 460
174 412
1177 235
851 168
282 636
1125 303
938 385
905 631
222 591
1034 696
962 136
518 172
242 485
1008 626
251 695
591 306
240 650
523 133
643 643
625 526
1012 434
147 161
422 87
185 494
1175 535
381 608
273 213
170 234
243 575
1191 427
223 279
991 105
592 288
259 77
475 117
906 189
1104 470
366 380
1051 702
190 265
912 369
672 465
352 704
1015 645
875 542
994 674
554 171
506 104
1162 512
923 527
599 395
1163 509
157 368
639 693
690 688
952 705
163 261
617 208
186 264
1014 670
465 618
949 341
221 577
984 636
693 514
201 660
1002 602
544 135
1163 548
713 668
1065 706
841 207
1095 392
799 387
898 175
823 0
187 545
448 692
880 145
275 249
619 445
959 560
330 679
520 116
563 99
674 689
771 357
471 171
147 537
285 211
939 334
560 119
261 608
943 79
649 643
189 247
590 150
219 72
252 468
606 250
330 353
705 594
1181 461
1123 605
582 345
830 221
181 321
927 266
916 367
1173 202
1196 264
958 370
968 473
859 43
300 191
200 253
982 58
245 635
967 585
189 205
406 483
166 259
654 438
236 603
738 650
574 92
664 414
176 327
524 237
421 655
967 398
410 676
451 670
900 201
934 272
176 495
547 67
1188 232
548 459
223 631
541 64
249 593
499 104
873 477
150 414
1135 629
214 393
238 156
945 475
708 708
515 116
326 386
1173 193
119 170
424 663
541 70
972 142
574 130
682 513
1020 94
1135 51
164 139
141 319
1206 502
646 451
964 658
157 422
1160 410
148 194
802 354
302 641
811 383
769 272
179 282
353 439
910 438
634 514
682 594
678 688
781 31
712 574
1144 294
320 467
1005 69
271 346
644 599
610 283
667 547
323 517
642 591
418 642
139 221
1063 99
1029 697
1065 713
182 345
600 486
878 508
877 161
761 704
900 509
1012 413
538 66
921 293
578 343
387 533
168 253
343 714
326 344
143 174
213 118
911 300
945 572
514 190
1174 282
1183 631
288 358
224 41
301 324
823 380
471 96
305 639
1028 588
913 517
319 166
606 290
220 513
543 103
702 626
459 84
876 334
859 18
891 275
721 713
629 378
224 467
1191 503
1207 168
218 508
345 438
1011 716
323 556
1009 682
524 72
253 557
256 541
296 686
291 119
1005 705
1006 399
297 341
928 595
383 539
335 477
301 488
1162 384
714 673
402 671
667 562
281 252
591 384
199 280
799 13
409 513
996 284
326 462
996 453
903 216
854 98
270 555
775 52
1182 642
1009 151
285 319
889 419
561 213
353 566
418 637
1183 554
162 212
283 188
1058 662
1022 601
906 258
171 325
289 240
340 507
952 426
309 340
1014 430
353 467
498 54
309 639
806 122
936 323
419 621
484 683
631 517
225 72
618 279
742 13
685 688
312 368
623 449
397 594
959 74
174 336
156 202
1013 210
279 280
1188 586
563 334
613 493
684 526
214 342
306 286
935 125
566 159
307 412
927 519
399 356
844 504
230 403
395 539
926 279
394 673
1173 462
1203 522
844 375
345 708
641 148
1176 502
500 640
641 383
1120 671
1173 308
1156 348
802 122
967 70
658 162
579 289
655 164
682 217
1178 129
568 219
864 213
265 521
150 177
214 317
228 666
238 195
299 324
244 188
1184 534
956 15
924 534
209 495
1193 287
385 477
333 489
357 418
575 161
290 269
1051 15
844 49
255 242
913 212
656 595
1011 401
648 148
246 178
186 153
888 268
363 412
562 109
166 238
974 90
965 122
271 293
888 229
417 550
174 245
383 529
313 300
251 135
161 293
358 184
312 362
1149 432
625 325
575 527
580 309
325 260
178 416
335 447
446 158
722 643
357 383
847 277
330 359
341 244
332 421
974 143
985 653
600 165
520 44
1155 223
426 509
387 478
1165 534
1189 326
570 306
421 485
422 598
881 203
912 203
1170 308
1046 75
1197 439
581 310
324 410
295 290
1169 304
709 690
955 154
919 478
134 367
645 176
874 539
582 309
312 364
521 90
231 428
842 63
210 324
760 313
1015 671
213 300
645 548
577 485
278 154
256 559
252 196
147 410
287 206
212 569
867 127
422 654
953 543
252 92
716 56
514 146
366 638
629 467
826 492
227 395
1029 712
468 606
871 520
889 692
1152 359
831 3
735 684
577 340
157 255
476 708
116 347
314 330
650 683
1145 217
620 455
971 98
994 706
801 133
1191 178
1170 570
955 396
881 167
895 205
113 228
589 429
147 320
669 696
1165 555
514 25
158 415
375 442
1174 454
1112 488
656 503
399 26
481 66
1166 450
209 582
885 240
268 572
355 565
361 475
882 132
1208 320
173 500
136 226
200 235
1184 338
947 143
893 297
159 274
621 470
586 186
596 374
185 7
325 273
1177 312
266 234
1021 123
183 163
809 76
1189 140
209 293
1198 419
1166 190
700 713
1165 371
1034 690
158 400
204 327
984 316
217 326
345 697
950 508
966 525
859 411
598 141
976 529
862 39
961 686
192 271
642 445
806 354
413 618
511 85
849 42
343 719
588 450
853 101
483 76
161 217
1183 184
215 542
354 570
235 464
905 361
920 535
224 527
332 704
243 687
1143 503
676 474
574 449
224 401
862 404
283 305
244 100
912 29
1182 181
149 177
330 584
701 584
258 630
992 621
669 619
444 567
343 680
688 656
205 122
130 168
523 196
1102 391
1001 263
583 367
979 711
927 701
165 168
964 79
239 549
288 563
313 235
865 447
225 512
156 269
290 317
956 568
458 32
884 82
209 488
320 660
909 254
258 240
176 203
489 48
690 523
877 513
241 534
960 676
765 147
769 55
936 338
276 247
881 331
439 43
162 208
396 552
1167 366
1157 240
380 647
107 164
1029 650
940 489
976 192
224 473
896 150
1009 285
152 375
1027 161
136 247
326 629
118 498
330 687
131 239
609 241
547 374
322 412
929 279
625 568
571 235
919 675
1153 458
874 87
574 237
558 354
215 345
1069 118
471 140
574 164
217 422
570 250
634 518
240 543
337 473
633 395
538 135
278 258
365 527
571 138
184 245
145 202
131 207
646 71
859 468
220 369
161 210
892 137
706 528
655 536
530 46
1186 183
953 434
803 28
874 190
343 365
431 55
263 486
225 503
1067 666
568 165
205 334
165 295
400 481
146 432
387 386
423 685
1112 365
154 310
920 635
864 177
517 468
614 464
608 301
293 641
486 88
1191 221
222 362
176 344
247 484
841 404
687 604
484 47
916 174
1034 160
1109 698
724 654
643 615
207 491
1195 607
1192 518
814 349
637 457
230 493
834 185
1090 333
140 152
651 314
731 684
586 317
1143 529
444 696
1173 487
1157 408
868 246
288 598
1046 709
949 344
1173 352
529 73
898 690
834 441
564 208
1142 306
332 451
953 428
975 97
675 607
572 361
772 349
1047 119
1052 119
946 523
809 332
643 472
468 62
1017 110
180 305
812 132
608 474
261 77
420 669
536 266
917 512
178 393
332 695
913 518
574 158
202 291
231 483
1170 175
929 278
255 419
895 167
433 94
1159 576
291 637
968 123
510 661
141 241
264 187
1182 374
864 57
470 66
568 126
924 194
169 209
1144 534
662 621
288 620
885 139
157 361
906 343
447 323
1016 702
1100 520
980 625
241 459
239 453
941 489
620 420
593 316
272 298
830 303
789 80
553 169
140 239
924 221
149 522
243 532
242 581
928 337
165 266
786 3
416 540
1174 558
292 330
879 305
1168 276
166 491
537 235
574 212
306 375
918 369
211 383
892 113
1175 188
829 105
526 143
166 353
704 568
820 31
189 210
984 301
808 161
663 574
918 718
259 642
952 636
873 201
1194 441
1101 365
1171 474
1164 336
591 468
893 331
905 232
249 573
554 379
1099 14
165 223
959 590
557 333
1179 502
868 72
860 125
745 704
1200 266
723 54
775 11
839 1
225 292
680 515
507 97
966 653
1119 695
163 307
734 668
459 113
719 663
669 598
1137 536
235 661
319 408
958 85
226 467
167 491
1141 313
512 28
350 537
110 375
677 671
176 164
180 325
315 645
203 506
1126 296
764 37
503 70
1102 345
208 256
1186 469
249 417
545 153
874 178
893 343
918 499
610 457
185 235
468 65
232 445
1114 365
609 551
1134 522
637 341
622 437
1012 564
639 644
773 79
534 135
532 218
1164 337
735 652
855 311
115 545
517 115
973 551
1035 633
650 112
675 541
488 62
621 63
815 16
130 174
556 123
553 89
637 491
284 640
901 598
891 443
466 663
1008 717
982 593
371 613
352 546
1022 617
934 699
892 219
202 531
897 377
1125 439
709 620
1001 690
953 542
217 418
486 683
524 215
820 37
315 369
951 358
1207 432
198 321
726 704
935 373
270 184
408 641
146 635
183 274
1159 442
1035 704
267 561
393 561
834 27
231 385
609 176
592 406
713 691
1186 421
279 237
672 610
870 178
269 159
298 260
220 319
945 385
605 545
240 537
305 365
327 711
412 593
409 620
997 392
953 668
955 537
356 350
249 671
465 709
918 590
617 581
935 85
299 592
993 172
637 452
899 226
263 192
1004 59
1202 578
567 300
972 559
383 660
268 586
582 272
715 595
435 659
1168 441
942 535
602 66
249 131
168 296
157 218
943 417
1087 710
292 329
992 281
596 552
977 156
576 298
855 219
278 534
728 25
876 690
1037 239
900 293
954 493
1025 613
527 239
894 125
619 418
940 319
586 413
1019 690
788 72
541 186
423 123
598 174
253 89
587 362
617 443
910 589
889 97
237 391
605 180
181 511
213 455
974 76
929 397
1204 322
798 70
190 261
546 136
272 574
1185 644
506 76
984 45
1013 666
835 119
153 313
431 705
856 143
169 263
302 202
230 367
354 692
350 512
793 32
237 374
1140 578
1049 147
201 103
1118 438
842 120
1147 360
683 539
611 267
1062 715
795 338
1183 209
531 136
1162 494
729 673
276 585
729 479
881 383
684 574
204 84
319 413
526 89
964 590
1168 388
729 702
208 442
231 583
1031 713
858 405
975 17
547 107
492 78
933 321
593 183
629 392
531 382
218 127
561 256
349 444
922 620
915 347
172 273
1158 412
937 465
101 358
658 453
491 85
148 203
849 501
376 383
879 162
278 150
703 585
709 631
140 356
567 305
303 193
322 443
1163 370
1033 645
251 481
929 333
645 652
270 223
899 359
229 367
855 560
239 609
176 608
416 608
1190 342
609 402
197 418
989 642
163 171
635 114
193 347
154 320
292 265
270 542
891 205
1154 378
1123 401
186 393
1211 486
671 495
415 677
486 125
517 104
215 411
958 472
815 474
1199 455
647 339
1176 356
576 268
1014 641
1141 436
74 406
227 498
903 130
579 134
591 146
675 558
201 573
708 650
213 371
919 278
1168 308
553 363
890 116
972 166
673 522
1189 450
699 619
702 647
612 400
1133 421
536 95
1202 421
407 539
219 393
1117 297
157 439
1097 41
128 272
190 544
892 234
282 615
794 171
393 649
932 281
1100 319
439 668
229 566
433 644
947 288
971 79
266 517
1164 447
716 599
908 484
873 135
379 605
876 111
869 403
396 486
603 37
931 431
858 316
385 430
687 607
244 520
1164 403
624 312
179 250
541 194
1161 212
965 717
1163 505
1001 259
992 342
208 455
301 691
716 114
601 277
865 131
400 599
337 325
348 384
245 37
724 124
1127 354
211 273
305 157
644 339
229 313
1204 187
1000 328
854 217
155 122
318 463
211 386
689 629
574 193
935 321
620 533
618 517
660 699
1163 454
181 266
303 269
616 298
863 398
992 619
870 658
1025 684
971 545
273 201
851 86
962 74
1043 191
715 634
1198 391
620 683
868 228
564 164
566 95
587 428
364 518
860 679
850 33
937 293
320 426
257 100
525 452
324 418
153 266
287 287
372 499
221 654
1186 203
339 506
620 327
277 267
353 486
358 518
155 282
1175 548
520 351
619 229
838 215
154 145
617 431
985 285
154 194
967 492
189 262
755 199
1017 699
192 368
145 101
234 546
201 521
529 124
226 422
610 461
596 236
315 400
928 330
395 489
352 711
193 323
190 165
82 452
659 514
986 557
1013 691
518 463
995 582
572 293
1007 109
219 402
1099 709
1170 283
569 325
491 189
650 556
625 334
601 156
841 467
1127 202
570 229
705 474
214 486
1018 609
371 378
137 151
1179 540
1151 302
726 635
284 324
660 563
1007 714
1193 296
134 470
889 184
266 625
567 485
1140 573
775 20
928 252
173 309
946 679
916 25
605 239
179 335
919 476
736 638
276 530
363 703
836 358
677 571
311 171
486 58
650 572
754 685
354 176
200 503
201 401
1179 210
693 486
456 103
795 28
338 206
185 230
185 328
384 410
183 489
367 277
1232 300
800 113
681 466
574 555
581 197
588 584
221 512
192 543
562 271
126 161
545 196
1184 576
700 557
190 536
318 716
566 240
288 201
172 209
847 152
138 430
585 303
610 345
1015 585
711 594
720 652
1027 719
864 124
1174 505
1047 184
1199 537
785 354
466 404
602 231
466 110
1099 181
199 23
639 479
854 184
200 39
631 532
216 440
218 490
1172 354
843 60
625 500
725 631
1016 231
504 80
988 558
550 311
189 338
934 134
488 91
140 341
1005 340
833 176
208 473
879 449
294 681
1180 195
591 251
407 136
594 155
889 611
189 239
133 235
647 600
195 332
239 109
301 697
265 280
846 4
1009 328
890 492
904 563
716 586
395 565
561 677
563 386
761 12
408 35
837 402
147 293
131 277
1019 600
1176 510
700 622
604 245
532 257
197 214
371 50
829 361
1032 708
267 203
732 719
524 109
903 505
620 336
1136 200
809 4
832 439
268 590
572 237
569 169
583 220
156 402
492 145
164 323
631 429
276 637
607 53
571 108
624 339
332 282
418 647
605 150
902 253
511 361
264 672
180 215
1162 373
828 101
583 370
1014 360
617 245
562 198
611 334
984 67
539 166
338 685
158 315
1190 430
158 153
879 493
1181 201
874 175
1091 11
1200 523
230 464
269 689
274 676
659 628
1172 535
155 342
557 270
182 309
836 459
700 505
1201 503
1188 216
576 238
472 354
513 272
255 316
1145 489
953 618
1044 693
395 130
229 7
181 299
191 373
605 283
615 431
171 202
944 346
553 206
600 247
154 258
1025 394
560 471
937 521
130 422
205 316
704 370
1003 661
599 415
609 460
417 481
522 75
865 75
110 171
463 122
341 682
229 430
308 672
845 49
865 303
846 488
170 468
285 449
845 0
525 100
561 169
655 407
663 489
946 508
1192 564
281 637
1185 226
639 515
181 225
481 198
1114 376
149 220
151 165
972 715
768 280
261 241
576 219
85 195
922 254
322 716
512 82
252 169
560 312
888 181
711 632
198 413
1186 167
473 177
916 403
134 253
922 287
1180 621
596 276
1196 343
1195 372
1016 117
838 139
1193 332
370 401
600 185
615 259
815 629
258 284
208 324
933 214
306 631
446 136
842 94
822 599
1120 555
532 132
236 137
892 193
601 160
348 607
190 242
1155 367
626 337
885 47
121 291
502 148
1002 79
898 324
224 300
895 172
666 695
183 189
567 295
248 535
896 337
559 115
228 366
1100 332
891 254
472 59
981 619
584 293
258 572
577 128
555 177
872 181
418 15
509 134
640 627
614 473
502 115
172 318
1178 635
337 434
583 279
951 279
820 438
927 471
219 292
282 673
221 289
577 233
242 652
646 652
831 431
115 400
698 669
1013 583
654 460
516 276
129 205
600 143
473 56
811 79
717 639
956 646
1024 689
624 364
596 348
147 306
211 403
307 402
1000 451
792 162
184 226
1069 83
979 561
319 669
334 370
939 459
163 410
379 496
716 684
848 126
1120 649
226 530
1122 654
1217 132
322 373
217 318
597 225
1154 310
242 527
1014 214
617 670
797 156
827 135
945 282
266 121
163 180
259 551
935 468
415 651
566 244
622 430
701 528
579 240
850 123
570 95
1163 526
949 505
1193 256
1146 407
470 92
258 123
347 688
240 466
702 521
576 351
1034 45
398 641
240 148
1013 454
959 483
945 465
1011 306
322 413
377 399
349 408
252 218
372 533
787 346
517 93
703 615
613 500
239 204
316 711
260 512
618 445
645 692
363 506
409 578
937 568
241 124
558 338
100 286
270 208
565 167
517 68
236 87
787 101
601 284
921 636
339 442
305 665
966 36
223 303
1010 155
281 632
648 536
391 489
1168 334
235 180
632 287
699 634
305 289
1014 206
422 618
381 619
1025 194
188 267
183 145
204 461
313 192
1005 28
324 343
263 515
543 208
1035 123
799 23
308 216
258 187
525 232
240 320
433 667
1170 533
1154 225
834 345
957 7
534 52
434 641
889 297
290 686
895 156
331 423
950 132
152 130
322 352
345 504
995 409
927 196
452 46
905 175
556 204
828 13
1199 512
139 287
683 482
359 479
453 654
311 679
299 468
261 242
951 458
831 391
1021 615
399 569
923 200
899 224
105 460
1037 689
1021 433
1188 548
879 319
608 497
133 179
206 250
871 129
203 268
333 383
214 47
863 150
932 466
658 499
279 135
720 657
700 572
506 140
263 244
1021 228
388 594
452 686
1194 591
936 363
745 683
155 410
1134 548
907 686
383 453
903 307
319 391
1001 414
1194 329
216 30
763 29
179 245
101 267
247 109
401 548
204 309
248 230
669 653
655 693
1182 487
368 372
656 402
459 708
1002 70
882 500
1007 670
150 295
540 137
184 520
1017 427
945 18
661 515
987 336
298 349
510 190
203 438
249 180
562 121
995 146
831 87
1000 355
267 257
1179 414
475 691
968 671
932 314
980 78
220 275
498 42
222 390
233 159
245 212
999 104
322 337
255 126
127 328
382 556
255 287
550 106
883 464
402 552
172 250
1018 73
945 314
275 225
929 75
297 192
1035 125
1186 482
414 658
348 488
1167 314
1135 272
221 515
308 329
1141 439
1137 474
162 313
1193 237
149 155
603 394
338 445
1129 111
186 316
982 258
209 286
469 184
144 241
826 19
699 533
654 712
153 215
1000 314
695 628
363 525
949 70
152 166
217 23
419 627
903 205
1044 89
834 394
523 110
250 228
1053 38
192 505
270 227
262 215
260 518
994 284
677 476
876 147
1018 53
155 421
557 234
410 448
291 191
875 154
197 407
924 253
583 422
172 371
955 65
250 269
941 698
361 500
270 268
405 708
326 651
474 364
925 344
1030 682
535 151
584 275
239 443
653 555
228 33
215 623
819 127
936 279
584 615
177 235
598 203
868 205
1198 469
590 434
154 290
1121 327
1002 703
408 591
712 591
634 513
529 81
956 152
930 426
1009 621
990 702
905 219
353 407
743 697
561 143
592 289
574 381
567 105
894 282
877 223
337 717
524 149
381 409
205 42
1206 570
969 516
264 504
575 228
1010 103
378 656
267 520
524 47
274 362
299 182
911 285
882 405
926 545
574 112
1117 291
637 596
561 281
855 118
137 271
922 251
325 342
499 341
932 277
830 448
1186 246
167 259
191 243
478 42
703 588
611 416
512 118
141 286
1200 407
964 507
954 621
762 65
613 168
873 161
631 578
1204 539
246 101
924 340
144 205
355 490
625 377
629 652
473 55
375 540
592 323
225 355
445 481
431 45
867 89
841 594
400 623
1114 667
198 313
906 334
526 135
805 42
648 597
591 311
191 346
1116 241
339 471
993 591
638 437
747 99
283 240
1160 599
713 595
269 97
633 430
997 376
734 704
735 665
173 337
829 67
957 549
1012 195
292 398
632 81
397 629
738 718
253 55
400 716
583 372
874 294
1164 282
396 669
569 482
324 706
832 14
261 173
493 71
656 452
500 67
1146 434
586 393
275 22
303 309
312 1
301 358
263 246
255 151
970 39
608 50
937 308
233 105
235 76
739 75
196 452
1019 265
163 325
438 598
318 412
451 647
375 483
268 222
599 196
407 655
429 458
613 486
373 589
300 379
1200 268
993 646
203 88
446 718
249 499
315 625
225 568
137 157
648 556
197 289
193 348
683 558
987 71
267 238
194 463
947 557
1016 618
979 587
698 326
959 306
772 24
1152 627
398 498
518 341
968 140
214 118
985 359
911 219
318 398
429 604
396 617
299 624
888 530
883 320
353 422
701 611
331 402
172 294
583 583
302 432
