888 284
7 216
719 461
903 126
768 215
870 636
1233 87
1276 670
1241 19
45 122
608 8
22 193
688 475
473 648
399 91
574 568
1133 230
840 501
1015 416
3 21
1274 227
1230 673
806 287
1232 67
1276 79
19 242
32 80
1229 27
1213 582
1213 489
17 156
728 19
1177 0
1246 697
393 173
114 359
1233 17
950 366
457 122
566 4
1265 397
1231 231
138 300
8 594
367 484
907 135
1237 347
634 630
54 80
838 133
249 155
355 300
509 245
1013 327
864 502
1199 41
765 661
543 454
404 451
919 148
611 133
373 3
902 236
308 625
242 459
1235 617
8 552
387 342
1278 715
1278 33
18 189
407 620
957 345
646 23
390 217
319 527
1095 268
1279 611
854 78
624 273
721 54
528 581
36 130
46 151
868 563
963 69
891 96
