591 99
299 650
570 665
646 57
618 418
249 627
601 649
284 102
283 104
765 299
264 269
638 58
616 630
940 347
243 42
266 25
557 544
521 709
513 539
588 691
266 46
280 228
288 234
258 175
539 584
683 485
960 620
635 446
667 96
548 53
615 645
642 488
1076 271
497 682
241 109
538 716
355 20
340 7
270 31
303 117
923 248
638 472
313 166
227 67
647 533
530 432
237 17
596 661
561 425
586 708
282 172
311 172
296 73
280 50
389 12
369 6
603 364
656 658
252 69
283 131
318 691
930 538
317 38
338 55
301 158
273 7
649 443
587 528
608 287
194 0
507 273
1062 536
607 542
290 109
307 44
638 595
504 542
308 132
251 4
651 160
581 369
323 137
498 654
450 399
330 162
634 379
554 548
492 670
621 374
623 577
259 152
638 632
298 55
450 528
648 576
260 40
652 625
280 62
1118 56
266 141
652 666
302 145
540 190
566 191
317 28
602 391
277 18
284 17
326 127
654 601
626 250
132 260
233 10
439 351
604 377
582 556
630 303
156 235
268 98
1134 590
672 157
483 683
579 663
498 528
179 350
79 601
631 441
291 648
574 478
229 122
535 473
580 492
258 227
574 138
118 553
366 8
531 322
648 459
336 72
180 11
296 55
454 622
296 164
553 651
301 518
334 36
1094 538
607 515
532 575
553 308
574 476
272 70
698 138
1215 340
624 195
558 663
625 613
620 395
296 385
274 123
278 35
544 404
942 424
1004 676
582 481
627 538
595 514
575 672
675 619
1146 537
556 599
444 378
526 376
1133 624
532 606
576 674
1113 585
540 291
263 122
247 164
563 618
982 482
536 55
264 45
279 42
326 60
538 349
656 254
660 1
1002 477
599 21
499 536
524 658
237 33
543 559
345 72
540 254
590 139
648 418
513 554
572 303
618 596
608 457
1025 608
572 390
564 546
269 70
280 106
589 680
1166 426
266 135
166 352
511 392
568 421
415 631
283 154
519 236
647 296
598 575
595 548
561 708
592 123
350 114
653 717
532 503
602 659
651 433
165 324
246 3
280 25
629 239
653 419
529 282
564 284
544 352
652 488
473 655
670 628
539 301
612 709
278 203
541 540
1009 546
274 111
123 278
565 539
513 658
591 201
455 385
599 599
620 415
1001 595
253 25
291 83
290 148
632 668
441 678
659 415
1088 226
240 116
633 233
492 284
584 443
623 71
606 536
656 467
558 528
268 247
480 397
321 70
513 208
608 629
611 367
978 437
567 617
334 87
435 712
507 416
287 38
150 329
567 566
445 237
517 303
670 552
566 598
560 88
491 363
305 105
273 76
963 472
254 67
490 641
134 308
641 275
286 75
1169 473
606 131
834 402
637 617
544 547
528 419
614 439
531 564
571 616
224 17
516 368
280 102
998 47
524 591
750 358
395 679
467 629
313 621
618 623
1150 628
595 547
660 438
583 601
613 100
561 368
513 688
620 402
615 714
469 653
665 441
452 546
507 643
515 472
636 174
272 626
533 709
244 259
588 578
521 704
559 320
138 531
671 462
254 119
621 452
591 338
162 397
581 676
558 6
552 226
628 487
664 204
260 84
679 33
602 139
507 537
553 379
605 123
610 498
477 604
615 656
536 335
610 627
616 357
672 224
582 552
935 439
562 607
646 540
645 582
631 111
577 53
160 325
1082 494
514 528
618 420
620 715
573 541
210 597
324 680
509 277
553 713
571 335
601 220
1042 253
630 106
457 656
595 623
1005 406
246 92
608 544
647 123
636 597
606 290
289 65
371 34
624 590
660 70
538 247
565 381
680 637
563 531
289 93
556 529
519 503
474 295
589 553
583 259
347 94
609 33
239 144
900 386
598 538
632 650
508 437
511 399
555 422
508 399
580 8
522 361
198 21
452 378
550 644
631 541
649 499
603 629
606 590
614 531
679 155
594 155
421 424
164 663
507 293
532 685
612 280
572 426
1184 467
479 428
613 154
286 115
617 73
535 523
549 326
632 686
464 539
670 464
498 363
638 607
591 391
495 391
557 416
442 412
649 548
665 596
293 7
316 665
322 644
594 500
534 549
305 640
505 399
593 388
577 665
295 38
570 695
255 20
612 694
301 43
629 565
607 506
329 36
932 543
576 417
628 436
557 557
598 339
613 354
573 346
518 544
608 364
623 703
471 497
539 248
291 3
370 27
609 146
641 516
678 142
675 105
543 270
590 314
611 606
494 559
962 559
280 20
563 70
516 525
594 432
527 536
535 708
454 663
585 398
624 596
510 194
583 442
1072 130
612 267
597 178
805 714
357 75
597 541
428 541
541 655
645 459
845 317
295 16
605 287
520 455
639 417
456 582
649 64
545 333
637 325
245 155
280 695
283 99
603 599
578 308
473 368
611 270
533 521
569 631
614 402
339 86
428 682
272 1
570 682
324 101
270 161
516 638
298 14
659 161
492 166
282 198
434 434
639 554
531 381
553 700
589 605
547 560
322 116
564 486
597 679
550 484
515 641
330 41
599 678
480 647
491 589
529 595
603 517
592 189
691 31
328 130
689 539
565 681
646 369
513 360
487 676
624 642
286 63
586 349
507 392
325 159
669 179
580 620
568 282
1199 207
628 351
669 453
586 670
259 90
592 323
664 110
552 497
542 502
519 618
488 530
635 316
214 547
553 372
598 201
561 546
653 58
462 247
447 558
512 377
640 8
256 181
622 432
599 641
543 641
597 635
521 524
592 545
672 193
514 399
551 629
437 717
669 210
644 536
790 30
687 684
610 306
898 514
518 705
510 653
567 172
563 623
674 481
653 123
315 19
257 11
610 535
624 340
630 140
558 642
583 577
601 236
461 508
628 553
1134 522
615 389
624 129
637 384
585 415
544 463
595 667
460 622
531 422
294 68
856 137
541 212
308 521
451 664
333 86
616 84
505 528
359 10
914 15
277 30
551 355
563 383
541 617
600 350
582 716
629 589
539 145
615 40
282 144
442 538
731 176
323 138
471 370
584 527
277 114
959 295
527 555
549 676
643 234
598 43
558 423
623 525
548 433
299 70
525 437
462 365
458 348
271 54
483 546
664 176
568 361
625 478
571 20
1100 628
501 253
671 461
605 655
623 325
252 52
669 507
610 301
572 474
276 133
717 157
662 135
642 660
471 594
624 570
555 572
605 10
1081 665
499 363
553 96
536 583
647 84
571 408
553 603
596 380
672 555
614 39
567 237
460 355
500 712
140 333
601 36
1042 610
575 270
540 120
299 21
560 217
573 494
549 325
506 42
654 312
536 401
1029 386
253 4
541 511
431 400
579 702
593 341
651 681
675 547
563 444
616 145
597 280
597 215
323 53
534 487
1024 651
618 527
537 527
487 287
544 320
513 446
573 234
553 627
614 359
623 108
601 548
546 548
580 91
638 198
504 250
566 172
620 623
91 352
665 476
515 711
316 57
568 348
518 423
629 571
615 159
628 678
150 129
1110 82
656 535
411 490
939 460
494 471
577 707
1087 208
256 87
675 457
575 473
545 241
323 65
568 330
608 515
667 355
508 585
627 209
662 443
602 351
584 485
514 620
288 51
639 388
387 22
613 515
642 597
638 568
74 341
527 666
153 357
597 645
671 283
202 621
631 96
680 459
583 204
526 683
600 651
624 678
433 493
595 609
545 601
664 273
479 409
657 494
654 439
552 541
330 101
652 53
666 413
606 135
152 305
580 702
679 624
556 531
554 182
655 247
1116 245
633 108
893 622
568 233
462 705
457 124
656 151
508 447
294 645
628 586
643 407
644 544
245 73
527 375
1081 648
676 116
268 118
571 664
531 648
475 694
637 668
993 392
575 380
646 613
515 500
620 483
641 330
328 115
856 234
792 526
533 360
633 549
662 293
531 317
586 592
170 317
459 73
272 122
612 410
644 526
588 159
315 672
278 27
283 17
1024 554
1130 669
569 570
625 216
576 183
659 59
296 104
670 141
303 663
619 267
316 471
267 132
653 491
313 129
615 195
632 511
595 672
220 573
535 339
564 255
249 49
662 487
518 484
80 393
830 363
248 83
610 613
616 669
597 448
256 1
307 93
554 226
1139 55
730 98
525 347
621 647
440 555
555 679
430 404
588 525
577 334
555 655
463 622
630 215
579 464
645 587
487 270
266 196
573 513
275 102
623 509
507 332
623 258
575 407
609 542
481 636
1150 408
577 425
650 541
237 18
655 423
833 575
425 595
516 402
591 461
270 168
694 329
592 194
595 478
1068 550
688 183
588 565
642 134
564 172
598 696
502 629
578 21
514 236
529 643
449 714
624 500
585 410
325 233
526 516
609 719
512 503
646 32
489 406
694 107
662 156
616 525
598 263
298 64
665 299
399 476
488 604
504 508
569 321
585 667
559 675
677 348
1047 538
608 386
590 526
642 351
456 520
597 636
621 421
596 580
513 25
639 548
565 530
624 287
228 22
550 287
282 268
521 610
525 716
610 516
154 266
590 395
580 635
609 118
622 336
479 533
971 668
575 546
601 712
580 392
699 12
614 676
635 192
659 395
608 621
526 634
265 83
666 554
477 403
666 312
923 356
555 717
522 407
611 642
549 555
687 256
304 0
514 534
358 29
560 33
533 483
541 605
633 357
221 45
484 617
505 698
509 281
611 608
584 626
302 103
623 585
597 529
604 609
686 289
466 710
657 556
437 353
519 710
600 687
619 425
884 230
373 400
475 525
555 394
284 101
527 558
521 522
664 573
515 429
619 573
874 239
664 326
617 389
499 671
694 70
506 348
493 333
551 541
536 508
458 636
642 669
630 685
554 524
642 305
563 546
625 651
444 488
497 430
575 373
433 268
665 417
628 373
583 461
652 441
673 507
477 566
598 24
645 474
597 309
454 650
636 455
590 658
624 487
582 264
553 544
563 419
649 687
472 356
509 400
679 493
607 248
607 202
727 134
578 571
496 600
466 360
626 249
247 92
579 670
594 635
578 273
484 714
457 610
237 70
325 67
500 718
569 698
514 523
615 446
302 134
658 134
552 485
505 681
622 636
648 700
316 53
500 472
147 283
536 676
550 507
583 341
697 639
571 562
494 644
468 593
629 555
548 257
539 504
635 409
599 129
639 688
584 195
625 593
472 634
649 105
585 255
519 628
654 358
591 432
441 510
609 704
627 532
617 7
265 160
542 399
566 434
472 366
619 351
492 706
608 382
602 141
555 381
542 640
630 573
671 616
578 280
563 340
574 206
613 99
675 180
612 664
577 672
533 421
560 584
500 505
767 240
642 548
625 156
638 74
629 564
477 496
564 541
505 421
588 619
565 663
560 529
469 656
644 618
476 561
578 566
538 457
297 81
586 513
458 298
515 672
533 583
648 472
946 657
275 127
645 148
579 478
599 524
682 225
569 555
587 391
586 719
453 637
468 96
516 551
678 529
573 556
314 27
518 574
557 619
554 395
594 673
751 715
639 424
691 104
157 385
597 89
523 428
480 501
446 412
141 576
611 305
655 553
566 606
469 667
620 613
622 452
574 639
681 160
471 508
652 534
458 534
625 534
640 52
526 505
567 40
489 639
152 333
610 673
504 637
227 37
583 506
585 428
568 389
657 255
584 411
540 348
677 701
648 340
554 644
551 625
563 476
664 678
560 319
595 416
507 383
579 414
500 411
654 139
656 385
569 524
535 304
609 368
642 622
555 495
587 521
603 395
583 602
496 497
657 256
364 88
540 425
1051 483
489 616
255 78
588 338
604 562
532 613
553 156
648 689
521 494
589 540
589 396
607 510
572 594
475 672
572 271
643 255
446 431
593 63
398 545
633 10
1020 686
547 402
620 549
639 379
506 700
541 567
654 527
568 437
566 225
539 558
562 220
600 253
798 663
610 594
600 49
641 400
594 709
665 533
622 472
630 538
605 533
558 680
570 194
650 657
581 650
622 558
479 281
307 158
588 563
663 647
597 719
672 441
430 679
492 498
600 91
551 548
600 245
572 218
597 641
626 479
677 98
463 689
537 428
610 677
573 588
659 570
545 252
554 388
607 476
146 266
490 323
644 697
625 674
501 662
585 650
517 630
548 580
521 598
544 605
547 152
612 131
923 209
538 192
643 89
606 66
590 37
515 301
571 262
676 468
429 485
641 497
604 503
630 628
496 627
530 605
603 522
630 523
468 533
574 560
663 562
488 551
565 693
570 689
559 646
609 671
543 718
635 717
431 351
557 369
643 281
526 489
592 496
527 388
556 388
574 402
540 434
682 245
295 125
515 521
528 539
572 551
530 584
618 620
569 692
584 698
438 678
508 706
475 709
261 2
587 166
615 257
580 269
401 313
457 475
607 428
602 560
481 528
647 543
601 616
572 628
607 681
592 686
607 694
569 503
590 664
460 677
585 622
482 430
303 463
467 351
548 512
613 275
612 403
530 246
580 337
570 215
322 11
554 345
306 10
585 696
580 582
288 58
551 522
440 660
558 195
274 86
523 645
596 281
576 287
560 163
541 441
579 336
613 417
552 592
596 45
562 378
288 161
537 347
504 606
550 641
469 278
582 591
205 299
623 575
500 361
524 480
665 686
667 126
510 634
558 280
647 385
648 698
593 437
606 596
648 117
626 557
504 662
494 583
614 114
666 524
531 340
626 449
657 628
560 679
634 675
585 621
513 380
496 475
659 298
453 391
600 599
536 538
637 579
584 419
557 346
487 355
615 436
480 507
675 587
626 599
474 254
525 526
116 383
576 51
602 367
218 101
538 424
560 684
626 398
496 677
543 596
659 713
604 524
678 30
606 566
558 678
579 506
633 596
598 388
562 476
555 383
557 330
263 79
637 382
589 502
264 51
529 405
319 75
587 548
540 336
300 158
588 672
505 612
681 213
624 564
589 501
543 540
585 1
495 521
575 397
638 253
474 414
588 688
607 536
626 92
521 372
609 614
614 524
573 460
623 551
699 234
530 595
613 490
653 252
544 688
592 330
600 289
455 564
539 264
281 24
641 46
446 293
502 348
615 348
650 281
397 554
600 531
619 688
568 697
586 473
515 583
601 540
140 257
503 257
628 340
585 395
85 387
670 415
656 191
591 252
641 568
539 531
606 528
585 515
584 618
637 581
638 587
140 363
613 341
540 257
559 312
620 312
645 204
528 218
567 537
442 714
620 507
662 54
622 701
504 208
562 339
527 136
274 21
536 186
606 344
595 294
582 40
608 618
588 553
476 593
640 544
606 479
615 114
444 562
598 282
525 256
657 590
635 573
650 552
620 669
497 716
653 188
564 204
588 633
586 396
519 591
551 486
885 362
477 674
559 238
673 177
610 657
546 581
608 581
597 544
656 228
608 324
559 262
483 393
644 226
614 100
668 400
607 310
300 24
658 574
483 595
607 386
147 579
697 579
570 166
511 526
636 626
439 371
375 507
514 319
604 24
539 410
666 219
560 267
431 292
640 607
616 278
540 638
445 549
621 651
466 263
608 552
636 632
330 13
631 328
507 657
61 449
490 383
661 18
549 498
594 423
590 350
603 579
599 472
269 592
576 653
577 635
494 256
592 389
531 550
671 521
612 616
554 578
462 370
550 569
584 396
631 498
643 289
632 148
590 82
568 703
621 427
581 380
613 286
638 244
560 395
610 532
519 671
533 412
515 416
625 218
504 628
574 594
494 547
589 630
547 397
508 597
662 19
521 321
644 252
594 664
494 496
514 502
640 473
532 527
499 40
524 136
503 298
583 71
595 584
554 321
220 373
600 61
511 544
640 501
623 554
671 347
591 643
445 498
649 436
581 347
309 167
627 530
561 510
557 539
699 177
564 487
620 534
577 399
639 565
617 328
498 707
544 687
662 499
597 445
637 573
604 334
580 61
593 7
670 688
675 494
475 623
661 710
574 463
621 517
646 578
572 17
533 588
605 102
653 163
538 295
428 366
629 591
450 569
507 653
536 675
529 230
434 247
612 27
559 423
611 386
602 458
624 488
628 272
611 593
516 610
536 527
605 691
566 671
600 665
615 236
959 212
293 175
599 12
776 56
862 36
555 69
553 397
427 421
487 422
516 416
581 439
668 470
610 469
504 507
439 311
514 271
585 277
607 358
486 361
577 373
493 376
516 340
666 534
584 540
616 543
557 526
574 527
595 572
546 551
656 587
577 589
486 576
645 578
603 617
681 665
497 649
633 680
533 672
495 678
474 716
543 715
595 708
613 184
581 158
609 158
593 131
581 232
669 236
631 209
581 75
493 76
614 76
595 101
591 37
678 33
479 389
597 405
616 401
475 433
608 444
647 422
592 417
508 426
637 429
613 465
642 465
575 494
567 509
568 500
624 497
556 348
157 336
183 332
689 377
644 381
571 368
472 375
589 372
102 367
548 263
627 261
455 279
508 287
453 285
626 307
635 312
614 288
580 290
527 296
636 631
643 636
553 616
597 616
588 617
639 608
499 576
573 583
596 584
519 600
594 601
578 540
588 541
490 542
430 543
649 537
589 524
560 525
561 525
623 523
651 515
534 550
591 545
554 546
629 553
647 554
434 571
606 569
642 563
583 684
594 672
607 693
600 695
501 665
574 671
666 657
572 647
665 652
485 714
482 224
588 226
170 233
655 250
486 252
572 199
621 196
560 149
859 165
559 173
685 115
613 98
611 95
652 37
908 60
280 7
678 286
491 270
634 266
626 309
540 334
557 328
475 327
531 354
633 356
557 362
560 361
557 377
644 436
621 435
605 425
464 416
452 417
649 421
529 396
581 396
620 399
418 387
434 385
183 402
595 403
594 405
454 410
667 409
150 412
636 451
700 451
443 450
372 462
538 477
591 477
677 487
480 505
511 634
577 631
453 620
490 602
561 607
609 598
532 581
558 541
533 551
611 547
586 650
595 668
612 674
548 702
510 223
560 223
664 47
643 269
556 279
548 350
512 374
532 390
668 446
497 426
425 422
433 539
481 514
560 81
657 111
1005 216
645 475
661 407
643 534
538 437
541 688
590 663
558 513
576 118
599 456
502 445
578 468
517 410
470 418
633 679
515 629
651 388
506 204
652 659
607 225
535 555
447 579
585 445
561 401
556 242
487 718
609 151
621 706
614 586
622 368
461 308
501 437
479 562
597 563
550 664
589 664
534 631
496 582
565 221
655 577
580 535
670 79
582 374
566 619
609 108
629 337
564 719
458 405
659 148
490 404
569 391
876 79
595 683
645 218
648 520
588 648
563 478
604 361
611 595
539 523
635 595
396 502
398 440
585 686
503 615
555 565
535 386
607 256
667 494
581 445
537 584
592 350
642 401
553 583
575 583
522 525
582 491
490 313
606 571
563 227
548 203
515 348
504 572
272 95
649 425
525 295
567 188
553 417
289 228
480 366
176 26
615 198
624 205
631 387
619 610
518 583
520 532
530 368
401 300
457 493
618 382
625 395
553 656
491 603
953 436
341 80
623 568
626 527
631 283
647 500
628 511
583 664
835 146
541 623
648 487
565 682
516 686
594 293
481 299
297 27
261 102
522 394
291 139
552 512
577 643
628 285
530 220
540 105
279 24
648 198
590 446
657 627
643 481
544 539
643 529
542 375
596 3
496 396
464 649
563 600
134 306
561 558
481 293
524 653
573 697
557 399
351 158
645 232
503 400
523 398
531 178
819 560
638 113
592 306
597 474
455 556
253 122
466 388
621 487
651 259
675 218
257 268
459 507
587 501
653 45
606 302
543 443
537 673
644 616
582 605
604 273
603 77
570 293
646 353
636 509
183 401
670 175
299 607
653 446
574 513
283 124
628 388
596 369
631 597
612 625
306 683
610 145
647 557
334 80
451 533
631 42
590 530
560 61
580 569
491 378
522 200
500 543
179 300
270 122
502 249
628 672
628 658
601 292
641 153
536 200
266 94
595 358
617 87
438 525
530 655
537 170
633 547
606 559
321 87
600 451
463 402
690 196
532 397
283 108
1142 490
325 66
787 344
614 202
555 554
590 670
574 675
314 107
487 499
634 163
401 83
593 557
578 527
300 17
577 309
530 670
601 718
589 488
346 1
651 448
574 494
471 617
476 601
457 646
561 493
593 684
262 79
568 696
661 432
329 82
587 326
573 598
423 346
486 583
596 481
516 373
593 127
617 349
506 400
535 597
504 417
621 626
574 106
514 249
582 695
491 696
359 162
621 336
237 61
1153 423
553 607
519 687
665 425
595 519
496 532
658 131
617 561
565 131
543 253
548 475
551 500
371 63
629 419
675 172
687 533
620 713
593 48
646 397
636 390
283 2
1032 595
250 87
289 16
297 66
316 171
1058 590
278 160
705 701
638 542
297 683
208 637
322 132
441 186
324 45
519 624
581 420
287 28
193 665
270 102
290 182
743 700
344 31
327 155
1145 559
669 495
307 6
785 256
328 39
287 1
294 139
566 395
452 490
515 703
317 123
305 89
558 523
567 315
285 35
547 555
454 706
552 37
339 109
607 230
667 68
534 507
534 271
615 413
622 223
364 92
596 528
598 17
547 642
611 679
553 353
542 239
879 303
359 69
304 25
528 689
463 520
503 593
652 350
1025 694
413 526
534 544
1153 570
532 435
528 665
294 181
578 412
674 63
626 104
328 83
550 638
637 533
649 716
567 611
648 189
555 218
450 694
442 676
527 581
542 106
674 174
638 717
578 90
657 419
510 225
641 177
356 118
644 639
543 665
658 242
481 426
475 351
468 299
536 84
262 104
587 700
556 537
597 305
319 52
559 611
622 207
455 575
428 232
494 575
566 714
527 234
495 573
286 141
323 685
578 638
258 95
621 167
721 86
603 453
522 353
290 158
579 708
634 676
1024 701
568 366
662 647
293 179
580 368
610 95
487 544
335 42
295 627
661 362
630 564
217 36
567 530
480 230
172 400
615 384
532 522
305 48
657 475
241 23
555 592
646 649
309 166
643 34
437 634
278 15
1056 521
324 31
461 718
1149 676
479 282
319 190
153 379
986 455
593 342
353 25
181 301
259 12
662 459
275 175
262 83
279 183
414 395
1044 372
263 27
254 205
654 681
1055 537
601 387
646 401
1138 442
1078 622
69 353
1048 246
324 66
219 52
260 61
610 719
501 278
643 577
493 489
264 53
910 1
303 227
590 706
362 84
562 561
535 691
469 544
320 321
1120 289
338 61
661 638
683 52
494 709
652 12
270 163
467 373
573 657
242 20
641 38
308 96
328 4
688 262
597 531
640 507
624 87
600 279
446 234
246 25
451 599
292 195
245 558
313 59
643 700
593 419
280 13
632 118
301 123
620 537
246 83
257 253
286 160
286 95
531 268
502 517
514 416
609 553
618 176
484 357
586 649
327 0
242 15
353 28
626 373
610 700
635 277
665 558
283 498
367 1
468 692
558 79
587 645
598 716
593 698
649 647
268 40
661 41
673 585
656 77
567 190
566 35
586 202
477 379
678 281
576 186
611 620
471 402
525 622
588 695
312 100
557 361
601 151
469 577
574 236
653 490
574 445
626 296
642 97
506 704
617 508
540 408
637 695
460 268
620 540
618 657
575 466
546 628
637 550
531 243
508 580
549 12
341 0
618 446
595 516
501 251
615 489
590 151
619 398
562 212
615 462
631 539
657 42
643 506
600 484
540 648
284 52
567 351
589 601
552 384
316 29
366 117
232 6
479 532
551 248
250 36
571 539
346 80
581 475
551 357
516 347
485 665
971 11
554 529
253 633
662 86
524 680
529 507
435 389
584 133
576 195
666 268
567 477
497 225
386 539
531 272
830 703
609 376
663 387
554 542
408 551
563 602
631 388
604 413
519 704
381 5
643 84
572 132
587 596
157 571
667 476
583 339
140 319
531 403
361 23
522 628
515 630
582 416
870 280
575 223
480 491
583 283
536 668
659 571
608 29
481 677
583 618
651 195
534 411
512 366
505 307
584 577
638 374
674 521
562 215
492 580
543 651
532 414
539 715
516 385
571 337
540 528
647 706
649 119
644 640
554 348
628 548
508 680
484 600
541 539
655 171
619 646
487 187
551 427
700 64
601 325
589 587
650 136
478 330
614 512
597 535
608 551
576 543
571 369
611 485
508 516
247 1
640 696
636 153
642 506
593 137
552 526
599 626
533 313
651 662
521 126
892 435
639 37
282 154
562 532
558 363
653 602
554 215
566 600
616 644
185 29
648 265
559 218
666 216
590 38
582 190
525 382
500 519
505 657
245 40
525 270
536 529
478 484
606 666
511 105
664 641
560 315
486 546
625 101
483 690
614 387
670 306
581 538
594 674
274 143
638 95
647 605
620 516
539 234
548 362
566 259
579 435
596 587
636 622
651 92
304 677
964 656
355 79
234 581
549 662
529 690
668 545
622 428
576 284
571 575
540 267
538 256
327 683
351 691
590 458
552 652
577 624
648 370
454 368
571 602
668 67
626 536
650 140
578 388
657 492
286 79
491 705
267 13
567 714
563 594
552 585
436 575
562 622
698 245
503 690
883 516
605 368
622 395
1191 514
300 99
639 280
611 712
581 691
518 383
634 699
508 501
650 175
540 545
636 667
467 297
576 612
534 467
437 299
582 185
605 514
603 490
532 611
559 534
514 600
636 642
277 142
327 98
574 526
623 582
616 696
347 711
684 525
254 24
521 365
304 41
518 518
569 279
288 276
1100 475
567 634
564 229
1130 626
327 83
572 311
619 95
1114 454
345 70
410 297
283 26
868 315
265 115
294 7
921 418
270 52
1105 500
259 649
518 684
283 21
268 23
568 647
495 529
236 9
1023 716
289 103
457 710
271 3
298 150
336 17
286 127
1158 556
159 564
897 425
346 110
579 383
326 528
554 715
302 31
273 167
308 176
988 668
561 641
309 52
323 663
999 208
601 10
193 111
603 397
1125 715
585 333
280 80
264 156
266 42
1175 434
149 614
627 244
807 369
341 17
652 111
226 14
190 42
289 189
305 70
190 622
276 211
274 120
334 127
304 48
280 144
775 230
312 57
283 500
597 345
1017 551
982 455
213 596
259 110
193 98
1133 214
330 78
291 18
341 98
642 110
570 605
296 686
667 117
963 534
365 85
292 113
1036 463
337 472
335 91
199 294
298 452
303 8
340 8
253 96
273 125
270 672
796 710
303 64
254 279
218 20
347 63
284 113
299 77
220 107
255 23
306 85
277 89
802 608
278 117
615 371
611 629
1139 103
652 512
796 421
292 623
523 706
315 17
565 409
1107 642
581 295
280 168
294 92
274 5
250 1
549 414
372 105
586 444
300 608
299 35
1157 289
1118 229
339 79
308 170
239 75
246 78
1128 333
465 650
289 152
548 543
598 216
322 139
276 56
325 689
655 42
286 130
564 44
305 21
583 497
263 101
687 410
776 609
286 169
525 353
244 3
604 484
944 309
327 63
1149 718
295 0
435 556
649 502
593 222
259 133
297 173
1122 643
518 547
248 42
300 42
500 385
348 91
667 634
848 673
622 236
313 647
623 12
858 105
283 34
308 27
741 555
254 116
645 624
587 518
627 499
536 152
618 32
656 703
260 41
536 369
635 672
758 295
616 314
619 218
199 21
623 277
149 277
254 142
606 23
660 119
627 668
263 152
1020 132
235 583
587 320
594 29
317 481
323 62
551 698
574 342
652 386
249 93
282 195
693 207
603 263
883 565
544 703
557 690
440 458
565 558
655 580
679 433
608 528
246 17
1139 339
320 78
827 365
641 560
637 531
266 176
647 606
638 546
659 232
471 360
561 57
540 590
616 9
577 244
568 517
1052 366
545 594
583 130
599 327
636 55
254 12
314 136
1077 627
621 317
576 513
571 487
529 625
566 209
627 535
632 319
651 355
537 30
339 48
544 661
283 150
651 548
622 613
676 181
493 519
632 532
648 342
672 541
259 156
433 264
577 616
573 700
296 25
582 518
1115 719
535 507
533 619
322 45
683 704
681 260
183 653
650 155
479 327
551 358
636 412
302 92
620 106
621 357
465 528
567 499
551 31
558 687
524 673
627 495
335 30
1154 615
605 526
573 704
275 656
673 260
526 622
280 121
562 310
303 48
601 108
513 700
713 83
175 36
438 559
632 475
329 156
823 283
560 189
651 316
261 39
623 374
1085 674
187 46
636 711
710 26
609 587
573 650
288 639
647 676
1151 563
444 307
592 130
653 357
482 406
423 299
339 12
600 541
523 381
515 565
485 556
478 445
475 682
622 571
466 718
278 96
652 622
573 534
592 133
585 512
576 555
702 466
606 354
530 609
577 595
338 261
773 524
548 425
585 527
312 29
242 62
237 643
568 558
510 556
594 555
515 209
553 402
856 392
320 2
579 536
508 382
547 629
524 455
291 9
583 633
580 646
578 57
664 611
283 92
589 408
520 517
632 655
645 526
651 132
332 18
620 255
690 200
317 676
478 312
628 679
312 123
616 551
443 566
568 43
260 82
630 277
260 529
848 582
715 9
611 658
663 295
1185 197
556 396
487 217
290 139
913 662
532 315
668 560
388 4
571 677
165 627
1112 170
265 200
303 72
297 69
340 13
279 115
266 55
260 71
277 496
512 534
257 614
269 12
605 296
259 178
367 126
251 133
660 322
326 94
288 119
357 93
514 389
589 431
623 668
284 142
362 39
254 592
630 635
247 22
582 388
344 29
507 329
321 131
615 496
648 103
301 0
624 374
485 692
630 528
211 7
569 84
1018 499
1124 647
388 639
337 119
459 405
1100 594
590 428
601 626
279 137
598 691
254 28
588 439
558 243
273 129
296 139
638 30
142 278
649 10
591 246
447 609
319 125
610 159
543 584
471 539
639 642
316 18
630 394
641 332
506 323
621 291
660 689
619 346
610 586
633 66
659 672
487 588
345 28
664 538
466 190
828 518
431 707
529 647
538 370
596 141
602 718
538 388
642 406
594 292
576 96
459 650
590 660
582 614
507 327
541 275
564 371
606 471
516 467
607 671
363 19
609 412
622 551
616 719
542 212
576 156
611 612
603 583
185 56
627 566
540 659
646 371
683 83
655 646
297 215
556 214
607 20
841 534
456 363
665 716
481 566
496 572
507 384
594 468
630 247
358 64
677 135
567 479
1065 413
249 10
538 593
607 207
545 629
644 330
1116 674
968 484
640 409
617 35
606 681
681 512
645 333
517 520
556 385
616 418
633 669
609 537
576 298
310 68
672 663
1051 607
598 699
514 372
640 714
543 362
653 620
559 525
607 160
274 83
875 330
492 569
554 369
618 581
596 290
288 663
558 110
627 409
579 665
533 300
1067 664
807 135
1166 396
474 313
195 80
344 6
588 103
657 276
263 237
616 492
277 567
593 685
659 385
528 531
287 11
562 707
300 28
174 20
271 71
597 123
586 446
653 541
605 545
256 98
1089 666
623 157
1029 335
292 69
277 85
886 252
581 554
1001 462
625 442
325 100
169 309
854 348
842 494
286 61
636 543
236 22
482 371
1099 498
274 73
320 696
435 401
617 497
616 521
515 681
632 702
614 353
462 197
556 533
321 112
801 180
611 284
611 437
670 138
561 665
572 572
600 318
598 280
742 719
615 539
670 43
639 33
588 356
807 565
581 501
517 346
598 202
343 131
209 467
504 693
547 672
572 612
588 416
531 695
616 523
528 519
665 516
564 527
592 615
631 621
507 531
641 621
580 640
490 545
579 362
561 559
638 600
271 147
469 537
494 326
530 387
328 129
501 609
594 512
591 357
294 65
615 417
593 518
620 504
650 566
417 338
572 257
497 392
610 640
587 210
566 607
673 82
611 505
1172 526
572 579
637 554
599 682
350 107
641 475
308 102
632 206
597 373
525 492
655 187
621 429
626 177
142 305
648 505
631 717
450 548
516 543
596 480
801 225
581 582
545 711
1161 378
952 413
667 543
658 536
576 44
627 81
525 655
586 511
520 209
649 50
596 76
973 672
163 322
575 428
643 210
389 5
601 193
564 712
649 222
580 22
615 532
513 550
478 709
477 502
657 655
649 381
290 160
600 474
270 463
510 325
591 401
567 484
637 697
633 39
279 46
601 398
656 26
571 267
636 218
645 667
246 85
315 108
654 549
616 340
658 431
622 531
667 95
489 545
778 490
514 362
499 600
281 174
272 184
998 501
539 559
615 577
642 331
583 379
572 715
277 26
493 394
617 169
671 582
365 67
602 540
620 363
505 589
555 344
321 64
322 33
195 332
585 244
1129 523
698 316
645 527
460 339
551 644
582 530
581 329
562 494
657 207
581 584
609 717
598 697
515 362
242 69
660 295
937 208
781 377
652 326
530 538
631 400
476 400
258 7
287 58
555 517
615 182
572 138
690 27
440 642
245 60
565 361
577 528
617 307
249 71
618 613
657 557
293 10
476 568
179 49
165 588
564 594
538 544
546 511
504 710
269 139
600 689
598 425
593 495
595 242
560 719
218 4
599 552
305 85
308 153
635 109
867 400
178 273
1066 475
610 347
291 465
556 391
617 604
1052 625
531 676
290 105
1205 487
298 99
271 35
212 42
354 4
614 552
281 7
291 51
280 151
286 40
305 61
573 284
574 697
648 586
464 627
656 91
631 256
1061 558
368 16
599 433
522 417
553 53
605 392
336 33
301 132
609 625
1140 577
612 370
629 202
570 225
358 17
663 419
262 587
582 304
627 624
249 90
629 183
471 483
660 513
245 655
291 192
460 424
253 220
336 103
273 127
566 131
311 126
881 694
354 33
557 321
302 127
206 679
550 370
1059 547
597 615
669 320
551 531
618 459
213 2
300 6
300 84
509 621
571 660
325 94
641 254
573 39
247 104
271 177
319 38
579 684
282 47
636 274
574 668
240 91
616 89
579 569
261 446
475 604
303 168
278 175
538 578
377 2
327 103
296 102
254 104
533 620
521 383
543 527
316 43
596 624
286 109
506 570
550 349
669 222
641 125
491 509
600 302
559 14
538 454
592 522
476 538
446 626
576 1
626 705
698 173
322 108
512 600
534 377
594 253
555 700
624 76
522 715
586 75
262 286
506 391
546 420
604 418
471 701
636 606
623 589
607 367
563 490
630 657
571 27
654 587
524 320
658 34
527 694
557 420
602 583
627 228
639 566
592 489
630 338
624 575
268 25
552 114
659 417
509 527
639 19
564 459
640 195
527 352
553 356
571 466
270 3
279 100
198 72
308 17
564 581
575 490
132 247
578 420
512 59
582 159
598 186
597 649
440 539
595 364
631 677
661 556
331 55
605 675
549 700
572 680
582 564
1106 460
548 628
694 445
595 295
632 386
316 122
514 363
300 144
661 545
357 104
565 302
548 612
627 90
472 623
557 344
586 391
604 681
260 97
322 96
618 414
636 601
560 563
496 431
516 529
552 661
461 563
565 8
563 714
552 521
561 674
445 642
616 282
262 37
569 566
547 396
412 421
158 300
605 361
559 644
1126 436
623 584
566 679
567 332
605 264
523 544
797 102
482 357
497 563
579 683
615 135
561 554
536 465
667 656
306 51
494 599
211 417
649 97
543 411
587 556
589 556
640 475
562 714
621 633
606 45
643 571
523 415
526 561
420 583
632 110
531 573
513 647
576 541
630 665
586 591
308 48
641 585
574 562
501 507
510 602
260 57
603 280
492 615
616 625
615 216
597 653
375 508
615 605
455 372
673 374
585 716
577 224
570 697
618 619
531 407
568 234
710 66
689 93
583 509
621 216
312 98
592 226
502 415
594 137
496 326
500 613
674 75
564 384
484 531
303 43
661 618
596 109
599 192
629 470
608 319
463 674
283 50
619 167
630 81
448 650
627 426
639 228
294 133
636 305
638 362
581 308
569 561
458 530
497 666
567 715
670 636
621 286
291 53
646 301
476 646
279 58
776 673
597 249
522 388
415 582
369 82
451 266
330 23
266 151
346 10
655 489
529 600
331 14
663 497
657 417
239 526
655 537
295 596
344 71
683 466
330 89
833 338
640 693
525 371
627 494
648 504
614 491
582 707
529 559
596 593
662 103
336 4
623 529
558 703
508 532
674 500
653 551
657 714
524 705
461 532
936 530
544 519
598 377
560 8
581 280
552 486
592 423
327 76
582 173
491 406
569 114
444 376
626 26
553 483
501 542
296 625
658 526
341 121
325 138
668 138
622 421
273 67
528 85
499 685
232 45
327 51
527 617
298 134
645 719
693 507
630 529
1203 354
488 413
659 14
343 134
361 7
696 667
617 26
627 661
530 706
705 255
602 406
610 546
558 240
515 673
425 411
613 623
581 66
494 515
561 484
632 446
485 269
616 647
577 187
569 108
298 69
274 33
552 528
844 103
639 452
663 558
599 477
566 284
597 538
333 12
259 188
645 179
548 687
1071 528
656 389
549 528
669 601
662 528
542 429
422 479
640 514
555 631
602 643
690 276
117 87
593 74
524 543
644 55
587 531
663 600
614 110
527 625
636 502
279 251
325 74
556 598
933 164
568 278
602 638
630 673
553 615
548 576
195 379
532 362
662 439
161 317
299 106
672 53
522 557
649 350
470 532
617 404
321 7
314 57
588 215
336 24
658 426
554 606
521 621
363 105
542 527
527 344
618 485
644 649
324 16
309 69
609 287
332 641
303 120
439 418
532 668
623 136
356 151
565 263
620 341
165 335
342 97
317 483
783 104
275 14
501 701
533 140
687 60
329 48
295 94
298 66
601 203
1006 203
497 364
411 20
243 115
296 148
332 39
1156 539
290 101
347 23
674 505
269 159
272 24
435 356
903 718
249 2
142 524
319 77
348 107
259 6
618 102
350 147
955 243
301 5
324 105
355 45
391 1
1086 399
297 109
630 559
951 406
354 87
882 319
1091 664
248 29
264 33
341 99
295 83
281 155
1055 566
597 35
1122 675
989 441
567 560
325 109
1046 703
758 188
285 120
1090 349
297 99
257 102
341 65
1057 206
252 12
282 99
272 246
274 80
241 20
947 439
959 389
151 500
221 37
285 27
233 703
435 659
312 90
271 521
1164 337
542 704
274 50
1078 529
327 34
489 307
315 118
844 399
347 2
292 112
1016 582
1090 413
330 709
477 582
354 18
377 81
291 644
262 29
871 308
289 619
334 105
1112 588
307 33
1127 441
632 566
285 110
285 90
385 86
297 140
292 142
267 174
1073 457
303 269
359 108
1083 572
299 92
279 37
676 403
804 66
346 168
545 357
282 17
231 89
573 524
536 222
350 18
803 669
634 181
637 184
290 97
267 101
584 552
278 154
576 483
1162 352
1112 270
1136 580
279 129
288 508
638 91
910 378
849 285
227 65
329 76
1181 443
959 426
302 193
320 3
282 7
271 162
616 703
605 562
257 260
312 253
334 101
581 353
1170 266
270 701
341 29
153 595
1113 58
156 616
308 5
607 575
270 71
623 544
336 44
284 126
1034 536
343 116
248 264
667 154
307 82
1094 350
945 485
307 27
1106 405
854 354
334 119
1062 400
292 2
360 1
251 186
326 694
354 128
1004 496
140 593
266 90
614 621
273 80
375 4
798 527
338 42
257 181
263 191
241 97
684 222
324 112
244 35
312 89
313 662
291 134
895 570
283 103
340 34
273 19
175 581
543 639
194 566
293 122
1078 523
291 202
286 513
139 488
867 516
172 670
1040 229
584 378
312 164
320 35
1028 685
271 117
764 626
275 2
302 130
325 64
294 126
304 621
281 45
236 614
288 91
826 596
286 117
1018 396
292 89
933 684
1098 246
284 128
255 160
253 127
256 192
226 63
271 153
259 24
976 452
303 33
354 58
838 344
817 415
972 249
347 48
316 186
243 44
1087 589
260 194
270 37
913 496
367 138
1066 345
198 41
803 699
492 395
263 23
1104 424
984 284
270 33
337 31
267 203
264 77
250 55
300 147
743 634
1056 368
298 101
1001 436
1153 408
1042 571
266 62
264 145
610 16
335 97
1162 393
305 470
1165 588
995 459
399 55
364 106
313 116
497 367
388 29
325 217
1140 642
313 110
186 49
195 85
392 34
1004 448
637 416
306 129
590 459
1106 640
292 229
365 463
941 472
521 366
280 17
307 90
242 47
259 557
290 77
325 110
291 95
205 613
183 36
357 12
1075 359
246 112
268 42
627 401
924 370
309 11
1053 691
275 140
1156 661
1120 601
274 41
202 45
1077 188
326 153
370 13
270 639
183 600
263 148
640 182
338 104
673 219
509 315
290 53
285 32
1091 383
298 122
265 24
572 297
212 33
644 33
605 300
344 694
972 205
775 617
1107 530
237 49
961 431
1210 605
192 84
293 110
926 213
290 6
621 718
1118 639
1223 467
958 592
384 4
618 548
296 43
526 105
248 138
947 531
232 22
370 86
331 115
636 520
587 523
676 213
1035 329
277 619
362 18
153 606
268 112
296 1
297 62
256 136
1057 517
292 67
534 614
265 164
565 502
327 61
582 575
311 131
956 604
1075 581
355 7
1142 488
272 16
369 136
649 634
143 540
290 25
267 167
189 29
289 151
310 62
243 63
1030 593
283 181
662 607
247 237
630 695
275 243
603 398
1027 585
295 102
915 345
660 633
1029 153
320 119
763 201
269 100
837 614
1025 719
324 133
319 97
340 131
254 225
142 128
1105 649
1182 649
984 677
1254 42
300 188
1068 528
759 628
1025 358
291 110
297 114
947 508
358 100
301 119
273 511
282 181
284 678
346 117
316 74
301 525
233 9
381 23
1044 688
255 105
308 47
332 14
1089 561
267 160
1094 509
1135 589
836 511
250 11
1047 575
204 28
636 484
246 29
1135 632
922 586
300 109
808 307
300 44
351 150
804 513
291 140
908 616
1091 694
359 30
629 257
1091 356
783 379
248 6
1124 452
303 142
635 54
282 61
285 36
183 12
1074 169
391 83
287 144
283 628
333 181
293 73
357 70
627 554
1195 158
991 348
609 622
313 44
342 19
1139 551
1138 255
1031 407
227 5
302 43
332 73
256 37
1033 549
331 98
666 612
574 547
266 41
269 124
692 590
517 575
799 444
1105 396
1069 474
1047 640
311 12
312 37
1179 352
670 232
154 335
625 288
568 486
243 79
279 88
682 80
620 662
302 54
557 711
384 27
295 141
309 172
550 685
1187 666
1132 472
251 90
272 90
249 205
304 19
280 104
303 611
325 18
637 625
779 313
607 715
622 704
283 691
583 640
635 521
370 3
175 0
194 32
330 49
578 417
1102 679
1031 427
275 43
627 547
1061 527
624 633
294 664
509 487
570 500
303 41
675 200
257 86
353 27
646 239
346 97
412 281
228 20
848 50
239 122
537 248
667 519
633 574
223 36
216 6
330 108
246 67
593 700
213 88
610 191
334 11
304 72
1139 561
141 586
791 300
299 90
475 554
701 420
498 710
279 186
607 609
428 702
280 135
337 110
655 551
655 656
357 139
992 421
775 301
335 143
606 255
328 34
280 165
547 573
269 178
1027 552
273 262
273 140
326 140
616 383
279 288
593 622
315 129
1034 596
639 557
569 709
318 165
576 265
579 309
629 382
368 68
877 516
286 150
1147 652
649 418
509 174
340 157
272 192
650 631
266 166
300 75
277 647
687 248
181 649
245 176
983 442
632 428
813 260
315 74
680 500
600 419
1084 535
1027 622
310 93
933 463
618 255
1126 567
540 209
1106 465
283 522
287 97
287 126
575 344
529 568
941 269
508 707
231 537
492 692
259 115
510 642
244 84
651 163
582 637
498 227
295 631
221 69
278 653
1122 646
807 382
1100 567
627 156
189 620
307 118
569 565
258 211
623 542
367 63
335 66
1019 550
266 14
321 41
1002 439
632 275
567 618
516 391
999 634
587 561
309 49
1203 581
655 504
337 15
547 533
599 673
304 145
494 691
275 39
356 122
257 683
218 18
1098 525
537 367
380 23
310 11
1016 511
1052 276
619 519
319 40
259 85
1060 176
304 13
239 658
851 512
1178 653
291 97
275 71
275 206
250 139
1138 288
500 412
210 2
1066 182
1028 353
333 17
331 133
219 106
1015 607
254 15
1113 512
857 517
235 27
286 30
205 40
333 59
826 414
844 658
260 109
398 5
164 585
776 547
688 681
294 24
625 528
691 243
352 97
268 41
160 103
1153 647
974 426
1068 606
944 522
681 200
306 132
748 687
647 73
893 367
768 319
372 128
620 440
407 111
810 405
351 56
660 599
688 171
670 566
276 204
200 586
967 426
1088 553
280 88
624 403
276 636
251 42
781 256
286 50
356 53
637 637
1175 518
328 136
1142 693
353 93
1149 683
945 508
934 502
566 649
524 423
292 155
655 538
304 157
1079 554
311 4
1166 192
263 428
1069 672
429 565
655 22
675 647
652 517
1025 406
1059 570
375 33
1011 477
241 66
667 568
839 709
753 525
320 1
1014 624
281 65
311 37
334 91
285 257
1057 192
343 125
209 58
524 614
490 695
170 11
603 136
714 124
1074 539
572 657
553 370
557 398
264 66
307 524
314 464
257 633
1123 359
551 509
756 507
288 113
198 15
289 72
1204 566
625 81
1047 702
562 682
1181 343
593 716
151 243
665 199
942 459
637 174
294 219
447 709
443 351
330 47
300 59
342 56
570 585
146 316
305 693
276 2
633 425
316 83
488 626
644 349
557 518
455 678
637 221
590 576
306 159
289 204
678 190
280 127
240 486
642 633
309 99
620 81
1121 606
287 184
1103 21
593 400
669 537
260 78
571 377
485 414
189 9
1069 657
280 74
330 122
1176 665
287 109
288 49
352 100
521 492
514 365
589 509
659 707
609 538
223 549
348 59
565 128
304 103
620 69
633 238
332 80
257 79
1107 531
287 56
546 264
487 524
442 396
319 103
531 571
579 719
365 12
257 150
578 622
295 35
949 414
1011 716
301 115
613 665
298 67
308 353
347 40
509 658
541 504
358 113
977 426
622 321
620 222
496 478
265 19
784 586
792 246
531 487
508 677
304 712
1089 500
616 713
516 380
380 19
583 688
549 539
479 304
1112 438
679 506
509 706
603 577
1148 154
633 557
312 163
480 623
309 154
1158 99
860 254
1192 525
1060 601
287 39
806 427
212 174
1023 661
1189 270
293 6
550 718
1149 398
321 47
857 411
238 110
231 555
276 63
607 422
575 149
1173 629
879 512
1034 661
1183 417
256 221
757 360
261 22
1165 613
289 156
253 57
558 407
1157 487
1040 337
606 694
1136 567
248 32
338 78
1055 543
513 649
623 116
273 105
315 2
656 202
292 46
1173 522
617 352
607 687
286 152
918 666
1012 697
144 233
337 126
303 36
245 140
613 634
1027 392
325 99
352 35
1080 655
973 522
596 271
471 409
879 639
1157 31
298 95
203 587
1084 174
290 165
650 524
815 499
1021 674
299 600
1183 405
778 654
633 382
211 27
893 596
1052 615
792 229
1210 530
601 439
353 84
320 144
269 595
771 224
288 92
270 202
297 141
927 671
361 157
220 37
439 546
250 652
306 164
601 574
281 105
1161 370
1112 463
316 5
1078 163
281 12
904 368
661 553
751 329
299 11
545 479
289 158
939 327
1014 374
1184 565
889 268
295 713
1061 431
343 42
644 5
313 16
930 656
1092 343
1033 541
320 82
269 57
657 570
164 641
323 31
346 657
1103 113
341 470
262 105
1097 157
576 652
330 150
268 76
180 79
1082 618
1060 390
312 122
496 270
277 50
328 50
265 606
893 716
178 609
289 604
617 507
279 210
349 97
915 428
661 551
278 563
319 8
1155 235
367 21
588 692
344 72
897 268
163 49
369 1
316 93
542 660
322 82
630 69
393 101
459 307
1060 125
779 661
314 75
571 567
138 293
575 661
204 31
365 72
411 13
270 116
902 646
1152 527
346 169
338 31
327 13
263 83
282 28
1014 716
606 663
321 664
271 47
1061 372
200 22
1048 494
315 44
155 540
762 215
621 686
252 15
345 117
767 409
341 91
344 91
296 75
279 192
886 703
1114 186
1013 484
544 369
448 656
350 148
344 85
1120 458
388 6
834 348
272 15
595 371
288 54
558 194
325 80
624 583
192 660
1118 534
307 79
291 179
626 62
1043 400
299 167
306 625
558 667
668 303
313 57
557 595
316 228
224 20
249 66
559 597
548 416
1161 524
565 484
692 65
319 39
583 505
285 146
659 549
577 567
323 11
1034 345
621 550
617 551
645 74
268 29
303 62
1055 621
1116 211
642 378
1079 376
333 645
662 67
1041 555
328 19
537 317
712 115
755 592
214 25
659 532
587 532
286 41
1095 573
375 7
1121 104
245 43
1102 572
1098 370
333 80
668 135
633 518
559 437
230 6
335 159
787 470
1043 365
553 404
1056 505
558 495
278 158
306 36
353 88
331 10
267 89
203 656
661 647
997 413
576 570
216 617
318 113
872 250
586 170
660 492
300 46
1060 523
142 327
632 591
458 246
667 423
196 586
656 633
1056 107
615 670
1025 65
663 440
673 535
569 143
927 717
1141 568
1015 695
312 515
281 636
1028 454
1018 560
626 531
595 237
551 563
598 611
666 494
437 715
562 391
638 37
337 59
576 650
686 644
1161 663
632 529
663 395
524 645
303 635
1080 485
528 686
587 573
627 433
503 404
274 89
863 263
252 45
1140 252
1082 572
1108 453
658 535
285 57
627 36
612 308
637 543
534 383
575 553
480 520
655 444
581 679
987 506
504 485
1097 460
616 413
523 509
585 323
538 541
665 206
643 540
613 218
442 536
977 9
343 145
300 131
565 407
584 384
631 487
495 175
1272 78
293 140
660 387
585 601
637 611
625 536
558 204
617 569
640 505
645 155
678 464
633 445
640 540
596 296
620 375
544 537
564 583
590 635
138 373
592 640
658 468
1116 490
717 479
642 334
642 515
613 390
580 689
451 284
542 708
608 591
603 553
718 473
688 415
642 493
761 502
570 596
581 499
487 549
268 13
626 718
575 541
558 551
538 628
498 557
626 570
647 560
565 545
536 383
590 557
342 9
479 421
289 122
647 416
237 228
604 691
670 170
530 542
484 449
842 206
589 490
524 197
1116 556
241 33
268 108
1020 530
823 142
658 202
536 664
493 692
822 480
649 592
655 527
575 65
516 549
288 469
586 200
1201 324
1111 441
333 81
563 710
1047 486
288 71
474 644
307 55
595 554
271 30
598 68
580 187
270 215
286 24
1144 604
278 128
590 581
616 548
289 614
427 543
590 710
533 716
296 61
577 51
979 425
645 535
550 409
553 643
1021 466
300 125
840 436
1213 517
265 36
278 187
595 583
655 19
152 594
133 358
228 24
1029 628
625 27
516 384
934 388
1183 416
581 3
590 223
595 538
605 638
203 68
648 224
1062 625
631 590
621 528
673 453
690 701
582 369
277 71
1004 438
566 82
663 518
551 113
638 416
596 654
1092 19
329 67
316 88
647 436
1021 652
645 514
453 334
572 195
617 116
480 503
680 518
832 444
1136 689
592 128
574 384
539 602
555 113
616 679
820 595
1014 663
498 419
202 653
566 379
243 57
763 612
578 682
272 66
671 719
595 619
239 73
637 656
104 264
1147 523
569 525
617 707
102 152
515 546
602 653
593 651
309 38
588 467
263 163
282 24
309 2
765 665
322 86
642 558
484 509
161 10
651 141
468 436
217 647
596 351
486 386
906 322
576 495
659 662
175 597
579 501
667 388
562 348
608 402
291 78
520 542
329 32
642 293
165 571
559 414
637 529
202 314
606 677
501 475
98 344
273 3
509 401
316 141
600 679
677 503
1125 579
639 483
821 716
665 420
598 590
442 224
623 384
642 458
525 661
555 298
604 713
629 530
499 369
522 688
275 88
519 554
447 372
520 379
671 338
622 371
654 637
521 549
610 539
205 70
545 407
1178 602
825 164
1158 167
567 539
563 522
680 195
573 396
481 570
1092 696
435 610
591 476
512 246
462 479
519 190
474 305
502 651
310 31
337 157
548 592
962 419
1089 443
537 243
534 238
299 130
668 532
795 348
250 171
505 376
324 111
259 30
780 628
608 408
616 580
324 97
607 454
1117 667
653 186
615 419
312 58
1187 294
728 168
464 394
660 65
597 299
1176 234
541 522
1044 204
156 263
286 49
659 437
651 709
605 672
336 45
1122 467
593 548
78 162
519 458
246 115
173 640
1032 711
828 464
270 49
1187 593
590 684
295 156
573 241
674 612
559 712
261 53
607 341
555 278
292 70
309 70
147 266
1095 628
559 570
1147 306
530 577
637 682
248 441
644 458
127 89
628 127
362 63
606 561
610 579
625 669
639 95
443 522
296 19
403 16
840 363
1163 239
293 203
817 371
280 156
418 557
374 11
286 178
302 175
1069 677
282 618
313 96
304 475
219 87
1036 612
846 415
642 127
886 645
279 29
294 46
280 217
1075 275
1020 368
658 506
663 442
308 93
1067 205
1039 642
258 292
265 41
560 576
305 284
532 566
353 156
309 74
265 79
970 425
126 292
302 241
1105 228
550 715
556 578
996 380
344 168
629 657
241 36
257 125
812 376
621 657
543 675
291 42
664 334
544 253
352 63
1099 490
1085 336
261 157
1158 592
636 472
682 329
551 359
221 46
615 658
135 560
520 670
279 80
283 57
529 482
1186 408
674 549
1015 490
538 652
604 647
560 413
281 89
687 398
1113 47
531 467
143 121
315 323
1138 501
263 164
600 666
970 417
642 321
535 505
594 591
632 71
603 582
993 496
1005 11
133 285
580 409
560 546
280 36
543 550
575 406
227 17
632 520
194 38
521 630
641 697
595 315
304 147
565 697
286 104
479 597
591 295
281 15
584 543
602 673
274 32
675 639
780 369
834 110
545 614
513 434
232 50
205 72
482 394
1186 450
632 226
566 719
797 669
649 671
278 39
246 72
678 449
269 76
988 612
251 163
581 559
482 569
541 466
323 136
21 84
316 13
692 665
314 98
561 370
611 414
585 318
539 594
507 357
390 73
653 614
358 25
592 626
297 50
533 507
731 579
1221 535
671 187
587 545
333 659
531 13
597 412
630 382
578 434
624 670
450 537
707 643
639 543
181 297
529 291
627 585
246 56
143 251
591 267
639 51
522 390
585 496
648 431
937 348
560 370
485 581
789 53
668 527
573 542
135 325
592 679
589 1
410 68
625 487
460 356
1025 599
306 110
269 173
133 332
251 36
640 424
593 454
828 407
648 269
295 51
678 343
1171 657
526 359
459 302
626 429
606 77
648 355
602 221
645 645
625 688
328 11
532 552
281 202
603 667
613 138
564 667
506 496
492 597
611 298
490 508
832 622
251 20
564 614
578 399
652 169
571 634
687 179
535 503
629 468
578 199
534 504
498 658
499 358
697 158
550 405
607 628
1193 472
566 706
579 675
679 468
645 520
548 389
792 480
626 703
659 503
651 513
650 558
655 561
657 626
1155 644
602 37
494 357
272 102
613 124
340 54
558 305
594 578
578 292
570 514
278 263
592 397
437 619
339 9
546 345
168 347
1061 710
557 569
467 604
601 208
304 86
629 546
600 226
521 644
647 574
667 551
235 31
541 680
598 454
949 267
618 603
583 642
606 144
658 565
403 36
569 528
528 616
624 676
316 136
624 361
1097 196
555 343
595 571
529 498
544 283
664 329
562 509
536 626
488 615
560 350
640 512
555 702
632 573
618 538
604 436
569 701
1086 420
575 364
581 605
298 87
513 373
411 528
613 545
482 592
676 439
1008 235
517 568
651 292
610 199
838 694
447 530
514 560
507 674
943 459
197 37
617 58
568 490
509 687
415 556
328 125
584 310
331 42
385 23
606 584
323 55
493 631
436 553
627 559
656 134
377 14
505 656
571 647
675 607
615 92
559 4
677 321
554 619
777 199
565 691
752 655
464 379
658 560
590 632
678 220
650 11
626 467
529 565
391 438
271 23
675 484
248 7
595 689
492 552
614 695
596 600
299 68
563 606
567 521
586 500
150 371
626 100
49 242
606 71
431 293
1116 706
590 448
296 82
593 303
273 36
561 280
589 439
459 411
585 569
617 402
530 510
316 3
513 555
279 99
514 621
605 431
316 94
621 23
700 464
666 310
673 526
617 597
271 138
554 530
582 375
238 60
298 6
307 56
542 617
641 464
281 597
380 126
654 194
577 227
406 22
326 13
1034 632
571 299
277 584
501 300
156 276
784 260
366 118
577 518
316 17
238 1
512 687
632 701
1106 680
671 177
653 127
559 546
635 555
316 8
241 278
547 247
639 146
538 7
296 664
210 59
218 62
1143 550
213 48
671 313
595 340
323 73
966 383
784 692
268 166
613 252
308 249
193 248
497 522
584 711
651 629
547 526
357 123
568 633
595 639
588 681
621 481
626 209
335 114
168 265
219 63
564 474
543 389
643 640
563 347
203 5
483 531
235 39
611 185
624 266
1018 539
717 455
433 513
354 85
657 399
570 657
1143 385
561 521
577 37
809 221
294 215
154 289
680 158
604 549
666 591
665 179
255 33
1051 419
307 623
294 0
606 351
288 102
457 566
874 211
659 435
546 620
319 92
624 277
143 304
276 32
265 107
590 628
219 157
658 527
653 667
607 288
1028 649
242 44
299 102
576 657
492 291
636 672
667 51
576 41
114 376
322 611
577 390
582 313
548 633
621 385
596 552
610 118
480 225
1178 575
411 9
615 582
613 599
604 579
588 346
483 490
916 408
281 195
311 156
526 532
522 398
569 438
533 696
298 70
657 263
562 377
655 73
644 557
497 275
635 81
611 404
592 360
604 487
340 84
1127 401
309 77
522 495
982 452
594 6
377 75
334 22
641 244
607 281
562 528
589 518
544 189
671 94
682 261
538 549
554 318
921 494
611 493
567 397
710 27
617 541
225 593
574 344
671 505
656 407
618 293
491 691
656 565
656 531
608 568
626 535
565 580
600 633
286 128
648 239
590 147
626 270
501 525
590 704
938 16
670 197
523 635
582 419
597 85
584 607
599 701
627 87
242 598
625 254
475 323
614 396
525 496
633 637
247 159
656 541
162 317
232 17
314 96
276 70
600 698
664 55
632 600
560 246
591 711
535 428
277 94
482 704
690 435
1084 712
706 112
551 546
607 634
576 537
1032 325
293 485
592 317
575 423
312 149
622 370
817 398
557 497
949 547
943 489
676 602
338 281
633 577
612 498
494 71
574 405
540 558
281 169
536 564
667 467
264 639
543 699
668 409
670 87
291 698
566 573
638 216
1019 599
295 202
692 473
325 125
535 365
608 434
309 131
611 391
716 23
279 2
274 19
602 333
583 554
494 217
1087 655
616 694
884 502
659 217
587 460
262 137
283 156
202 617
323 54
1093 487
278 694
620 247
676 247
610 371
534 615
667 369
465 136
693 445
579 595
576 325
344 141
611 540
272 53
655 335
220 62
625 647
644 355
626 238
473 401
461 331
525 544
651 536
548 616
371 114
222 588
573 593
314 16
273 43
567 242
823 356
629 201
536 421
494 613
635 23
466 522
627 515
465 291
650 626
611 290
652 418
626 466
559 323
519 285
580 542
818 428
602 538
488 541
627 614
541 492
515 684
648 354
589 635
612 689
440 573
623 148
620 551
609 596
611 610
549 532
643 501
610 238
626 507
567 553
547 234
551 672
119 354
178 325
534 292
575 686
586 686
671 604
337 22
