122 498
811 98
740 412
705 634
143 199
675 93
1204 372
723 351
922 400
1061 60
348 553
996 182
857 10
160 246
756 659
76 615
177 134
907 665
1165 334
500 85
903 11
615 157
620 470
878 234
282 623
163 146
216 563
808 250
1071 43
358 161
636 339
1139 436
737 503
759 311
428 471
472 365
609 506
1021 324
367 714
519 515
857 514
972 96
188 350
372 19
810 528
888 315
114 404
555 666
366 470
217 112
310 519
927 2
762 668
134 449
777 171
104 596
1000 12
227 687
191 675
449 141
621 258
37 307
364 134
752 158
1254 434
692 359
32 473
696 29
267 605
242 363
41 391
235 582
169 119
872 594
297 43
652 135
894 61
290 121
977 196
463 462
276 124
277 529
457 517
798 597
940 488
203 539
1173 661
960 588
328 588
341 404
1248 278
469 616
151 701
767 257
845 598
553 485
929 654
1120 620
825 249
1203 604
860 39
732 468
944 225
446 505
55 273
943 69
278 137
810 560
1014 307
706 98
947 389
1247 367
1027 316
46 367
770 329
347 622
546 318
985 27
168 323
39 452
490 17
675 242
1245 442
650 589
1211 305
638 639
1011 176
240 509
491 242
312 452
337 9
1053 447
799 485
630 681
544 140
413 384
1063 353
1213 558
1213 640
21 381
1068 623
122 259
376 129
334 507
984 41
236 122
1022 96
364 563
913 474
997 247
998 341
1025 548
801 397
324 349
85 687
372 690
498 698
402 526
556 210
919 181
107 379
817 128
77 191
805 632
574 347
638 429
778 146
1028 147
519 349
460 530
778 74
620 96
416 31
212 68
37 399
71 297
456 163
1148 538
309 185
852 324
1091 124
492 512
710 533
846 458
909 51
432 701
1023 513
315 134
488 198
420 5
793 606
913 45
598 126
942 274
694 710
1158 662
76 304
597 168
1066 426
815 691
319 336
302 377
405 84
720 313
1033 488
910 63
1180 534
1038 645
1194 109
680 33
401 145
527 389
607 376
375 139
392 37
715 540
1100 473
1254 402
1119 522
64 259
1261 442
252 171
112 713
233 103
648 127
1193 335
1029 28
400 65
1037 591
145 650
448 675
888 127
1190 312
1002 308
330 555
1231 341
399 3
590 21
277 440
143 123
564 77
749 154
229 440
741 336
871 168
180 312
56 9
627 315
597 205
579 490
442 97
591 401
130 654
570 195
160 604
743 83
1174 594
908 693
1027 30
317 500
689 200
580 404
60 275
237 295
430 97
528 465
1109 89
603 611
781 463
935 501
341 357
635 469
223 713
408 524
247 313
839 76
825 665
88 540
104 437
121 457
1142 272
973 542
589 258
448 383
156 272
505 151
270 100
544 3
736 194
1060 535
970 599
720 647
1226 249
1242 240
1046 365
409 11
774 602
878 570
581 60
647 281
896 171
335 254
1179 301
642 298
667 73
202 160
1153 35
868 324
