846 96
282 269
1235 197
1124 567
916 558
875 396
907 68
1018 434
688 438
160 302
1063 204
997 322
131 469
685 155
992 220
880 185
796 84
752 69
723 83
328 112
677 621
711 440
77 9
371 337
538 510
1085 287
1039 643
60 329
942 178
624 324
583 357
119 399
1218 555
1230 471
398 600
567 415
279 515
657 54
241 619
319 672
484 449
227 634
157 494
669 85
1005 123
363 424
986 443
830 115
869 25
771 75
817 305
610 189
1238 58
1261 690
1012 341
158 620
1220 243
780 56
642 24
967 548
1067 414
243 244
277 163
1042 238
297 84
952 660
348 403
125 238
870 308
143 654
510 644
503 170
908 342
512 322
773 293
