140 440
1153 506
877 522
812 628
1151 558
204 627
777 159
345 14
571 557
705 7
420 213
852 557
601 656
782 161
350 15
990 369
430 54
1149 90
1132 607
1099 525
1095 476
199 342
100 345
830 70
909 621
774 7
487 120
869 321
236 275
1101 602
225 341
1172 159
127 554
156 495
1037 336
1163 615
249 683
300 471
232 303
762 15
389 85
757 0
640 689
1195 378
1143 550
75 256
1182 291
509 372
1142 176
175 158
202 286
125 504
200 179
1134 122
299 499
598 601
1137 595
1112 526
284 479
525 463
96 179
1132 14
1149 429
83 277
401 74
244 657
579 617
1148 591
781 141
559 450
425 26
229 435
913 544
1160 325
822 86
212 404
1130 257
784 76
160 546
482 161
1187 542
205 167
500 450
1092 0
722 90
303 537
299 544
426 75
551 399
1158 416
893 514
520 4
215 308
1180 609
1109 460
1104 450
113 317
1122 500
1098 673
1126 590
1177 135
497 78
311 563
237 697
515 334
922 644
1073 523
204 575
1137 184
698 706
142 329
1128 487
270 457
586 499
797 237
438 128
860 260
509 533
905 574
541 19
1187 474
1092 637
835 318
1125 507
144 488
376 120
482 95
1115 374
581 602
919 696
601 30
1115 601
62 332
1153 640
1066 456
1125 526
122 540
1155 613
428 58
265 539
209 370
344 532
1115 607
751 226
72 302
967 267
902 83
227 147
250 356
1207 183
388 676
984 39
877 587
96 258
313 435
1166 182
1035 527
209 328
115 352
479 168
262 329
255 699
1110 343
353 538
1149 520
222 353
421 93
82 355
991 668
223 226
211 246
214 177
756 4
157 188
1169 370
1118 428
908 690
883 44
762 374
250 380
96 425
273 385
756 218
196 306
1000 405
166 658
1111 402
183 97
412 114
1074 625
212 346
1087 493
903 685
230 300
174 542
340 607
262 322
273 457
321 506
340 579
386 658
206 361
909 521
1095 299
574 3
571 367
182 577
949 123
1108 663
191 653
918 560
929 324
985 109
350 642
943 96
829 219
227 347
800 459
558 622
350 640
824 563
1101 442
269 431
348 677
658 290
348 402
911 640
1159 279
222 309
235 262
917 674
298 428
272 471
994 397
250 449
264 427
1097 354
1171 558
221 250
352 29
1205 432
509 186
303 458
509 241
1084 240
660 397
1007 465
1093 489
919 694
1183 428
790 270
808 146
235 598
232 385
213 167
226 684
392 713
1189 328
442 135
127 308
1005 425
193 78
849 582
790 22
850 278
1150 607
203 628
874 625
1113 442
803 448
902 2
587 535
534 362
1145 429
321 573
371 103
705 454
615 661
1184 415
214 341
434 127
340 615
967 84
188 131
903 532
332 634
955 207
629 605
599 106
93 320
339 425
1086 672
995 555
315 580
942 220
210 181
378 284
1156 455
250 409
596 33
914 33
387 670
262 345
349 647
183 137
264 515
298 498
1198 268
1048 31
264 544
231 400
1182 535
636 176
496 220
462 53
204 265
238 364
771 105
596 77
586 219
210 267
1107 434
197 251
168 550
325 555
400 701
171 37
402 450
571 683
663 237
887 23
531 663
281 452
452 626
1209 460
1058 440
614 648
601 685
188 229
222 230
1016 34
1162 371
959 75
1104 505
98 315
936 327
196 160
1145 316
553 394
1175 377
1169 457
496 76
456 72
1191 499
1170 307
395 75
1166 123
125 338
1159 595
591 17
1176 547
467 105
198 570
1047 718
954 228
184 225
1094 649
1200 379
513 84
233 371
234 257
830 328
461 46
1121 416
1148 375
228 348
292 452
206 247
329 432
907 87
201 321
823 209
1123 579
559 20
982 257
624 687
298 529
1156 495
519 263
1186 176
1160 654
795 215
1202 285
981 435
857 632
506 307
864 289
196 656
1163 388
236 648
883 496
1181 196
810 589
1197 174
1091 678
240 711
1090 643
597 15
1183 268
1150 590
927 158
766 450
193 222
247 688
1094 504
579 48
519 191
430 51
919 585
1115 547
549 26
839 591
965 658
788 236
1173 396
418 46
1206 316
759 127
805 183
137 301
211 342
770 396
111 388
1079 297
776 128
214 332
262 281
1138 587
1190 474
204 618
1188 276
1087 636
548 592
626 592
1146 273
908 508
589 629
814 161
770 73
428 126
614 652
1189 290
204 263
212 195
479 96
1078 706
281 154
1128 492
1209 545
60 388
833 420
1087 664
748 113
142 455
483 247
1105 695
791 50
1190 192
384 49
525 574
928 685
926 68
1096 435
1102 426
182 560
98 339
1176 269
214 372
1078 484
415 98
934 14
1082 368
522 513
1091 601
1174 283
570 45
194 598
615 675
246 370
951 148
1135 291
366 40
789 297
226 275
1189 275
760 278
214 169
936 712
196 101
245 311
149 477
1102 376
494 163
1077 470
824 200
248 660
792 324
352 78
1155 417
1127 490
589 169
864 635
1099 601
557 412
504 164
422 29
177 524
186 548
807 478
137 471
797 504
854 688
1129 362
1102 455
96 219
1185 344
820 562
1089 634
1095 631
1084 608
422 11
374 355
250 715
539 319
810 424
89 384
546 564
1128 322
245 682
518 491
191 527
441 21
1171 334
114 338
823 367
615 633
211 706
1191 271
177 186
575 476
459 83
294 464
1064 427
889 602
556 319
1102 564
115 281
265 699
1107 600
741 13
863 514
274 492
888 503
1187 443
207 636
456 155
1195 321
459 212
536 187
440 154
1125 630
189 213
1115 577
358 33
664 330
183 565
207 654
360 401
1197 357
713 143
1183 150
1124 51
1010 43
865 683
1108 433
1104 468
1093 599
843 158
1065 534
499 105
807 11
434 11
1000 684
935 367
376 129
1139 609
579 718
1137 152
451 127
1093 339
530 494
518 219
1169 565
1203 402
68 357
1083 395
581 616
372 50
832 259
221 238
980 425
306 508
555 450
315 581
106 490
813 405
1191 365
1086 207
368 665
259 704
392 20
1136 214
843 647
1199 372
813 463
190 332
870 662
263 377
1077 654
899 531
1091 23
614 117
605 351
214 297
584 621
450 81
1003 410
215 398
268 392
455 140
975 338
466 88
299 550
778 300
932 714
468 185
856 216
234 707
1177 285
931 137
355 611
144 410
1184 342
796 414
1120 344
1126 607
1090 535
896 577
955 224
1113 304
1209 367
1129 657
1158 501
538 389
1139 626
743 127
1046 350
230 403
836 181
226 635
1146 304
1180 458
787 111
1063 514
1196 445
197 573
893 588
374 487
854 332
928 330
1127 598
1043 361
276 478
897 56
1147 421
477 139
213 395
1169 659
192 157
108 263
176 171
99 334
1150 624
907 655
1137 370
898 74
216 639
1036 306
357 585
895 134
611 603
481 433
1110 289
824 198
315 487
1204 223
678 486
325 581
1207 523
789 128
557 619
774 219
1169 165
319 474
589 579
484 150
753 163
334 587
345 635
240 403
210 427
1147 386
1193 439
711 5
924 102
471 156
880 17
357 430
245 322
1088 355
1193 524
439 16
246 323
774 122
957 224
854 319
1162 425
728 13
121 428
207 365
1099 537
784 469
417 124
442 29
1163 172
187 554
425 50
180 188
265 420
977 456
181 178
770 157
167 202
846 642
1159 186
1204 575
791 187
358 80
545 249
1157 613
476 76
845 676
246 278
768 157
904 558
585 581
507 397
190 252
76 239
908 23
492 178
423 73
1124 582
1205 440
212 312
1198 583
1083 317
1014 197
347 415
570 498
1106 343
764 317
1143 583
649 547
425 54
1196 346
226 388
98 235
1118 14
1003 461
972 410
1187 318
1129 711
409 55
459 357
405 10
1097 21
298 410
187 505
209 318
218 411
1104 246
266 362
321 541
195 115
520 355
1214 537
312 543
179 181
1153 446
990 447
233 343
493 78
119 322
221 641
535 504
1007 654
1083 473
369 520
331 274
1132 616
1000 85
271 524
135 364
432 11
492 533
954 188
184 175
143 570
854 641
1114 377
510 561
209 308
177 146
1124 678
1200 323
822 171
165 572
217 277
1151 580
950 368
1136 555
199 282
529 484
266 374
240 330
759 123
1174 295
174 564
1094 54
1102 645
453 115
1141 264
371 689
391 33
570 365
142 307
1126 67
332 322
79 365
409 28
745 208
216 650
184 194
391 708
647 621
227 333
620 655
1109 379
572 691
482 187
568 442
1105 686
216 331
1146 653
1112 220
1100 453
779 271
1081 649
360 35
1152 61
290 324
193 579
175 71
824 593
151 421
125 251
1149 378
218 331
1187 489
341 390
1096 346
151 408
289 503
196 269
509 305
841 416
651 218
592 622
1012 242
627 718
540 404
1164 602
979 160
219 390
545 25
329 598
881 494
231 305
291 458
438 37
772 179
333 638
420 22
1067 304
285 416
515 314
222 271
1101 541
185 201
207 334
721 3
917 241
1170 271
734 27
494 103
451 75
420 59
975 231
900 667
1078 298
195 37
244 346
201 255
168 566
238 389
1135 276
358 716
292 484
213 237
1114 647
216 198
1012 202
213 359
273 483
401 128
369 407
636 670
222 369
367 710
353 706
1142 290
269 426
738 1
332 577
364 664
1158 365
384 406
313 558
157 505
170 189
164 523
512 425
954 200
178 196
438 519
230 350
903 59
934 207
364 444
892 51
931 126
202 161
246 310
359 438
958 215
372 719
954 242
1203 479
1086 630
201 334
327 590
1173 535
468 141
590 72
348 597
929 245
563 20
518 343
338 531
808 209
249 411
343 615
1199 449
898 545
917 625
741 330
284 498
396 61
117 419
273 347
1148 613
759 63
344 633
990 276
151 574
497 454
965 102
215 339
1171 509
321 596
919 122
207 241
391 482
907 679
1136 427
1012 545
181 61
619 90
940 107
763 81
129 558
219 335
249 697
271 377
483 707
168 549
226 226
471 335
929 527
175 155
905 573
631 652
1131 596
148 444
211 256
1079 549
268 514
762 124
476 178
932 183
464 107
1110 554
889 63
1130 292
1177 577
226 260
1121 627
572 2
188 215
611 612
387 119
227 335
245 321
962 245
1091 255
1154 653
886 115
889 42
349 646
548 23
965 148
137 381
1165 340
992 615
1100 470
235 312
1142 408
352 665
583 481
391 672
321 588
125 314
1191 422
746 56
1127 469
435 174
770 348
808 396
1119 153
1206 433
1194 171
858 314
271 438
217 608
647 610
897 557
496 291
790 157
294 418
1202 432
178 227
1084 629
1130 604
1131 512
491 112
917 637
185 563
736 5
562 509
426 176
1171 421
451 133
797 503
1192 177
401 77
540 372
646 286
135 437
568 632
1086 306
892 518
742 8
531 634
1149 203
1080 482
908 69
615 652
376 27
206 667
91 365
136 330
525 103
572 684
788 64
379 101
498 377
152 468
345 640
259 532
293 154
359 626
87 158
1114 442
781 101
765 197
1183 432
1198 448
229 606
1136 336
1148 390
343 64
1172 136
1146 435
320 60
564 553
1119 688
869 408
1182 626
888 522
1114 702
838 387
533 419
1106 696
786 35
1192 485
1198 374
1163 314
818 81
771 265
539 299
1004 53
1198 542
1151 590
619 594
1099 543
590 666
633 213
1132 280
918 145
1159 209
1204 608
196 158
1161 460
118 271
782 185
520 293
1202 359
807 92
376 66
367 60
1158 687
1112 310
871 496
1113 260
1105 590
1139 566
599 631
1123 635
616 629
1202 284
925 624
793 81
576 693
1125 195
1154 557
1103 475
1161 106
101 413
374 41
1138 331
1134 269
714 137
442 12
1085 446
576 533
1075 302
1204 558
1150 384
198 622
753 6
1096 598
858 237
626 678
195 532
928 559
872 266
1103 0
239 278
1135 447
939 172
1204 409
498 216
113 516
1210 234
1203 376
1146 612
580 605
1189 256
1137 267
1134 479
1167 669
94 444
1105 430
860 598
440 55
1107 173
1185 429
1193 401
416 122
1207 320
1080 418
278 477
210 593
546 676
221 667
385 7
522 181
195 195
792 78
166 530
937 559
1121 619
873 620
1144 354
122 309
1100 337
627 651
1140 453
717 81
765 57
577 460
826 68
166 441
220 352
170 625
320 709
507 297
94 268
575 583
1131 558
1081 537
870 278
1084 325
1170 96
737 32
611 589
1129 534
601 453
219 717
131 566
1039 387
231 435
754 132
897 696
335 588
311 562
345 623
220 315
197 588
229 378
416 195
473 24
1101 317
167 692
236 417
51 418
607 111
187 147
1086 568
966 42
375 351
543 689
228 313
124 477
806 408
369 24
177 245
1131 555
358 107
1201 398
1096 203
435 123
899 89
1151 681
1009 88
646 215
223 279
257 444
575 435
329 630
153 477
381 361
1178 356
308 38
747 239
1188 440
1096 455
937 138
1075 672
237 367
89 328
863 375
1147 489
490 129
1194 494
1149 344
201 594
1163 450
271 387
234 718
358 443
817 236
627 163
83 299
201 296
194 690
890 480
208 596
370 69
222 375
386 664
807 142
186 234
261 374
921 152
191 181
262 439
340 514
727 19
1210 475
301 303
398 697
970 172
586 711
289 481
899 34
936 587
452 247
185 219
1091 677
774 8
358 656
1004 214
168 155
784 43
475 144
219 330
200 309
1056 431
233 385
618 445
896 86
1196 341
213 319
994 115
1150 185
230 301
241 291
809 144
197 591
1172 653
125 467
742 81
287 426
218 348
246 465
204 243
375 701
265 351
358 613
297 520
514 408
974 215
758 362
1106 502
343 505
202 133
250 313
479 100
353 658
251 365
517 356
542 459
462 293
537 625
852 372
1105 528
940 638
474 179
1106 503
457 72
504 366
1157 336
1150 405
566 545
1195 163
1050 671
346 640
1117 37
638 618
708 422
631 607
629 650
1196 457
425 127
1174 485
762 295
1138 451
927 86
592 505
815 330
173 652
779 449
863 209
886 599
213 251
163 596
472 318
232 305
58 340
1080 511
210 329
576 703
883 541
172 460
1195 419
819 281
1160 285
617 642
485 163
503 47
1115 660
1181 237
160 457
777 111
149 445
981 201
828 233
1197 434
288 164
845 425
906 57
1191 567
1137 582
845 243
173 203
673 24
890 675
1116 684
1041 30
445 38
1118 544
222 662
354 68
485 519
904 494
237 705
142 529
224 708
1125 58
387 77
783 93
1088 191
477 138
1129 591
1147 88
518 276
555 519
399 387
1198 417
599 604
195 295
207 295
896 693
421 98
1176 271
158 620
915 514
1097 511
460 78
1074 686
531 354
593 705
436 201
1162 589
446 118
1169 579
148 537
419 161
1106 643
1126 480
1117 518
144 520
1203 406
750 31
1145 281
415 282
889 614
765 239
913 529
744 18
1144 141
968 156
828 272
278 409
574 416
1050 339
184 524
332 535
1181 442
74 378
775 195
204 318
414 46
113 270
1102 600
598 493
864 578
1200 260
442 397
1093 14
371 45
236 269
342 568
1139 89
1130 288
169 73
108 339
412 129
768 20
557 465
1147 585
873 548
1137 402
1146 75
1175 253
1068 599
1096 380
1110 469
1201 360
1183 576
147 505
818 99
553 438
1121 574
1169 190
621 634
1071 433
641 200
119 562
1205 558
1187 494
947 212
1096 364
112 396
398 94
1157 360
493 90
553 451
1205 507
419 99
822 128
263 343
519 491
1186 243
552 420
1074 325
642 638
855 179
1187 612
835 231
1066 533
1064 428
100 340
1185 434
619 512
1101 208
121 508
1138 552
1079 673
270 403
595 527
193 259
227 308
926 655
1077 348
1105 507
1084 351
1086 690
528 604
1147 399
1170 529
906 637
1073 436
231 692
491 459
440 65
1163 566
1147 312
616 536
1163 609
132 358
1180 378
384 37
167 581
1096 554
209 178
1114 423
1197 531
1109 135
767 447
1154 196
97 304
1203 521
381 12
1086 334
1169 351
526 477
1201 504
241 642
1156 148
1181 396
90 268
231 339
160 600
462 86
845 603
1101 3
1183 481
74 240
833 159
1073 650
199 578
952 239
1163 258
542 522
607 620
367 244
1092 531
429 60
126 259
282 450
181 501
562 513
458 75
1111 527
638 628
623 652
700 254
1208 387
474 207
75 286
243 486
159 525
255 407
1120 647
1126 694
424 42
202 590
296 148
855 173
858 331
717 32
603 611
1146 646
1174 310
190 293
472 160
1206 432
216 291
275 462
1147 468
1198 469
97 289
1105 652
416 120
419 5
612 619
173 82
168 196
209 187
937 107
1010 363
489 198
704 123
455 205
650 704
211 305
1146 432
1030 535
226 247
99 147
529 308
239 393
130 372
743 696
1174 464
1138 424
263 302
231 312
1152 439
205 635
909 72
199 161
698 24
195 226
114 242
540 695
406 161
247 327
229 443
881 595
176 215
1165 509
229 405
123 366
1132 426
185 275
783 119
184 656
219 355
193 49
850 648
855 426
220 292
167 540
1168 77
380 70
89 460
917 550
233 432
1133 292
876 628
880 595
94 391
518 247
935 95
747 16
663 685
213 214
222 635
1195 203
616 531
443 85
798 174
125 511
328 177
127 362
206 321
207 216
1205 437
786 47
920 208
1111 512
968 157
559 680
264 491
213 330
908 104
229 412
422 31
495 335
209 324
296 538
600 680
110 425
218 293
1131 548
1172 182
374 690
1190 640
792 139
290 282
967 283
317 493
1230 257
202 274
1190 543
107 368
1081 678
1120 568
614 693
214 229
210 200
243 657
223 221
581 710
1208 301
184 238
1204 364
875 574
277 330
480 232
612 615
229 384
344 700
166 619
417 718
538 369
361 102
1091 217
215 293
109 315
1192 206
1030 77
154 488
199 257
238 693
993 602
546 8
1162 666
1130 337
1176 481
632 319
428 79
1087 439
239 271
922 149
349 26
166 202
1184 614
138 492
168 142
184 214
1078 694
1105 496
177 198
359 664
287 452
425 73
458 175
110 451
594 286
1174 340
387 27
470 188
1102 521
823 506
1120 689
846 631
1151 259
887 75
184 325
202 262
547 407
993 205
279 691
809 557
182 229
939 138
425 88
904 487
928 673
573 496
313 343
230 643
358 679
270 456
488 233
444 267
1090 473
448 50
1186 470
528 505
1096 352
693 23
877 266
1185 242
184 545
1159 404
1113 684
292 556
1165 587
268 466
484 50
1102 431
253 537
599 662
533 310
250 470
1080 681
1194 255
150 586
221 400
188 297
496 577
1121 469
1093 553
1153 542
1113 388
214 313
232 313
1100 336
229 336
974 178
920 113
1044 326
1176 637
784 75
746 30
1124 661
143 415
348 708
170 39
295 544
981 200
1103 285
587 176
450 321
598 522
993 161
198 246
1058 335
608 697
346 627
172 280
472 46
410 73
137 508
189 204
262 335
239 328
514 285
1126 649
110 318
222 291
1187 537
698 135
365 435
1080 340
229 277
180 160
1173 568
777 395
631 702
1128 161
517 167
1131 254
1137 567
1158 384
932 540
356 435
507 239
701 56
232 423
548 24
565 448
1107 683
605 583
895 497
391 700
1111 505
388 701
74 435
191 604
87 295
555 37
160 172
380 85
203 246
1152 657
879 565
224 265
860 250
587 62
84 411
147 469
1100 303
689 277
274 373
1044 436
1174 430
157 68
276 15
245 718
1196 467
1054 358
1202 345
202 617
1166 615
583 476
185 600
107 499
1111 644
734 17
362 537
1170 617
139 502
878 537
1194 305
1109 213
1151 347
791 135
201 92
205 268
459 352
765 37
405 123
270 287
552 529
934 317
590 553
978 313
715 139
748 103
331 421
939 186
1188 483
1107 291
355 266
52 336
60 291
155 488
189 221
233 703
183 523
983 257
1156 504
1164 280
337 429
1105 362
1190 595
1064 709
764 142
256 330
1117 293
888 489
217 154
1137 581
894 699
1206 173
902 481
220 626
900 463
761 20
801 173
182 252
1184 583
1174 515
1120 684
98 335
562 11
953 708
956 135
1177 380
201 319
229 298
1217 581
300 560
246 371
1108 37
84 222
1071 339
1177 597
777 53
187 242
1113 677
374 718
199 136
629 611
1177 521
219 321
1127 592
189 626
1110 447
224 396
896 499
1199 132
1124 222
365 670
1108 658
392 70
992 636
1185 491
594 654
566 558
351 584
889 48
519 442
1182 303
902 706
686 448
441 79
1111 400
369 602
132 338
607 501
1095 367
209 333
335 347
241 405
220 299
1187 572
518 169
798 595
1106 535
1087 409
422 134
981 30
256 486
968 199
855 669
147 447
1127 566
129 393
892 576
492 224
219 426
1153 553
152 560
1148 616
461 108
1057 355
1137 513
236 688
1152 506
496 475
905 626
227 257
463 242
1213 402
181 559
1186 511
449 93
1087 492
169 524
1183 511
1112 620
1202 235
1116 681
250 423
901 652
871 239
537 367
888 703
146 363
745 278
1174 88
224 279
1136 43
849 283
1165 463
1206 236
133 362
904 512
356 366
522 539
1204 552
367 101
1174 623
213 266
290 475
381 42
566 451
162 522
846 234
630 709
1136 709
132 296
827 175
756 58
320 332
457 27
1071 521
624 623
598 718
1109 591
243 332
668 413
868 301
571 21
900 84
651 710
924 90
250 394
1204 262
835 446
815 369
1187 415
531 437
271 418
270 708
1013 354
1144 231
212 277
1135 607
562 429
697 254
1094 29
418 418
940 683
1083 329
1115 189
105 221
708 75
1110 517
925 216
722 25
1172 228
1126 415
1200 585
543 450
522 534
888 587
561 31
839 268
1090 624
1206 214
103 236
1131 641
399 82
884 4
1152 253
247 384
347 226
176 231
788 181
191 121
1073 653
868 297
1111 534
1200 344
556 407
246 386
1085 475
1108 576
1219 209
1089 655
452 33
498 347
753 95
231 377
1168 394
491 323
322 261
566 49
431 604
178 202
415 345
1207 323
946 52
511 294
1095 34
941 118
371 236
409 73
335 241
414 57
1098 542
1078 626
485 169
412 56
910 1
914 595
800 477
496 73
124 359
974 359
920 116
352 56
177 185
470 50
1122 705
708 318
839 287
1091 262
169 555
179 579
390 695
286 349
1125 661
993 561
533 542
1073 537
488 56
185 216
460 93
197 230
1105 20
571 31
1097 506
1192 433
1092 627
432 113
157 177
1028 156
1181 408
973 351
355 700
300 364
305 544
267 460
1097 468
440 113
1077 42
205 346
543 0
1143 426
335 623
958 383
537 368
661 176
92 299
1098 194
1132 421
1003 478
1091 517
205 220
832 607
229 274
561 657
1137 446
503 124
189 206
1072 508
565 586
1061 652
316 399
257 272
1148 418
1191 555
687 20
88 323
753 27
707 413
985 234
74 324
849 400
1200 624
1207 492
542 584
422 70
1166 618
452 132
85 363
1084 526
1108 578
1160 74
842 304
316 354
109 434
894 532
323 283
224 191
353 100
1142 272
273 434
213 362
543 338
1125 410
1124 409
732 3
161 385
772 469
580 475
166 162
419 71
1164 305
1191 377
1092 687
439 40
1169 396
1144 385
189 606
417 38
1086 502
1189 446
107 398
830 196
1184 581
167 444
1138 557
795 212
452 135
202 604
810 186
76 331
792 692
208 329
140 501
836 280
1121 340
244 299
216 662
1102 613
463 245
248 402
1144 512
184 551
586 206
102 280
185 174
886 539
246 338
1112 680
1201 511
178 490
124 330
252 396
1115 567
1136 719
396 71
1077 363
789 68
207 302
1124 403
1107 698
1138 486
811 144
1036 428
1078 376
792 216
1203 518
1198 445
1093 291
1057 519
1211 169
400 66
484 126
787 10
829 509
1173 201
240 303
255 698
127 440
1198 414
205 245
916 685
484 433
1191 609
115 418
1185 293
1097 534
332 473
1200 462
131 522
1157 348
433 75
893 667
1107 437
818 260
194 380
136 618
186 682
512 236
1169 142
508 290
756 299
531 445
1149 443
605 472
1084 484
854 294
1085 529
209 628
1132 367
1085 135
478 71
873 383
1093 195
219 285
109 479
269 542
1082 13
1124 669
124 403
234 372
1129 622
1081 186
1199 256
563 481
221 336
573 674
496 289
1097 353
109 413
636 668
550 236
559 15
736 112
875 522
1129 688
66 399
400 23
616 691
1172 446
109 525
518 391
383 197
596 664
1187 418
176 570
137 555
237 667
1129 27
391 35
202 576
192 587
939 311
427 517
869 641
1172 477
451 82
525 472
360 47
100 319
1073 520
171 206
156 430
254 402
1170 543
1111 389
1182 442
1133 709
848 280
1203 424
498 146
706 2
442 59
399 57
225 213
1120 577
834 255
550 529
467 190
548 422
1109 409
1151 638
1196 543
333 231
216 595
1087 366
1185 481
336 249
1191 342
479 94
1121 510
488 186
120 316
836 211
1117 260
1100 529
543 466
251 434
87 294
510 377
82 293
531 419
1200 385
1130 345
775 283
1172 349
445 109
1184 503
832 155
228 383
858 625
236 628
493 242
1137 590
880 669
855 216
933 136
616 590
225 318
463 285
777 97
253 423
624 543
248 374
1153 435
800 335
1151 408
880 624
1149 457
192 57
1059 658
692 93
918 82
195 278
199 237
1106 210
1157 569
273 715
432 60
1134 51
971 114
1236 17
271 425
578 475
104 397
1164 152
199 276
87 273
382 30
832 210
1103 29
439 194
199 367
810 408
1096 298
510 181
1107 365
839 582
1201 259
1145 459
1156 412
105 489
949 162
94 324
1197 303
343 580
1093 556
724 467
81 176
1171 164
222 319
859 292
1087 670
1178 444
470 185
1089 648
144 494
1203 388
1153 157
1102 446
1097 198
1097 509
1044 443
1117 526
328 30
450 79
1118 634
429 66
790 170
1204 431
1135 263
700 8
1138 349
1207 613
1095 388
746 593
1145 314
792 55
1137 538
1091 546
1167 327
1082 516
1096 242
1043 471
910 676
635 650
468 116
824 183
1189 259
1175 344
200 552
1112 505
1179 489
1109 338
219 303
1196 441
71 449
1126 413
1201 538
1175 322
155 500
1150 434
1113 59
780 218
1155 456
1168 620
202 540
888 36
185 590
533 389
866 121
565 422
91 321
855 647
330 62
593 662
448 34
191 167
145 511
543 29
1090 467
430 21
1115 294
1042 459
438 25
1101 574
1183 394
1157 313
148 241
235 653
905 652
222 202
1092 362
446 50
243 481
1095 308
1125 457
488 355
500 79
207 669
1039 329
611 711
143 448
184 546
186 561
1076 469
1088 655
352 564
413 83
864 596
900 679
1177 324
209 307
1184 387
929 640
405 55
118 325
237 341
565 493
163 153
216 288
222 349
931 311
168 483
1138 461
1191 582
1109 266
266 681
129 528
1078 426
175 41
604 652
196 590
386 51
219 338
222 666
553 584
1203 220
223 405
1097 636
1104 675
1204 186
1134 671
1157 546
515 577
841 152
905 115
1090 303
599 701
1155 398
882 22
799 41
783 136
1160 283
437 80
872 534
197 648
1178 287
1190 273
219 693
130 397
164 581
237 439
482 65
393 645
82 388
770 129
1154 363
94 344
139 391
878 644
1180 212
1107 473
589 80
1132 505
1111 291
202 653
359 674
521 322
185 327
1140 584
860 261
1138 556
201 341
894 52
1099 299
167 199
1107 646
1175 601
188 213
177 210
818 239
343 77
1194 321
210 627
976 217
1196 494
364 633
172 623
910 113
931 67
1085 715
985 206
780 135
269 386
339 711
808 359
899 512
1193 223
247 272
370 390
86 412
373 271
1160 552
1132 417
601 589
1078 329
561 502
1105 405
586 43
1180 316
583 67
800 481
94 349
646 692
1192 528
560 676
935 715
831 86
265 404
852 223
796 425
224 254
190 633
1104 660
928 120
1084 619
1123 122
1102 188
612 633
1196 226
744 147
1006 532
95 268
856 233
1071 338
1111 376
1179 553
815 104
1158 153
1125 320
1157 227
784 108
111 448
471 65
1151 318
628 631
1077 5
962 260
1199 458
342 700
949 341
103 312
1146 532
576 672
1142 328
1163 427
1133 393
516 356
219 661
1194 440
1142 655
402 114
171 530
469 123
1198 136
1100 622
520 431
464 450
602 673
1080 582
362 145
207 633
181 573
810 686
205 689
762 33
428 177
542 456
97 254
948 707
1098 402
1177 308
203 297
356 41
911 138
1097 324
798 114
1005 584
735 80
434 57
303 63
384 208
177 169
108 371
910 573
221 274
1102 180
915 578
841 316
1126 538
886 686
247 686
936 157
980 622
216 295
1132 455
134 430
1165 367
327 613
937 632
1179 665
214 282
1164 525
600 623
497 355
528 216
1106 440
1196 282
162 511
623 694
234 641
1131 486
1101 517
1182 217
1028 554
711 4
1102 650
961 287
1190 261
895 693
863 298
447 233
76 267
1108 503
159 182
534 229
1126 594
177 537
182 222
857 614
91 548
1101 635
988 585
1160 458
673 114
924 585
1128 578
83 283
1198 248
1185 169
1018 37
359 54
771 131
350 334
236 374
1112 693
847 502
1110 271
1006 538
307 521
201 323
300 431
94 297
479 451
160 583
442 14
189 578
256 407
583 577
324 453
1179 383
231 291
226 380
82 534
1085 534
642 668
600 661
182 609
195 566
922 159
527 255
547 316
1084 672
180 174
189 161
544 540
954 130
401 83
1120 629
478 329
216 384
244 276
210 313
237 361
233 340
212 266
201 297
260 398
214 315
190 243
474 230
197 314
940 188
547 34
1205 205
165 14
224 269
707 664
1205 364
177 218
589 581
995 33
241 343
1176 398
797 18
199 148
1016 651
836 297
694 632
220 323
222 363
447 103
797 246
927 406
235 719
310 172
231 360
818 419
190 166
239 610
1157 509
216 144
1156 399
186 293
825 191
979 315
213 298
218 314
180 210
1180 190
724 680
202 323
897 3
367 692
1124 621
463 58
129 421
417 86
266 388
454 59
374 660
784 154
351 299
491 225
1234 291
81 347
149 479
219 176
1169 419
333 457
372 69
1180 382
1137 332
276 468
752 266
267 434
530 344
1094 674
371 668
1118 421
192 245
121 282
453 167
254 435
233 366
282 467
584 29
202 370
994 100
432 632
194 191
211 334
250 482
330 244
549 295
1109 439
561 446
1107 187
188 579
237 287
771 39
200 270
218 361
817 183
247 299
323 376
613 296
1007 40
232 308
302 556
1152 326
1021 65
923 181
236 426
74 358
497 311
347 538
222 320
843 285
992 687
958 272
565 18
1098 617
533 216
154 439
1180 617
913 108
299 434
1128 542
138 504
901 50
470 171
948 166
1127 178
1204 322
193 375
224 421
1160 539
1118 442
183 213
347 57
483 171
359 522
1096 693
382 708
997 495
144 400
784 400
178 27
506 355
422 105
1123 170
495 210
149 557
1160 469
231 398
1116 424
1126 547
876 20
253 468
176 202
426 85
215 272
169 559
153 55
583 635
294 716
976 292
1206 257
202 279
247 294
556 491
1102 676
113 303
807 325
461 109
285 499
142 476
254 347
950 184
1133 322
1110 627
154 51
212 572
1113 492
1189 408
825 134
1138 525
782 153
847 319
1103 294
178 212
480 187
187 257
200 345
329 611
125 495
792 56
878 663
933 71
521 177
474 204
1172 211
425 189
271 536
228 400
791 419
768 70
1110 540
1078 506
825 86
786 265
228 394
161 583
826 188
194 704
620 650
1150 612
191 622
1174 596
909 598
928 716
1156 549
575 656
924 25
187 603
109 438
1152 527
421 136
229 626
602 683
1037 406
1101 315
748 4
820 601
1096 533
213 339
1184 597
267 462
1099 599
1182 306
1201 382
270 368
767 210
1166 654
161 502
1085 355
649 698
502 107
1130 539
858 300
1105 685
975 478
258 678
432 133
226 592
1124 353
243 309
1203 121
773 449
129 384
1190 456
1099 552
298 189
172 486
787 451
887 655
863 520
769 464
198 583
545 341
1125 348
78 312
469 118
727 37
1178 146
1203 439
1126 524
778 42
465 80
497 320
908 708
610 567
531 7
832 186
1193 451
798 135
369 72
1109 553
961 239
1137 576
1176 601
91 260
589 679
595 270
496 110
1202 317
729 347
382 32
144 513
161 518
362 103
270 430
127 369
178 498
402 42
252 688
338 63
1117 588
824 226
406 58
1165 337
785 128
748 30
1100 4
220 631
1195 263
1162 254
722 191
434 181
771 123
425 71
1148 561
104 525
542 521
1134 709
1194 526
1168 441
413 29
1116 711
193 597
1094 682
775 83
215 616
213 603
461 136
535 466
1169 559
235 651
1182 467
1109 492
588 619
822 108
795 194
119 457
873 568
875 612
78 454
399 129
174 534
215 687
858 282
1183 596
1165 288
1064 333
404 76
211 630
823 592
1196 514
782 295
437 61
419 98
802 203
832 216
1161 609
1172 620
1129 353
1116 624
770 151
606 477
907 589
41 399
1190 507
876 586
773 36
393 116
360 66
176 456
1100 527
1127 609
1186 486
1050 496
1156 466
1064 692
171 484
277 705
467 66
1108 478
104 380
135 472
648 17
402 98
959 269
260 368
1203 446
1138 419
377 96
1203 386
710 139
902 674
1122 265
1204 525
1131 431
170 465
176 511
1184 450
566 603
1194 496
1089 523
1148 361
759 73
1053 334
226 310
1096 350
1088 505
411 24
351 93
429 65
470 104
167 224
1206 224
178 592
302 489
837 405
1157 609
545 353
1144 435
1192 578
695 31
745 11
1093 294
575 489
1138 425
894 326
442 120
79 494
1129 502
1136 564
202 372
523 303
1133 304
1191 424
1187 203
1105 516
223 225
193 600
1145 456
520 439
811 632
103 268
1163 84
618 620
261 354
1133 185
876 215
781 453
885 522
881 529
407 67
1065 173
1151 378
845 401
174 271
1105 437
927 673
1176 86
763 10
140 426
1179 505
1062 479
747 265
549 408
443 140
351 83
1101 501
868 649
489 206
1189 636
277 471
1115 562
828 264
1201 622
227 320
889 542
858 701
1108 46
1190 173
527 535
1132 466
440 23
736 57
561 425
946 179
1094 454
1133 616
554 431
176 157
479 144
785 89
1163 295
125 426
217 308
236 653
1188 653
1199 510
1162 594
1195 617
169 517
880 511
176 213
1205 293
1076 464
392 121
223 448
810 454
1065 707
875 513
188 518
1108 429
487 353
207 371
1171 579
1124 221
770 21
825 78
1119 657
1137 643
1131 430
633 708
1153 681
1092 566
1110 526
1127 638
396 18
815 221
104 350
881 546
1189 525
1132 619
504 76
1105 588
157 467
206 666
265 684
462 33
871 524
219 669
400 68
427 18
560 547
1116 638
851 266
112 388
1176 388
158 578
907 648
1196 371
439 48
1097 214
804 174
1159 300
1159 458
1126 706
323 83
905 558
298 494
847 339
1077 703
156 595
185 555
1193 545
1194 495
431 203
795 50
384 19
1053 481
211 254
1060 699
1116 337
908 625
1118 525
1180 357
179 572
831 149
904 682
81 213
1201 362
980 183
440 41
1106 47
234 698
936 678
1110 473
707 230
1155 431
911 676
1145 553
88 596
110 372
1141 287
1118 536
93 273
1105 614
875 427
1161 453
923 718
732 10
1111 501
1195 312
1086 226
171 600
858 284
1104 428
526 144
967 439
127 544
536 448
1106 227
77 285
805 102
866 573
1074 590
108 336
249 691
237 431
487 244
242 698
855 258
565 344
721 4
399 59
174 501
1088 394
772 4
769 151
1100 642
1070 579
1168 579
1140 451
92 233
616 503
407 14
718 147
173 515
756 148
821 668
830 158
127 291
1116 476
191 567
1169 582
477 525
1121 614
89 349
1108 180
1140 573
77 312
1120 490
225 596
1195 458
1163 330
256 689
1124 457
1067 469
162 602
555 453
1110 16
706 12
334 252
892 583
784 107
559 436
882 569
829 242
365 666
132 452
1130 484
779 112
853 540
167 607
823 133
1118 621
1176 203
393 32
1200 467
1156 291
1072 519
375 185
597 662
413 195
131 442
939 0
912 713
1143 138
1167 629
324 34
596 516
1137 471
952 21
1190 344
762 91
496 216
1170 246
569 684
1052 308
155 415
507 95
735 23
1208 505
84 494
872 53
1072 514
1132 457
402 24
369 145
572 679
262 711
203 621
786 217
855 390
1112 533
140 495
81 342
149 572
1108 660
1148 708
1093 466
1164 594
1199 185
1189 631
1082 2
787 43
1082 654
1084 596
1201 490
893 318
1175 520
1083 536
1202 455
586 630
509 251
472 214
1136 520
1196 290
370 54
1196 424
69 273
1116 560
586 502
682 38
805 402
98 478
913 536
168 558
766 47
815 187
99 193
1176 337
1179 275
523 265
267 643
624 700
1111 602
523 593
1130 410
238 434
1095 434
579 504
740 43
1199 260
747 128
102 313
1092 280
1176 558
1171 283
785 184
1106 418
499 138
528 546
1195 449
1196 233
1110 506
421 73
547 684
898 685
105 402
363 101
393 105
874 622
1151 299
787 83
207 562
886 483
436 98
1103 501
460 27
413 24
1169 275
1102 665
512 529
236 656
1111 670
420 71
197 594
758 542
121 243
170 492
790 208
847 302
708 59
1178 523
1176 332
947 139
117 568
1135 650
851 595
1165 386
781 322
1204 395
218 646
195 245
979 411
1165 420
513 168
774 31
463 93
1176 433
1125 614
1147 407
570 502
1106 649
189 586
947 623
1188 359
1081 520
335 118
73 405
1143 372
753 105
541 327
895 626
1140 313
811 61
805 70
591 519
1103 639
780 227
1085 572
1167 361
770 7
1100 531
233 634
789 541
221 313
154 505
1086 441
1106 626
271 582
565 420
516 574
1107 564
730 7
1093 18
526 611
829 224
1069 673
1151 280
1128 564
1149 369
1140 444
443 35
1168 343
384 76
746 181
813 109
812 432
552 311
1162 624
821 136
207 583
1091 548
900 694
787 85
326 569
1102 523
1190 483
1100 535
804 525
1176 215
1148 644
1177 637
615 712
1043 451
1176 222
1183 181
404 93
1162 297
1066 676
1098 540
823 563
542 713
1209 411
465 247
194 651
1141 86
623 639
1165 425
184 228
784 180
157 479
464 28
1198 254
553 597
204 371
1155 506
101 361
897 686
180 634
388 126
1170 352
1058 486
1135 267
1174 154
562 650
888 13
808 175
1192 213
1115 418
497 329
536 696
87 384
335 50
778 87
1161 555
1206 158
116 544
1105 370
1139 503
844 557
459 68
1191 504
428 45
785 586
166 531
1081 603
1141 489
138 325
195 603
1188 424
1168 431
421 95
506 442
896 11
164 164
912 653
1082 663
1199 275
549 558
901 501
195 620
555 473
847 186
111 357
895 601
1128 525
1060 693
1187 359
1103 657
953 167
1125 324
486 177
465 118
769 52
524 193
425 114
564 488
242 618
114 307
1132 435
1129 533
1112 356
592 561
1191 315
91 279
1149 313
1103 399
1105 626
898 452
175 226
1047 660
460 106
1206 359
1135 273
775 132
511 380
1171 489
394 39
307 507
1211 509
356 63
1115 529
884 508
1203 185
1196 308
135 299
1078 431
753 42
1190 481
642 713
254 642
862 609
482 195
1192 475
319 586
1197 185
1107 45
1168 157
893 695
99 403
430 69
1090 645
1209 391
1084 215
1125 601
1074 378
1135 553
1093 316
1109 335
782 104
1052 520
1119 513
1168 266
1118 292
1078 317
109 322
1126 677
894 57
615 618
836 361
220 399
476 470
790 411
768 224
902 619
783 422
400 511
214 278
891 548
210 684
442 75
152 431
1207 587
705 105
794 335
377 79
866 568
1120 622
1141 500
621 595
116 327
580 457
1105 7
708 82
888 3
448 38
573 658
784 301
1178 89
247 374
1098 3
509 156
1173 438
1171 418
1118 422
1131 697
954 167
514 256
808 416
1196 325
1130 409
761 633
473 125
644 680
213 195
1109 644
151 367
448 441
1149 283
177 65
143 398
610 243
1129 211
1131 284
1193 265
221 672
954 114
817 221
881 548
1188 464
153 517
206 283
67 413
169 211
1048 421
1148 504
1177 512
616 614
1191 474
789 191
804 485
135 517
224 693
1179 529
547 667
348 92
125 482
1182 555
229 719
1158 250
775 130
555 479
89 410
534 525
827 682
221 322
856 677
1173 353
604 32
206 351
548 711
758 642
1165 588
568 429
1187 411
619 607
602 653
165 481
1147 355
1169 93
825 108
56 280
396 43
1118 44
473 422
825 577
1110 614
1014 668
1044 631
1176 412
408 122
1109 520
293 512
1128 562
1201 266
378 84
594 632
591 657
443 52
939 585
107 316
767 81
1110 434
383 8
1083 391
239 414
594 464
138 495
1146 438
1117 682
196 175
166 532
452 172
799 438
490 228
848 670
1118 654
1154 598
1128 624
524 229
162 424
1080 197
79 376
891 509
150 435
519 430
933 239
1090 276
757 306
1109 657
464 152
460 449
408 3
232 695
1188 485
1207 448
306 547
994 609
1079 457
682 46
636 640
447 12
114 399
524 397
1139 581
1090 345
629 639
1192 274
832 227
1186 451
802 243
631 705
962 28
198 614
430 46
193 299
832 299
1065 704
927 635
181 198
1087 317
922 54
1072 467
184 272
1171 403
308 447
924 533
1071 450
573 35
713 98
1177 210
83 440
1114 630
697 353
1164 682
751 162
1165 653
79 244
516 245
194 589
169 596
577 530
1172 512
444 41
743 0
1172 137
781 125
751 367
551 291
543 507
341 653
502 358
954 169
808 419
551 388
1201 452
535 659
577 517
1185 236
192 194
920 529
616 599
94 267
488 253
977 62
909 25
120 364
1079 309
1082 286
1188 270
1075 447
215 223
221 356
256 374
1205 362
296 524
1196 640
198 87
295 438
68 429
943 666
1131 613
363 23
1055 653
318 528
905 707
1000 421
1178 218
1182 311
536 236
1127 545
972 447
442 52
1194 370
947 124
593 618
223 398
1108 534
918 250
849 647
188 298
673 363
282 435
719 137
942 92
960 224
1147 397
1103 623
282 447
949 164
255 279
1168 471
746 26
1085 204
219 368
181 606
247 674
365 714
194 266
231 405
187 205
254 377
164 174
913 44
687 151
357 718
216 319
580 464
987 22
233 440
576 229
1032 7
291 574
982 35
978 226
244 442
1110 390
959 44
209 167
167 193
1110 243
247 411
144 215
920 708
1089 693
1084 715
1132 443
79 309
1141 598
200 269
991 245
902 116
572 8
198 261
1198 419
211 359
321 577
372 691
226 462
296 495
190 191
472 48
1111 481
817 345
996 535
399 677
223 418
472 616
495 297
611 225
306 544
193 255
184 141
189 186
339 585
359 644
179 39
265 471
962 284
213 242
910 97
452 566
168 543
994 206
921 126
1187 373
1201 336
226 392
802 74
205 290
157 463
220 397
1094 537
233 410
228 325
224 454
383 705
1038 414
1107 625
636 279
1061 292
1205 584
912 108
297 561
555 698
917 623
621 201
969 367
196 357
421 482
1130 358
292 476
969 231
1002 527
412 98
571 339
323 72
1196 137
262 361
1179 585
268 718
483 316
422 54
880 11
942 42
1276 663
173 162
912 82
145 493
816 318
1013 109
228 370
194 80
213 277
379 296
1099 683
386 710
1106 266
1085 461
1115 585
90 376
194 648
1171 277
176 474
916 113
193 265
783 304
1152 195
596 680
216 145
177 164
396 698
671 446
216 356
553 1
374 393
765 287
707 270
555 29
789 2
1121 528
886 630
624 711
901 506
355 659
185 196
225 319
109 483
664 378
199 379
1069 518
308 551
996 646
205 323
1114 420
1196 561
662 441
226 598
303 522
163 431
346 710
318 374
250 393
1183 381
895 577
206 653
364 678
200 205
210 659
737 38
1184 332
1146 645
1114 307
1170 100
519 394
159 524
1108 524
1128 532
1130 594
861 638
1185 387
634 619
743 98
187 171
1140 521
172 196
1180 214
822 189
1184 236
400 60
343 117
773 7
1085 590
814 591
88 185
1174 659
191 642
520 390
668 191
1077 686
1093 396
839 545
310 532
740 86
1154 153
165 197
1166 651
216 202
1086 682
343 417
1068 700
520 406
147 331
873 579
143 561
319 572
737 1
189 282
603 684
586 183
953 183
148 472
185 247
1114 46
186 225
1082 480
948 158
874 533
98 307
776 428
195 322
164 479
187 246
1173 594
1119 554
170 198
976 357
220 336
118 294
891 700
1126 410
863 492
1112 406
1169 74
1207 470
1076 442
211 199
1017 77
760 398
464 116
238 399
212 369
455 41
704 699
152 175
327 597
129 533
327 652
277 211
1150 621
1139 483
537 8
1154 569
170 188
311 474
244 354
1068 250
316 579
217 407
220 339
219 606
778 113
263 517
245 487
235 349
1141 34
234 314
1114 193
932 40
952 223
970 220
185 75
586 76
234 319
279 493
208 247
340 712
997 174
317 440
171 160
187 228
189 217
235 350
226 229
208 214
218 340
957 189
228 395
206 196
1162 500
180 131
219 322
918 119
181 180
952 28
1196 329
516 335
947 140
925 211
579 612
229 422
203 294
383 706
292 429
181 72
1185 160
1200 442
585 608
989 223
713 352
814 73
217 232
1104 681
183 245
1025 435
581 72
438 63
796 42
1121 437
1082 345
214 428
1160 625
182 5
1152 307
1154 280
117 381
1117 354
716 448
563 37
1189 626
337 612
903 41
1097 464
1123 636
281 456
1180 241
247 380
1134 602
243 400
1138 427
887 32
898 1
222 696
327 425
183 222
958 99
563 49
923 288
1086 524
433 180
1136 489
1091 304
528 537
1146 455
838 328
530 666
318 190
799 644
813 307
52 346
302 523
84 281
205 583
206 319
177 220
340 617
112 321
1145 443
998 432
269 456
275 512
160 75
239 662
907 35
274 537
518 249
969 41
598 263
357 705
187 177
1134 648
959 164
269 384
1137 277
387 14
1154 548
194 289
221 402
278 350
1137 426
1184 601
1191 142
698 142
208 266
480 118
327 644
1144 387
1171 189
954 145
1145 438
445 62
197 162
1131 163
595 440
582 569
258 508
145 404
1143 638
164 141
1143 234
478 81
310 571
1089 400
281 500
195 277
197 211
308 507
407 72
904 97
906 592
232 222
208 371
1085 663
904 76
1145 658
620 641
1203 253
1175 216
228 594
727 13
131 283
1083 542
221 354
913 140
212 639
202 290
1195 467
484 461
848 435
202 247
600 663
1094 318
935 644
495 306
1129 340
1170 526
840 538
231 331
1052 79
473 135
125 328
1119 417
855 691
460 305
1059 433
1134 507
1136 549
1113 659
1127 522
918 161
720 148
1092 335
1101 285
625 532
1171 199
565 524
1163 322
113 389
1092 389
752 70
275 362
415 448
923 20
983 652
218 326
628 22
270 716
1112 414
452 48
218 608
822 221
217 220
175 168
236 393
655 483
263 439
355 712
455 66
1118 345
88 292
609 512
270 464
992 526
1114 337
882 688
199 212
1209 475
1107 582
1143 597
197 190
475 133
1095 546
150 528
840 321
356 671
562 423
779 318
1104 516
844 221
305 559
950 51
66 290
163 139
322 526
226 365
216 231
1141 70
975 217
186 218
349 583
216 653
196 230
895 485
1003 0
220 349
248 309
380 419
816 109
177 2
928 359
223 303
225 402
275 514
198 210
325 499
280 445
268 357
252 424
248 411
1061 690
372 715
177 200
199 312
356 709
575 204
470 213
257 436
272 366
203 360
187 58
731 64
220 212
1134 441
178 204
178 215
215 336
341 572
447 69
207 593
194 167
243 367
286 457
176 179
255 411
684 643
214 364
301 473
600 226
271 401
1161 303
351 137
1142 593
234 309
286 415
292 405
548 418
940 216
381 53
209 344
221 264
346 371
197 351
230 293
229 367
208 69
546 426
1070 479
1096 596
956 183
994 132
210 220
1099 501
976 468
1006 544
281 498
201 299
242 321
127 506
1076 533
199 222
211 335
201 129
229 270
1098 360
283 383
348 672
166 213
250 674
187 607
990 105
339 639
303 542
209 160
195 329
201 581
206 153
319 642
121 413
911 96
276 419
162 481
857 355
912 51
1003 286
358 241
1006 570
229 309
610 45
269 712
550 38
257 439
206 354
51 301
536 451
226 437
940 352
217 305
200 333
996 174
215 381
1019 8
221 339
913 78
301 397
224 648
253 407
220 201
248 386
897 32
835 685
144 579
1035 314
1141 607
993 567
720 680
1075 646
1177 401
238 421
967 695
326 599
1054 26
274 446
994 605
212 314
1209 467
232 316
870 82
253 426
1223 180
218 359
955 276
1097 426
284 450
604 691
177 266
892 48
1149 519
317 629
122 394
322 484
1079 405
930 131
921 119
1079 449
1012 233
1120 59
924 370
190 303
664 342
1096 558
917 69
1112 428
953 350
276 378
407 537
993 441
1075 705
563 539
222 199
594 303
249 364
938 211
236 436
731 21
974 204
288 482
957 177
224 284
177 165
1178 204
966 207
774 77
523 328
599 665
936 97
468 45
290 463
201 261
391 692
1113 602
228 260
1085 607
301 371
1140 465
1214 589
172 187
352 294
230 292
1167 609
187 325
1137 476
352 650
110 342
293 436
1157 538
980 131
1167 647
798 445
1169 664
546 485
187 193
1083 331
1086 596
599 475
227 317
491 268
218 715
505 136
215 341
526 367
661 366
597 105
848 285
782 305
814 165
575 16
277 300
1140 475
773 427
1050 372
1190 338
1176 530
222 406
797 196
254 428
1087 686
1078 479
1068 445
586 637
490 165
593 604
1142 687
214 627
1114 693
1127 614
1099 180
554 668
827 596
236 435
1176 285
1098 528
1139 279
442 36
194 639
580 492
712 102
1002 597
621 590
799 209
1083 255
209 362
418 47
998 24
1129 366
1139 429
1165 437
90 445
407 96
362 47
732 90
119 225
1203 267
847 298
783 206
101 499
232 324
797 70
628 712
110 299
638 101
365 84
133 436
1064 312
558 21
1139 138
1081 195
1070 419
797 154
82 408
936 658
462 127
1188 429
207 298
1157 444
211 389
378 74
879 576
545 413
717 131
607 36
439 138
320 441
293 544
64 417
1163 66
242 270
873 672
233 675
1085 551
796 115
589 620
1110 430
1171 516
1081 176
950 665
948 218
321 500
1198 276
902 41
713 607
1121 366
902 496
1090 611
199 197
300 518
459 202
1108 414
142 504
175 247
946 708
220 370
788 36
191 196
241 347
1021 256
114 302
903 550
1161 446
835 261
219 385
357 679
1156 679
1104 571
113 343
365 420
1177 464
661 255
1106 641
983 76
564 586
968 143
794 443
581 484
1131 540
1135 462
931 50
1015 536
134 441
630 546
235 695
411 51
810 562
1141 547
749 222
223 431
854 381
322 524
1202 358
945 700
880 585
158 487
1191 534
435 88
798 36
255 353
830 565
1172 243
1182 527
324 102
1140 176
989 451
67 366
1115 609
787 273
887 501
870 567
180 172
1144 272
154 458
1116 623
1127 691
886 579
633 672
1216 583
1123 369
282 465
336 60
1132 481
215 362
1154 577
1083 640
1077 491
194 623
841 132
261 249
1178 512
1091 335
752 36
149 402
897 599
1092 450
166 536
1084 567
1095 542
1141 326
933 663
1102 340
526 442
194 596
381 87
1090 394
1124 626
112 467
1197 564
537 610
521 302
456 112
164 468
398 50
60 505
1148 62
723 146
918 65
835 250
422 12
701 681
493 172
253 399
791 254
1121 324
307 527
1079 363
1155 482
899 573
96 397
234 690
67 403
1107 287
499 455
1139 224
214 653
976 85
455 119
153 406
428 115
583 609
817 159
546 595
160 504
1096 590
1117 487
122 528
