1256 713
354 573
945 158
1230 392
1259 11
1277 65
1272 523
782 139
1121 205
696 12
942 670
73 157
813 188
512 336
1261 19
682 148
552 684
1225 699
203 299
530 376
42 13
1269 19
865 599
842 415
770 323
737 107
803 55
835 9
1228 60
1242 691
1163 150
272 133
790 78
1209 43
882 363
30 649
12 650
1067 662
1068 421
361 320
292 95
857 555
381 24
981 149
22 83
1250 78
1269 643
943 123
10 51
1112 538
1236 417
1145 103
1040 183
1091 27
169 75
975 559
564 526
1207 28
173 671
20 27
722 61
711 683
1161 106
901 108
256 201
739 247
885 539
751 429
1119 559
977 81
598 19
692 22
23 111
569 522
80 26
1092 402
702 272
1277 177
304 667
936 1
784 181
892 324
1036 45
1278 308
846 604
880 594
14 627
182 436
1217 48
