468 715
981 460
595 383
1195 177
874 488
653 705
227 398
344 386
304 718
348 641
158 561
384 555
571 496
656 334
565 507
250 536
904 587
212 504
461 713
319 504
1027 339
330 493
792 519
266 535
580 196
140 16
13 60
252 546
782 59
795 665
393 489
594 16
1194 511
946 715
470 716
412 554
285 487
575 350
1105 545
1262 543
560 523
819 151
333 556
1156 286
638 427
338 534
34 38
292 620
32 591
161 563
1070 81
682 366
126 543
1219 145
921 445
291 506
454 375
898 636
610 546
307 363
124 459
1062 427
337 538
55 119
112 533
670 285
227 653
879 553
238 560
173 657
1020 697
299 487
2 21
435 714
242 533
821 494
575 545
342 537
531 550
1148 430
282 486
711 39
711 623
1121 679
182 559
191 504
26 712
629 413
369 718
173 487
469 715
483 486
