257 518
462 172
564 39
340 622
157 544
272 496
672 71
553 525
167 521
60 247
444 494
1014 468
343 499
207 719
162 135
320 548
983 454
167 535
380 714
203 494
147 635
662 350
569 523
1082 649
852 542
990 709
890 583
347 524
877 256
337 707
213 718
409 488
423 350
538 451
409 536
212 515
403 458
679 398
971 699
711 389
722 369
1175 243
1238 221
198 551
158 543
467 704
1045 513
619 107
384 400
159 647
426 590
460 537
1005 268
1132 657
529 504
912 109
149 526
255 311
784 358
182 521
1059 686
500 363
861 523
571 91
752 712
248 305
416 679
110 502
1249 602
534 533
927 545
366 543
605 348
1006 86
1227 112
348 518
1228 5
524 476
1066 699
37 591
556 718
507 470
1225 400
89 529
232 711
779 359
200 550
567 486
818 399
644 412
478 535
905 346
636 703
349 320
463 45
389 422
398 486
566 696
242 666
607 507
847 470
654 412
865 484
804 541
754 568
565 75
975 549
117 589
81 502
214 243
281 442
1059 506
861 628
607 527
435 538
162 363
259 426
427 16
546 521
970 457
1080 689
759 10
454 426
462 361
149 647
886 469
883 505
447 651
1183 78
619 473
147 534
775 703
428 711
566 517
892 701
1175 49
930 465
314 575
292 526
1094 483
136 486
