303 480
340 507
116 535
572 375
534 703
109 545
444 543
337 546
149 408
571 438
1120 657
1174 318
170 546
395 435
143 489
1025 300
985 543
468 477
431 510
1108 404
310 351
969 133
893 439
531 470
482 496
284 544
352 343
583 499
795 371
679 296
597 676
1152 91
417 447
443 514
309 529
863 707
897 408
727 434
43 718
918 681
945 13
313 531
1145 537
819 479
176 527
594 622
466 483
99 356
453 483
959 716
893 419
854 529
1271 307
675 265
492 702
378 572
616 381
608 594
134 283
382 410
189 507
791 699
876 97
1156 105
743 396
229 496
558 709
193 718
328 507
357 506
1036 663
803 473
246 517
351 484
933 466
366 544
360 490
318 146
411 453
747 458
629 478
332 491
337 529
100 487
460 542
666 113
146 532
1030 706
308 661
650 530
1169 564
412 705
453 479
549 714
589 401
334 521
204 485
1053 486
617 670
513 486
162 481
585 409
1085 508
159 495
556 717
171 537
928 661
977 505
361 470
607 676
839 488
416 712
234 483
743 341
123 487
833 174
866 460
356 547
470 524
583 503
712 655
60 88
259 101
1079 473
962 218
883 718
349 21
677 403
357 528
807 647
443 472
220 488
174 552
674 559
847 488
1086 277
353 413
385 549
818 549
1186 172
160 652
354 498
423 439
524 515
98 533
766 396
189 293
