885 59
384 554
390 545
309 392
286 371
814 401
332 469
619 494
1245 668
411 519
250 554
335 158
559 606
1065 146
470 546
58 657
449 453
466 522
267 557
441 493
726 655
216 515
173 549
940 288
874 417
333 545
646 544
3 392
878 221
736 145
102 565
786 405
340 516
1051 560
1271 665
1075 485
502 388
399 552
215 520
163 437
681 562
379 522
19 466
1020 469
828 299
588 493
393 510
455 514
161 496
438 395
312 652
742 459
321 575
609 149
312 530
691 376
843 427
107 434
243 559
673 504
374 516
810 37
346 652
1194 31
586 334
403 465
300 106
867 538
279 442
782 132
335 429
