229 358
1097 709
1089 239
522 47
509 399
107 128
458 44
191 443
419 534
963 681
177 533
449 550
389 551
173 571
225 510
391 457
297 392
846 405
594 542
176 558
819 488
123 374
1221 14
640 516
1073 5
625 703
555 378
862 654
587 438
98 536
914 262
513 657
524 557
336 449
138 541
226 658
95 461
1185 476
553 536
394 551
237 527
16 696
181 139
135 498
649 473
467 423
272 501
874 135
553 497
1267 191
1113 221
1030 502
182 557
443 553
916 582
893 70
236 491
1108 659
238 557
318 554
686 478
1173 467
1195 500
558 527
781 496
180 470
