922 662
137 352
901 690
891 709
1003 692
433 716
599 235
328 714
904 703
476 710
287 705
953 683
158 483
650 528
1123 644
213 97
445 716
936 689
520 673
1106 667
438 711
857 691
309 579
381 93
1131 26
916 694
341 705
322 680
262 660
634 705
627 709
238 674
909 692
745 701
918 674
495 333
928 693
436 719
482 716
992 615
462 714
829 705
1044 689
862 707
675 333
333 714
859 679
853 695
292 671
536 707
455 713
1083 712
875 711
1075 701
1059 4
1007 706
379 698
924 681
466 710
1107 606
447 709
361 31
826 696
320 717
896 704
902 710
1083 715
988 687
435 711
223 715
949 693
515 433
443 713
995 667
233 361
428 718
570 337
747 347
914 692
820 694
333 713
306 101
515 372
1089 629
852 622
404 675
1031 674
857 709
193 718
471 708
622 477
1038 687
658 717
435 716
272 715
681 710
282 656
372 665
1003 690
596 711
620 486
269 705
413 640
583 716
337 718
234 713
1076 696
443 712
304 714
732 170
816 715
273 630
849 696
825 698
702 520
309 695
818 614
941 610
217 717
260 717
528 112
460 689
473 715
504 715
832 719
969 676
1022 632
1130 650
471 704
974 649
1024 680
441 712
1044 695
332 716
464 642
272 714
1026 582
965 699
727 349
1094 7
897 712
449 718
345 695
270 719
330 718
834 691
453 718
1124 18
472 712
228 505
1072 677
504 590
529 699
427 719
861 648
352 675
877 717
828 702
871 702
325 714
202 718
551 706
474 717
381 691
937 630
1009 704
538 719
1083 708
333 718
448 48
332 678
854 6
892 702
462 709
485 713
273 715
152 45
446 635
1056 635
1066 706
833 711
969 647
455 715
486 716
474 710
627 702
261 685
305 718
864 678
267 640
1026 667
548 717
9 313
901 583
1016 685
245 715
445 714
969 692
329 716
1023 703
940 666
818 690
1031 609
1108 621
481 717
820 652
965 716
863 717
376 678
1137 593
461 719
931 712
823 690
378 694
223 712
1068 631
317 719
602 719
947 366
31 708
211 710
456 706
424 700
227 677
303 701
991 688
435 26
612 710
214 717
1107 693
476 617
255 704
359 78
962 715
1051 715
1058 695
830 687
337 611
332 682
447 711
299 144
308 718
1058 718
331 692
1075 698
331 712
966 647
873 608
977 687
449 672
893 672
601 614
829 696
635 709
972 684
473 716
1107 6
1027 693
402 570
454 702
498 714
912 714
651 706
880 711
1088 692
939 701
1040 674
1133 669
660 88
456 707
464 708
973 697
821 685
990 694
347 690
448 670
968 674
839 698
464 713
877 672
309 716
942 624
318 671
465 719
977 673
301 700
515 130
960 718
908 684
915 678
598 710
189 374
899 698
550 711
603 719
294 712
936 708
807 698
884 717
705 707
914 689
902 707
630 715
1111 660
460 711
1092 672
694 99
810 710
428 719
1121 664
345 653
458 714
454 715
302 604
319 719
447 719
307 708
478 708
715 703
353 656
300 706
855 694
939 711
1080 1
414 704
288 686
613 709
1114 617
370 684
401 701
443 541
226 354
989 709
771 700
464 710
1100 688
264 670
816 685
272 664
475 708
936 714
286 674
438 717
582 700
479 714
907 680
333 670
1024 640
884 571
1037 710
939 712
431 605
187 717
566 695
889 673
673 713
914 585
354 675
542 90
1081 708
457 701
630 367
1124 632
999 718
1069 665
593 640
892 657
451 708
1136 649
889 705
246 716
1095 612
869 709
869 681
268 718
936 718
711 699
215 647
1003 662
733 709
156 579
375 24
227 719
932 687
859 639
659 339
1006 706
320 716
583 700
1063 647
1087 681
923 678
816 717
301 713
433 693
856 696
929 706
817 704
679 705
445 709
245 699
672 706
449 705
306 358
843 719
309 686
969 640
1009 687
1017 634
970 671
240 479
929 692
328 719
1093 683
1063 622
912 705
975 674
1103 668
299 621
197 577
1048 716
195 371
351 680
336 719
1262 652
1120 602
1036 718
912 697
235 709
1020 633
656 719
1114 660
546 311
325 716
320 669
610 718
276 543
453 710
457 714
969 687
285 484
821 693
1115 10
927 712
1093 698
1113 5
1002 644
403 702
474 713
471 710
374 669
1030 685
393 683
881 689
1013 685
819 669
329 713
339 718
1081 707
547 704
1087 664
837 681
496 708
586 375
397 520
888 715
432 644
566 711
373 687
459 712
1086 608
1011 616
774 710
723 719
257 703
968 655
1021 699
460 710
468 712
841 677
400 671
440 716
457 706
1020 698
305 615
1023 715
501 447
880 703
732 210
314 718
989 707
870 640
469 713
228 717
604 719
278 689
400 686
735 696
288 616
475 711
261 113
686 705
1123 652
860 697
400 701
1072 656
487 718
456 393
947 600
1060 630
566 709
958 642
446 713
433 718
864 707
1132 26
975 677
543 370
273 678
921 708
1001 708
434 714
439 718
764 697
840 700
874 661
1000 643
334 719
476 708
337 705
1022 617
936 653
268 717
323 682
829 713
429 543
910 707
434 719
1137 614
237 715
999 692
1048 621
925 708
872 667
923 655
212 716
985 625
935 648
944 674
214 706
620 322
283 684
988 625
435 342
575 351
495 709
959 695
461 683
316 377
448 717
443 708
1010 682
470 719
976 717
739 713
444 714
461 714
435 681
811 719
999 695
923 673
1011 673
523 711
783 696
1073 715
479 698
225 718
341 690
695 710
198 718
429 89
441 719
389 658
911 623
448 716
788 248
831 690
458 712
1088 687
1064 713
864 649
1037 674
835 717
1102 686
976 706
399 354
256 715
495 713
1054 678
248 717
578 75
1091 692
349 354
842 707
798 702
320 712
225 701
923 703
878 622
941 646
326 718
844 688
859 698
1037 666
1132 634
297 719
439 717
928 661
859 704
958 702
1104 609
961 638
320 683
1063 686
568 707
899 672
231 654
858 703
959 716
462 718
899 695
1053 684
629 67
466 717
622 717
321 654
226 710
733 696
182 568
1003 226
570 714
281 711
1027 705
431 637
901 654
484 717
950 638
1103 15
974 601
1092 704
920 679
1086 17
920 665
324 713
335 706
1030 710
314 660
502 712
397 653
931 714
1004 691
1042 628
188 609
797 705
225 715
471 709
444 702
845 698
573 712
869 642
209 708
548 719
949 699
315 716
1187 307
846 661
715 707
475 713
826 709
957 643
985 658
1080 690
907 672
436 715
980 630
892 654
204 717
1079 711
359 29
436 367
1003 718
203 352
903 706
230 682
586 702
855 677
952 681
1046 711
910 667
846 717
1129 671
1085 632
1076 665
446 714
852 714
1060 623
874 701
929 694
481 716
1057 706
432 717
266 672
616 709
860 685
545 710
456 705
870 679
1078 672
368 583
437 712
191 716
435 718
906 603
178 365
827 629
1092 629
246 698
852 717
407 648
1003 684
268 633
549 715
1096 719
1048 623
150 22
461 91
908 636
238 377
439 713
876 698
937 695
875 655
866 698
485 718
698 60
941 678
939 706
633 708
1059 691
298 666
863 684
872 701
231 713
881 655
1005 707
1130 657
802 702
1127 39
515 712
980 698
909 716
1027 668
1079 625
258 358
987 706
730 700
833 700
827 680
513 711
989 711
948 697
440 710
1080 7
791 699
548 711
905 707
408 697
872 699
859 659
964 712
588 715
1085 707
315 691
1076 686
445 62
601 712
822 667
936 700
531 719
307 690
898 676
971 650
849 715
1014 709
1179 87
523 714
546 717
940 692
859 653
441 714
244 43
477 711
135 505
324 418
329 712
1073 451
747 707
313 692
1125 668
1051 700
432 718
975 681
850 699
434 718
916 640
333 717
468 711
249 719
568 330
775 700
1102 690
918 671
967 271
871 707
463 710
443 714
648 66
736 699
790 709
892 661
877 674
283 713
290 601
1106 624
731 709
620 715
898 719
427 717
457 636
1075 620
451 714
860 710
1004 700
802 704
926 661
1107 15
409 619
331 715
456 716
1077 675
1053 677
985 670
483 691
300 677
766 168
1126 632
466 702
1112 667
294 121
268 639
281 719
418 21
979 635
933 370
912 612
673 706
897 716
1078 670
1050 711
908 690
274 647
852 697
994 625
447 712
220 678
685 708
289 365
1000 702
895 703
958 719
531 645
1103 625
1125 623
266 711
292 691
417 700
329 718
1015 689
814 697
210 716
227 716
462 683
370 378
201 713
347 698
616 714
471 713
922 670
541 708
964 675
1029 705
698 712
472 715
1122 668
480 708
1073 542
1067 217
268 697
550 717
340 661
828 718
849 718
1122 695
1088 676
813 708
961 718
1007 718
3 189
1001 618
333 602
659 704
628 707
969 124
460 706
1068 706
979 691
966 695
496 655
214 41
359 696
864 624
1083 716
1096 586
423 675
1026 675
867 682
1018 697
296 644
412 694
420 669
899 680
823 657
840 699
348 599
1117 3
955 671
827 714
1045 690
523 647
317 692
844 712
341 667
336 718
433 717
870 699
966 708
480 701
883 701
1018 655
990 705
752 366
1115 704
832 716
331 719
430 719
673 707
776 702
448 709
132 511
331 697
1045 677
487 713
1090 695
443 715
233 366
484 707
915 718
469 705
846 703
928 663
498 84
1121 637
200 719
426 719
275 712
846 682
868 666
879 689
1093 650
931 692
241 715
854 681
1050 593
704 336
887 675
626 606
222 652
992 620
325 717
1056 663
1038 684
318 704
409 698
948 688
998 649
1079 615
979 719
1069 615
825 712
442 717
1130 623
1097 716
906 683
1109 618
238 661
690 703
302 712
260 710
995 680
284 632
991 708
1006 297
260 713
237 701
335 692
880 712
962 679
449 714
321 697
271 588
887 651
830 694
708 12
992 663
894 657
660 716
882 702
307 640
374 700
421 700
324 712
402 698
857 717
900 702
371 112
307 620
360 579
939 719
293 714
950 673
639 57
999 719
867 693
838 717
387 343
661 79
1050 699
965 676
935 696
395 655
832 693
276 389
716 713
873 695
1132 665
363 64
560 718
462 715
887 705
243 715
406 73
818 671
898 663
863 687
1111 622
232 714
585 368
1114 690
945 714
195 719
335 716
197 383
1163 0
343 702
629 630
1000 692
900 687
1104 692
472 713
1086 694
1085 22
765 81
1033 705
1227 670
205 718
322 718
449 711
903 671
966 666
1173 434
987 664
760 695
272 689
932 716
1104 8
315 715
337 719
1079 11
688 705
994 708
997 683
230 370
326 701
913 677
753 708
1021 669
820 698
279 618
968 669
319 716
1038 666
465 714
336 717
1031 681
43 111
707 347
9 600
1023 697
844 669
324 687
547 708
692 389
570 715
1066 556
819 703
910 691
915 681
586 719
489 716
475 624
483 712
733 701
918 603
469 360
576 710
303 682
842 690
819 712
956 681
584 709
848 696
1123 616
321 652
842 715
477 714
1061 654
481 709
280 719
886 649
243 719
454 706
1086 667
570 370
1202 691
979 575
821 647
536 715
1110 676
973 667
531 660
1001 652
991 670
523 710
1012 672
990 709
946 703
282 646
1035 676
330 717
937 669
483 718
331 680
980 299
210 717
1084 672
937 713
863 701
1002 716
594 709
847 709
1036 697
496 43
335 717
969 701
466 718
933 693
859 696
854 639
485 707
742 501
451 707
1038 698
931 183
552 361
448 707
843 715
845 708
989 620
465 703
940 696
155 483
468 710
1097 663
1034 641
460 713
1178 459
375 116
813 695
443 719
326 715
570 364
980 701
177 539
423 59
846 683
544 719
402 132
478 446
668 706
464 705
410 685
1052 640
1118 646
587 477
689 485
970 642
330 719
436 712
470 718
896 706
412 656
252 718
920 663
235 702
441 709
707 716
964 370
1121 613
435 717
1086 684
494 609
201 719
448 710
901 708
475 715
536 712
864 628
936 682
261 63
1117 687
971 637
1051 669
284 712
406 692
444 719
940 625
1011 692
916 651
1113 23
483 714
447 717
349 698
457 712
982 714
439 714
166 359
440 713
339 717
289 716
703 716
957 714
953 684
976 680
899 668
263 352
1101 714
134 360
578 713
897 679
793 713
821 696
373 36
816 718
918 716
411 660
1240 571
369 692
434 716
437 711
333 716
272 546
326 710
570 705
480 712
942 660
574 718
641 116
634 702
441 718
276 716
358 708
342 719
435 719
708 710
690 708
1076 716
1115 681
913 710
440 709
636 715
821 681
820 696
788 703
1108 2
640 714
917 715
813 713
465 708
1023 351
425 719
283 657
329 715
816 668
822 684
1005 698
783 701
887 666
839 714
617 719
256 423
868 702
433 715
605 713
879 707
339 686
701 710
956 666
1045 697
901 712
846 634
446 711
839 713
1012 713
242 633
1051 719
921 707
829 690
491 712
1095 679
527 713
1001 630
738 709
272 716
293 716
617 711
806 709
819 700
674 710
237 712
348 668
334 717
871 670
989 719
875 700
826 712
966 705
1035 702
306 598
952 647
1057 685
1134 667
954 700
903 634
621 714
830 463
1021 668
836 695
943 701
755 712
972 705
1058 659
192 717
476 715
1125 636
460 716
1015 635
1023 639
933 675
283 674
1066 11
919 665
485 586
219 707
1080 707
537 714
749 703
301 695
442 715
795 715
286 717
292 718
1003 627
1130 652
322 80
1050 691
55 108
976 604
330 712
468 631
995 622
939 682
43 717
1013 708
1034 581
429 704
438 713
453 712
819 659
954 672
332 698
297 677
322 694
433 719
1040 645
310 715
974 653
882 699
859 710
572 698
893 654
1063 572
993 656
452 711
1114 630
280 717
1080 639
390 697
33 76
473 714
928 714
595 139
808 564
1008 657
559 708
87 529
334 718
1043 711
899 671
322 719
670 719
438 591
759 259
76 60
472 710
340 699
956 711
294 384
339 666
655 716
736 73
974 616
708 132
478 716
454 710
1019 639
682 711
717 718
305 358
208 714
981 659
935 629
429 700
918 648
179 354
141 622
252 711
482 715
449 709
620 345
442 716
784 706
290 711
606 550
737 336
786 579
874 638
466 91
400 606
530 719
802 705
478 709
320 714
243 359
421 545
800 704
1101 704
997 706
1053 618
538 90
342 616
896 694
628 713
750 107
1045 716
473 675
339 699
863 642
641 71
1041 614
1084 674
427 691
534 711
461 713
1077 693
335 719
849 663
432 694
738 67
328 717
820 580
593 711
870 635
414 671
198 719
833 683
874 683
912 501
323 718
522 526
961 703
838 681
476 687
1055 706
260 676
955 687
876 686
841 678
274 717
818 669
931 629
551 710
620 360
769 365
467 665
313 709
432 719
968 714
938 716
907 664
850 679
225 714
283 714
1001 668
420 625
390 622
787 695
851 716
559 704
1082 705
910 90
343 642
271 667
983 718
768 703
449 707
931 707
969 696
895 611
526 86
257 670
267 665
1013 582
960 669
438 714
449 6
1196 370
470 707
304 693
1019 684
482 712
821 637
458 659
343 635
911 560
964 715
832 704
1023 704
469 710
590 719
1077 705
1048 700
1001 7
530 340
791 700
691 697
263 714
899 692
180 659
919 701
1066 643
306 685
1109 686
951 689
409 53
848 718
732 640
872 651
459 711
927 536
446 708
449 708
1050 716
470 710
1040 691
868 677
668 696
267 717
115 496
388 364
972 691
310 678
1139 7
1114 568
205 716
299 713
342 681
310 718
303 691
481 706
874 706
278 618
890 689
906 663
853 713
923 642
450 716
383 703
968 719
703 715
791 706
337 715
1118 701
534 705
825 665
324 70
1112 695
843 688
967 718
889 654
831 642
885 694
886 715
889 700
608 709
1045 669
344 641
885 674
466 707
1006 629
598 135
1008 677
959 701
962 687
928 672
1021 675
857 707
574 98
249 718
1113 623
899 645
427 689
1008 684
400 631
1075 717
511 610
409 49
560 712
447 713
626 716
1110 639
1146 630
325 711
325 719
952 679
1049 622
261 619
289 631
972 704
855 702
895 691
453 719
1114 621
911 705
330 716
1070 23
939 623
882 707
892 697
332 718
433 687
538 83
269 717
913 674
457 719
1063 690
1129 630
299 42
920 706
842 712
326 716
442 710
647 475
477 708
459 718
1116 642
847 698
912 669
245 718
895 617
1047 628
901 641
604 705
917 706
1096 700
244 394
179 718
1083 684
349 705
984 692
1083 655
985 635
301 682
486 714
485 709
856 701
1091 680
826 650
999 693
715 713
963 717
1028 703
995 687
957 697
458 707
959 697
1127 632
1037 704
1058 702
950 708
1002 624
555 713
1015 671
810 697
1046 709
699 717
1051 693
1024 692
864 698
783 359
948 679
1028 708
1031 715
942 627
361 359
454 714
1057 680
960 687
252 360
377 692
426 671
254 706
1096 635
955 580
603 712
346 637
861 680
1077 663
596 709
963 630
1127 669
338 681
1101 650
440 59
929 671
276 358
1083 691
1138 30
559 156
448 714
942 716
311 703
544 706
878 685
703 708
983 569
463 643
1070 643
1047 644
287 287
466 715
1156 42
1017 714
858 719
1086 685
975 682
464 716
257 654
1088 626
309 669
745 704
990 697
136 372
336 531
988 373
333 482
863 706
445 711
459 670
204 715
1110 618
454 716
823 691
310 647
194 717
294 718
801 707
10 35
335 718
1044 717
1086 12
988 675
854 704
272 701
938 662
442 719
447 659
423 40
853 711
322 716
1097 710
294 714
936 674
470 712
537 707
1102 678
1101 684
269 711
997 711
455 712
454 708
680 713
1012 676
430 717
466 687
40 56
590 718
318 714
869 698
665 710
343 645
1053 711
1062 653
870 661
699 705
869 651
987 688
832 709
934 686
429 719
364 142
310 685
774 63
458 709
802 717
829 717
585 705
895 676
1107 718
983 714
614 544
902 704
593 709
304 713
758 284
1114 648
1003 635
642 352
972 707
324 718
369 688
307 608
443 693
481 470
664 717
666 711
629 717
894 687
1145 1
588 61
439 711
441 716
397 518
242 719
458 719
837 686
703 702
178 27
445 697
450 707
7 570
885 705
1119 664
493 552
408 703
1015 691
1025 702
1055 690
612 711
932 689
614 707
813 705
1121 666
213 717
632 717
596 702
148 536
275 716
313 717
460 719
315 710
1014 608
979 695
1060 671
627 713
784 716
229 716
987 698
464 711
1011 717
1097 686
190 718
1123 630
889 719
307 710
461 712
834 646
204 712
346 430
309 710
910 680
154 511
837 698
716 718
821 715
1052 681
262 713
658 716
1116 683
1046 717
1111 675
822 692
1059 703
866 719
850 647
281 714
960 657
1084 664
1006 690
862 703
718 710
845 685
980 705
599 707
313 715
1048 701
1133 636
401 707
444 712
1008 650
919 711
353 31
897 675
156 650
307 714
1060 717
308 700
1097 670
657 719
489 709
1000 711
840 663
1147 658
860 715
1063 718
279 670
299 123
442 713
727 716
422 681
839 661
557 710
1091 699
889 718
449 713
1111 612
475 718
1045 709
461 701
817 674
338 683
1047 704
394 671
915 652
989 636
1062 633
893 697
878 686
850 711
490 719
1045 628
1017 709
584 708
964 700
327 694
893 685
1080 686
343 649
1048 677
906 697
946 709
935 695
1074 638
447 710
259 703
917 660
1082 644
919 704
885 514
751 714
1084 683
903 666
1007 707
1096 702
488 349
295 632
362 671
964 698
465 712
1022 620
264 688
992 669
299 640
528 373
865 695
547 717
1057 695
622 350
902 658
482 713
839 687
863 657
1031 693
433 714
1092 0
1105 644
406 90
862 693
992 693
905 701
1007 638
822 718
923 696
1053 671
960 615
851 693
536 451
713 704
1050 622
1099 695
1148 620
990 633
438 718
310 707
842 688
1002 706
1051 698
120 376
993 706
1080 308
319 675
830 683
335 660
283 625
461 65
1056 714
970 650
552 510
477 712
1019 672
1084 647
1099 3
1018 707
1188 186
1052 713
527 715
350 695
895 695
914 684
317 715
481 711
484 370
1059 657
930 687
1125 599
340 690
543 706
12 679
1003 619
1038 658
945 604
941 648
304 114
328 716
873 674
875 674
893 671
447 708
370 696
925 698
680 710
289 639
822 656
226 716
440 678
1117 640
913 713
376 697
695 555
938 692
1065 692
452 708
937 685
971 712
1046 712
1107 659
712 706
841 595
353 647
773 710
931 697
873 685
867 679
1016 653
464 707
861 694
1010 718
1083 705
998 627
479 715
303 705
440 711
827 712
919 682
472 708
492 707
138 523
822 658
439 712
516 110
250 691
1073 679
285 715
963 687
827 708
328 51
337 716
215 354
1041 719
247 715
1046 638
449 682
445 719
193 719
840 645
841 715
469 711
739 53
455 33
473 712
258 673
390 689
468 702
180 718
1134 48
850 648
1033 708
848 628
264 698
1045 642
947 631
222 704
1062 603
402 673
1025 606
462 689
435 715
677 338
460 712
438 712
330 715
445 713
844 682
248 680
831 711
1051 658
630 541
394 694
835 715
885 696
294 705
477 710
446 717
838 615
290 688
199 714
867 687
970 677
999 689
1073 644
688 710
840 461
1055 677
335 698
933 714
675 705
237 76
1072 652
1016 609
351 110
482 714
978 714
900 678
24 676
407 693
1081 621
259 677
975 650
913 679
658 367
925 701
716 74
126 453
1082 691
230 712
1156 558
968 680
502 613
896 700
483 389
1025 688
992 678
468 715
1042 670
900 694
1101 694
982 631
1074 643
318 718
830 696
894 672
1110 390
881 646
882 661
1064 623
1113 39
427 718
830 717
1037 717
855 686
733 343
275 618
1140 662
939 683
1154 271
421 651
357 411
1089 713
550 709
959 709
120 532
574 715
497 711
442 714
440 715
444 715
921 654
980 528
395 123
455 706
157 554
1014 712
1024 714
1036 698
963 706
931 715
207 415
1096 677
610 719
1054 623
511 621
822 703
1057 535
430 677
218 719
919 689
444 709
428 700
205 714
437 716
979 675
976 647
913 675
663 712
174 371
837 718
578 701
172 545
439 709
908 711
1059 99
893 715
1016 618
446 701
879 713
863 678
293 683
558 655
364 342
267 598
194 719
670 709
1006 705
869 719
473 717
1034 707
1083 18
998 635
114 506
450 697
1105 665
811 579
794 95
1005 718
725 717
254 714
964 711
403 709
959 691
1033 716
325 610
752 710
974 655
940 671
1045 719
852 693
1057 621
404 680
1099 646
316 696
388 484
127 359
1001 633
252 712
1025 622
915 612
881 677
437 713
1060 666
442 712
297 716
1081 684
1103 641
901 716
532 714
341 718
1032 700
443 707
1086 705
1259 562
524 656
322 714
926 690
884 696
760 719
498 616
405 74
1036 693
440 717
167 375
334 693
208 719
1032 630
328 711
315 698
897 664
343 697
317 712
1133 30
872 654
606 717
1102 703
999 707
260 669
936 701
857 711
871 697
469 707
931 665
864 711
1025 679
527 717
362 563
1017 684
1026 664
319 698
816 698
1065 704
328 718
81 690
1035 692
463 685
1076 677
1063 700
910 630
936 710
317 597
1059 673
1064 693
309 697
431 717
367 53
929 701
431 715
1091 711
746 708
1075 627
998 624
908 656
241 673
334 713
865 692
1093 684
565 708
1015 605
559 94
317 713
282 711
1088 680
994 645
453 711
977 696
413 668
1037 703
1027 580
359 701
906 681
903 716
984 665
721 714
1088 711
231 684
201 379
348 661
882 709
892 682
534 578
460 714
608 718
739 718
1150 5
467 705
842 675
360 674
548 699
754 700
737 702
1125 674
471 717
209 711
397 681
1107 613
744 123
1042 699
1129 677
879 710
813 714
257 623
