337 706
654 365
702 417
684 457
971 542
693 370
634 538
551 123
481 499
455 619
625 386
128 547
203 262
892 481
152 437
1119 592
265 507
471 347
740 354
307 521
709 365
1208 273
944 339
463 504
908 470
625 360
717 110
678 340
243 543
112 521
336 524
20 619
188 491
2 0
704 415
467 521
354 486
848 263
1031 381
833 459
1200 509
945 716
430 608
355 48
3 695
348 451
444 445
791 479
614 436
230 511
1187 510
696 384
339 481
351 547
536 508
307 15
689 341
382 529
1176 578
836 380
353 355
281 719
784 437
876 703
704 595
564 508
195 47
1000 133
1265 358
224 147
836 705
202 501
20 52
320 509
1194 122
576 15
704 41
456 648
477 360
304 709
9 60
1208 115
227 419
34 9
366 486
266 453
556 498
720 513
531 90
159 524
355 549
55 122
252 83
524 410
734 346
740 598
754 334
903 549
918 629
705 715
295 520
691 335
1128 105
804 499
918 238
174 606
298 473
1228 323
349 475
402 662
836 521
1020 398
731 56
792 466
763 361
206 397
726 491
935 328
993 719
233 706
205 350
1099 61
805 505
305 437
171 537
823 329
259 711
538 425
444 142
354 510
200 546
853 704
997 458
465 377
1132 550
279 509
616 519
579 146
146 543
1011 428
938 322
882 423
212 468
237 489
949 513
429 527
318 510
621 490
598 515
1001 459
265 494
884 488
112 525
567 487
1205 528
602 472
814 282
615 308
833 504
520 703
733 348
964 499
367 493
544 502
484 520
593 523
194 417
900 716
390 423
54 205
