271 542
822 250
25 712
612 530
946 426
664 340
500 368
866 143
289 93
718 96
319 708
322 8
1278 651
493 708
303 482
1180 125
127 536
159 71
956 715
982 373
834 423
1013 101
110 502
1100 225
778 8
926 531
9 206
386 487
2 101
239 41
983 37
23 654
543 126
1170 208
185 506
697 346
1186 468
29 14
770 355
423 403
213 493
469 571
367 481
865 274
767 200
131 551
702 92
619 529
747 436
276 403
477 693
938 90
377 509
902 425
530 534
678 697
738 499
783 50
493 342
826 469
287 381
343 719
951 713
517 484
272 432
111 367
1155 283
192 126
17 665
461 523
441 85
297 417
587 366
745 344
968 505
351 481
358 524
323 351
189 108
734 351
651 50
677 30
1107 656
466 507
1230 177
679 565
431 719
860 411
679 36
467 513
587 333
462 457
1056 394
608 493
930 656
546 349
584 362
1018 497
1 283
1164 18
507 338
13 41
645 373
611 346
1124 438
204 433
87 34
265 138
185 492
551 566
41 29
746 600
342 514
468 299
778 360
644 57
264 533
1006 322
835 425
929 307
343 478
409 375
1006 246
836 393
283 545
957 408
620 361
295 7
697 341
1108 422
963 563
631 360
627 532
274 616
524 517
382 506
2 93
644 634
688 475
666 40
900 79
869 168
731 28
306 549
562 496
735 417
1020 444
326 546
361 599
972 377
456 422
1008 286
464 632
722 498
893 481
168 430
1196 584
110 539
365 553
7 541
529 540
228 480
341 707
1050 404
