878 487
898 154
495 707
712 336
471 86
905 492
795 204
580 201
635 46
351 532
541 448
852 466
430 416
1063 548
797 174
243 316
207 540
437 515
202 501
306 491
422 313
731 501
670 75
366 455
806 547
725 717
1096 561
300 549
144 457
261 573
42 620
220 649
720 548
342 355
499 705
439 387
805 251
544 494
285 512
401 533
615 137
967 657
647 523
1044 364
414 489
74 711
597 306
178 624
992 543
788 510
1209 320
83 2
550 385
113 550
850 510
580 489
186 97
719 546
853 565
627 352
507 403
605 719
523 546
409 325
505 528
1092 194
379 553
254 563
309 439
854 517
1076 352
550 347
125 569
