401 540
378 529
513 505
640 454
559 231
1089 428
192 492
837 703
233 528
921 547
126 558
556 124
437 555
507 604
754 583
435 526
1098 651
398 627
518 549
623 487
113 581
709 491
901 357
822 558
352 339
431 151
300 393
661 528
891 529
182 561
794 535
722 532
649 468
831 524
671 426
992 683
209 557
837 556
178 510
620 381
954 67
642 142
676 335
414 7
737 412
701 417
125 77
389 453
1005 391
1262 628
868 663
289 294
454 39
440 451
653 715
1020 308
231 494
279 515
891 619
713 476
863 546
908 344
965 643
245 553
552 481
911 531
1238 613
607 97
964 619
103 565
