232 400
142 551
323 519
434 487
1150 436
421 353
711 393
323 501
311 463
548 2
1111 531
300 537
583 498
498 383
386 529
1009 285
337 496
504 680
155 538
550 429
240 528
411 519
975 637
817 692
224 515
214 137
431 488
634 463
147 504
414 484
308 444
882 693
542 493
507 502
341 472
803 489
413 685
284 310
310 472
542 527
946 568
462 474
370 537
446 490
275 428
618 490
463 44
232 506
281 545
99 136
289 283
159 510
1070 460
859 444
755 627
328 715
602 387
1129 332
148 347
950 687
749 466
582 514
1202 135
952 373
414 707
452 306
440 493
483 588
515 514
275 715
347 530
326 517
906 451
377 503
518 485
425 500
659 527
1009 686
366 526
341 564
257 460
634 380
1174 485
147 549
820 428
521 492
370 433
983 487
199 486
989 510
159 422
448 501
260 483
287 508
432 527
695 505
582 448
637 508
842 571
310 702
909 381
481 220
400 383
272 515
293 414
213 534
87 511
965 678
958 568
926 389
1162 499
847 654
231 424
617 505
818 443
815 500
914 512
178 480
968 62
614 716
1147 210
644 503
107 450
1028 402
528 544
593 525
566 713
117 455
882 394
512 525
452 382
603 505
295 699
463 707
1085 415
426 433
449 508
690 411
465 530
241 536
295 357
229 519
440 674
491 278
1163 73
377 567
1082 419
796 392
1121 431
1020 643
261 508
119 529
295 719
622 518
1111 375
452 538
615 534
517 449
321 483
74 365
908 534
105 530
352 677
963 683
390 359
202 684
199 518
868 706
465 502
580 538
367 359
1204 171
234 410
430 527
331 689
425 128
363 515
371 537
572 545
472 541
310 535
