441 465
150 535
554 719
548 7
537 433
206 561
722 405
896 496
501 528
602 718
1108 464
1199 235
537 499
401 482
1078 719
476 550
209 563
422 714
146 502
267 518
292 553
888 525
1048 550
684 421
210 562
355 437
845 522
147 507
529 90
371 485
603 579
778 191
271 556
299 103
193 688
296 540
1102 542
1093 441
1093 57
220 543
973 420
477 54
118 565
569 493
1130 109
201 503
1039 654
617 379
930 560
447 719
117 517
279 487
577 544
138 502
294 535
252 169
1179 278
752 408
862 537
153 519
147 560
362 719
1109 260
1123 332
306 485
613 546
80 684
424 554
1246 180
552 521
652 395
353 129
1203 714
45 589
1093 433
1260 318
6 307
76 438
1059 528
335 567
536 590
440 563
1158 199
