738 460
739 455
985 247
427 509
249 532
93 492
545 479
123 490
356 470
851 240
220 555
1031 485
543 717
345 384
186 553
679 617
175 546
233 457
390 430
1075 491
395 547
1213 405
457 590
379 370
1110 251
807 671
440 551
1042 702
477 483
1002 506
211 153
1229 632
1152 86
921 690
1274 665
184 529
100 501
1165 91
465 507
876 255
588 244
258 695
747 131
887 531
843 496
864 565
510 296
915 215
794 613
680 365
504 77
1068 437
735 394
826 517
115 536
521 488
263 584
331 557
1101 488
154 541
551 719
271 592
681 472
906 549
126 302
927 439
582 718
982 442
267 329
204 710
405 717
673 538
