284 521
192 511
318 533
867 127
502 258
34 30
711 403
990 541
1096 136
289 478
877 435
136 358
472 95
728 190
994 413
503 549
989 617
901 196
203 558
664 719
388 704
216 515
206 383
437 517
617 394
452 499
646 611
1162 528
738 380
1239 667
414 24
26 17
370 222
1031 622
455 522
412 419
137 459
24 158
913 76
762 557
136 417
519 137
992 356
409 491
988 687
436 448
526 536
357 487
503 659
507 143
525 583
971 694
1176 130
10 441
831 493
26 144
518 536
423 617
1118 426
510 335
57 127
795 352
1230 627
343 711
197 501
909 558
1233 440
558 533
824 51
116 115
564 502
668 518
559 419
1025 657
553 485
1203 53
970 535
