1116 90
22 639
1107 400
415 557
1060 591
220 52
280 461
931 422
915 188
834 125
317 557
242 592
1228 651
218 489
659 260
733 103
1039 492
556 61
459 698
528 456
684 65
836 133
637 513
10 594
812 521
553 534
666 447
728 504
985 180
1085 677
879 692
800 4
509 357
474 8
648 635
674 526
1042 551
324 498
283 89
845 534
866 509
497 302
946 443
1230 263
81 513
416 448
860 500
377 517
511 433
881 322
160 471
764 2
423 586
1252 178
137 560
612 519
911 415
260 614
467 448
319 531
529 503
596 98
239 519
636 103
163 512
86 185
1132 702
939 634
142 459
557 373
107 708
133 528
968 448
869 527
180 526
