756 46
395 513
253 500
677 423
765 454
1258 632
559 453
718 122
316 426
481 655
333 185
229 543
41 16
626 463
104 520
223 432
34 450
257 498
265 455
1060 198
1018 332
394 342
669 446
544 383
534 413
1275 378
616 462
554 494
501 537
435 494
414 603
353 486
949 301
1023 689
282 409
342 315
580 548
1136 610
932 455
471 445
444 442
161 562
745 412
820 114
905 529
317 712
428 715
586 716
623 625
123 554
670 260
1042 442
383 460
532 517
223 338
552 146
238 518
14 161
317 686
410 508
341 718
350 717
185 488
605 543
296 528
1141 65
293 373
372 529
223 584
342 451
1018 485
702 666
228 502
802 30
970 699
