296 418
449 696
628 530
950 512
967 501
172 626
10 410
1239 653
1197 165
1000 525
1126 508
1163 537
1209 142
95 462
1028 389
807 504
887 547
585 545
931 611
358 522
418 151
709 497
817 693
82 170
994 311
1035 558
1163 83
9 464
994 555
262 557
1076 579
447 529
1036 420
427 31
780 559
980 688
783 572
952 105
936 657
830 38
801 665
874 697
1036 353
1147 548
357 686
355 132
106 398
684 539
197 537
175 535
499 508
385 550
388 498
792 444
553 525
493 436
152 499
478 576
853 182
570 547
847 384
691 73
307 632
338 115
35 207
1028 470
955 712
393 117
158 540
718 412
141 552
111 547
103 544
990 519
1069 555
1268 181
75 374
