549 569
945 175
1143 381
0 437
286 424
861 359
521 454
1226 3
952 174
1012 36
1080 525
973 686
428 481
648 533
190 59
418 539
623 521
1137 538
868 553
629 542
1050 122
273 508
217 562
100 359
942 479
864 172
228 542
708 385
1011 343
1263 617
763 526
932 507
928 370
378 503
211 557
535 380
1214 261
294 559
304 680
144 463
424 557
456 551
249 526
1198 174
210 532
1078 510
441 512
1103 645
207 485
114 542
1113 532
788 539
131 492
310 553
782 365
253 68
198 521
371 542
928 479
351 516
1035 348
129 517
