1004 509
366 493
284 556
242 587
813 420
377 482
511 497
463 446
833 440
353 289
205 543
642 447
450 511
547 548
944 702
194 498
288 488
920 450
1041 581
219 146
420 719
409 459
1095 569
465 548
544 506
814 552
879 135
152 506
61 711
797 718
527 549
329 436
254 588
462 349
856 561
333 650
709 485
285 552
619 392
426 577
611 546
781 73
167 399
1122 283
139 523
398 556
293 533
409 399
1094 576
290 493
231 560
360 596
304 300
1102 426
360 487
533 114
483 716
439 549
301 719
166 503
647 115
1104 657
293 456
9 296
306 505
103 692
113 531
906 66
102 451
334 556
184 559
612 544
1124 12
455 482
137 368
318 708
691 654
592 488
1271 716
208 557
86 718
49 103
594 547
297 427
647 406
518 518
1105 460
