251 495
233 546
97 510
1015 556
17 516
720 548
266 542
264 622
679 379
614 537
742 426
444 547
37 450
206 559
243 144
630 638
599 533
378 63
1235 175
415 538
1071 516
162 558
532 546
590 525
9 57
236 466
1247 289
611 481
740 712
655 503
668 536
363 638
160 530
195 458
734 235
420 554
1190 443
189 578
1214 701
610 299
609 546
527 550
968 579
1124 122
650 542
1276 514
301 386
324 514
564 502
51 143
478 552
1279 467
277 76
42 689
469 94
638 505
319 456
285 527
1099 329
874 708
459 500
1245 691
310 499
801 232
440 502
716 405
858 128
172 600
313 565
680 549
163 535
717 491
662 665
767 462
333 553
329 514
1216 353
404 647
34 89
