926 626
385 551
1216 272
641 701
654 535
370 485
513 485
480 537
469 516
476 588
93 19
644 507
633 703
397 502
998 219
336 460
599 422
1084 309
909 610
534 591
1053 105
171 678
762 401
285 527
486 538
330 719
204 427
608 396
221 561
20 709
752 515
263 427
141 592
333 487
720 437
1235 170
366 716
477 515
96 429
359 528
244 96
342 555
1125 308
1222 716
676 435
833 416
1105 382
14 456
999 657
311 559
189 499
803 135
1047 515
223 553
1015 365
839 377
72 87
253 556
824 401
274 297
597 515
548 453
732 454
893 551
198 515
951 459
427 548
773 407
585 544
872 627
