320 530
1228 699
832 488
1113 254
952 702
471 716
139 535
352 540
776 79
281 450
1237 633
922 574
689 310
253 711
781 0
89 579
554 388
524 431
5 641
717 480
736 569
867 523
654 519
571 478
1191 391
148 561
1171 487
769 665
755 319
635 543
571 718
933 553
828 591
468 716
413 551
1098 464
328 629
293 510
494 612
624 310
627 425
457 553
208 465
447 538
532 325
524 481
1056 432
1211 424
940 401
428 551
43 158
501 520
990 97
828 425
775 136
208 560
24 571
719 357
156 418
280 518
590 548
56 118
415 389
724 526
490 717
271 396
176 527
395 553
152 119
403 514
335 429
730 94
234 205
217 374
836 659
357 534
638 345
128 547
16 20
465 453
881 515
985 101
