587 526
448 528
414 504
532 488
774 425
1168 387
149 530
368 532
458 537
393 719
1129 413
348 528
531 482
632 714
255 486
94 554
203 538
933 519
364 429
776 85
154 527
540 406
1015 148
576 521
198 69
337 147
510 431
595 406
499 413
200 659
195 504
597 698
339 527
414 491
201 714
425 516
368 602
1090 719
643 465
236 623
234 491
820 379
249 385
423 584
1020 714
523 477
329 392
118 510
291 536
859 705
1176 67
271 595
916 17
753 405
685 25
112 501
115 521
931 684
200 713
621 479
530 692
208 472
475 231
730 713
453 483
362 534
507 635
808 705
713 373
255 373
871 668
547 517
730 350
837 468
324 502
313 501
220 488
515 510
164 396
419 528
448 495
925 716
711 340
1252 332
248 719
581 489
340 507
549 411
370 714
552 511
326 479
422 535
614 718
306 484
539 539
1072 646
123 487
1179 317
155 352
877 471
348 548
106 550
112 535
1133 404
236 426
1171 522
861 392
548 490
1054 573
184 503
683 358
432 706
707 442
672 80
120 553
518 523
442 713
