186 505
519 686
1178 421
360 496
878 182
329 477
260 485
248 533
245 505
805 303
431 526
90 396
412 482
208 493
129 89
548 677
1056 427
339 487
376 489
325 413
605 394
612 391
323 505
559 506
1088 354
735 650
927 362
190 499
229 517
200 509
1271 376
449 489
795 449
524 657
1101 368
259 708
387 455
755 380
430 531
428 518
954 416
379 697
443 516
767 305
1211 297
179 520
693 507
557 536
430 710
774 701
333 658
289 453
884 470
187 500
1271 307
287 469
268 408
525 435
593 525
129 528
525 719
1168 75
196 534
403 495
541 481
1086 479
629 526
110 539
326 490
698 321
478 519
247 573
764 414
160 535
261 486
803 489
95 531
149 719
792 387
399 151
406 709
228 7
477 710
815 500
238 675
208 719
915 523
509 495
345 489
907 537
856 676
1038 714
304 435
225 487
133 512
974 665
707 341
676 667
1021 568
396 523
764 343
627 529
1163 171
1098 457
631 537
287 716
221 546
204 705
880 482
1041 490
231 145
983 646
214 547
306 507
704 394
577 719
1060 67
844 710
340 509
919 443
498 385
708 436
495 125
619 480
796 595
1150 441
436 258
807 569
890 681
517 472
51 243
