805 214
816 538
445 454
166 543
51 610
1117 657
98 533
514 372
224 713
645 435
579 495
628 358
110 504
16 3
483 718
709 364
318 380
7 39
464 711
640 367
93 6
992 485
7 58
1110 572
574 527
722 604
308 717
574 438
567 352
1025 354
668 280
567 481
305 379
627 118
613 346
1071 120
678 83
1 675
1053 155
1032 235
303 382
467 513
66 714
439 560
502 555
438 391
406 532
760 141
342 588
967 506
171 539
189 530
1177 103
5 5
304 482
1112 573
49 65
950 175
607 507
319 25
593 511
1254 222
1014 204
462 594
858 697
30 33
1074 719
567 486
460 518
1143 279
1138 463
214 506
603 113
968 517
961 481
1268 558
631 717
537 483
775 361
953 376
588 410
208 564
440 517
467 487
260 20
139 496
805 266
319 376
386 393
388 499
133 516
901 489
534 718
315 405
651 410
7 33
4 39
429 712
524 515
738 366
1120 573
577 341
292 374
1 685
482 356
27 52
364 484
32 37
211 140
434 51
943 168
343 561
332 602
967 598
433 413
897 538
763 471
1 613
903 718
366 28
394 531
1129 338
1 658
881 400
765 336
582 369
407 542
1216 309
161 444
913 289
349 519
507 610
450 595
641 516
558 98
99 387
299 504
389 357
1129 273
782 205
57 657
1089 707
607 365
431 364
264 508
625 498
246 525
7 648
14 42
578 499
581 343
1153 105
26 167
1041 686
584 478
282 36
474 485
273 23
528 607
1036 543
5 35
675 47
436 613
382 319
1138 202
989 237
711 5
912 158
777 336
426 344
1153 478
309 39
468 715
647 538
617 366
912 713
263 658
88 217
878 463
248 500
642 538
1002 551
800 288
1007 479
579 697
108 658
611 681
770 408
185 523
962 449
466 493
276 361
1046 704
38 15
521 701
772 414
766 502
0 159
968 15
1084 663
820 64
221 133
655 475
26 633
237 509
200 508
