801 532
639 386
929 497
1061 544
713 592
682 505
906 493
621 499
283 441
631 483
1208 124
510 324
241 296
1133 76
299 719
563 528
817 253
1111 426
324 535
392 498
266 221
338 426
1175 407
547 475
583 642
515 614
1104 486
238 161
911 160
293 498
607 364
611 550
554 426
649 468
15 563
620 262
198 523
580 514
143 532
984 512
569 49
133 493
226 527
948 526
414 489
576 699
176 555
629 537
754 444
213 378
578 496
181 539
359 548
942 155
843 545
324 580
18 34
662 197
1088 19
0 40
12 672
125 439
324 541
428 149
119 396
504 594
107 200
60 46
503 437
277 529
452 360
844 536
629 68
531 410
180 492
174 497
