786 702
315 343
399 648
858 682
556 244
585 628
1066 693
441 437
1115 621
38 1
1016 710
1100 716
544 340
348 714
363 716
418 716
215 708
360 649
389 719
218 645
640 510
419 709
913 619
1026 623
315 654
633 716
1068 640
1035 718
366 713
470 711
1106 658
430 711
1138 43
456 713
418 603
1038 647
1055 642
465 663
441 71
714 714
1069 659
402 501
557 647
420 719
341 712
1119 700
625 657
692 389
881 719
294 85
494 718
1078 718
416 367
458 708
1008 310
582 713
1084 645
847 691
881 715
462 716
1105 652
938 683
818 705
917 705
1056 711
369 719
114 553
1053 710
383 436
384 694
376 719
830 713
931 623
515 689
403 715
440 710
1138 20
759 707
984 710
398 714
852 593
960 685
339 669
612 705
886 619
411 718
1018 597
387 717
941 692
372 711
1086 623
1085 680
1131 41
847 672
1125 694
878 611
437 710
857 682
385 718
1058 693
1001 711
310 710
1059 600
372 616
408 708
126 537
504 65
1000 681
925 648
1100 687
341 544
1101 597
372 633
801 700
473 719
888 719
868 701
369 511
410 717
347 715
690 718
557 692
1049 692
866 694
979 642
881 657
951 711
288 614
909 629
648 706
245 717
549 717
1021 649
1242 15
397 713
946 637
1120 657
414 703
314 74
405 708
578 714
203 48
844 701
474 716
1133 653
15 173
403 714
1080 699
1073 624
1040 649
375 615
988 606
408 700
977 713
857 655
1018 709
356 649
1114 686
960 709
1009 618
412 643
798 698
974 699
325 708
425 655
432 676
565 708
520 710
1099 649
232 47
893 679
412 713
1032 662
341 80
477 579
1048 681
859 674
432 718
1108 671
993 702
1048 673
963 675
1005 677
984 706
234 107
791 717
407 715
950 700
327 692
862 718
990 678
378 681
1091 709
305 642
512 112
894 690
1080 704
684 716
965 716
837 685
838 679
703 715
957 644
1113 649
1256 380
173 368
1043 346
1065 706
1026 684
1094 684
895 670
933 668
1118 615
445 279
280 346
1012 647
344 712
345 715
1091 631
886 622
890 622
914 676
456 646
184 349
274 84
796 706
387 716
445 719
989 719
824 608
409 474
235 667
418 678
366 712
911 660
405 713
235 699
884 639
904 688
908 668
1052 643
829 669
920 665
341 701
933 709
797 585
520 232
855 710
406 707
601 611
1100 685
1022 662
823 683
1083 686
437 665
485 716
939 701
972 679
1127 677
929 715
854 696
288 702
326 652
461 135
763 11
877 650
892 680
911 680
954 666
893 717
553 128
302 627
143 369
849 623
1080 672
403 702
690 702
1052 659
874 626
986 626
877 628
224 357
228 717
399 700
345 643
209 712
964 691
807 717
134 537
1125 601
932 711
246 694
1044 694
1092 716
240 633
723 714
865 672
815 706
1112 84
338 60
590 708
407 650
460 710
978 645
930 675
960 678
492 705
308 714
834 675
1148 625
1012 589
187 712
402 712
367 717
854 671
1025 613
993 680
952 422
359 342
860 704
452 371
183 364
1033 623
250 633
324 106
824 712
1061 614
1088 700
490 713
948 692
275 691
915 688
958 696
959 694
1127 20
870 655
558 380
804 704
1074 704
1105 13
1103 587
902 672
1041 690
531 713
445 0
1088 28
405 715
1059 5
868 685
978 693
431 713
802 713
265 694
495 711
982 669
866 679
429 708
802 708
805 712
1019 690
1108 19
528 703
918 674
1102 617
1112 602
838 687
422 671
290 637
877 701
1151 5
1130 21
1017 690
316 709
236 712
930 655
1042 125
880 706
287 662
557 717
1014 713
1077 652
1033 628
381 649
906 682
355 580
962 715
240 672
433 615
485 704
402 220
625 576
948 716
861 639
1136 639
532 354
405 711
1237 642
693 710
446 717
472 648
233 618
942 651
599 571
824 715
1114 715
819 707
240 698
1060 689
185 719
364 716
1110 645
131 648
1111 657
59 39
945 302
1027 645
973 687
1093 716
938 703
1001 668
853 664
473 705
255 667
262 664
459 683
516 713
977 656
264 636
988 700
849 654
623 619
741 704
486 711
1097 670
364 714
410 712
539 711
900 697
299 673
1061 249
751 703
827 703
773 711
401 707
851 707
483 503
570 691
815 704
525 706
390 625
363 713
1051 693
1115 688
992 611
307 634
853 711
265 718
514 414
373 93
246 697
954 699
404 704
1090 658
995 520
946 718
403 674
883 606
264 638
1098 596
316 701
1089 696
332 644
722 332
1072 706
624 73
987 614
349 647
536 711
1039 706
45 675
1094 601
523 353
886 702
916 702
1012 689
836 609
168 42
910 698
513 102
1034 699
882 713
1050 705
874 658
235 352
877 689
975 704
929 699
1001 650
1074 651
308 39
475 708
843 715
1110 609
332 699
939 690
676 616
592 716
861 640
821 712
1075 646
921 652
409 718
280 355
847 638
538 713
454 681
945 694
739 248
256 664
1021 657
1018 708
844 601
938 684
358 622
1120 699
989 679
443 650
598 36
285 652
849 710
1013 710
98 592
432 371
930 625
354 706
228 120
392 716
822 716
925 713
863 627
613 715
548 697
1026 701
506 354
362 90
280 621
450 718
808 718
272 715
352 695
929 719
880 692
864 616
422 570
883 578
496 237
684 705
845 621
1063 684
886 611
319 704
715 707
902 645
1100 623
456 718
971 718
534 690
192 681
181 663
211 714
439 717
374 644
144 132
1022 713
1 412
1003 638
1061 8
1062 689
399 710
1164 35
1103 645
827 114
833 675
881 681
1029 623
1064 689
980 683
1025 655
872 614
403 718
339 79
266 604
1015 647
835 679
618 712
934 647
1143 29
1119 672
752 711
998 448
894 664
959 668
830 534
1062 646
909 64
1010 683
1057 684
514 691
863 675
820 711
947 678
397 710
175 10
737 103
864 614
359 710
308 619
554 712
807 712
512 340
1101 649
276 654
1105 689
410 710
994 641
1124 622
1160 593
559 717
593 710
925 633
1073 674
361 714
760 712
1135 633
528 359
1251 539
1 527
269 636
889 601
1013 690
895 704
1097 647
1071 691
945 629
671 68
197 583
489 128
852 670
943 700
1041 697
585 693
741 9
309 683
889 678
710 321
569 114
916 701
220 635
647 708
968 669
282 641
834 705
853 670
1057 645
1129 641
222 708
960 649
872 646
642 587
672 709
651 704
1080 695
34 420
857 718
1076 679
291 719
886 652
1002 714
1040 656
474 613
399 711
919 627
1126 567
1251 197
411 712
1142 634
681 108
349 620
53 662
483 363
212 365
989 686
433 716
902 716
256 710
1001 684
368 718
359 706
611 350
1021 711
488 713
419 708
781 716
908 704
695 713
1003 689
1109 671
392 712
988 632
93 35
1135 12
746 711
275 716
579 708
437 628
1095 700
405 714
953 676
881 451
1028 622
824 679
858 688
506 643
885 716
443 34
268 678
884 331
399 716
187 715
409 710
855 683
346 650
501 716
929 677
944 681
736 48
1068 678
811 687
339 111
659 713
1034 629
359 719
923 686
921 689
399 708
496 561
254 604
1116 709
1146 577
999 659
791 710
340 3
751 67
909 609
552 703
420 653
353 715
910 658
233 717
588 643
630 81
300 625
1044 618
1159 231
891 595
980 651
443 713
365 673
57 670
998 686
440 706
960 673
702 21
918 698
776 717
293 712
232 445
907 692
897 714
983 700
14 191
966 667
352 708
1133 28
842 704
1130 45
1000 570
1093 700
269 609
643 713
958 700
1032 678
358 685
1027 669
692 719
362 718
456 688
296 711
962 647
563 713
457 54
532 715
475 709
247 325
1083 605
272 673
890 670
1078 665
423 716
917 667
968 106
1023 679
1066 707
542 715
67 62
370 719
945 690
867 682
396 717
392 625
695 29
5 126
651 423
325 713
350 713
353 704
316 661
895 488
1108 492
576 702
369 714
853 705
428 713
731 704
281 517
868 680
881 716
927 717
432 715
359 666
1121 617
581 707
243 646
465 716
501 711
476 714
967 648
443 717
421 138
654 710
474 711
881 705
1091 711
383 685
217 517
323 719
879 655
702 50
1111 27
423 719
888 659
301 650
492 350
415 710
445 484
318 715
327 710
330 718
1001 664
197 94
1114 22
1018 468
488 709
220 719
303 681
439 484
1097 654
754 703
395 715
822 707
349 714
1076 657
853 660
394 719
228 590
1068 650
896 688
362 715
899 472
835 672
370 716
861 704
228 383
500 561
373 715
954 686
1081 707
429 719
466 645
829 692
582 324
409 712
223 350
993 690
245 688
1028 501
827 711
519 474
337 708
890 676
454 701
315 592
856 704
451 660
924 660
1022 658
424 680
459 712
1065 645
1058 665
1098 643
917 707
909 711
358 719
1124 681
387 694
944 599
348 638
959 719
372 666
367 23
412 718
924 638
893 692
426 661
752 703
400 36
392 717
1040 702
366 718
554 596
964 675
435 679
1060 702
1051 618
948 643
368 710
406 718
837 706
839 683
878 709
954 651
753 712
295 536
499 623
982 673
968 699
901 709
949 615
403 717
1043 645
838 681
826 703
690 712
382 719
760 715
870 687
900 677
549 708
397 695
1002 689
284 630
454 713
853 681
604 707
180 95
965 671
667 702
466 694
868 689
377 618
477 708
1055 705
991 717
365 133
853 642
957 691
832 705
320 593
1044 647
588 709
338 623
876 695
835 614
899 671
892 372
419 713
341 575
918 664
433 88
914 663
729 125
948 702
576 708
1022 703
359 713
1052 714
417 714
1075 713
900 640
1047 607
926 711
1081 3
1072 643
239 380
980 697
1168 24
384 718
1092 715
374 719
878 719
1090 657
581 711
1029 693
838 701
933 710
998 633
431 608
333 668
22 100
311 148
851 684
856 682
962 682
435 714
851 714
431 602
122 629
939 705
848 585
426 664
1066 676
1155 605
1029 709
1135 670
362 716
435 718
427 675
378 711
394 713
430 717
274 703
1070 672
354 656
891 666
967 712
508 694
1029 682
709 718
1034 643
933 667
398 708
945 622
618 709
984 683
181 544
815 235
673 709
341 29
452 598
939 715
1041 702
784 80
938 674
1082 645
146 638
431 587
1014 621
876 709
22 160
283 713
941 650
929 640
936 660
1064 710
1020 708
1056 698
1000 649
430 681
416 672
338 655
860 694
452 99
890 668
423 712
331 538
457 399
1090 598
409 668
368 716
307 639
873 697
919 690
892 658
977 719
665 710
987 605
244 718
761 711
1152 600
456 691
260 131
464 719
878 634
427 663
1098 683
517 284
609 372
405 710
465 607
1116 608
327 643
480 709
1197 191
768 700
667 703
965 666
14 121
976 688
390 716
899 680
1076 700
332 646
339 646
993 668
432 719
480 689
841 663
247 375
439 716
1026 599
915 653
1018 715
369 710
1174 461
20 712
392 641
1084 586
788 349
962 668
985 668
928 217
247 610
443 667
895 711
360 707
248 694
871 711
634 713
1028 657
139 488
1115 592
923 704
322 622
909 719
426 675
800 699
1084 706
969 699
370 714
965 662
295 676
1042 644
1017 702
548 335
1015 649
361 708
1012 672
713 719
919 708
614 707
1102 655
415 716
433 643
968 683
251 621
1107 644
931 712
362 711
1009 646
746 104
309 191
343 718
908 655
832 647
1079 718
978 694
326 634
1056 690
735 708
1109 625
478 82
863 678
2 184
821 667
946 692
581 709
808 696
864 680
539 715
215 714
815 714
683 699
726 94
255 613
868 691
786 332
1051 678
534 715
645 584
680 342
469 719
971 697
387 669
399 43
352 702
280 713
939 708
1276 719
650 716
849 705
624 717
240 718
1108 658
427 220
1108 24
861 638
374 71
1091 66
1129 683
870 669
1025 679
396 712
386 719
292 663
1000 665
682 57
339 59
1041 700
432 709
1004 699
397 693
1112 693
977 619
450 713
264 714
316 656
481 132
431 49
904 678
969 708
1002 667
707 371
587 719
520 586
890 692
891 688
813 672
1091 672
300 7
284 709
693 365
925 609
979 708
476 127
364 710
312 695
1052 706
673 715
511 571
909 692
847 713
282 681
191 719
1018 649
354 665
406 713
1046 676
866 691
882 643
946 616
1129 618
777 719
275 718
387 633
1001 647
864 656
630 631
271 3
1068 626
896 650
204 686
235 643
228 626
557 710
415 718
338 707
400 712
534 712
1020 646
1092 673
605 711
1057 663
733 715
549 471
856 696
445 30
926 610
412 714
851 680
1001 710
1114 601
409 645
464 60
425 649
1015 693
820 718
1000 463
233 718
1157 626
1130 645
199 714
787 714
427 351
1067 696
339 9
295 717
1023 673
429 697
456 708
206 718
911 686
389 674
467 495
1071 689
436 618
455 711
963 651
847 708
441 104
983 659
999 704
365 679
428 669
543 719
755 719
936 718
241 644
240 550
463 604
756 43
842 675
403 655
445 347
917 696
408 706
477 710
343 705
1074 633
948 603
353 680
852 706
920 463
14 657
398 710
1109 650
459 717
383 695
1070 450
821 708
255 628
483 709
921 709
368 702
1003 697
83 371
250 707
1016 695
308 621
937 646
891 683
211 716
371 716
921 710
848 610
424 665
1110 664
671 69
877 633
896 88
1005 712
1072 625
1090 39
377 675
780 382
1150 31
801 718
239 697
942 656
333 618
913 709
388 683
768 464
706 714
606 130
348 709
851 622
565 715
373 714
487 704
332 702
368 717
1064 703
223 375
895 640
398 545
1107 697
890 714
219 717
789 362
340 717
966 717
58 92
866 660
973 626
1012 690
864 706
588 687
570 713
26 581
284 680
927 674
725 704
958 712
228 713
778 708
645 370
616 397
1084 719
582 159
875 654
970 706
855 623
1005 272
611 42
235 665
647 707
471 691
9 21
558 290
421 718
994 673
1110 695
915 702
922 692
394 645
1073 669
3 675
936 647
871 688
1022 717
897 716
875 621
412 708
763 715
1077 698
158 382
275 595
446 711
583 356
1112 711
269 370
411 709
1018 693
844 700
974 658
224 695
951 714
1069 649
405 709
870 685
363 718
883 662
1010 609
1104 618
984 653
950 684
713 715
622 712
257 697
839 567
969 698
600 709
1082 653
449 693
837 687
547 128
445 711
316 708
859 708
1058 674
279 661
915 613
334 715
409 75
867 668
1026 668
353 683
972 646
690 101
425 30
134 517
442 717
425 712
468 711
371 717
433 704
693 564
549 569
392 682
176 344
1114 688
941 708
1077 655
335 717
1121 600
792 719
835 670
961 700
842 636
358 676
367 711
352 633
818 703
883 684
402 674
460 697
497 429
616 713
231 719
196 716
244 716
856 656
1064 659
321 31
1052 719
339 619
494 710
999 710
407 705
695 657
985 682
5 588
927 505
841 690
604 710
845 697
1062 707
258 597
915 684
391 716
884 622
1102 678
272 707
1111 643
541 712
858 685
339 704
678 644
1036 642
1063 686
373 718
855 612
1022 654
456 706
309 583
397 518
721 705
393 571
464 707
1056 674
985 691
301 46
995 683
1020 138
1123 674
582 643
1012 676
688 77
907 626
890 651
600 219
965 669
205 709
211 675
453 676
940 678
433 609
989 683
319 565
647 338
397 711
552 715
248 642
1257 707
1078 667
1048 646
465 654
318 677
827 712
996 670
916 699
310 650
1054 685
908 709
137 356
993 615
1032 671
946 673
892 682
1117 19
998 702
1007 657
434 698
327 603
701 50
649 328
285 716
687 716
1080 686
421 711
1038 609
1012 670
958 706
1007 688
1136 615
999 694
971 675
1142 608
845 678
1071 714
1046 600
997 607
338 710
995 691
850 709
1077 606
1016 718
359 708
400 709
827 709
532 703
912 675
209 715
792 705
417 674
941 701
421 669
903 718
250 717
341 676
900 662
765 697
1073 679
617 42
976 691
992 711
540 712
259 680
1064 656
0 415
358 689
819 602
269 651
1012 691
1087 657
1085 19
947 714
419 676
418 712
395 718
559 69
947 674
764 83
373 712
807 708
1090 679
1060 646
819 701
953 671
1113 76
961 238
997 688
392 718
220 358
1019 621
979 669
986 713
467 712
1096 652
891 614
413 638
1078 633
1079 600
338 718
1000 714
1065 608
1072 693
1074 671
1085 703
833 620
1040 678
953 691
1095 237
939 670
929 674
493 403
935 702
966 681
1020 686
1034 662
981 685
411 110
977 652
429 610
1090 637
915 665
1106 626
905 700
341 714
506 128
894 718
968 711
234 676
724 715
995 621
972 686
594 67
267 125
788 356
898 717
1050 238
909 693
401 385
263 69
1111 611
901 719
830 679
899 692
412 711
881 654
725 706
248 714
895 690
766 698
421 713
1255 677
245 618
384 373
941 255
288 197
438 702
308 134
255 119
1001 692
995 608
1031 666
448 376
919 655
402 705
1057 717
1142 62
382 662
425 713
489 714
373 669
565 711
492 512
952 684
329 710
30 12
794 718
953 685
243 641
1055 662
463 718
963 646
830 695
894 681
901 708
216 62
948 710
365 718
932 612
648 709
900 719
831 702
371 689
277 50
513 626
697 712
860 718
516 709
909 698
373 677
159 641
265 687
279 102
185 696
331 704
901 706
963 698
547 714
11 717
874 708
883 687
314 505
1078 652
391 667
902 718
980 711
893 664
966 706
1028 649
926 697
434 715
345 691
446 299
1075 644
458 709
1010 614
711 718
573 494
953 695
845 682
743 716
358 715
863 690
585 539
483 703
1083 617
619 61
838 654
414 638
1064 47
1026 674
219 612
1051 669
530 699
436 711
1007 701
883 696
1093 714
662 708
323 5
1107 663
835 718
838 702
808 712
888 660
401 706
461 695
985 620
964 712
412 619
1037 701
212 657
586 717
1039 661
1139 624
261 617
417 603
213 51
912 670
1050 700
849 674
854 614
929 717
397 680
170 644
375 631
497 718
628 718
469 706
973 653
526 713
1012 570
1105 19
1071 665
501 447
420 707
974 635
661 718
1047 697
976 715
304 651
422 716
179 712
509 661
416 685
218 614
359 709
886 612
888 713
1119 677
873 688
709 98
1006 611
399 715
990 688
244 63
853 625
615 717
351 691
969 688
373 688
1006 689
465 706
360 632
324 670
164 101
925 335
402 713
490 717
334 630
1097 696
907 699
519 709
303 525
786 704
883 704
1108 717
427 702
812 696
836 719
935 679
937 708
109 362
341 630
338 65
862 710
403 713
897 683
275 640
1134 637
273 718
977 666
879 693
310 666
360 704
1001 717
546 706
1040 691
255 672
244 646
98 715
30 69
1031 598
336 19
279 372
933 696
528 253
41 716
461 686
969 694
851 662
406 669
1078 400
448 711
265 717
428 662
302 657
444 716
685 705
1076 669
942 665
952 719
1065 637
915 664
1010 685
3 183
266 714
818 706
1045 690
423 710
997 667
424 705
286 704
0 683
149 374
851 713
231 591
923 652
167 72
353 643
1061 647
336 642
455 18
947 703
535 716
218 376
989 706
324 712
886 682
776 371
848 690
342 639
344 606
899 711
949 702
471 673
322 681
883 713
419 612
1055 647
480 716
229 620
388 64
230 706
209 686
819 708
1032 694
1069 664
1089 657
1056 704
396 358
212 717
781 366
663 706
440 677
908 698
245 614
1034 347
489 624
356 715
337 625
461 630
866 716
295 573
417 706
264 719
692 650
373 717
452 304
949 688
954 688
1042 693
848 704
433 133
904 666
1150 629
11 154
1060 616
452 696
1053 673
631 706
1154 617
417 718
415 609
323 351
1096 671
468 32
961 610
333 714
364 632
976 619
244 596
1115 609
298 631
727 714
731 713
46 670
1040 682
458 712
662 628
924 688
596 101
872 675
485 693
1055 693
755 708
693 138
320 717
835 692
952 692
719 704
336 664
257 156
1073 635
867 709
235 719
544 73
330 706
761 706
340 712
316 643
403 660
214 355
333 650
1065 650
645 39
1017 679
932 693
886 680
429 122
62 631
756 704
918 714
847 705
462 717
493 591
1075 688
919 672
327 382
1128 635
339 654
1042 677
1036 579
917 658
368 681
332 711
1061 613
964 676
1099 694
208 660
861 703
236 24
992 685
1056 702
379 719
266 718
420 713
261 696
967 690
933 689
983 643
1033 709
193 3
360 93
212 699
366 715
1048 716
32 66
1091 679
972 447
940 607
831 655
961 686
1030 685
678 716
521 548
18 114
1114 684
987 630
1028 691
1064 13
394 718
431 718
1167 33
369 713
1051 713
474 682
398 711
444 657
1061 664
23 221
1118 699
1207 74
368 622
597 180
647 337
1130 587
728 718
1080 652
423 713
319 660
980 712
1024 657
1115 620
621 82
451 643
365 714
645 714
1002 642
932 686
850 698
817 657
1098 693
1116 512
895 685
437 584
1030 697
452 384
522 712
9 91
583 184
824 667
655 84
877 630
906 306
1120 698
991 699
1148 604
908 632
826 687
625 317
1069 676
1086 676
926 612
1126 1
1047 673
482 699
264 647
466 31
862 634
1062 706
332 642
605 712
946 648
1156 627
459 663
870 704
478 707
899 347
482 128
311 366
1017 619
356 611
1082 716
482 534
919 665
959 631
153 663
972 661
933 654
629 102
720 711
1227 674
311 104
885 718
557 693
851 645
992 645
303 692
455 643
508 635
923 710
307 715
400 69
938 628
1082 651
49 558
356 711
368 711
260 621
1068 621
854 695
486 219
1104 591
967 629
845 710
415 676
1025 623
374 586
1154 612
867 619
1088 655
820 706
1030 688
15 0
857 198
838 619
909 714
380 128
200 63
830 63
754 704
2 393
438 718
302 708
879 637
707 104
428 10
765 53
1098 705
979 673
644 718
1073 671
602 117
441 717
859 701
481 672
850 672
336 634
6 173
729 1
267 656
856 690
817 705
934 657
809 709
1111 636
220 96
398 569
685 711
797 69
829 713
1069 600
992 653
664 332
459 22
1084 644
892 620
933 648
459 667
1105 609
812 701
432 706
1099 706
186 349
700 573
385 663
1120 0
353 693
499 718
1091 4
1112 187
881 662
858 703
1026 678
1103 560
1073 641
1080 682
328 718
274 710
1128 664
422 662
267 713
188 586
944 706
686 189
1033 685
1076 615
718 714
1038 714
970 677
365 570
18 124
222 343
363 717
931 612
403 704
927 679
471 709
460 650
450 649
988 646
407 709
878 666
298 68
670 719
915 650
49 696
356 349
358 672
1082 610
829 623
313 670
1073 665
1006 647
13 245
940 652
574 709
842 694
894 634
325 705
347 6
834 655
430 718
937 628
47 27
1039 624
924 711
758 76
490 715
1053 602
53 656
443 666
877 663
987 573
1141 640
357 712
512 714
997 644
357 507
372 719
726 711
391 66
222 703
1007 605
1144 628
209 10
1104 710
1105 16
996 621
1100 621
465 45
600 15
1002 681
943 676
433 703
1090 678
948 681
293 663
508 646
1058 658
605 719
405 606
969 718
334 644
1088 624
1142 45
647 97
0 385
917 701
874 684
1079 687
983 595
990 317
276 641
52 91
361 650
782 109
705 707
968 707
565 653
1031 694
880 680
1054 652
872 716
667 43
254 643
1089 10
473 642
885 653
907 679
42 671
966 710
713 61
274 662
1138 660
1063 618
599 521
310 81
66 48
861 713
921 711
933 665
17 144
439 658
324 714
56 59
479 681
1126 652
253 712
474 350
223 649
270 59
386 634
584 5
381 363
956 670
847 663
820 675
403 710
1122 611
516 716
275 719
827 717
329 712
315 17
1138 669
381 652
807 700
967 627
381 704
567 688
479 717
772 701
921 700
932 684
387 715
667 712
739 712
1048 703
1060 703
1017 637
452 495
519 606
1101 619
490 602
198 13
372 704
918 338
256 665
820 683
670 129
424 707
1133 597
442 713
369 716
1078 678
159 627
1035 597
370 43
901 619
1066 8
896 633
363 704
924 607
420 718
877 674
232 701
797 636
867 702
933 677
572 81
404 719
183 366
950 710
1085 634
982 618
901 689
74 702
82 53
959 677
374 496
1083 692
663 364
998 671
18 1
1073 629
114 383
231 353
1077 610
552 714
971 713
503 152
969 620
988 671
297 701
331 653
288 605
610 681
256 715
1093 21
935 690
425 710
602 87
574 703
842 579
969 678
345 67
393 689
1006 695
443 691
1086 0
656 708
1058 612
878 655
1068 657
666 121
248 632
258 630
899 633
245 709
928 690
386 717
329 701
986 577
725 678
936 704
779 5
496 344
425 660
1038 608
237 719
717 712
1116 12
511 718
900 623
933 620
637 121
408 363
843 708
1013 596
959 657
886 691
185 386
393 719
351 637
1057 687
354 15
426 608
1000 606
359 714
376 716
296 705
821 683
859 717
971 702
459 260
14 20
473 716
287 646
912 710
1030 687
591 705
1004 695
739 181
138 289
838 703
467 359
511 180
857 668
1150 28
1115 711
261 715
569 688
1021 709
1096 650
739 31
821 710
8 719
948 685
258 115
1005 646
255 114
274 665
7 131
464 688
561 716
957 622
667 371
344 713
721 713
891 498
402 709
199 552
896 669
877 702
937 656
509 578
891 716
567 395
1021 677
1068 675
592 331
283 506
885 680
764 704
958 691
645 371
405 718
544 517
874 639
854 672
1070 353
350 687
396 674
373 662
526 124
328 663
412 703
649 575
358 636
834 699
955 700
1062 662
538 551
1092 390
1095 633
229 675
934 625
360 717
704 25
345 676
531 612
519 711
408 719
197 719
260 712
1080 647
283 365
396 719
1023 675
907 672
969 711
907 700
924 718
810 694
1009 710
884 713
938 711
396 714
1031 714
351 710
1063 652
870 674
1032 646
1149 523
522 716
763 702
997 633
37 77
918 470
633 718
865 658
82 365
1099 629
926 662
891 687
1068 698
431 361
373 597
960 320
916 698
614 713
524 628
500 73
1108 665
1131 623
285 663
595 713
26 572
1033 704
796 718
342 711
549 643
574 270
1110 675
847 709
507 99
835 717
267 347
561 713
969 713
1008 696
498 542
464 679
870 675
652 709
372 712
663 717
964 625
1039 640
353 714
668 707
872 719
958 719
1007 715
380 44
455 671
107 73
716 701
885 713
406 710
1203 222
100 438
353 701
293 655
879 706
888 620
1107 22
318 116
24 628
886 709
471 662
981 580
388 672
577 696
978 713
408 54
348 719
290 715
682 375
616 710
243 659
486 376
783 716
427 679
847 653
903 601
1036 705
461 632
813 706
251 715
890 700
913 687
369 489
400 718
126 351
390 718
939 695
979 681
480 652
1096 609
1060 714
247 123
818 698
319 719
422 665
368 20
910 693
245 87
1045 715
1074 670
383 666
550 354
352 692
497 448
725 383
363 715
286 688
689 671
507 647
415 709
1097 636
758 317
1140 665
1074 553
248 382
1031 718
857 664
422 715
277 707
983 705
843 687
171 653
365 717
66 71
474 715
971 715
863 670
392 715
436 622
644 30
