671 431
313 707
163 555
1125 486
266 556
901 489
900 455
59 14
306 491
461 666
697 472
269 613
1101 569
254 559
612 512
818 594
276 539
676 370
246 525
172 600
835 443
377 563
352 536
503 510
180 563
202 563
1232 341
716 487
1167 496
469 706
519 537
417 347
1026 241
665 592
1268 62
16 714
220 554
983 411
360 494
635 484
88 551
325 717
783 443
458 313
601 534
365 330
76 349
12 206
22 569
472 408
542 550
213 524
99 422
519 527
240 524
781 496
498 518
391 545
327 719
330 503
377 495
1079 483
90 492
339 486
1104 649
375 500
270 540
26 71
963 681
444 546
82 12
855 485
371 262
1051 435
829 526
219 521
410 689
511 497
994 319
405 505
