1120 335
41 104
1197 79
82 713
443 396
941 463
322 552
64 18
969 176
562 430
948 495
351 407
317 363
645 422
32 36
132 561
308 608
113 575
413 687
611 437
254 523
214 607
1022 529
125 381
468 524
560 535
148 561
404 510
926 718
635 561
350 540
1074 471
528 671
16 191
929 476
455 420
35 655
617 96
156 534
151 654
270 540
379 368
824 518
196 407
356 553
714 355
253 604
947 709
345 666
1078 516
783 412
1266 669
328 52
670 701
1261 316
20 677
1162 151
528 504
1005 245
195 47
80 374
346 390
808 677
3 387
211 716
536 36
786 470
321 552
179 469
289 555
793 653
1083 490
466 522
312 494
1029 673
567 479
738 629
87 29
493 620
