469 550
166 561
351 551
381 555
331 556
182 398
644 462
339 516
542 527
306 484
587 441
919 470
125 539
259 526
1015 663
479 719
154 110
447 713
1010 91
551 572
715 582
627 495
540 500
269 338
184 526
407 550
707 522
128 489
27 642
569 273
883 109
978 234
333 501
242 555
312 555
166 103
513 472
550 554
482 491
339 359
91 23
135 568
42 10
432 427
10 64
386 716
756 518
446 401
146 535
316 451
926 171
195 458
593 552
127 557
547 613
560 137
798 508
337 553
152 557
1028 523
443 489
1133 585
578 489
305 576
521 504
47 431
303 556
596 547
582 188
1232 673
1058 567
455 514
1135 83
182 489
820 480
225 516
4 659
977 637
227 556
14 251
259 557
783 545
342 555
378 133
31 2
244 428
591 547
907 563
778 442
971 105
544 527
296 556
557 514
753 92
248 493
