619 519
303 484
138 517
307 507
886 487
923 534
578 524
130 516
603 519
615 519
589 521
274 487
892 411
185 525
294 469
92 506
328 506
1075 517
356 541
635 510
1245 203
544 540
210 488
664 127
921 470
1055 252
341 520
495 616
817 439
318 515
827 487
275 497
990 521
1016 512
1080 500
634 518
516 539
965 528
230 526
1121 4
326 516
83 507
657 512
587 525
1009 697
1239 250
171 541
600 541
1126 43
1144 62
1216 131
1026 284
217 477
142 572
1017 582
1031 334
532 530
257 546
1124 397
1098 510
835 514
331 523
797 527
1110 527
550 528
605 538
171 486
1014 484
537 533
518 537
79 499
1110 43
919 634
196 484
994 432
589 522
248 483
260 483
588 591
526 532
1038 402
114 488
551 535
1190 236
787 530
1192 246
109 500
185 481
921 537
1033 454
906 502
741 498
300 547
276 485
190 510
1051 443
564 528
644 528
1183 118
98 529
1244 249
926 508
208 482
636 512
1158 495
1044 381
890 500
625 515
857 508
160 480
187 485
761 265
543 529
307 489
251 490
251 476
80 491
1147 491
296 497
769 514
647 513
217 556
185 498
144 527
876 466
688 509
835 509
178 486
330 501
519 533
1217 220
643 513
315 504
948 536
310 589
1202 183
1033 666
191 521
202 479
318 506
529 542
870 439
544 533
313 492
1107 431
853 682
260 500
604 534
667 340
332 507
980 430
1030 517
132 496
288 495
337 523
167 486
1193 448
317 538
973 437
1135 406
1233 406
326 496
544 529
592 528
235 458
209 639
307 540
1106 554
156 506
285 506
240 607
535 541
791 502
861 477
1097 472
1112 472
1090 561
543 528
697 520
1195 417
175 484
256 536
903 537
875 391
1231 149
1151 439
739 499
614 515
1044 428
1225 232
252 545
492 545
559 529
1012 469
1203 152
325 512
221 491
529 531
200 533
1128 433
630 518
761 518
187 527
176 560
980 449
342 515
8 90
1137 485
994 494
1209 205
1213 392
1235 147
751 507
274 600
541 529
965 552
599 523
648 508
187 519
719 515
866 553
1051 436
284 514
619 517
644 509
292 469
1159 453
622 519
1068 555
181 710
583 523
813 456
963 456
890 506
547 529
217 581
326 479
1081 467
589 532
588 522
266 591
115 484
1086 468
1201 220
1097 465
249 539
766 503
616 517
802 517
629 528
1121 528
188 493
1210 226
759 255
1081 535
152 548
231 507
788 507
201 486
957 461
447 669
178 82
331 517
934 522
100 542
510 473
952 699
186 7
132 486
328 512
640 512
162 487
174 480
629 709
751 513
755 513
971 534
337 508
250 519
1095 623
199 474
974 634
308 485
214 571
192 477
237 468
99 519
199 498
135 551
936 506
176 532
1019 508
539 531
1110 493
959 585
856 364
554 533
1023 475
611 521
213 496
314 496
571 538
74 502
273 502
1064 605
1187 121
301 479
69 184
972 377
625 52
547 526
633 539
558 282
977 186
1037 516
701 529
614 521
1051 510
736 504
214 507
342 527
306 482
225 586
638 518
953 342
592 538
642 602
156 476
1120 408
615 526
1215 151
333 513
459 606
491 214
126 472
202 470
190 481
948 433
182 500
742 500
177 549
584 561
638 511
641 511
176 531
757 492
354 540
617 520
323 570
340 509
741 534
1146 495
1148 151
172 500
182 484
1061 37
328 547
319 504
793 485
1192 380
107 498
1045 428
1209 265
1170 437
286 496
325 496
654 520
189 498
327 495
623 527
624 527
815 233
966 460
1207 132
202 486
618 516
627 516
1114 444
536 537
568 533
1165 488
1217 219
307 550
1212 120
1101 372
1001 356
918 604
850 483
322 521
567 528
539 529
1207 229
562 541
736 519
1065 478
366 705
483 490
347 528
132 578
207 508
1202 204
787 63
1155 514
1224 197
642 540
565 526
976 531
77 494
894 704
889 602
918 674
1179 447
262 500
229 541
1052 491
1098 494
550 526
623 523
414 92
219 492
75 17
292 538
1192 134
597 540
636 530
1045 530
640 522
337 515
1201 159
895 424
97 512
1043 428
343 523
1019 539
648 525
603 537
96 492
320 497
713 356
971 451
164 497
206 486
233 464
244 498
1253 240
649 526
258 468
606 94
261 481
797 261
600 615
179 551
1078 551
474 186
738 517
634 532
584 535
243 479
843 438
766 122
229 486
1049 486
290 520
1187 213
799 490
158 486
1131 493
530 536
629 517
93 497
610 521
732 709
1249 243
1030 352
1011 20
689 533
271 480
695 530
353 548
529 220
1207 194
193 485
266 506
64 294
1151 36
1070 429
166 488
856 460
1149 445
188 499
132 491
707 520
869 511
996 526
284 498
1195 160
489 283
1205 246
1110 425
823 391
276 517
617 517
624 513
378 108
147 496
224 486
256 515
1257 233
909 659
130 476
904 472
177 522
642 522
740 500
551 528
1256 203
797 502
1130 669
1159 429
661 706
679 527
1074 482
88 498
71 486
611 522
636 522
1012 524
508 379
843 439
646 534
913 487
142 504
304 510
719 287
83 482
186 482
633 708
1189 131
1045 670
157 547
1102 717
157 506
894 523
86 485
1010 479
921 441
187 497
975 663
307 485
598 519
1254 176
1086 443
1155 414
1026 515
681 229
1216 225
1157 539
545 533
532 535
848 462
889 425
539 528
193 543
1227 234
1047 85
290 503
1148 529
185 510
327 500
544 538
1224 249
516 535
1238 199
190 490
682 524
633 516
536 530
627 530
479 393
219 470
908 424
1003 500
322 675
589 524
652 529
941 506
619 513
1081 394
896 417
197 345
632 510
505 580
241 517
1243 202
300 488
888 519
375 706
831 500
592 536
259 552
525 540
898 559
78 488
708 504
1117 640
324 492
524 532
1190 210
336 533
334 503
647 507
193 489
306 491
827 581
230 472
818 498
1022 429
316 506
1018 518
545 717
232 506
1116 590
1014 668
608 515
97 513
324 517
943 505
586 473
346 538
529 538
849 527
1025 258
743 627
151 506
949 540
1096 419
312 496
164 486
345 560
887 479
231 536
489 680
777 485
231 469
913 514
173 503
615 522
764 508
504 538
734 528
299 543
259 477
327 497
330 503
241 516
936 211
536 539
1100 442
986 574
822 519
1069 455
861 467
303 663
576 526
1039 50
1138 410
748 500
307 519
139 29
518 533
1254 197
270 482
867 382
1154 177
1157 416
525 536
578 532
563 529
177 504
173 549
1073 467
94 530
318 489
267 518
322 539
190 508
828 563
751 512
542 532
858 553
862 498
643 509
906 456
682 507
1120 95
1169 452
746 493
210 502
360 545
152 475
245 513
105 506
150 514
861 29
196 546
604 522
844 415
986 386
210 483
263 561
300 520
645 520
336 516
111 498
798 73
767 534
175 546
1165 426
593 531
527 443
636 509
1079 405
313 485
1168 158
300 486
558 524
1020 441
579 520
274 486
714 527
179 505
652 523
626 515
368 669
134 529
275 501
964 533
352 541
735 658
765 509
1179 69
631 513
330 560
222 477
520 535
818 577
578 539
973 442
1062 467
623 512
855 560
307 484
315 489
121 534
294 518
194 479
713 506
909 593
304 71
357 538
333 501
77 498
1143 472
192 496
1077 441
350 533
843 548
630 523
575 524
208 383
440 76
329 502
323 542
921 419
542 537
643 521
865 480
635 528
858 585
330 512
237 511
43 139
100 483
553 525
1161 173
1076 422
632 541
183 535
1026 67
950 559
1203 245
855 553
124 498
875 518
754 493
787 488
602 520
512 366
549 540
506 537
895 564
1134 115
660 528
519 540
1169 286
545 538
1243 213
135 557
641 529
936 450
201 508
104 535
1085 386
209 550
505 536
315 497
587 522
1042 465
172 546
598 533
825 490
213 498
620 515
165 485
1228 244
858 542
253 519
358 657
315 486
182 549
1172 145
1093 571
319 528
511 541
944 628
270 487
104 553
146 553
1053 600
127 545
542 534
541 532
803 604
201 537
786 507
932 8
1220 164
216 684
1017 444
625 511
298 497
1044 457
512 533
576 533
189 353
1189 454
767 504
634 510
455 355
833 443
120 481
1220 157
329 715
135 513
1161 435
984 554
350 614
895 492
104 482
1126 482
755 339
851 517
1151 40
596 516
1157 544
217 533
230 478
582 520
223 510
269 512
724 496
75 500
870 460
291 476
346 528
548 535
308 466
1056 581
910 503
321 494
421 645
851 645
1159 424
789 488
779 495
901 121
1196 462
589 527
278 514
257 619
1217 183
284 476
209 508
207 491
1095 467
967 519
328 546
1135 489
1175 422
169 21
151 500
906 682
617 515
312 486
1236 255
210 531
736 498
789 498
699 294
748 98
224 501
1024 480
1011 512
1002 455
1191 121
262 522
983 522
545 527
118 490
162 493
104 151
307 665
733 497
318 488
1181 238
535 533
969 579
299 484
1007 522
546 529
142 473
530 531
384 579
64 315
569 535
839 513
86 539
300 533
645 517
195 500
1079 553
564 525
721 514
849 447
929 461
623 513
652 515
139 536
1144 646
180 124
446 477
549 529
89 506
583 525
330 527
336 513
204 502
816 211
1058 463
1028 490
319 540
965 428
177 502
1185 61
1164 518
878 605
168 614
516 533
317 503
222 483
979 444
180 495
236 542
461 297
155 483
1064 634
880 561
760 508
607 516
1165 31
839 509
1068 496
824 277
321 488
1102 695
955 550
733 499
506 541
638 508
878 570
1221 227
257 458
1228 182
148 483
159 483
636 517
1125 560
328 504
348 526
304 476
405 69
350 529
276 523
1131 46
183 361
98 538
808 501
316 493
1152 483
338 569
166 486
794 190
1125 480
1140 477
1073 412
539 533
542 533
602 521
1159 197
680 514
368 637
580 526
630 516
625 527
955 565
203 505
538 539
969 704
305 522
456 305
970 438
318 487
121 564
270 477
1048 478
747 528
941 546
628 525
310 488
1113 374
1040 486
837 702
282 485
1227 119
522 535
654 510
146 291
598 71
122 522
323 559
843 470
101 507
636 524
823 435
107 511
333 532
959 532
785 57
1179 194
130 493
1002 543
1040 450
1117 653
762 509
835 475
1175 209
306 505
765 511
515 537
1209 135
558 526
568 712
925 434
209 608
963 426
671 70
557 525
1035 521
528 532
345 544
336 510
313 508
335 514
333 507
525 535
127 558
969 522
706 530
590 529
204 543
1006 543
1098 521
334 670
628 523
909 660
182 480
320 490
338 514
306 36
127 501
556 537
716 508
539 541
666 521
275 539
1179 118
79 502
865 507
140 469
595 518
1037 434
1150 545
801 510
153 503
607 538
738 521
85 493
174 522
190 500
1111 434
227 525
430 710
549 536
1127 488
308 538
747 503
621 520
187 482
127 528
350 528
612 515
955 584
412 227
624 129
1107 476
620 526
140 480
631 479
1020 559
291 10
524 248
145 490
178 552
167 540
178 487
548 525
1179 240
136 469
717 215
606 520
556 702
1184 196
316 490
182 544
477 714
646 508
1160 515
519 543
292 484
520 540
857 540
137 494
342 522
250 460
268 471
613 515
307 483
1172 21
366 123
831 512
81 488
150 504
1184 233
127 494
781 512
263 489
261 505
642 515
925 541
206 492
145 497
546 528
596 535
1174 479
1201 504
518 539
932 423
343 526
900 151
1062 483
525 534
602 534
1080 436
614 629
477 205
626 519
605 518
354 546
293 528
172 513
197 609
835 567
622 521
1154 150
185 502
222 476
1001 699
1165 626
623 535
229 487
588 690
112 492
317 492
320 489
317 491
299 477
189 489
1221 216
339 506
129 500
345 566
352 529
297 496
754 496
1238 173
314 482
984 660
1109 660
192 483
521 281
532 536
702 502
185 507
1101 507
345 545
146 506
1187 501
1238 226
1156 450
940 504
522 540
618 531
822 618
164 508
146 493
95 478
1086 696
183 495
912 416
406 33
350 526
718 517
931 423
960 439
200 512
685 523
116 479
109 543
539 532
338 511
1245 175
792 503
140 528
158 528
344 530
120 496
229 548
199 480
827 499
794 553
320 526
210 549
615 515
158 495
486 715
606 531
302 496
633 579
128 491
610 529
730 498
968 461
1197 247
1116 439
582 524
292 488
1146 595
1024 705
563 538
1146 599
84 491
604 531
617 534
347 536
332 512
621 512
175 497
208 514
943 436
808 466
778 518
679 82
641 533
786 490
309 481
1218 126
1133 449
503 362
643 512
682 531
183 516
1177 139
106 533
343 545
932 560
75 374
1001 484
294 593
1003 622
1193 104
1149 499
228 501
1104 513
309 487
577 525
858 449
189 491
707 540
321 490
219 512
423 53
159 538
973 538
327 562
658 519
108 517
807 517
742 245
232 532
733 532
203 498
887 550
1198 116
699 527
1192 145
1195 117
343 555
291 487
836 507
836 432
970 271
1043 556
928 440
345 609
1198 448
524 534
118 516
605 516
655 516
193 657
339 517
1071 443
1198 191
915 420
811 596
390 44
265 199
573 527
145 672
1032 583
896 605
675 511
817 453
634 523
788 487
333 553
1160 553
842 614
352 539
917 543
660 512
1121 400
553 535
967 497
337 513
1036 514
1016 413
588 532
1248 201
343 542
1164 164
345 522
880 495
880 712
794 501
968 678
568 530
747 530
1125 530
169 577
86 506
763 506
310 478
121 512
858 683
531 532
344 517
910 469
211 494
170 519
911 504
1143 61
312 482
337 507
766 486
522 537
266 543
116 519
717 519
181 87
234 514
980 450
504 621
1254 164
550 525
850 495
986 481
956 441
867 132
1096 542
540 536
210 40
773 493
525 532
708 527
917 692
400 595
639 348
107 478
823 564
1247 227
199 487
975 718
1213 155
793 529
226 530
1225 180
178 647
162 525
700 507
669 345
596 531
678 532
280 488
218 569
166 470
829 539
574 527
157 490
750 530
580 525
700 524
1236 249
625 518
999 656
649 504
271 535
180 484
1197 151
149 476
338 537
129 550
1164 181
588 529
387 610
1107 47
728 507
309 500
94 525
288 502
1213 204
304 506
1129 81
559 532
150 502
1012 433
1071 566
675 528
1008 271
791 519
963 422
984 389
1030 360
700 508
1078 397
607 524
738 501
579 522
830 486
303 480
1210 211
697 531
141 547
133 487
1035 572
1183 198
1157 564
603 517
155 51
683 516
597 604
208 545
1164 545
966 432
800 480
741 518
961 486
899 384
548 651
971 669
1246 179
527 541
108 489
697 62
579 525
241 522
639 520
1022 424
1000 355
221 490
330 514
326 704
1086 492
974 623
291 494
259 523
161 482
1200 249
639 515
619 523
553 540
569 528
1134 514
237 521
1213 201
982 574
543 531
156 507
780 714
810 572
312 485
620 520
853 581
1051 653
788 524
212 546
552 101
682 517
1026 372
171 497
827 557
741 530
144 455
245 469
110 488
687 516
601 565
725 497
913 458
285 487
314 526
345 526
1247 220
847 538
401 38
978 436
169 491
893 547
692 513
363 66
847 463
288 478
1182 462
540 535
693 535
153 493
353 639
243 467
200 483
960 556
892 494
514 538
597 523
118 548
804 499
849 545
575 530
351 528
879 481
1049 391
1171 575
881 559
209 505
305 515
1193 182
524 638
211 484
104 533
604 533
465 358
167 550
1008 601
306 503
1171 195
1029 498
1159 483
307 477
294 535
229 499
102 549
186 476
763 517
221 117
819 507
281 642
560 525
537 541
561 527
561 524
636 514
129 499
1021 656
213 713
773 503
81 492
1096 515
524 535
1164 472
1042 696
93 523
1037 281
537 538
624 520
815 528
200 509
1153 444
87 484
43 337
653 513
839 660
261 482
616 707
324 2
1051 552
968 703
618 514
649 507
1125 507
774 505
137 529
291 477
80 453
1103 464
120 560
211 470
699 518
569 522
273 539
348 523
990 495
107 489
317 489
106 502
1021 424
1094 530
284 641
1223 243
953 482
314 493
719 630
241 503
917 443
959 434
1169 457
1146 433
1013 176
226 588
274 483
521 712
1206 89
849 557
573 524
922 534
1165 377
585 523
1181 522
920 503
160 528
1028 512
1196 238
104 498
138 494
540 531
554 529
193 631
322 498
1139 491
358 545
257 455
248 537
1125 576
206 509
941 560
672 57
763 492
1227 219
1167 187
1142 435
1193 117
196 505
139 409
621 528
647 528
1134 17
1202 469
1023 438
1140 521
473 348
581 527
948 608
1109 401
12 565
1012 525
554 527
176 478
640 532
964 589
557 539
267 508
555 378
1177 232
812 514
799 499
144 510
154 531
1016 526
215 483
1021 459
288 467
1199 239
612 512
298 524
119 495
796 515
969 443
213 548
1081 451
113 550
523 535
195 491
1110 699
255 547
201 492
168 551
775 514
140 488
205 488
988 455
411 583
850 428
518 535
100 518
250 483
570 522
987 631
188 495
815 506
1188 62
248 488
548 541
538 529
723 43
1192 210
1137 595
765 515
524 530
204 708
626 512
705 521
134 501
1159 457
1179 499
115 517
1177 517
931 450
1105 582
122 509
579 532
147 22
675 530
559 522
1122 39
359 547
796 487
830 487
87 498
137 654
341 538
1055 526
335 509
1000 292
581 534
893 411
223 489
887 557
261 484
764 488
333 597
1201 183
418 689
817 560
794 527
314 491
356 536
909 600
299 480
587 539
878 499
269 676
794 488
1205 256
353 544
519 535
1222 263
609 529
184 524
557 330
1130 561
664 516
885 606
253 496
550 530
847 511
1225 202
534 543
126 84
1102 465
539 536
306 691
904 534
882 494
825 431
327 690
310 477
752 525
1176 225
255 462
1175 167
321 499
917 533
235 498
949 448
520 537
1028 545
860 601
581 530
328 498
1122 97
159 497
1214 144
122 470
877 508
734 519
988 695
1068 421
581 532
316 662
555 530
870 347
627 522
1035 528
930 480
1032 664
621 533
1241 232
220 480
1197 143
552 529
862 540
1171 540
223 499
1151 109
1231 135
577 535
1156 92
99 487
550 534
1215 180
456 379
112 1
232 517
906 467
913 478
644 521
1090 522
917 523
552 537
1154 446
189 519
655 515
563 530
1211 204
736 510
790 510
572 521
579 521
161 491
274 491
516 537
244 476
176 512
525 531
1026 534
284 465
921 557
267 461
635 507
1029 601
152 523
332 508
976 549
1184 212
615 524
655 514
206 497
551 532
492 609
717 524
1061 498
566 533
1137 117
917 422
568 522
227 551
154 485
309 485
320 499
1207 237
1110 568
305 538
634 515
764 525
648 507
615 514
798 482
842 676
281 500
606 533
121 495
918 514
620 512
1152 159
210 528
590 528
1020 686
681 509
313 496
1187 496
301 546
644 530
1239 153
249 493
941 715
1185 147
1129 438
277 480
944 382
1134 543
1026 541
953 521
244 549
1109 434
1107 18
643 534
89 485
1182 486
928 695
299 489
270 591
315 525
550 536
1183 211
78 493
586 537
597 526
1182 230
868 265
857 429
506 539
1042 552
315 493
337 530
253 545
576 540
1103 563
1000 464
741 502
649 508
651 528
914 497
655 521
1109 423
1239 232
574 524
170 503
164 481
199 482
236 483
1032 487
937 520
839 445
994 442
190 480
1030 642
112 553
1208 133
1275 207
312 487
147 648
789 491
957 468
201 521
562 527
1068 393
989 595
603 522
327 503
791 485
1008 485
543 530
942 461
537 531
601 521
1133 452
658 515
323 551
9 241
334 508
182 485
854 451
1228 188
336 530
845 407
280 644
1024 460
577 374
578 529
918 529
277 462
934 462
1168 112
169 103
134 528
988 398
90 502
136 503
222 488
131 545
179 530
701 530
125 524
328 516
706 705
320 519
507 539
531 533
148 487
1161 37
120 495
234 495
719 500
92 541
604 542
326 498
1072 411
592 518
961 246
254 533
960 548
513 472
656 513
850 228
1127 456
167 480
1005 532
1176 464
589 519
397 689
197 488
519 542
532 533
561 533
306 587
631 516
827 452
566 537
306 521
301 529
340 142
134 484
336 503
979 503
805 488
218 479
1109 564
157 485
576 524
1021 331
576 528
616 118
1112 418
145 499
1130 499
170 548
339 522
1035 575
915 433
909 490
312 539
353 539
229 531
330 525
648 516
343 674
215 26
608 547
696 521
151 531
301 592
761 321
761 506
894 566
1221 160
920 169
533 538
1134 541
193 518
278 518
768 510
845 473
894 394
306 483
481 504
1035 481
801 506
4 263
636 534
655 534
979 544
668 4
962 461
109 549
1167 470
768 655
974 572
1070 594
302 489
1107 426
819 580
195 549
510 538
313 544
881 544
946 699
329 511
1139 143
964 442
628 530
315 77
193 525
231 480
178 512
224 483
267 499
327 502
564 540
1148 450
549 528
427 481
984 481
544 535
319 491
512 410
320 496
191 488
317 493
1241 238
578 527
197 481
222 516
262 575
751 348
1244 161
816 626
448 37
657 23
151 508
1119 527
361 541
829 532
644 515
596 522
1113 396
266 496
888 683
627 535
174 512
1164 435
135 607
577 521
1143 476
1087 459
181 600
808 708
272 501
1027 405
844 518
455 358
140 505
600 534
1039 442
127 542
824 446
181 500
768 500
292 517
571 529
515 539
853 514
1209 145
863 514
1114 559
19 171
861 427
824 533
254 462
699 505
130 511
326 520
969 619
327 535
536 706
618 577
1215 156
110 509
270 551
338 541
984 352
231 505
569 539
699 522
1054 520
1093 424
627 524
1069 452
527 583
535 538
93 502
270 486
717 517
541 535
1046 426
1137 67
187 516
600 516
902 429
532 529
194 650
331 508
634 508
136 484
1154 504
299 479
854 510
177 509
807 454
886 524
917 548
1139 400
640 529
650 512
352 534
1033 504
1227 142
507 538
613 530
918 408
328 511
551 527
100 549
957 549
215 536
925 552
326 504
537 539
987 415
181 529
279 496
1088 430
121 599
1190 392
267 479
318 554
705 530
331 505
341 527
80 488
786 524
199 506
765 506
753 517
561 528
1201 144
345 516
592 530
769 489
1139 70
1018 466
506 538
603 529
286 517
309 515
1203 114
979 434
1206 241
911 415
664 706
344 522
193 481
259 539
1045 394
200 537
139 501
243 575
126 482
353 576
601 530
231 485
338 519
1219 210
511 537
198 552
583 520
197 495
948 425
348 538
309 482
827 510
555 528
813 457
679 511
932 511
1052 453
640 514
155 510
542 531
169 486
334 530
508 535
151 526
958 435
581 541
1152 541
1160 136
866 476
219 481
922 548
243 480
926 360
270 585
99 482
219 485
134 564
225 588
616 520
679 522
783 522
102 537
1216 218
899 455
1217 258
462 650
1115 433
307 534
546 534
518 532
642 525
913 540
948 558
759 496
322 512
842 512
720 520
985 712
700 505
586 259
341 519
966 514
518 536
680 525
1221 147
125 480
169 513
198 488
591 520
972 453
278 529
185 492
550 527
681 508
1212 127
591 526
313 480
1135 496
187 475
136 504
188 500
1095 429
1043 716
534 536
319 511
271 514
127 497
896 419
586 518
206 489
270 459
632 538
909 492
1012 462
79 495
1229 239
140 500
776 500
229 552
1183 468
1064 550
996 391
721 500
1192 248
552 534
1209 190
594 523
616 513
337 525
603 521
511 538
1201 118
324 494
109 504
669 524
351 531
725 503
875 540
804 485
762 512
205 503
223 503
346 546
787 493
617 516
256 677
279 482
858 255
1033 562
789 514
837 353
821 459
552 533
589 533
872 420
138 492
558 539
183 485
1045 440
686 23
590 554
240 541
215 537
1207 247
213 497
187 529
320 500
1032 687
236 506
1102 545
945 568
795 498
801 505
690 532
804 532
580 527
865 97
84 531
101 521
173 493
294 493
129 491
254 491
1205 204
270 430
1101 516
1124 536
259 621
1077 3
1139 489
97 153
851 522
853 468
1104 497
359 637
579 677
957 425
318 479
795 483
861 535
595 534
226 604
269 503
1010 520
846 600
201 530
1060 556
1160 155
1042 631
102 493
1241 249
341 72
1004 405
128 509
337 506
579 529
1164 521
592 531
780 511
1191 221
277 559
859 446
682 504
159 487
855 494
979 569
1100 402
1112 420
184 493
1206 201
622 518
136 530
183 510
257 490
1169 103
731 528
78 482
133 694
984 350
350 532
1099 372
271 538
589 523
454 593
932 593
301 484
114 504
559 542
349 525
269 357
1075 447
411 50
284 110
345 96
616 514
483 526
965 403
1132 421
343 535
752 189
308 493
1226 228
245 494
116 506
1034 256
650 515
585 526
1047 392
1135 110
484 568
1108 58
108 512
645 512
1070 435
1046 490
548 528
959 481
899 552
109 522
523 621
319 497
310 487
548 537
1178 157
928 589
590 563
1111 519
1134 76
367 699
331 515
1175 39
1226 176
198 510
974 459
203 641
721 520
338 517
513 540
527 538
1148 578
304 620
1227 205
499 221
1187 115
161 496
200 496
650 509
899 477
1183 378
739 513
894 521
533 536
1098 651
1194 167
135 500
416 616
309 525
302 519
360 542
546 537
184 475
818 701
322 515
597 515
731 500
272 517
788 498
1239 146
249 503
107 496
1098 496
291 520
1176 229
789 483
808 517
1212 173
1026 223
766 508
850 478
1091 548
258 495
1089 649
971 424
1015 475
166 36
1030 491
730 519
1220 189
1205 172
581 521
221 501
1051 501
953 449
551 534
933 541
565 615
1165 514
1228 207
696 523
630 526
531 535
779 517
1038 661
570 532
306 526
1110 700
820 433
628 515
998 569
642 537
815 714
1187 171
228 514
750 629
1175 99
297 506
1170 429
568 527
740 497
147 615
946 580
1046 439
320 518
798 26
334 512
1210 500
311 510
1084 442
971 399
628 513
652 513
901 561
969 428
976 394
904 487
797 493
363 89
1185 191
1039 672
712 715
962 494
1078 589
148 486
192 501
301 499
259 516
595 526
779 526
1262 219
1108 378
216 517
219 593
686 507
1097 670
625 366
734 495
783 531
645 519
1217 246
273 518
1047 446
699 503
814 503
303 537
795 491
1126 395
541 536
716 517
257 476
542 538
840 567
630 525
1013 498
637 527
790 493
129 546
829 576
356 688
194 489
598 522
337 524
350 524
956 415
86 487
130 487
1111 462
241 635
989 323
986 394
154 549
948 712
343 533
1027 497
353 547
546 536
1051 673
887 521
617 522
999 454
131 482
203 709
316 508
336 511
636 511
719 504
314 718
587 530
321 492
197 498
833 519
1046 567
446 59
539 535
629 526
70 216
143 476
212 477
1157 466
874 460
82 704
724 608
430 64
1219 54
965 423
118 485
123 534
526 534
539 534
628 132
688 508
900 424
913 628
158 557
1052 557
194 552
139 524
633 512
600 352
814 487
275 505
1117 511
194 473
1122 419
1109 169
1169 167
597 179
1158 127
1146 550
187 528
264 532
550 532
316 534
524 539
586 705
1260 265
880 491
207 492
201 483
251 496
883 458
881 437
1177 229
1078 13
266 622
180 522
213 516
632 513
922 513
625 529
1206 223
1167 218
1254 218
1071 343
841 421
1171 429
352 530
661 532
817 577
376 11
1013 412
1155 422
1067 425
942 477
694 500
311 494
181 485
525 537
598 525
926 552
1110 630
199 609
1253 202
1184 111
754 92
733 510
1022 484
653 517
523 542
238 608
1088 714
1106 679
1011 698
1161 177
1196 108
762 496
1016 521
719 518
531 531
305 532
224 665
1232 130
1226 269
181 494
959 491
252 496
263 496
294 468
1069 423
1181 419
1073 388
948 523
505 541
523 539
1197 194
1102 18
1015 260
288 505
298 509
254 488
251 487
1116 426
270 517
91 548
1080 550
1182 185
528 209
10 126
978 478
255 457
186 485
1168 484
697 503
104 504
696 324
240 528
513 534
206 518
621 524
571 522
341 545
527 710
992 661
1080 676
1083 425
1114 446
1025 461
71 495
196 493
633 509
1157 183
513 538
523 538
270 535
1152 555
292 547
200 551
958 593
310 479
1037 456
76 511
281 489
319 492
1052 521
208 519
863 519
972 541
705 536
71 353
960 416
1123 482
337 609
1221 245
1034 454
613 522
1001 424
910 407
283 502
89 500
1133 466
559 524
592 524
1058 535
544 534
572 534
539 540
839 545
931 544
1079 570
436 68
432 219
1229 231
246 509
305 493
1129 465
831 471
558 538
896 539
850 542
146 531
620 531
713 531
578 65
1186 75
1163 182
1212 182
984 416
1133 416
142 502
291 502
323 502
1053 502
767 511
622 512
740 517
337 555
675 692
1018 675
491 712
1145 125
1210 139
1211 130
185 487
133 482
926 473
1053 452
358 539
567 529
886 529
616 521
1223 562
933 634
1103 709
1178 188
784 114
317 485
1164 486
1098 493
141 510
712 510
689 511
277 478
954 408
996 428
1085 446
852 591
1026 525
622 530
299 537
27 683
873 710
23 124
807 99
907 423
304 504
332 505
649 510
1137 457
936 459
136 613
218 514
562 528
519 532
298 561
161 555
559 641
1194 198
1171 171
1171 137
991 394
1096 399
299 487
276 484
324 491
766 488
864 468
1219 275
237 631
989 581
188 519
209 532
1201 234
1171 3
1197 93
537 95
702 507
85 495
911 454
456 432
925 416
1110 416
895 400
639 518
348 529
736 530
521 535
899 535
541 533
461 601
1105 625
1211 236
1207 209
452 133
851 156
544 97
933 119
1193 120
998 419
132 483
263 483
689 499
269 508
1158 478
917 471
897 449
1044 671
209 595
1125 604
992 586
241 548
579 531
853 531
1065 540
1120 540
329 527
777 527
147 523
285 523
1117 21
26 18
1167 74
1170 197
1256 220
445 229
178 510
184 500
732 500
1159 501
178 492
157 484
124 520
623 534
332 529
293 547
105 549
902 550
1117 657
917 697
68 199
1222 196
1214 201
1212 235
1185 138
1169 132
1120 16
55 17
248 124
1161 116
292 473
275 474
93 506
1001 510
284 501
160 487
165 487
197 487
553 261
515 538
316 539
132 541
680 535
549 525
891 525
336 524
1025 522
155 523
589 520
647 520
1137 515
119 551
1082 551
1178 551
337 548
1006 598
1132 585
312 587
268 588
1145 647
53 679
472 719
1047 708
1221 165
1148 143
1047 240
1246 232
24 63
245 62
702 14
297 89
945 465
269 467
922 469
1048 460
142 492
306 492
228 510
692 505
240 507
729 497
913 424
920 417
1003 432
1160 432
327 300
871 306
310 514
617 513
754 513
792 519
572 525
765 525
148 535
509 535
987 534
161 540
512 542
523 536
163 544
108 548
119 553
233 562
281 591
1260 248
598 50
294 31
1102 80
141 490
301 480
799 483
153 485
322 509
122 507
96 498
977 458
286 473
944 419
930 437
698 395
208 529
349 531
133 516
802 522
319 527
340 525
377 573
1057 546
1064 555
1014 594
210 593
963 684
398 648
369 7
303 54
271 209
1253 248
333 511
1188 511
204 509
660 509
798 507
259 504
742 496
272 482
795 482
771 492
187 490
461 296
912 377
308 537
550 538
562 538
138 530
623 533
736 525
121 524
1043 520
629 518
684 518
745 512
207 564
974 561
863 569
956 569
1159 587
923 581
599 719
307 718
871 718
1091 660
824 693
999 500
733 502
273 497
1087 509
896 483
271 488
1052 398
1034 440
762 0
384 49
1173 200
1257 240
345 536
358 541
876 541
209 513
217 513
557 650
265 488
925 401
582 47
134 7
1166 129
1198 144
1216 170
1001 215
1010 717
173 553
1058 553
555 543
225 489
198 509
933 505
1118 443
856 358
1158 121
81 528
235 528
614 528
268 515
1073 519
328 523
882 513
64 703
1162 494
303 482
308 470
229 525
778 527
838 701
873 495
204 504
975 504
1156 619
421 51
733 493
159 545
1045 548
315 549
1006 438
1023 441
283 106
176 522
8 331
1137 405
917 393
652 517
563 523
579 523
642 552
946 550
1159 662
349 54
165 507
310 507
333 506
1138 460
1066 586
223 620
336 512
536 532
1101 283
173 498
144 487
192 471
1073 427
1188 250
606 163
1118 7
425 635
316 516
592 519
593 527
825 529
845 528
1179 511
735 501
756 492
231 486
179 474
1025 518
382 621
543 713
1152 36
795 103
938 541
1183 416
1202 392
1216 221
298 104
923 458
442 194
189 490
1170 490
256 455
274 467
1224 198
1100 428
944 555
1164 444
564 419
242 473
1246 197
576 520
342 536
1049 536
678 504
125 517
963 512
765 516
344 531
324 497
632 516
196 528
265 528
771 560
1022 560
1133 564
512 534
814 256
1138 434
1230 222
673 513
971 529
646 530
664 530
1007 553
166 491
836 688
716 219
947 446
726 118
517 543
1140 535
1207 220
1214 166
1004 533
231 481
626 513
578 253
580 529
857 529
271 525
615 525
154 526
1128 415
1015 678
361 546
763 516
1044 418
1085 674
436 659
611 523
718 541
605 534
1145 495
991 696
886 579
182 546
1183 148
566 522
177 483
163 506
1016 511
1193 223
965 537
141 538
1194 533
180 528
598 529
176 489
344 525
746 180
1148 550
142 506
1134 421
1158 559
1248 161
883 462
952 425
196 524
959 573
1133 66
763 490
985 490
805 170
950 449
1117 574
306 538
175 536
642 539
212 486
707 24
864 508
635 518
290 468
17 677
570 537
1032 407
774 493
891 493
288 466
866 699
736 495
989 453
1126 679
730 712
1174 173
609 526
162 505
721 505
1051 505
868 711
714 521
299 496
678 354
1188 230
1114 569
1204 129
157 483
1172 442
839 433
997 490
293 541
518 541
314 488
638 520
795 719
1185 466
1178 183
139 518
277 469
712 361
745 523
1077 632
363 719
1160 98
853 550
1206 142
865 441
1071 609
626 533
74 494
311 487
972 544
230 483
1066 439
650 521
170 539
166 476
170 483
356 567
1125 512
1011 640
845 703
92 516
372 356
536 531
536 529
657 529
109 491
640 448
225 486
618 522
973 403
320 585
189 496
1194 192
994 471
630 513
260 458
520 533
624 531
1018 449
272 593
343 534
841 515
163 588
1157 107
842 444
677 524
600 530
950 419
558 527
909 527
241 498
198 470
1237 177
1218 173
1158 487
850 506
71 348
625 48
1116 578
1140 428
584 522
1073 569
114 476
134 478
713 524
276 464
1209 216
148 473
1122 547
845 453
1116 644
1254 226
348 534
788 508
612 522
83 483
922 555
608 531
1225 141
640 507
750 509
70 505
297 505
1192 204
398 656
539 356
296 502
1208 225
72 52
1124 546
500 89
862 433
918 491
246 541
1157 451
603 623
176 480
339 605
719 503
240 494
1203 119
275 504
846 491
603 711
1127 473
1140 67
915 513
560 523
336 532
98 506
953 629
530 537
724 528
694 72
1216 236
653 228
137 501
721 501
770 362
137 495
998 495
1246 165
723 507
624 512
688 506
658 537
1244 219
614 526
308 500
821 718
951 422
329 504
300 478
1160 202
200 497
105 495
265 495
624 535
223 575
157 543
633 121
222 493
701 507
1173 180
294 495
575 521
915 414
1091 368
889 229
1176 524
291 385
241 480
639 536
437 370
913 650
628 529
298 485
973 411
433 511
306 530
691 97
87 492
1140 492
1080 507
749 512
1178 216
108 483
1054 509
1059 647
122 488
1142 41
1189 435
556 528
1110 376
564 539
1239 151
302 526
261 456
1011 455
1060 389
868 179
605 709
597 525
518 538
505 537
752 491
1055 418
210 494
1140 574
595 710
161 554
1108 455
610 523
215 493
1062 529
746 520
951 571
138 488
636 513
1218 185
549 527
182 473
238 508
567 525
770 517
647 515
322 499
714 211
818 459
656 534
1026 621
929 426
989 558
149 499
1035 541
802 500
576 527
1030 598
338 26
1223 250
1204 191
326 495
1031 513
632 519
1165 483
1079 412
1159 422
942 470
782 505
1071 634
1188 159
862 512
199 489
273 489
1034 513
112 483
507 535
284 510
1028 432
644 525
1229 256
661 4
1173 209
92 534
673 268
1043 435
508 533
1033 479
1080 532
848 448
544 541
1106 513
667 707
187 660
1083 535
962 486
886 489
315 487
188 509
958 378
310 482
1229 199
784 532
604 519
711 522
685 40
379 193
459 422
945 429
1141 147
105 483
642 508
230 556
987 442
503 622
526 531
354 547
1092 426
1094 395
955 469
840 503
1103 554
123 508
306 551
885 551
529 537
307 512
1204 214
918 494
966 499
477 706
1088 535
697 679
627 521
1145 534
404 677
533 532
341 522
1021 441
566 536
131 12
1094 461
226 472
1028 632
272 562
212 459
839 387
523 716
879 98
79 473
534 532
509 542
577 542
965 527
1215 230
566 525
877 424
796 514
1227 178
904 488
956 450
1033 564
892 534
983 594
585 518
401 354
80 525
1130 128
295 489
589 528
965 404
332 542
876 532
82 499
25 638
1005 529
306 509
185 547
1003 569
782 701
993 484
301 486
904 519
1208 141
1023 450
629 521
861 549
1148 61
232 501
616 523
173 533
260 533
1057 594
634 526
96 516
302 485
622 520
620 513
537 536
206 475
573 525
317 548
985 569
947 671
185 493
765 529
775 529
644 534
98 512
897 466
995 478
683 504
394 347
190 530
910 420
158 487
245 516
573 529
826 531
923 554
349 538
143 508
1200 226
155 534
147 471
285 515
1216 249
110 519
88 491
320 487
1158 554
304 499
826 437
194 498
724 512
995 508
547 530
882 526
640 506
690 511
868 574
456 328
1211 285
937 662
1207 249
275 458
648 511
530 545
497 270
1223 214
154 551
336 535
323 490
91 497
1109 442
790 486
254 456
64 60
1122 507
206 496
557 528
200 482
856 516
266 675
133 498
1028 506
748 566
180 499
1145 593
923 579
349 551
1071 493
704 508
1011 431
1001 461
273 513
662 516
326 531
752 531
868 442
253 504
969 449
1209 706
1264 262
843 514
884 265
437 358
788 488
330 498
262 540
582 540
623 519
168 491
721 511
133 475
282 497
1135 446
351 524
965 370
1165 133
629 509
564 526
570 526
721 518
510 540
521 541
221 493
162 482
105 567
1163 537
235 471
108 498
311 489
1109 436
1066 514
436 481
325 500
564 532
262 504
4 485
727 498
854 533
186 490
174 535
294 716
655 548
653 515
1012 704
100 257
140 489
1085 463
1215 236
953 424
196 517
637 510
1186 538
817 539
1178 497
740 509
431 365
1174 135
1186 458
104 523
289 504
182 497
665 518
310 490
446 368
745 491
115 527
876 436
619 522
203 497
93 501
909 466
1112 710
1173 215
305 486
736 531
533 530
1021 426
898 176
1085 3
916 542
864 637
320 508
1209 203
119 501
974 694
729 534
511 539
192 488
1001 488
520 532
867 452
1088 520
1250 173
653 67
375 60
1142 87
845 543
93 9
650 712
1046 711
1019 462
529 533
642 516
660 265
29 96
299 481
802 510
105 537
541 527
608 530
575 533
981 310
338 520
599 522
1136 455
616 531
114 506
1006 628
1159 157
963 701
1060 562
589 718
189 486
238 465
645 527
636 508
648 99
931 99
545 523
966 343
913 548
954 502
1139 403
1078 442
330 520
505 538
1099 513
205 479
286 540
1169 439
902 608
1203 173
681 531
1032 379
661 6
253 621
704 504
1103 451
215 113
1123 195
889 428
331 549
230 466
1167 65
368 710
607 514
88 533
547 528
236 495
879 471
1026 511
989 562
620 522
313 487
1095 487
238 655
939 438
304 618
727 524
564 531
817 531
339 684
1164 493
587 523
922 598
79 489
533 533
193 484
223 509
309 476
1224 179
1207 173
1094 547
644 519
798 58
1192 176
326 501
882 505
891 494
916 494
645 525
101 508
320 491
1111 610
1045 517
154 511
150 475
579 526
1188 554
82 493
348 548
159 510
125 519
1159 624
235 586
1152 487
891 665
159 480
603 520
339 534
811 529
957 577
238 504
238 468
930 446
1191 249
311 528
544 531
828 502
690 577
1213 425
508 534
510 534
320 575
119 474
1204 182
1245 167
565 523
1213 120
554 524
1170 359
832 550
901 550
122 487
772 505
212 531
582 539
1225 233
745 522
294 498
172 47
471 475
992 369
643 528
617 541
229 559
538 540
1111 540
93 515
564 537
166 534
171 473
1220 146
906 708
315 502
754 283
186 505
963 712
331 542
659 534
243 545
1159 120
904 527
319 487
1187 487
335 612
285 493
612 638
168 498
300 537
1034 392
854 474
1130 86
98 481
871 682
902 541
245 510
903 462
1200 192
309 660
411 97
882 558
1107 589
701 363
306 516
248 502
648 517
860 519
154 499
267 466
552 527
227 531
524 531
1022 505
1159 427
832 68
302 537
1196 226
238 521
903 514
76 541
915 541
941 437
290 543
855 650
291 484
29 186
1038 440
200 548
578 525
1183 66
200 479
1004 469
653 521
187 492
228 486
1015 519
1059 619
963 389
85 491
21 594
545 535
555 535
652 78
122 486
194 486
103 503
1248 149
1161 132
177 539
329 496
1173 502
990 548
303 476
1115 497
274 480
600 635
96 505
1048 477
876 478
555 525
624 524
611 519
862 514
715 516
188 485
1090 686
1234 170
326 522
983 707
641 517
67 244
198 539
618 534
1011 510
942 427
138 505
1040 477
761 491
568 525
524 20
842 575
245 515
688 515
79 539
263 530
775 487
837 514
133 522
694 522
1158 120
83 519
445 282
125 499
1217 137
151 486
245 456
954 498
484 537
1188 201
315 580
914 708
724 505
531 541
588 523
281 540
523 540
1089 464
573 539
916 511
191 534
329 520
152 529
550 529
882 504
285 536
1133 455
1190 169
357 579
123 569
635 512
606 514
1168 430
1050 393
900 428
1142 526
631 537
325 491
628 518
565 535
872 478
820 546
1026 562
1139 75
181 525
881 505
162 496
253 489
67 642
537 537
329 509
235 494
1175 158
1168 556
1165 344
168 478
182 493
741 493
173 497
514 536
147 561
355 543
758 708
141 489
297 481
650 511
1013 518
1013 476
1100 476
627 556
894 539
1180 497
599 536
661 536
542 529
703 526
323 520
868 499
523 534
578 534
182 495
1138 554
342 530
859 530
445 90
523 532
1027 7
543 527
120 482
907 496
1111 695
334 528
1133 43
961 567
1089 414
552 540
1112 519
328 517
1017 409
573 530
109 359
639 508
1051 508
783 495
1170 118
545 530
307 281
839 700
876 537
536 536
287 488
1212 214
930 424
777 520
1140 487
1197 416
1104 446
329 611
97 491
1173 485
975 560
218 145
271 499
602 532
468 532
713 502
592 322
565 524
162 292
1154 434
228 569
1141 605
1231 178
984 301
285 524
602 535
1233 251
120 468
548 530
567 714
640 511
891 653
761 516
795 516
527 537
1085 496
528 534
1051 633
235 520
1207 407
667 41
326 545
486 66
528 533
1229 132
553 524
92 501
1083 661
1025 403
978 486
128 476
526 533
1031 442
325 511
539 530
824 73
281 481
795 510
1084 453
1033 469
168 499
590 540
129 20
246 1
535 534
728 705
637 507
585 519
1214 262
826 474
924 536
894 689
801 196
163 509
583 537
1223 185
877 538
127 508
964 421
225 470
268 512
311 497
315 485
219 505
514 533
125 530
166 479
691 244
537 529
1136 105
542 536
88 495
270 512
933 475
296 561
302 482
311 486
209 507
255 478
197 526
269 492
312 489
311 616
626 514
292 524
679 531
1023 430
1118 619
535 535
540 527
985 639
349 522
1231 202
167 481
984 419
323 498
962 420
571 521
334 537
345 528
548 534
281 712
647 540
752 492
1065 342
149 543
951 510
713 501
1018 1
237 489
95 508
1092 702
326 60
121 494
540 532
1006 427
1113 453
639 511
582 20
1174 109
329 498
639 516
887 508
242 479
1062 473
301 495
1025 387
687 524
90 523
837 465
1159 438
834 541
309 484
188 568
526 536
586 517
518 543
641 508
220 533
1226 195
342 511
590 519
311 478
975 420
818 707
1122 477
538 536
1188 336
565 528
774 46
315 498
896 416
589 518
160 505
209 538
351 711
1243 236
639 507
589 706
562 531
649 522
612 520
634 521
540 539
176 492
316 486
167 490
1185 512
671 518
795 147
1118 626
619 518
1186 120
862 493
526 541
100 500
1141 434
884 535
879 525
1204 101
1208 153
1067 383
604 520
72 526
249 487
253 460
1037 410
330 500
666 512
1068 433
636 531
221 525
243 547
303 477
1009 435
803 245
507 543
615 543
652 505
846 513
1034 534
703 520
854 537
338 527
1145 96
1056 543
683 526
827 453
99 497
560 70
609 524
131 498
953 498
294 502
147 495
1207 208
559 537
306 490
1118 404
284 470
1179 219
283 494
822 538
582 533
139 541
909 447
1228 247
642 512
813 503
1021 703
271 510
145 469
90 513
97 489
297 460
513 537
678 524
252 508
105 492
167 491
548 533
175 481
92 539
1057 355
300 483
199 509
608 517
189 530
772 492
342 521
901 565
709 512
738 512
683 711
227 550
532 539
529 530
688 514
1160 153
1069 474
207 478
290 483
675 706
292 496
745 489
603 706
595 522
1097 476
223 493
887 455
127 553
864 675
307 498
331 503
511 536
328 500
861 468
169 482
577 526
1204 190
612 514
1009 448
734 500
790 500
931 519
157 502
302 493
256 460
622 533
558 532
1171 434
144 507
541 540
556 524
322 537
606 522
1106 445
823 462
1113 626
824 534
562 533
1169 576
321 528
589 526
647 517
1222 197
599 525
209 471
209 502
212 507
641 510
319 522
703 513
553 530
1156 195
132 535
235 646
199 530
308 479
119 490
637 331
686 503
524 382
142 488
845 701
935 553
872 499
173 539
1065 448
570 535
506 536
678 510
1099 520
463 656
534 538
199 535
978 491
506 543
1232 169
602 518
634 512
129 118
718 516
1033 503
189 532
1109 417
1007 579
1176 191
1173 148
1167 11
959 459
754 530
238 535
264 510
186 717
1044 499
1253 235
333 509
2 187
1214 217
645 90
594 524
91 493
817 90
658 672
1015 551
924 522
12 649
703 32
335 506
304 483
512 536
1002 694
1175 424
996 705
798 516
73 475
1139 129
70 493
689 348
910 686
974 484
121 476
382 68
486 226
157 476
138 538
896 488
652 535
320 511
685 511
1101 511
1059 422
728 505
1198 151
263 126
1141 455
513 533
305 480
469 372
255 479
1047 548
1105 507
594 518
143 522
164 470
111 499
637 513
312 491
202 578
153 496
384 615
888 621
128 369
1145 464
897 510
1112 388
325 497
1076 666
613 49
1046 500
1129 521
735 519
906 507
187 502
1203 160
430 101
1065 456
767 490
258 576
620 516
888 402
1177 159
120 506
192 4
243 489
580 536
222 511
246 488
690 527
573 538
907 558
237 483
637 517
563 533
556 167
854 476
828 515
548 540
799 486
588 534
900 416
170 494
202 522
607 520
447 659
1147 454
347 524
205 509
618 521
1265 235
1092 443
104 513
174 717
1164 104
585 131
758 489
155 484
163 484
189 507
607 527
424 141
316 488
1132 554
1014 438
238 511
870 450
1195 206
351 533
313 494
300 534
832 512
970 456
622 514
766 489
561 530
832 28
630 520
797 19
942 696
554 540
599 540
1115 486
329 508
692 523
1160 144
1216 205
885 427
578 531
599 531
1178 213
1227 182
548 526
48 268
650 530
251 458
177 482
1215 200
625 513
933 459
303 718
1233 280
148 568
260 532
1006 430
158 561
311 540
627 540
687 521
965 303
679 512
338 577
626 525
612 719
1041 454
270 455
982 435
1141 435
958 1
314 481
211 490
853 513
901 521
429 263
292 507
611 520
321 531
450 540
143 497
86 519
777 512
122 533
517 532
648 506
248 457
946 425
218 401
846 460
898 537
269 489
627 541
1095 440
1026 423
811 498
1001 404
297 503
145 473
553 537
513 536
255 496
509 696
858 714
964 557
343 530
885 530
1174 180
572 524
1162 505
899 533
988 408
632 512
145 477
1196 160
1204 122
936 376
616 512
127 621
1181 435
325 518
733 518
880 457
1156 643
995 490
184 497
1252 217
119 512
717 522
337 648
115 467
185 477
1183 463
254 480
1248 214
1203 230
300 514
172 503
90 504
835 446
1054 524
303 550
120 523
850 523
990 716
292 479
1206 261
559 525
281 498
543 537
1132 401
1168 15
621 713
199 490
430 556
1160 11
297 509
622 515
885 629
294 485
888 462
1219 204
101 476
171 544
692 533
571 526
1087 505
207 480
220 463
583 522
517 538
528 535
961 585
1135 429
1123 280
1212 136
618 520
1129 528
930 647
102 154
581 526
145 540
730 540
1101 445
570 533
279 479
538 538
547 537
729 511
623 528
831 619
941 524
353 551
1095 558
1241 223
269 505
740 496
970 579
273 618
267 526
316 526
678 533
505 539
1200 130
1233 160
788 521
313 518
720 518
1128 552
262 162
550 531
318 535
335 501
745 513
629 520
819 42
931 595
345 521
1188 347
1037 459
1146 336
1194 75
1134 127
1114 509
536 534
1100 464
584 520
423 38
1163 538
1209 458
535 531
729 503
893 540
1174 484
150 611
340 512
1144 512
595 525
654 525
122 494
990 385
261 458
104 493
308 509
1090 537
564 523
179 34
704 610
589 531
1093 23
927 566
207 546
938 503
233 558
315 507
1167 434
388 604
257 454
1046 441
210 485
317 484
302 491
238 478
598 136
534 534
903 144
509 536
293 523
1001 88
884 417
779 487
1184 428
191 532
522 532
611 533
1106 530
676 510
281 618
644 512
1092 38
328 537
510 537
840 716
1183 311
959 635
538 533
616 528
928 630
1129 630
912 125
614 531
692 531
1242 256
183 499
863 413
701 522
825 517
1192 118
241 682
697 510
647 714
853 533
1131 359
313 483
842 473
183 478
1259 198
979 481
1168 52
1184 165
744 521
1124 68
834 272
635 515
413 575
1195 322
1153 540
215 529
846 146
184 511
619 511
164 482
191 491
86 523
1164 51
99 490
1168 190
184 0
200 518
119 500
346 535
561 535
796 509
309 57
687 505
1235 261
166 543
569 521
174 517
103 540
722 533
1016 417
154 614
310 485
979 549
70 487
878 569
678 521
997 384
1115 375
245 538
312 490
1152 572
634 516
759 710
536 535
1104 432
926 461
829 551
43 625
276 536
601 526
607 526
1102 481
122 530
199 493
249 370
1050 3
134 525
159 486
651 634
329 519
986 539
1226 202
1193 121
1124 449
874 528
1050 399
196 476
984 520
1221 238
342 537
349 534
263 715
955 510
269 487
547 536
265 511
323 511
1059 452
603 516
592 520
969 520
788 539
1066 365
595 531
897 526
534 535
86 520
525 533
284 500
654 532
947 460
645 43
323 495
919 430
288 487
276 511
802 511
1211 252
348 520
610 522
125 484
256 461
255 500
235 510
123 526
205 14
285 480
331 531
315 494
230 497
213 482
348 545
284 527
1076 483
158 490
285 667
116 485
948 478
201 471
1137 379
448 580
964 560
643 507
650 529
1125 704
533 537
538 534
183 548
787 491
201 489
124 492
198 481
1122 465
324 536
584 531
751 504
316 525
340 524
1231 239
89 509
1208 211
1129 494
747 516
691 283
275 614
320 506
760 525
621 519
307 488
239 478
317 507
544 532
575 526
566 542
312 492
304 485
1170 432
521 536
625 516
241 491
251 632
318 504
1012 427
1099 476
1191 406
633 521
1085 547
1254 239
965 483
218 553
538 531
1073 472
1168 122
965 480
552 522
693 510
1237 214
1242 208
914 526
684 259
1068 452
246 704
1090 715
319 500
286 514
239 544
113 509
753 76
1118 528
1144 458
261 545
1051 717
291 495
1042 557
1078 475
1112 347
280 499
601 522
303 719
1181 512
208 515
496 515
265 542
268 542
854 446
329 706
1202 250
971 582
1149 494
1079 689
241 515
611 515
909 67
133 504
217 21
156 478
909 523
971 617
564 527
310 494
894 436
204 505
111 508
1238 185
210 295
116 522
310 484
847 576
262 620
980 552
896 595
171 366
289 513
195 538
1021 538
1066 412
1228 133
1151 554
578 682
619 512
98 489
208 486
282 498
806 498
591 530
775 511
332 525
819 390
110 494
303 510
168 496
359 537
321 491
1179 156
314 498
913 549
660 508
244 457
465 367
985 452
1015 456
976 497
1064 471
720 514
739 534
543 539
556 527
1042 520
552 525
901 481
287 476
1236 256
1194 102
1086 478
1118 635
1032 580
332 506
866 489
1099 430
632 521
673 517
515 541
312 483
182 488
710 517
124 474
1173 127
819 525
633 535
710 357
670 537
518 534
547 527
1195 472
136 521
1070 710
1244 109
859 607
1165 223
614 535
613 531
957 471
319 517
423 715
1186 185
177 518
227 495
337 529
245 479
585 715
1208 259
1127 575
1028 417
827 416
811 514
322 489
332 502
77 521
542 535
616 535
331 499
1210 169
936 563
1058 298
633 523
261 536
1116 683
144 481
166 485
620 544
1195 86
332 499
549 526
608 519
268 495
1157 130
1234 226
312 713
723 500
602 516
730 514
591 518
599 518
1123 12
163 471
123 529
1176 494
1251 208
922 498
592 541
1040 662
752 711
571 524
1078 418
221 498
49 624
333 80
600 519
627 519
527 531
363 680
1134 412
735 515
250 595
299 469
291 565
800 479
561 525
613 517
336 508
1234 265
350 530
770 499
154 496
337 536
517 536
250 505
547 525
574 525
282 467
929 484
865 380
519 539
330 516
614 516
1149 18
771 498
517 537
214 481
263 630
541 530
620 511
779 511
841 499
590 526
220 718
619 520
852 277
527 534
554 534
632 534
778 515
572 522
576 538
320 563
331 497
962 549
566 521
895 521
1071 703
195 532
133 535
947 602
776 493
1062 404
569 533
126 521
1124 501
1088 37
873 143
245 520
1189 493
651 506
921 615
569 531
810 636
632 530
924 169
812 186
864 525
566 526
1143 562
159 473
353 535
668 514
1127 555
766 511
849 493
119 489
836 50
1171 163
296 580
696 519
223 487
507 560
1171 29
261 553
1233 207
592 521
635 521
652 506
873 700
101 478
1139 507
805 520
512 537
141 511
939 446
86 495
303 488
513 532
549 533
161 548
892 632
909 252
942 585
456 584
548 527
636 537
990 20
1206 227
1170 141
1123 250
1162 414
1207 241
315 506
1195 133
1239 163
592 526
352 536
512 532
894 532
299 516
1007 681
223 481
192 491
874 539
278 550
795 487
586 522
649 514
663 511
365 713
528 541
1065 711
637 512
863 518
205 482
275 460
317 490
318 491
345 517
255 600
254 472
108 502
787 498
850 498
567 524
622 524
1089 449
568 521
245 473
1170 441
258 479
254 519
738 496
1101 426
725 502
726 502
781 515
201 506
331 506
168 488
300 495
1105 386
1224 210
634 535
241 627
732 509
572 531
218 497
151 501
1077 584
889 422
178 482
1213 206
131 516
630 510
569 524
1227 242
856 450
1193 168
557 529
615 529
390 338
579 535
1143 87
925 691
98 550
283 128
609 513
169 543
1111 563
1164 110
1224 233
1115 496
648 596
1236 205
411 477
196 568
100 526
19 689
565 534
1079 475
1231 242
580 712
526 530
793 530
1092 423
232 493
825 545
1082 545
99 492
276 103
123 473
432 650
319 496
1233 113
192 519
785 502
1067 502
194 495
728 532
554 525
310 529
573 522
898 421
243 595
1092 491
508 540
926 431
1006 468
279 501
231 484
1249 233
1212 239
587 524
72 498
1007 582
532 534
995 652
328 664
896 425
308 488
248 511
562 523
146 516
1231 214
1209 120
848 376
1012 537
556 532
588 518
1156 335
1175 195
531 538
286 602
616 516
604 521
170 489
305 558
225 536
311 518
302 477
946 513
535 274
180 633
870 475
226 507
178 515
1191 178
338 533
308 511
402 110
120 537
306 487
176 521
175 480
773 523
830 669
272 487
1125 468
837 592
299 507
539 538
821 445
131 510
636 532
315 503
1177 138
812 528
971 620
924 426
1031 426
1126 493
510 541
376 649
931 535
216 486
541 538
1215 110
549 530
314 502
1049 529
203 487
776 531
348 551
206 477
833 693
152 491
684 504
301 556
836 466
290 492
1123 454
313 491
1016 553
559 523
729 526
799 509
1246 247
518 531
762 511
280 505
283 504
963 486
1104 433
1214 415
1201 103
328 501
208 673
293 521
514 537
473 204
513 539
1055 637
171 499
87 512
988 422
799 494
1138 445
196 472
291 539
636 538
843 572
351 534
326 500
231 515
1182 526
777 517
81 482
530 539
88 493
1223 253
595 707
328 496
200 552
1176 325
1190 207
146 488
1203 174
618 515
860 453
971 409
1084 541
661 162
745 492
315 38
111 528
779 701
1185 210
173 480
975 69
788 512
1160 135
1139 433
202 530
830 448
339 523
1013 702
933 525
518 258
890 515
1056 405
519 536
249 435
392 597
151 686
1107 444
1196 444
1167 431
106 365
814 460
345 616
1158 82
704 519
854 452
323 493
1064 528
990 630
202 524
230 562
1162 538
1044 326
861 703
302 158
1119 457
1194 268
717 529
961 453
570 531
271 621
892 517
1003 535
821 427
868 544
945 478
742 516
302 120
423 718
146 515
263 503
533 534
262 529
79 515
161 487
308 487
1235 255
297 504
884 556
623 532
720 509
555 531
1156 510
214 489
305 552
172 517
873 694
610 511
597 518
1224 143
615 516
817 708
199 483
863 483
1008 483
1048 387
998 466
1080 478
148 647
658 606
228 507
911 567
1121 13
1246 608
569 532
164 515
1162 409
317 534
1172 421
1207 258
1102 538
983 500
324 508
218 495
593 518
1163 146
619 515
1064 503
672 505
1190 147
971 425
897 587
638 512
343 520
125 493
1136 116
1138 96
1139 62
344 526
661 526
331 516
883 232
1052 598
674 280
1199 235
815 428
131 479
191 718
259 545
328 519
945 519
1038 557
150 3
113 542
301 483
1117 637
647 534
228 484
824 520
1181 216
623 540
317 253
1243 245
674 516
354 528
751 492
945 469
324 601
1028 398
523 188
330 506
346 539
1096 578
341 513
622 537
1160 116
1044 571
239 486
1026 514
854 491
1088 6
296 483
733 496
645 511
137 487
1068 716
144 513
311 531
1006 636
150 486
758 509
110 479
322 479
1207 92
1209 156
692 501
1207 468
75 258
521 532
202 527
1206 76
635 121
718 519
946 496
351 604
622 516
621 521
307 481
650 510
911 456
248 541
348 540
938 403
900 548
747 513
962 428
509 539
791 507
314 504
269 695
279 553
568 534
305 481
338 515
882 422
1044 711
273 506
597 536
386 716
742 529
426 703
945 673
669 37
1084 577
172 483
160 493
465 263
567 522
187 580
685 527
223 523
584 523
1187 156
975 690
550 539
1052 443
278 364
236 497
748 497
1251 250
192 504
531 717
818 188
904 552
265 500
1142 550
339 521
1036 411
236 517
304 489
1081 428
199 460
1174 415
442 600
717 503
143 376
306 524
1110 704
206 478
1178 408
1164 510
631 518
543 533
600 520
1211 134
521 534
1072 539
281 522
316 484
356 540
125 475
137 511
692 710
235 460
618 529
1089 586
1219 239
1265 684
145 496
797 494
279 537
1110 448
326 493
336 514
103 530
1160 145
1061 594
737 499
1229 201
607 529
1187 458
1062 511
324 516
371 608
414 57
869 416
301 518
336 639
599 524
740 491
362 716
141 506
1100 506
916 445
1065 399
624 537
886 537
1217 156
196 571
542 541
202 507
645 532
131 544
278 487
291 488
626 511
293 88
1154 422
590 286
739 490
784 490
1143 82
579 527
190 485
1041 699
318 484
260 506
477 147
941 453
988 418
872 384
1193 126
1176 462
1008 578
190 496
1078 668
305 542
763 489
1077 465
464 26
516 543
262 494
902 481
1127 546
182 527
32 450
186 484
1212 85
1143 533
1047 441
1230 243
752 530
215 474
200 498
813 476
206 493
842 516
114 13
250 539
1188 152
318 486
939 471
512 538
613 519
159 496
301 494
66 56
313 490
1164 490
213 479
612 513
235 506
317 488
597 524
574 531
347 714
160 527
261 535
263 100
782 81
1093 360
239 502
322 707
1227 223
227 95
330 517
236 524
781 505
982 80
184 494
760 504
557 542
186 16
203 475
248 611
827 471
305 494
258 540
499 136
1207 228
763 511
116 499
602 525
331 87
1054 370
1015 553
644 511
745 505
1178 232
1048 542
1167 151
1075 567
647 655
977 493
693 387
1119 530
202 510
918 510
628 509
842 515
939 321
235 487
980 627
83 493
296 514
322 493
1151 583
317 536
700 519
1139 461
630 515
965 467
912 359
683 527
968 280
518 540
627 513
165 500
629 537
1241 145
324 520
538 520
333 512
217 485
153 534
1069 534
1166 534
243 441
284 471
278 476
824 13
1179 158
230 573
719 523
623 516
755 205
342 520
274 464
125 497
294 92
452 287
522 473
528 531
1030 565
648 514
267 547
207 7
220 498
1062 443
164 488
930 415
312 526
1143 449
1166 449
546 533
277 442
993 370
126 491
314 540
996 468
596 519
162 520
61 659
66 607
189 485
610 528
723 497
983 261
582 526
267 535
1044 550
1203 209
696 532
553 527
304 512
779 704
360 537
98 482
963 385
97 522
995 381
472 287
228 495
878 685
204 486
615 537
308 494
885 449
325 519
220 466
591 528
703 527
296 496
265 480
159 489
75 553
456 516
1179 81
191 589
309 490
259 620
572 536
514 138
1157 81
137 73
536 541
93 495
161 512
812 493
567 531
1010 531
867 514
584 540
1066 521
193 541
965 491
220 507
636 515
564 536
924 622
891 520
519 541
296 481
764 496
583 535
587 598
123 488
881 516
1096 458
826 599
188 492
635 520
1189 170
462 53
716 525
586 523
216 503
124 517
112 550
958 291
322 492
325 505
528 536
1220 138
183 520
339 520
629 510
306 508
522 533
629 515
987 489
551 531
1112 448
929 496
796 518
638 514
1164 74
1094 558
619 532
319 489
932 437
1166 102
1220 204
895 502
1048 620
847 528
265 478
622 525
175 541
166 498
647 505
890 503
1046 503
341 511
1156 120
302 488
1002 458
805 512
1122 95
987 203
607 523
580 532
179 499
995 480
693 530
888 504
728 524
756 498
155 507
574 533
930 484
1054 418
1010 509
285 533
81 493
1032 465
567 521
754 511
153 502
147 480
339 516
1079 417
1234 213
299 493
753 513
739 529
879 511
553 523
259 472
305 500
442 714
1145 553
1258 228
292 513
522 534
298 547
164 88
609 517
706 517
957 466
183 488
315 492
584 525
943 487
646 512
245 480
252 481
584 528
969 546
726 520
1184 547
1145 154
1098 442
323 507
758 495
200 516
1256 202
658 529
199 494
261 597
929 519
894 581
259 540
347 22
295 482
347 604
547 534
829 512
356 546
1184 173
534 541
970 504
1229 136
87 499
562 534
838 445
960 491
195 492
957 486
878 546
220 518
176 484
634 507
420 596
255 648
717 505
1183 319
995 672
1177 400
191 502
330 532
892 528
184 484
1114 484
313 486
328 540
1111 472
1072 456
302 503
605 519
158 494
428 611
581 285
950 495
1004 426
246 675
618 526
1057 404
641 336
634 509
615 531
563 526
965 492
122 514
344 514
630 534
983 448
589 535
944 496
1098 418
1180 390
139 53
889 490
620 519
545 537
163 499
720 499
655 531
769 536
783 500
590 521
324 538
527 535
1113 466
588 519
614 520
490 104
111 475
1001 548
575 537
175 513
319 490
595 521
1200 129
1223 257
512 543
673 508
1236 184
175 486
244 668
1145 43
298 496
135 472
1038 412
209 491
940 426
82 542
1227 133
1022 548
1177 473
956 503
572 530
297 375
171 467
334 526
192 482
630 512
653 506
295 507
720 502
1117 714
631 509
1090 656
545 531
790 518
940 386
642 507
138 502
262 475
580 523
889 158
633 514
211 483
509 533
337 518
288 471
149 492
1197 214
203 520
977 629
634 525
980 441
578 521
178 477
338 506
571 539
307 494
533 535
1080 452
783 488
328 533
344 523
154 481
645 507
750 498
893 525
569 717
1152 645
666 528
214 476
982 572
124 531
304 480
1194 231
901 435
95 533
527 533
337 509
319 498
574 526
548 529
565 529
583 519
192 499
114 505
193 527
914 440
902 449
1163 526
840 518
1163 419
300 536
1009 545
325 517
109 484
668 334
341 417
1140 78
325 499
1150 544
1146 26
812 481
195 647
889 698
634 522
648 533
635 508
185 539
696 531
921 570
149 490
610 518
1152 137
1169 124
616 525
1117 555
623 522
712 523
303 483
505 711
521 531
355 537
232 543
257 532
1228 146
569 525
599 519
1220 205
442 513
560 532
274 533
623 520
890 600
769 490
942 464
604 516
479 491
819 352
535 527
134 509
740 532
545 534
1070 534
314 489
1200 117
514 535
508 538
216 500
229 477
161 511
537 533
217 549
679 509
309 488
282 407
217 508
580 521
574 364
217 524
552 524
197 19
553 532
559 527
591 523
897 523
658 616
121 496
757 499
923 37
1208 147
530 533
607 531
1223 220
320 493
327 509
293 484
1074 438
608 518
702 518
113 488
312 507
336 507
236 622
994 653
617 533
481 613
180 481
609 518
627 510
334 656
259 524
637 508
324 498
732 559
1143 432
529 536
839 472
508 539
962 514
193 504
204 480
293 486
326 535
1249 236
640 515
1083 450
324 551
515 536
105 521
588 521
577 537
308 480
905 512
1013 510
313 506
630 511
224 508
163 613
854 670
1248 270
1197 116
902 439
257 486
311 481
237 503
800 528
736 521
756 54
160 484
598 536
913 567
564 529
357 543
946 493
963 437
160 510
904 701
144 577
287 479
853 435
881 435
260 490
345 519
816 519
112 482
575 534
225 498
930 711
216 576
560 526
976 449
1238 58
1173 126
209 488
223 494
1063 530
310 492
639 514
1021 425
514 511
658 511
1219 120
155 542
653 508
129 506
233 506
809 708
562 530
1157 461
1134 635
671 529
322 507
1223 167
980 424
159 518
336 525
304 479
120 472
860 499
215 505
546 531
1199 212
582 519
746 512
222 508
346 434
469 335
298 530
132 490
270 496
734 499
546 538
842 474
216 515
1217 158
271 485
1067 559
214 518
292 477
1153 90
1109 430
251 492
583 521
832 400
335 519
764 490
1020 688
308 496
793 34
312 508
563 535
1034 390
158 503
410 142
877 434
205 511
893 418
336 504
714 615
173 487
232 548
933 461
638 507
535 529
253 531
570 525
571 528
598 521
625 509
341 517
292 487
236 500
851 454
1164 153
525 539
946 488
990 273
1181 482
271 519
879 509
313 482
919 515
588 527
1100 291
99 521
634 517
196 529
594 522
572 526
251 474
1013 486
360 540
751 495
702 516
815 510
638 517
306 549
289 494
942 546
163 586
911 548
636 516
1197 205
695 677
770 493
328 499
756 497
917 541
623 536
197 483
958 538
1037 509
1234 258
646 529
352 555
742 512
868 113
542 539
796 483
1225 227
353 537
326 507
637 524
174 530
554 530
509 534
524 507
472 613
1176 193
786 482
643 522
836 527
1016 527
1210 254
347 522
777 489
594 521
1104 496
529 535
213 493
144 509
1151 59
639 532
888 542
1167 76
1068 406
1207 141
507 540
952 515
326 492
117 513
989 466
931 596
545 528
1181 556
268 536
614 529
289 510
1038 535
584 526
160 494
316 500
809 490
562 529
766 522
1140 358
1109 555
328 567
97 499
315 488
903 464
1157 57
123 540
973 407
979 473
546 530
190 519
293 546
737 511
298 493
330 499
231 511
829 526
272 477
180 624
210 669
928 426
624 519
610 525
107 550
1167 100
784 485
1146 136
1079 369
583 532
197 474
853 500
190 499
864 552
1172 179
510 536
1145 110
486 63
998 471
669 509
339 514
504 539
156 487
401 602
887 689
1240 223
587 528
595 292
215 485
1214 206
1224 206
271 498
542 543
745 508
327 505
575 522
25 635
181 506
113 516
601 516
1180 159
1135 460
622 511
325 495
1216 215
830 499
935 527
169 490
1043 487
1156 435
310 481
522 530
841 455
1084 455
3 533
550 533
344 555
1219 170
320 492
1166 471
322 602
203 510
530 530
970 536
170 484
308 492
583 574
297 482
840 704
475 478
282 501
79 485
301 485
726 517
1177 556
591 535
577 523
99 543
173 486
515 532
346 549
212 483
647 519
86 177
1135 454
1199 236
1256 236
234 547
895 499
1011 374
544 543
572 528
334 540
196 130
332 514
613 513
184 526
934 526
275 557
1105 494
225 488
898 447
1023 490
1105 436
1019 555
354 536
411 30
557 524
211 503
516 541
305 489
304 534
314 534
1183 443
651 519
920 526
280 623
552 543
552 538
283 517
98 487
186 486
774 486
857 475
211 545
1019 175
358 687
312 509
1051 429
537 540
622 517
478 645
311 236
166 531
163 483
330 497
885 159
993 658
913 498
172 537
597 521
104 194
565 532
290 488
958 426
936 575
272 494
322 494
310 489
1085 684
701 521
824 530
1041 502
988 436
234 387
638 469
281 581
1049 398
334 507
787 520
247 476
843 511
307 487
1224 221
266 703
502 631
1164 426
284 468
1125 571
506 542
81 644
1232 195
566 535
537 532
1057 534
140 483
203 489
968 428
793 506
748 495
126 494
996 552
1165 107
763 534
538 532
1115 553
334 521
574 521
301 255
324 489
187 487
595 527
798 498
611 518
958 497
1046 644
833 419
167 485
1045 482
1209 252
348 547
958 477
383 146
185 486
1187 486
229 491
304 524
698 625
1102 585
1038 362
1249 228
150 548
299 542
169 712
235 499
308 130
549 528
552 528
641 525
638 522
300 485
187 506
526 537
631 529
1212 157
1135 535
323 102
1258 144
124 543
170 524
853 487
349 528
1226 255
1245 171
516 536
874 461
175 518
929 434
871 458
1212 248
609 528
1017 531
1136 480
143 585
836 517
1135 427
293 549
279 483
1161 442
198 498
593 524
624 511
506 534
597 534
254 503
829 24
467 352
938 407
314 492
635 511
246 482
307 482
556 531
619 514
1110 575
81 500
1217 100
283 480
1014 413
690 502
1152 502
224 572
196 488
303 87
896 547
39 404
847 514
707 509
309 477
170 495
1098 400
959 438
1189 278
249 550
159 539
526 539
742 511
1175 561
602 530
268 483
530 535
199 344
188 487
249 453
184 572
331 514
400 646
564 524
994 402
210 480
866 451
1024 467
149 496
1133 108
550 542
128 492
322 510
1068 440
950 417
1112 522
276 537
1226 245
86 498
248 466
749 507
81 513
331 544
263 460
930 587
581 525
1133 457
1018 442
263 498
1052 530
985 439
582 531
983 470
182 529
756 529
754 487
666 518
822 542
681 523
353 538
138 486
310 493
828 496
748 521
240 500
336 519
601 519
1037 662
213 518
292 558
1251 170
1004 672
577 524
598 517
623 517
1195 241
915 443
250 82
764 491
700 518
701 518
527 530
782 510
739 495
976 495
549 529
239 505
989 684
305 523
1029 658
623 511
656 512
169 542
347 525
324 507
169 474
208 563
215 680
768 493
292 481
94 517
408 611
128 497
292 518
334 510
836 288
1074 461
343 519
356 535
641 535
99 484
925 457
153 541
793 195
1120 85
565 358
1221 224
1124 423
1058 631
305 485
802 485
1120 75
358 535
537 527
571 527
718 499
778 499
74 489
191 489
814 356
394 623
149 514
594 526
515 535
152 492
632 517
641 513
1029 523
1033 512
1082 467
119 544
356 539
135 554
736 509
292 470
881 409
1215 270
783 511
1107 511
523 537
931 476
597 520
686 526
1099 705
1061 503
561 523
1094 483
573 172
1109 589
348 519
331 507
1036 613
308 495
759 495
509 620
1227 222
503 696
264 488
228 586
1123 537
282 503
1096 494
989 556
701 559
1232 258
564 530
201 525
861 672
91 355
637 511
891 143
1162 484
271 22
301 521
437 719
633 513
171 492
1036 405
1017 645
611 535
623 514
931 150
437 216
1179 470
100 510
1070 510
975 447
1077 531
423 644
726 498
1147 461
1028 562
994 549
750 512
1118 464
541 528
1042 435
860 544
236 489
631 508
320 495
305 472
538 535
1162 591
804 516
632 508
1183 257
1216 257
580 540
542 525
204 493
394 615
107 485
230 664
263 473
1129 433
177 494
549 524
1004 499
1232 149
784 500
1170 545
816 516
1175 479
822 493
216 514
76 496
242 496
1019 507
1178 167
322 495
223 482
1124 466
887 448
1082 580
324 490
806 490
129 518
260 489
293 480
915 495
547 545
355 535
297 478
942 549
1129 525
1013 555
1164 62
222 547
201 552
327 494
544 530
1182 109
765 493
957 380
282 489
198 482
229 546
634 29
1019 454
507 541
177 480
355 611
644 517
946 483
761 509
228 461
571 536
100 544
306 527
832 436
628 510
584 536
284 491
247 490
633 507
717 507
1041 634
965 526
1024 478
143 462
893 462
1194 117
558 535
877 103
1086 427
1106 427
703 523
1100 582
1099 17
1038 551
236 528
1208 156
1024 456
843 524
764 503
274 681
309 489
607 522
1016 543
570 527
141 529
266 482
304 472
286 478
242 487
686 521
875 530
78 496
1193 149
249 516
1169 491
826 689
151 497
680 512
259 549
312 494
1108 580
219 536
313 484
163 480
338 516
598 516
969 556
1079 612
911 529
893 461
574 528
853 445
1144 568
193 72
1134 434
559 530
951 480
900 588
623 521
578 523
1048 567
186 503
301 475
336 520
1085 588
606 519
553 526
734 509
1083 509
1223 187
872 399
795 513
1054 566
402 502
222 487
166 501
888 450
1154 128
262 483
549 538
359 535
261 517
273 517
289 527
575 527
1124 521
135 489
1040 567
658 506
1178 435
544 528
1191 99
1090 365
1184 456
1155 472
699 595
1084 518
626 516
504 540
1010 452
1039 578
551 533
822 533
688 526
1253 178
1205 157
271 497
651 523
224 489
727 513
634 511
423 379
530 534
956 427
1025 399
306 478
195 505
1242 158
106 489
685 715
342 529
714 523
894 528
258 481
839 591
183 498
196 545
229 468
1195 211
112 511
255 506
543 534
1129 104
296 507
1008 400
90 483
572 540
853 426
966 536
852 496
78 516
611 112
1147 564
979 446
1186 446
207 515
266 509
247 517
1013 487
399 108
1198 213
850 713
1131 390
286 552
270 488
1080 495
565 531
471 116
840 545
1163 54
784 489
1224 258
875 319
243 478
181 490
487 17
661 513
159 509
330 509
627 528
1169 515
149 505
313 540
878 465
618 523
1168 534
1162 493
1146 436
1073 415
208 474
681 532
333 531
137 514
155 559
1055 448
611 524
862 571
1088 519
241 536
433 360
748 507
514 532
305 483
922 521
876 473
216 505
212 489
308 490
190 487
527 539
1195 123
897 458
1205 189
790 502
203 506
713 471
882 553
322 540
514 540
549 532
344 524
897 500
263 519
79 484
311 484
112 518
593 533
996 701
547 535
1200 213
1000 456
159 555
216 511
118 502
943 502
323 497
858 547
169 525
667 74
1207 222
750 487
942 535
184 542
597 531
936 715
104 485
108 494
749 494
656 530
1183 400
647 280
1136 575
630 508
710 500
513 535
853 608
539 539
76 493
1088 470
1084 547
165 492
254 473
768 529
1121 540
734 531
402 627
1164 157
338 524
698 524
782 714
633 517
187 382
226 471
1071 614
135 584
1180 551
891 415
317 498
106 493
298 488
991 450
314 487
274 556
590 531
626 523
203 534
743 505
946 559
229 481
286 484
1146 585
359 350
1208 189
1238 220
806 476
1188 219
117 516
555 527
259 525
826 552
1213 168
790 505
259 455
278 539
607 517
248 549
685 524
79 508
659 526
932 459
520 539
575 536
1005 599
968 484
1198 226
239 512
926 645
240 160
324 500
316 524
675 6
646 506
522 536
629 533
643 515
636 711
312 525
840 525
1153 463
294 476
220 563
346 521
989 402
306 484
1175 142
524 543
843 527
1041 423
264 504
1226 675
259 490
741 520
84 513
1119 18
1161 115
840 557
1230 249
551 537
1200 252
782 491
314 525
951 483
1059 508
1076 3
1222 165
577 522
665 335
215 481
816 537
612 517
565 540
934 701
26 718
716 515
1003 493
520 534
608 513
830 207
814 41
820 514
113 508
224 509
553 431
537 534
545 541
1164 98
1092 555
384 271
1049 512
924 415
159 499
368 654
576 530
1073 547
1183 175
310 676
609 515
794 494
280 508
586 524
623 524
871 518
182 559
592 537
613 516
1189 149
205 6
1040 429
150 543
1013 520
274 497
215 494
265 499
343 491
183 522
558 522
633 522
323 501
1221 211
1119 485
581 520
1065 539
722 515
752 498
214 483
193 496
803 698
851 579
1105 416
844 538
424 103
217 505
713 532
580 524
216 477
639 512
581 519
123 502
1174 502
126 492
776 528
535 537
1171 459
1143 478
571 533
279 175
598 514
549 551
237 504
492 691
106 510
520 535
209 527
1187 166
243 481
275 473
155 560
150 492
116 483
1005 543
1215 152
260 540
194 7
647 535
349 104
848 512
518 537
903 522
311 503
879 422
860 682
1112 33
1097 512
112 493
633 508
1022 457
373 224
261 461
821 213
700 528
280 520
88 499
991 487
220 529
1025 405
543 525
245 46
577 527
651 508
560 535
1019 234
254 514
861 445
916 671
1067 439
726 504
191 515
875 473
943 489
517 540
195 494
311 488
567 527
74 491
190 484
306 494
998 555
308 539
602 519
1025 480
102 485
132 547
78 513
625 537
591 522
304 595
778 494
1013 504
83 486
260 549
647 506
107 505
173 554
471 473
1097 690
1200 81
524 538
748 498
953 406
355 539
962 670
813 445
331 529
1099 529
629 541
303 486
608 522
811 495
332 503
958 503
1140 441
204 529
1038 492
1013 508
761 111
171 514
628 514
684 530
587 718
539 533
679 508
1123 635
952 435
269 476
913 480
160 481
346 520
150 544
544 527
970 537
565 525
93 554
180 488
357 535
1107 456
219 557
636 712
567 532
609 286
610 517
599 527
816 529
1222 169
1075 519
1254 209
738 711
726 704
563 534
240 469
186 500
976 602
274 504
320 504
628 531
158 506
1167 554
851 414
153 495
750 507
620 514
651 513
190 488
1201 403
195 506
854 514
968 479
617 519
936 546
245 487
794 487
540 534
817 534
661 535
1054 394
228 504
1081 478
116 494
359 538
1064 476
148 540
531 536
624 530
532 532
190 507
585 521
328 503
109 529
166 478
1115 55
1039 631
786 504
7 152
812 505
221 492
1042 471
122 527
652 511
268 508
1128 562
166 621
859 380
268 479
212 502
1177 435
1139 524
875 507
233 537
148 543
306 476
878 551
1072 531
529 540
516 538
674 629
475 617
265 486
1029 559
312 481
907 270
1150 543
691 518
179 490
925 172
985 480
968 556
1003 329
317 497
274 503
848 400
312 81
220 526
223 501
1211 150
184 549
234 483
764 493
1179 467
295 497
1095 380
335 513
827 497
1019 207
348 532
986 491
1099 440
824 556
845 556
1095 477
751 514
508 537
1234 237
277 565
1037 382
319 506
159 490
312 536
986 546
666 107
913 488
139 547
636 507
799 507
239 481
328 508
769 508
241 490
543 536
352 535
186 504
773 227
510 539
512 539
140 484
316 501
824 460
560 521
136 493
901 475
824 515
1180 480
113 517
796 517
336 509
711 524
460 264
242 501
214 510
792 489
316 528
598 528
166 533
1199 223
606 535
177 542
705 502
1190 450
123 510
1048 631
721 498
290 499
573 534
320 507
183 481
141 508
586 245
922 647
94 515
184 639
1131 475
343 522
592 522
328 418
790 523
862 536
912 446
769 506
636 526
169 488
293 499
1249 212
250 497
1001 431
257 509
721 504
927 714
604 525
285 512
161 493
1225 170
293 557
913 462
202 523
1015 445
113 483
561 582
854 664
1233 235
819 439
296 498
723 498
1131 429
582 536
1121 482
1215 112
1024 414
324 499
734 601
155 508
324 518
273 538
577 528
931 466
585 520
993 480
90 500
1207 242
517 542
332 493
972 485
1131 476
1124 404
115 540
1173 154
756 522
1149 440
141 499
830 443
258 483
1166 523
145 479
817 117
305 516
990 705
1188 211
883 414
321 493
103 537
291 512
952 478
258 497
649 532
124 495
104 515
804 525
584 533
894 371
831 576
1247 138
625 510
1172 519
580 537
555 532
1145 668
51 96
324 583
241 542
624 515
631 515
428 418
267 454
383 16
688 511
300 525
1090 406
1221 219
168 497
1009 622
1125 581
172 487
257 612
1017 486
724 501
184 693
1125 496
609 516
514 345
244 469
249 469
529 89
107 488
551 526
536 533
354 539
1054 431
603 669
686 511
1137 111
545 529
534 530
707 531
354 542
315 483
797 515
346 519
1088 472
533 528
550 528
670 512
1055 657
995 494
1041 392
280 521
795 521
925 409
172 544
1163 106
942 494
224 526
584 519
605 517
139 537
767 503
551 529
291 531
554 531
123 512
653 523
576 518
1256 225
106 496
205 481
927 398
239 605
202 519
1044 542
1011 407
167 677
1051 492
300 681
1002 476
137 502
1135 450
1007 422
337 512
1022 690
1159 362
343 543
945 543
410 44
635 514
149 512
758 512
150 527
509 538
562 525
126 595
326 508
178 545
167 511
533 529
540 529
1036 416
523 533
74 498
116 531
303 512
799 502
1212 257
789 503
1184 123
969 469
541 531
1230 133
1100 441
282 554
638 538
1140 387
684 131
681 537
516 535
644 535
1033 607
539 543
247 553
296 494
303 534
305 498
1196 273
517 541
105 481
657 611
638 509
275 478
928 397
555 542
213 489
641 507
255 572
114 491
742 99
581 528
160 482
937 388
651 526
1076 416
89 519
325 502
1173 540
894 480
538 528
800 515
760 530
1124 574
1188 241
625 514
237 482
1261 256
112 525
743 525
409 718
333 510
203 486
524 536
1121 481
78 491
230 508
936 409
529 529
1152 448
832 535
178 497
255 480
178 505
1161 361
306 506
617 537
1181 206
1078 485
585 525
729 496
200 470
1216 114
556 530
1208 180
1092 485
476 715
1164 458
622 513
785 488
209 647
98 515
535 532
534 529
193 501
1186 517
672 62
947 542
571 542
215 527
611 527
645 533
655 533
1086 389
341 526
1113 426
600 522
782 534
1090 428
128 530
163 488
810 489
247 456
975 468
1067 521
726 499
540 530
545 525
858 436
1085 423
624 514
98 547
558 536
327 499
1127 499
436 706
272 529
992 649
1014 461
346 543
699 508
206 465
342 525
925 485
526 535
714 491
631 517
210 484
576 534
266 508
72 486
1129 97
531 537
144 500
893 500
189 508
356 537
166 525
304 493
1181 179
231 497
136 485
324 496
829 503
170 527
543 528
23 196
609 533
852 455
783 479
914 438
548 532
147 491
960 538
206 552
916 503
1090 435
1053 545
624 509
1244 185
262 501
1058 403
238 459
324 503
125 481
561 532
1236 222
699 535
959 439
1183 63
528 530
536 538
862 558
359 541
737 521
1183 182
287 542
623 530
141 516
228 462
652 512
880 489
324 501
86 497
248 481
1219 199
1024 375
303 478
454 610
842 555
120 512
705 524
89 491
292 569
710 499
317 495
521 533
695 520
606 515
680 523
271 416
1223 219
195 553
772 503
337 516
1150 439
187 484
564 522
283 489
960 424
1188 422
1011 488
523 83
182 520
178 485
321 497
873 516
1025 477
937 403
637 519
560 627
1095 490
788 522
107 512
1091 446
637 521
1108 701
155 3
311 509
243 511
251 631
532 535
550 535
81 490
511 540
270 599
181 533
625 517
128 521
560 534
799 492
742 505
201 498
1039 637
576 542
877 438
1187 201
640 513
659 511
306 479
88 490
1123 59
1262 103
107 530
323 522
1200 239
810 252
648 512
792 216
117 515
821 500
530 527
118 489
588 520
810 106
338 539
583 80
563 524
176 507
151 481
395 670
944 691
356 544
594 525
938 506
553 534
129 495
312 345
350 523
164 484
516 531
630 509
514 539
1198 241
625 534
604 515
1186 188
625 519
507 534
1226 165
541 543
315 561
618 517
521 538
76 540
162 488
323 496
341 518
1139 385
986 648
277 464
531 533
1130 97
866 595
943 697
893 522
770 505
148 518
639 510
616 540
203 479
107 503
306 528
185 544
637 509
601 534
141 473
1199 451
610 514
321 495
1021 594
233 527
325 503
986 445
831 547
625 530
1229 171
973 460
639 509
286 501
1145 512
808 357
540 533
321 519
149 575
573 528
198 504
537 531
538 530
803 483
1106 487
603 633
998 484
154 522
337 510
650 516
708 503
517 535
309 480
323 585
1129 523
159 516
556 526
609 514
127 504
640 530
656 510
1166 141
512 535
729 507
638 516
757 516
650 517
807 523
548 524
610 524
343 518
296 466
1026 661
206 480
649 512
513 543
138 479
263 549
679 710
623 525
509 537
637 515
223 372
292 485
964 465
127 531
858 538
1150 478
196 530
144 486
614 518
623 518
113 556
115 492
630 524
728 496
207 511
647 514
340 538
963 498
334 481
336 518
269 603
753 515
1196 196
171 511
1142 442
568 462
1153 108
529 534
543 535
864 541
906 581
978 462
570 524
549 531
1062 601
605 530
215 502
872 549
732 515
93 526
290 526
631 531
284 546
532 541
1194 375
82 503
262 525
1207 213
611 516
1072 400
209 477
551 523
652 507
1224 250
630 530
802 525
510 533
1158 182
909 583
192 494
519 534
305 475
271 583
871 487
1221 229
299 482
259 485
1193 178
86 500
932 434
1101 696
989 385
285 508
549 535
1113 541
851 472
196 489
676 514
1251 215
942 436
583 528
332 519
644 527
1047 599
349 532
74 501
551 536
1059 517
184 491
587 520
145 524
1048 435
530 529
616 510
761 531
116 496
115 482
635 513
1000 459
208 530
267 487
811 459
870 525
1065 682
945 589
570 536
1000 374
340 516
631 249
340 606
646 526
1077 545
1065 401
599 528
318 485
295 534
566 539
836 438
1181 136
262 544
715 520
1210 166
14 605
305 487
902 519
898 526
127 602
816 534
601 524
572 523
837 546
177 520
84 507
316 507
333 508
156 470
882 456
330 502
583 524
539 553
1149 510
1049 433
264 485
580 525
329 499
593 522
537 535
557 527
567 526
1041 453
600 518
879 550
177 547
1089 435
858 569
576 522
334 610
232 536
177 492
136 480
1148 526
326 497
185 527
1150 16
1027 467
735 491
605 514
1238 235
611 529
302 484
130 500
