463 511
589 516
152 559
166 503
263 558
164 489
913 669
982 433
247 561
309 325
461 556
637 479
822 684
521 480
515 511
193 512
810 495
252 519
0 12
618 502
958 378
930 202
286 385
640 455
965 282
271 560
522 123
201 559
128 507
185 395
605 414
364 717
105 5
27 605
14 649
14 53
517 231
911 58
949 485
107 382
168 560
471 610
279 487
357 555
464 555
918 506
831 502
542 550
722 307
192 369
449 520
117 561
836 534
545 386
634 465
139 558
339 628
299 719
1268 712
1023 375
615 108
387 667
901 514
871 493
1082 623
4 441
335 108
511 551
756 109
149 227
642 538
358 718
1230 660
