252 518
632 372
328 533
46 115
1061 555
91 501
726 483
352 336
126 218
37 46
519 446
1003 669
45 190
896 485
129 517
956 709
150 589
460 50
1029 249
1041 566
1080 542
405 93
251 489
695 428
957 570
136 276
1192 113
726 279
208 660
675 460
1147 513
497 363
33 39
331 704
124 680
688 475
861 497
146 391
840 650
209 626
984 603
1270 592
45 640
1069 257
516 516
579 521
389 543
502 546
1152 453
1063 560
239 532
681 438
284 91
768 337
516 486
148 528
869 284
16 220
737 140
629 278
462 119
210 455
825 519
