1022 641
1070 663
321 642
942 690
641 607
938 702
893 714
857 709
767 707
817 591
296 716
874 680
975 460
849 659
234 718
502 715
975 623
945 693
983 635
642 37
1067 689
879 700
481 706
317 716
225 718
212 73
990 679
265 664
21 212
33 138
848 694
878 650
907 697
948 714
1005 654
883 589
1127 643
251 701
956 701
1089 644
885 702
252 700
946 693
883 677
296 660
907 711
448 684
993 717
892 715
212 716
220 714
1178 395
419 353
679 575
1041 669
865 651
287 713
1004 699
317 714
461 718
659 718
553 702
280 594
593 708
470 706
1050 701
1082 709
751 704
918 710
1071 637
997 643
1093 625
827 701
1021 297
262 711
1008 711
918 714
1063 616
975 669
1005 664
209 719
972 661
1030 635
1024 683
1060 699
1078 693
577 4
999 648
1061 636
761 5
702 708
257 716
150 541
961 709
127 135
982 671
278 715
891 642
1048 665
1015 699
890 640
1092 640
803 423
885 717
1076 694
908 711
281 360
946 698
410 48
869 702
867 626
228 551
859 680
945 686
449 75
463 719
942 689
901 701
1071 683
916 654
610 93
244 358
911 688
594 200
483 711
959 680
915 658
677 712
283 685
949 661
218 714
259 716
267 715
818 715
971 677
622 718
837 691
522 712
848 697
563 550
819 689
512 706
705 706
1096 669
851 685
97 11
60 70
269 339
950 662
625 710
877 710
263 713
993 691
1043 691
598 716
963 644
980 546
346 90
1016 616
477 714
1042 660
249 657
1108 622
877 699
1128 17
733 718
592 355
132 495
262 719
546 707
794 712
896 695
589 707
382 618
1103 21
135 580
519 111
473 714
829 674
822 700
858 700
672 102
1134 39
332 699
1144 617
896 672
1035 700
1043 677
77 673
989 710
963 691
376 640
409 680
982 666
689 704
861 666
875 686
368 710
258 660
1057 665
332 32
850 634
293 716
1002 673
989 666
282 711
830 711
477 719
202 637
1054 627
976 140
1004 695
920 666
1063 716
473 711
478 706
471 659
848 659
1076 710
841 719
545 671
1086 697
463 367
303 717
1078 606
605 337
1063 688
752 708
1038 683
198 523
984 694
1107 666
269 711
912 653
1008 695
872 694
457 650
382 700
1109 643
548 710
1062 648
473 700
916 703
536 717
967 687
915 705
876 668
947 708
1009 702
916 719
472 709
319 716
895 716
188 640
315 714
306 718
1126 690
628 717
410 62
860 683
896 686
1039 629
464 716
653 371
477 709
947 662
467 715
254 714
589 704
932 656
951 656
1155 25
1100 657
926 636
856 685
899 663
265 703
792 719
619 710
726 56
418 672
287 715
584 704
581 711
941 662
999 577
1197 342
450 353
974 710
1119 666
288 717
733 717
835 715
924 644
908 697
1067 704
472 341
663 521
1106 684
460 719
284 712
513 364
1010 710
1038 660
896 716
368 655
477 707
6 85
976 668
919 679
914 706
2 305
867 652
1105 704
264 715
549 711
623 711
575 714
987 694
858 691
288 695
1030 683
837 710
833 121
273 591
323 615
882 652
966 638
1049 708
599 378
1075 13
934 680
1012 653
1120 6
433 668
222 712
464 708
1031 584
288 669
310 545
279 711
991 709
852 688
375 55
461 719
596 719
1081 716
437 706
1062 665
838 717
256 629
999 699
422 672
214 717
480 714
557 710
1124 671
236 108
956 698
959 713
851 718
1083 680
1099 699
885 686
876 695
883 700
777 715
854 649
826 693
233 715
841 686
278 714
244 706
226 711
271 710
1043 685
989 632
1051 627
308 695
954 612
1060 660
562 712
298 715
878 702
888 659
1024 694
663 707
468 719
330 691
860 704
466 705
490 557
783 713
450 719
334 706
932 648
847 659
514 712
442 679
453 76
933 714
242 664
538 709
591 718
1071 707
379 520
124 551
1104 662
556 716
1142 658
843 642
323 661
716 701
1070 660
1046 614
986 668
1014 719
1005 650
311 715
658 45
678 133
994 680
295 714
753 717
316 716
258 716
305 718
258 710
1097 656
242 714
649 10
184 719
422 545
318 709
986 693
890 567
211 631
594 713
473 706
535 713
889 687
957 704
293 714
919 699
881 686
962 681
331 705
954 677
481 719
312 711
976 678
367 696
1011 696
1035 698
864 692
897 677
943 711
475 710
823 701
533 50
619 703
205 673
1077 670
473 476
216 716
921 647
322 40
894 673
525 716
1041 684
1020 683
238 680
1077 704
1057 682
996 695
257 717
1110 617
711 718
686 713
321 719
1072 612
297 548
1143 630
842 687
746 703
459 718
1003 686
297 703
300 419
783 716
881 716
552 702
937 599
859 692
496 712
287 717
454 305
309 693
477 716
485 709
282 687
1091 639
996 638
955 702
1066 666
1131 666
579 717
780 711
465 717
1032 691
632 719
887 719
892 640
817 677
621 113
915 657
318 698
978 651
724 708
1017 682
269 492
886 716
1042 639
310 711
231 695
711 713
855 711
968 710
288 676
915 654
1114 638
953 719
747 711
472 712
850 716
960 707
850 697
823 675
871 717
3 356
372 674
1039 651
863 697
996 719
551 110
360 712
1088 10
232 706
1009 668
605 708
1121 673
1020 649
310 715
468 718
453 313
446 11
233 717
548 717
1138 37
868 704
983 638
632 467
935 647
839 693
986 709
996 653
451 704
881 697
391 675
279 682
408 664
477 706
315 503
1100 629
733 48
1007 708
266 701
910 69
360 603
997 703
240 718
463 718
278 719
913 629
241 638
1026 644
945 708
738 718
1055 631
751 697
373 633
745 719
1034 628
1059 718
1064 705
320 716
1045 713
929 718
1135 654
704 701
939 699
728 700
209 716
1106 638
952 712
957 684
319 682
299 702
1004 702
980 631
593 712
270 702
535 702
941 687
936 659
715 701
306 711
865 664
153 372
716 352
286 713
203 718
1054 698
317 708
627 717
960 686
991 691
1070 691
278 632
559 709
959 679
813 710
1105 645
832 651
893 599
341 672
926 671
814 706
310 648
711 700
295 620
924 684
941 609
339 715
969 645
922 629
477 143
405 707
580 709
861 709
660 719
482 717
1012 690
1092 698
474 705
493 719
297 660
241 717
316 717
719 706
536 708
1078 695
478 719
270 718
293 654
608 631
852 349
467 714
872 706
798 716
983 679
228 717
282 672
394 656
436 699
737 701
464 709
440 623
1058 708
248 702
295 713
562 713
945 646
544 554
917 657
982 709
1094 644
1047 717
1058 639
806 704
903 672
182 7
1049 687
115 357
539 94
716 69
1039 636
1010 685
865 707
79 517
823 666
644 712
886 692
949 677
475 719
229 717
158 536
552 704
1113 650
291 715
462 715
361 18
838 664
462 718
834 718
913 685
650 46
1172 526
1082 639
40 599
877 689
950 690
246 716
316 715
945 711
1057 326
845 626
162 381
940 694
841 627
1113 607
352 373
1005 660
1095 634
216 629
981 653
868 645
1141 636
1081 683
1029 647
1000 696
513 707
781 124
858 672
1068 672
826 703
1021 713
611 2
117 352
169 510
589 698
2 683
324 683
1069 708
463 717
795 696
1115 614
968 712
963 704
695 345
858 646
1071 688
1013 678
215 716
964 716
1019 695
298 665
287 714
538 707
879 716
1022 684
1105 683
539 717
589 718
267 701
1009 642
926 697
260 719
870 690
295 715
522 715
880 494
930 673
928 702
321 693
933 654
1108 682
317 606
372 604
359 634
953 600
298 371
27 620
1087 621
1012 700
945 714
520 714
304 357
544 717
827 708
753 100
813 703
1029 635
96 553
243 719
849 655
736 709
988 280
824 604
287 372
299 698
887 677
478 710
312 713
961 609
822 675
859 715
811 461
857 677
1083 710
814 707
482 713
570 713
602 539
1141 608
1088 5
286 714
317 713
470 715
816 704
1007 690
1076 645
726 95
979 705
475 716
1047 676
153 368
741 342
937 672
387 63
262 714
973 672
910 638
475 714
887 692
547 710
974 690
299 717
276 495
465 718
1052 629
278 713
591 335
890 643
990 682
905 691
1078 637
293 718
469 718
1125 619
768 712
750 713
0 456
967 645
1026 637
676 49
627 707
836 673
240 658
480 718
820 697
998 696
1019 678
214 346
887 646
1038 712
1083 7
362 711
280 716
261 719
530 719
318 719
937 679
943 689
1061 642
324 718
1118 702
703 703
844 700
428 682
562 718
824 701
1008 646
238 717
832 674
463 715
935 649
834 696
557 709
848 709
1102 668
981 683
615 710
491 716
1061 690
541 710
1002 638
967 626
456 56
326 692
863 640
911 693
352 676
356 352
865 434
905 685
230 668
899 717
950 685
915 490
482 351
290 711
340 664
987 674
329 677
1053 707
1120 635
299 682
875 699
409 707
823 638
1016 669
314 719
954 631
451 719
971 702
902 715
724 709
485 711
1118 638
1014 672
797 701
889 681
751 710
922 709
736 711
295 678
391 368
972 719
1030 687
1031 648
1023 693
927 705
594 513
976 679
1067 632
1009 652
1053 688
871 700
960 649
667 605
968 650
855 689
1034 680
472 713
478 711
741 706
253 635
1027 711
336 710
463 714
878 717
1010 703
1027 700
690 675
657 710
457 717
253 711
838 701
344 692
883 705
639 392
899 693
582 718
676 704
1124 438
280 692
1066 631
1005 651
300 715
1032 704
944 719
833 669
317 717
6 280
311 718
1046 663
743 696
459 716
476 713
898 666
878 701
1221 665
1099 24
968 653
291 693
262 538
475 543
733 543
481 716
965 690
1010 659
732 709
210 718
228 718
470 718
952 29
496 574
481 713
1044 713
686 707
704 369
1074 716
857 697
1003 664
1035 669
925 700
470 711
950 661
925 654
894 704
422 151
192 718
1139 613
816 700
470 713
394 679
287 719
476 706
948 649
1137 662
970 713
310 712
245 710
610 707
868 698
331 713
907 713
959 708
281 719
503 143
344 710
258 676
823 630
710 705
382 687
303 719
959 715
897 682
1069 659
454 717
1066 712
473 708
941 655
1020 701
461 715
572 714
387 646
1169 79
911 716
299 690
218 719
837 703
269 716
1057 681
328 710
564 676
926 658
452 10
302 707
479 715
950 646
321 344
260 713
491 713
1134 0
280 700
465 711
1026 684
1109 679
476 719
314 718
510 342
268 700
633 705
1070 694
1063 683
918 681
858 715
1130 3
1085 638
1044 690
277 679
1005 659
1085 702
475 712
861 622
270 716
310 716
998 698
216 719
292 633
1050 700
821 691
294 704
1039 661
466 715
1105 701
841 698
1080 702
859 703
474 710
315 712
334 712
500 715
1017 661
219 529
858 687
145 372
355 709
734 36
282 716
526 708
828 708
1116 662
315 653
992 699
317 637
750 415
387 626
1008 630
846 597
856 697
975 651
224 700
828 714
309 679
473 717
1134 650
567 706
305 637
845 704
257 688
310 717
469 715
957 683
890 712
840 706
198 363
1056 644
229 718
477 713
200 717
507 125
192 716
865 674
1111 689
985 691
1068 682
385 656
261 672
958 658
486 712
470 719
930 713
279 608
565 710
811 710
458 718
580 717
574 715
392 707
819 719
1036 645
1065 678
667 708
731 365
1008 673
695 703
1029 673
1079 680
873 714
947 612
1071 659
453 702
919 695
1046 695
840 682
305 696
712 717
902 635
987 708
314 697
176 532
1012 681
1070 654
277 718
883 719
751 702
954 656
978 697
842 697
1110 675
974 686
307 715
223 368
469 712
908 629
667 703
867 692
954 709
1083 717
934 697
1013 687
1106 27
407 707
667 707
1066 718
944 702
1134 661
348 101
1035 663
443 348
957 686
480 705
1004 654
851 715
1024 646
471 710
454 718
1101 6
1022 655
201 719
306 716
56 693
453 718
583 718
467 711
1126 643
796 714
302 706
432 0
659 699
399 57
953 713
256 705
1105 672
1024 511
854 663
520 710
253 713
891 702
887 688
822 679
1022 687
757 699
1003 699
826 705
1113 573
1068 635
833 682
634 700
18 222
258 655
1076 709
217 713
395 658
1025 649
321 631
1110 716
214 718
1047 698
469 707
651 511
975 717
306 719
770 716
549 718
323 707
465 716
459 705
835 714
325 710
926 682
476 712
961 712
327 691
829 709
273 718
419 696
487 719
708 708
895 692
948 683
1104 49
740 712
263 689
254 354
1067 669
845 701
323 675
1037 702
958 660
922 493
295 716
901 647
1124 655
811 714
1070 698
360 410
1064 645
977 644
308 549
1090 617
551 580
1049 714
722 118
758 351
983 696
441 710
851 688
825 696
1107 13
1053 659
478 712
469 713
249 716
1022 706
462 702
322 714
857 692
777 709
263 715
292 717
1090 631
266 707
1051 624
558 717
1088 7
304 713
996 687
881 712
1129 641
818 717
1085 671
176 553
885 595
669 713
820 705
1063 687
465 715
217 719
969 561
979 661
896 688
876 453
1042 663
848 717
905 659
1028 719
902 693
1022 718
1040 687
973 633
1032 655
458 717
747 709
472 715
919 711
945 637
1043 682
1100 716
474 711
866 640
981 706
234 712
38 18
315 719
1100 681
539 474
225 716
873 703
936 712
249 715
1074 712
1081 714
855 660
1097 688
1076 719
326 632
282 626
300 665
1059 631
923 656
1108 680
211 717
690 717
473 710
293 717
297 717
867 698
1024 713
1010 695
973 503
322 718
839 710
576 589
838 666
562 704
258 714
825 702
392 27
937 634
1020 627
893 681
247 717
1002 715
488 712
1071 638
1114 608
1023 694
466 714
241 715
927 689
584 707
1051 665
836 685
1119 660
1097 633
803 708
1117 647
1012 671
296 366
958 711
478 41
261 716
944 694
480 703
304 668
277 715
904 698
535 709
291 707
316 110
986 646
462 719
356 699
949 709
1069 709
1088 715
393 360
784 95
367 706
1052 638
842 672
311 711
986 645
922 708
1127 628
759 712
819 703
352 702
463 711
905 711
457 718
1013 630
482 709
869 709
305 710
1209 201
958 703
848 679
797 706
879 690
291 706
675 707
964 614
287 669
840 650
962 716
1046 684
595 702
1029 690
962 698
280 713
935 718
939 632
889 692
1017 691
999 532
909 696
789 713
330 702
620 716
907 710
464 714
316 713
590 700
486 708
319 718
846 712
612 714
307 681
484 717
1004 713
901 691
485 715
1084 655
821 662
227 719
990 717
1106 4
555 713
1067 619
1064 648
427 21
740 719
675 708
947 649
323 719
1046 699
890 655
961 689
687 699
689 706
308 711
530 700
1241 212
917 706
763 716
1021 617
491 709
1100 162
213 715
334 700
600 657
317 712
641 680
999 627
896 709
1050 685
402 705
468 716
578 715
311 594
706 697
888 697
998 680
887 637
458 716
243 712
393 357
1068 705
995 673
329 715
992 713
1043 719
821 667
631 712
908 663
926 716
885 665
1055 698
826 697
839 711
901 621
827 691
827 360
896 699
992 696
1080 713
677 710
582 714
846 693
1085 689
308 714
866 643
470 709
1021 680
956 634
1067 668
315 717
302 714
9 50
624 709
259 46
715 363
694 373
1077 684
269 712
978 692
240 662
236 716
822 714
811 703
340 455
472 708
906 682
1074 26
574 703
1046 637
320 714
778 699
1135 617
1152 313
1062 686
1018 681
906 680
1003 712
1037 655
1029 660
866 710
1042 665
1097 675
919 683
956 682
744 711
872 688
968 643
770 707
1006 651
243 123
1111 709
1049 644
1040 706
691 704
542 710
921 713
991 658
396 664
574 709
929 632
204 714
284 714
1030 715
966 709
294 690
926 688
700 708
594 712
901 633
889 686
634 708
1028 694
265 715
606 707
324 719
720 719
988 654
1069 716
841 680
968 678
558 27
840 648
1083 672
1049 667
1014 685
1028 714
967 683
595 710
845 686
902 666
1074 633
1033 625
852 708
642 77
266 702
503 715
951 700
915 691
930 691
864 716
545 698
817 717
723 708
955 679
1066 662
1062 646
258 656
697 717
274 606
322 719
801 719
263 714
1006 713
1068 687
318 716
685 134
837 698
440 701
897 703
1055 632
546 711
1073 711
913 640
476 718
360 368
824 695
425 690
144 490
821 686
1019 630
760 712
886 712
300 716
649 353
620 75
1031 668
456 706
473 715
227 366
286 709
472 716
908 716
207 718
904 662
655 708
874 696
234 372
316 719
417 691
1034 713
673 575
315 578
891 698
489 711
707 715
930 686
869 643
403 688
1056 669
1023 717
1015 632
255 713
205 717
683 719
822 712
199 364
898 653
957 707
1101 675
858 651
291 646
51 88
554 718
480 707
300 639
288 599
891 683
913 673
830 679
419 488
1024 700
1086 687
947 704
691 713
981 658
1025 655
889 689
223 719
483 708
531 718
620 709
959 711
1097 676
327 675
481 717
957 655
214 716
894 669
923 681
1014 681
744 696
748 705
912 664
914 686
289 369
462 717
267 523
472 711
274 710
480 713
1067 713
420 674
770 710
1085 687
514 713
465 7
793 702
250 718
1048 620
635 104
907 696
781 710
920 690
773 700
456 719
509 106
991 636
679 719
289 713
1022 713
909 687
1058 701
1116 664
540 485
482 710
895 684
940 684
486 713
997 644
906 637
893 670
915 635
308 620
1008 688
403 653
1097 631
207 715
420 153
285 375
995 629
1112 680
1033 689
473 713
902 717
1022 702
621 713
293 634
854 682
943 664
1080 668
341 447
755 346
235 719
297 718
259 713
857 685
295 549
700 712
311 714
318 713
864 706
947 715
1121 97
800 710
859 716
1064 649
562 683
908 645
244 707
883 714
665 366
281 718
637 702
1055 639
1072 685
966 707
950 655
843 685
538 716
824 714
1014 584
1067 634
548 715
960 641
262 718
567 714
976 656
196 625
471 713
246 420
980 675
1033 677
624 370
424 667
884 719
875 714
481 715
972 697
819 706
700 703
317 718
160 122
868 684
452 718
491 718
1129 663
464 718
932 655
764 694
279 631
1039 710
569 163
529 712
472 714
934 710
839 699
913 696
995 679
831 493
541 709
300 419
977 717
575 719
832 639
296 503
910 657
926 707
1117 9
774 351
953 691
892 681
1024 629
492 712
841 667
352 626
872 709
199 356
1073 686
997 718
901 655
467 713
912 692
901 714
628 715
313 717
974 667
451 510
309 625
286 654
460 718
370 673
952 627
1002 698
987 716
531 713
476 707
452 719
473 718
410 641
224 713
971 713
1109 648
219 719
548 719
1141 616
906 712
233 667
838 684
242 718
307 718
302 547
301 717
897 698
383 537
218 718
250 713
450 718
855 642
1075 632
1042 717
1125 4
256 668
247 713
483 705
544 714
550 717
304 642
814 619
920 702
260 645
1034 653
273 711
692 715
1087 692
1024 711
698 718
913 708
226 716
945 658
295 712
329 40
482 716
824 694
1138 671
978 715
263 704
886 704
224 716
893 653
1070 684
807 705
571 699
296 717
572 709
677 59
503 718
471 716
820 625
253 704
871 719
1068 714
460 717
243 620
304 710
293 651
792 703
482 712
245 711
470 710
463 339
289 690
843 651
1125 625
1080 18
898 692
434 523
278 717
585 715
274 719
815 708
245 712
556 709
959 719
948 644
614 700
814 718
1012 679
849 711
285 679
256 714
315 347
956 690
211 715
1045 698
951 681
989 695
995 685
852 687
1039 691
871 711
575 710
315 708
988 698
285 365
308 705
964 681
1045 681
225 719
234 363
822 668
900 699
469 714
355 703
894 703
821 718
1080 682
882 658
224 719
1111 650
867 719
333 701
860 701
481 707
940 710
836 645
406 712
427 459
964 673
505 157
960 640
1035 617
297 668
294 693
1086 681
1015 713
387 380
616 710
339 698
308 718
1021 701
856 682
785 710
216 608
896 8
1066 655
392 15
328 349
483 712
367 379
274 612
256 680
259 376
959 699
827 692
652 714
682 704
469 708
475 713
471 715
462 714
474 714
470 717
864 688
869 659
632 100
692 668
890 687
1074 705
309 665
1030 639
460 715
958 620
365 711
889 674
772 701
39 44
1038 700
1021 657
877 683
230 718
967 680
1026 678
1069 719
947 695
1088 655
478 708
238 693
918 665
477 574
323 687
534 718
1006 645
265 717
904 710
1018 703
314 714
1119 678
826 704
835 380
857 713
1061 687
602 17
1076 626
290 713
448 719
566 693
969 621
317 719
297 701
1002 689
901 645
1065 706
1051 677
1012 716
1044 354
904 685
596 710
932 703
840 708
571 716
932 638
1062 714
883 718
1052 682
184 354
1005 683
1072 635
823 692
1054 695
1131 18
1096 667
281 712
952 683
465 719
1102 645
470 707
216 714
1047 700
286 715
897 669
271 699
308 716
710 708
751 701
310 364
458 719
364 116
261 349
876 621
960 671
1067 671
1012 694
965 709
479 703
464 719
753 702
639 699
794 407
303 712
626 343
788 698
538 719
834 710
1128 308
1032 660
993 663
483 713
483 714
291 139
294 716
718 15
838 706
637 718
1000 718
1076 670
1070 657
466 716
202 717
869 710
1020 679
321 718
983 694
850 711
829 712
906 689
270 658
1050 653
709 709
479 706
885 658
732 78
243 612
716 709
916 712
421 545
788 160
323 717
281 708
36 94
954 711
576 714
841 670
1073 629
977 715
1089 650
909 713
996 616
1043 659
841 690
1028 649
1119 683
725 706
989 29
759 703
521 79
255 649
718 707
493 344
944 654
834 684
734 718
1082 695
258 672
917 674
533 718
493 710
576 719
1006 563
933 704
467 410
986 684
1020 605
466 711
1094 655
248 676
633 710
1048 708
1060 653
487 715
865 718
228 719
924 704
859 683
835 678
478 115
1073 659
299 719
219 718
1052 686
31 166
809 717
45 712
308 712
493 715
313 66
1138 625
1014 659
821 646
680 709
273 635
716 716
995 616
541 715
591 39
1065 694
269 660
984 678
1096 656
527 346
1081 677
774 713
826 197
1017 698
828 705
1071 2
941 690
1067 690
1072 706
381 687
708 707
947 710
850 719
165 147
396 368
468 713
204 364
187 646
945 707
998 704
1030 704
300 688
213 716
701 716
1018 716
921 649
263 719
968 707
944 616
910 608
1070 689
888 662
319 715
882 684
1021 685
313 689
586 714
859 412
296 693
510 710
978 647
248 522
483 715
641 713
885 713
1070 659
833 688
279 655
1043 667
705 719
192 715
833 684
987 687
1088 643
611 714
1095 677
434 660
859 711
239 717
484 710
1099 627
1102 694
23 46
274 715
525 715
465 713
850 695
310 713
1002 616
521 717
858 685
901 489
827 719
426 704
948 637
1118 623
1156 16
1048 660
552 136
1002 647
485 57
970 707
833 717
703 88
285 707
782 707
1052 703
1118 11
910 693
880 694
1090 644
842 718
289 657
516 715
863 686
1099 7
935 711
332 711
852 650
947 650
589 706
904 707
944 663
1093 632
889 712
1121 644
912 417
1014 686
1076 687
977 631
308 670
1036 683
736 706
1099 647
786 712
719 701
484 709
1040 685
924 688
859 693
302 719
320 719
221 716
885 173
954 675
940 662
230 712
297 715
342 692
1022 692
461 713
757 163
778 714
1038 714
945 666
298 718
283 711
860 654
549 628
1062 715
907 709
770 695
1076 702
438 664
1032 706
1107 688
5 80
566 715
921 81
1130 636
7 20
237 642
1059 698
271 715
937 650
469 709
284 689
1036 677
478 716
995 705
347 712
589 717
830 680
801 706
43 94
1095 694
1030 696
1035 696
1013 683
342 709
257 713
273 687
933 656
979 677
1131 632
894 714
210 717
834 673
1057 712
1093 374
502 359
852 580
560 710
839 713
1127 70
661 339
542 704
704 711
1082 714
1081 699
922 641
626 717
430 361
797 713
931 685
562 715
880 668
461 72
1009 680
676 23
1127 0
484 719
965 719
950 698
269 378
307 711
988 690
819 93
916 612
612 708
788 709
348 657
262 716
947 702
468 710
659 106
397 674
290 632
1038 682
468 715
286 692
276 706
993 643
770 702
835 666
836 652
274 361
1117 629
333 380
131 356
1014 654
572 713
174 631
750 704
150 352
835 572
422 314
820 239
153 108
1054 708
1147 636
513 712
257 718
24 543
710 709
953 661
692 708
626 711
837 692
1060 692
133 369
348 361
216 553
1032 709
163 389
964 694
1003 517
752 375
948 653
308 717
1100 717
1133 607
151 371
900 627
1027 680
328 84
268 60
217 715
564 715
1096 413
625 711
604 714
874 291
856 658
755 331
1016 690
931 634
927 706
326 705
914 709
1118 656
928 654
1011 681
940 674
84 3
1014 713
935 709
837 718
242 691
662 135
280 718
902 641
838 698
131 257
1046 587
1103 710
1097 322
379 54
998 705
1204 376
1057 661
933 690
935 683
214 712
636 709
993 694
572 367
618 706
960 667
666 55
971 646
682 700
367 672
674 711
244 714
633 714
470 62
915 712
1148 639
1033 702
228 376
85 48
912 637
860 640
1016 682
887 686
917 693
1029 644
288 675
83 708
297 702
1032 689
316 655
432 706
993 647
52 84
416 664
682 707
247 351
678 711
75 499
1107 638
637 717
606 708
333 659
462 716
991 677
980 553
353 627
636 710
313 699
388 698
895 698
1077 700
874 691
977 646
1079 716
924 709
286 640
940 705
1001 693
277 711
1069 711
581 703
236 719
532 710
945 308
1053 630
331 416
269 709
274 549
461 717
302 691
648 107
853 681
1110 637
873 684
838 712
973 650
1069 661
1045 685
892 701
1065 639
702 96
918 683
1004 697
251 691
337 657
921 681
829 396
334 669
855 661
283 688
725 708
917 677
1009 653
624 707
469 717
973 695
959 651
881 671
536 719
309 716
763 713
836 701
804 698
274 714
266 666
863 660
254 697
900 636
36 37
542 714
269 492
467 717
786 704
1077 672
475 354
902 713
943 719
971 708
898 709
875 618
524 633
431 488
941 600
535 716
893 484
360 71
540 716
473 709
1094 604
282 664
210 719
543 704
153 635
14 703
398 531
398 374
