717 377
357 362
508 491
387 486
479 515
254 501
1102 699
859 458
1077 497
785 371
528 511
364 395
218 500
1164 425
650 501
511 428
455 626
434 531
705 522
538 533
939 565
453 512
447 492
437 447
1084 231
1067 351
514 674
403 490
676 450
820 512
580 633
285 508
936 610
898 504
156 551
781 343
189 344
1038 473
344 438
904 367
227 555
149 520
359 468
138 535
337 499
479 398
961 437
378 480
427 617
328 540
1024 479
423 711
259 492
1199 198
850 645
290 442
1046 689
153 545
236 543
435 502
285 488
978 525
802 672
183 489
1033 492
234 565
520 522
411 494
709 530
945 342
686 506
770 408
821 421
525 505
327 495
633 500
664 525
180 506
312 493
384 541
438 443
396 648
512 491
969 266
390 659
558 533
542 515
471 501
541 501
768 611
365 622
1144 81
807 549
451 514
406 713
1000 409
520 542
567 0
169 546
926 376
292 541
558 449
350 707
164 496
823 357
642 450
730 346
1000 525
347 541
1045 702
588 187
455 631
881 551
782 299
510 469
881 273
1105 714
957 690
504 349
210 486
625 711
584 528
871 512
680 519
518 529
310 454
478 477
338 535
1032 439
364 492
397 485
562 472
576 477
393 503
612 677
122 423
767 406
237 527
420 507
424 514
318 718
1154 319
206 681
679 423
736 510
411 524
582 514
944 513
822 715
1057 579
148 504
1173 400
331 532
293 517
1046 672
524 494
109 498
132 443
143 493
314 546
584 494
185 529
98 407
155 535
460 511
473 136
248 547
875 458
239 505
374 515
504 630
950 643
558 484
805 410
290 525
947 598
446 294
684 509
621 707
313 525
808 505
800 460
