492 419
628 594
530 96
809 292
455 716
653 382
226 509
480 717
910 530
1110 510
517 243
324 537
132 519
565 247
726 445
1035 315
550 516
1169 215
951 368
625 404
252 530
165 552
777 657
435 427
911 412
500 431
204 490
357 523
380 396
234 528
867 509
202 498
403 524
215 494
512 105
177 622
908 660
1163 508
471 348
249 545
1139 323
221 546
314 542
561 207
138 462
916 477
721 539
813 691
327 420
951 359
940 520
720 506
612 370
710 111
921 660
375 479
416 651
928 240
93 547
677 718
844 519
1067 173
1013 431
409 512
426 717
1226 166
889 307
217 550
1120 459
631 391
195 538
825 627
749 710
979 165
637 480
376 480
427 459
745 364
442 513
327 626
510 554
223 494
403 486
429 719
687 559
208 357
335 666
441 319
874 675
943 386
368 434
513 377
602 403
386 708
174 521
401 712
156 433
387 486
193 708
166 416
333 406
202 364
438 718
443 518
658 427
752 718
531 478
328 359
523 494
714 208
352 514
636 479
472 537
1050 620
286 500
360 714
102 545
375 317
671 407
108 496
212 523
103 504
757 531
593 582
777 353
408 705
246 539
223 507
1064 489
993 479
513 609
231 708
619 379
126 553
1020 27
901 475
1085 495
298 504
919 381
295 551
863 476
523 481
341 618
305 254
282 534
1161 126
118 602
418 528
