353 550
527 513
595 383
924 484
161 515
441 718
748 483
171 536
911 170
841 91
1196 98
30 64
718 234
291 425
179 561
825 535
164 489
182 555
721 469
450 717
435 714
752 316
1248 631
537 317
8 679
116 564
290 537
521 425
845 99
966 679
649 448
328 156
484 326
629 468
532 552
643 546
375 544
425 484
1045 512
158 489
760 430
483 719
479 398
435 554
106 501
503 519
363 567
375 554
503 547
897 579
315 533
250 565
291 295
823 606
531 552
330 608
529 552
547 554
292 484
412 294
382 483
54 308
934 502
353 718
675 297
550 549
459 521
21 618
2 47
41 680
2 564
342 534
283 494
637 52
271 113
244 428
183 559
721 661
689 390
555 551
1170 507
418 551
124 365
181 539
463 717
233 559
284 485
596 329
255 543
630 545
1047 20
58 32
544 506
287 453
552 218
1089 522
144 428
