516 479
842 374
556 510
617 545
211 528
1100 658
111 513
213 705
236 162
521 678
355 509
543 502
114 465
557 710
334 690
724 391
166 539
1154 521
232 500
1001 658
1216 238
506 693
163 484
463 491
188 6
1060 330
387 717
765 138
285 523
730 37
550 458
617 714
661 253
781 702
125 542
927 482
579 617
810 166
263 491
638 659
900 401
420 485
712 423
550 44
274 523
1115 505
1230 177
571 384
273 534
122 603
764 57
159 424
449 556
334 506
137 533
863 709
1136 509
381 552
859 517
1096 643
82 509
319 311
657 447
1155 104
806 488
691 484
641 256
134 428
327 528
307 443
775 671
1027 716
505 237
944 652
1261 247
804 541
507 675
231 532
302 520
1121 559
481 712
236 511
375 543
547 442
833 480
324 518
344 570
647 673
136 489
1138 546
146 529
687 649
205 523
1215 536
528 540
1123 604
635 680
965 97
1033 73
608 409
1013 475
486 714
601 507
446 490
346 538
640 483
314 488
843 447
233 488
302 591
599 504
616 428
818 443
436 524
341 510
406 708
283 506
1182 351
710 530
316 520
130 551
961 532
141 497
512 700
168 500
547 537
175 496
1254 345
435 543
542 492
1114 359
895 457
707 535
310 485
594 539
299 538
994 337
396 448
1021 502
454 652
523 506
518 338
79 378
