125 504
1216 245
548 525
423 486
475 485
1030 539
280 496
156 437
699 694
437 531
1028 17
532 719
1274 185
616 506
384 387
340 515
245 630
977 117
650 436
1279 704
418 539
851 553
252 451
584 357
693 373
254 321
578 499
227 501
877 505
913 362
892 462
1174 470
324 486
622 499
228 542
656 717
479 603
137 591
267 668
330 719
1166 329
1074 405
735 500
245 556
822 670
537 420
637 396
1233 155
316 565
788 715
146 520
674 398
138 444
616 335
21 718
574 510
1158 166
391 441
426 193
366 511
922 441
411 519
948 73
1173 420
1266 555
538 486
185 114
985 211
942 476
992 667
730 373
321 505
471 540
798 608
1277 476
1000 597
294 523
359 121
1159 245
705 285
334 672
18 608
326 494
1006 180
586 256
179 480
166 533
1120 332
