1214 436
233 487
797 64
30 13
4 47
600 701
711 694
21 8
432 497
213 395
668 436
551 477
5 680
0 72
1052 469
283 506
318 510
412 710
406 436
323 480
613 384
698 334
577 31
148 533
881 718
957 627
783 387
491 360
264 508
14 711
994 16
537 492
217 396
942 525
585 305
558 477
1051 563
342 535
258 400
522 311
640 529
56 364
347 711
1077 709
779 495
203 125
514 537
681 645
559 699
835 708
429 318
57 86
237 392
679 491
201 539
651 508
132 545
411 353
1078 236
763 360
401 280
287 699
557 25
550 547
1203 71
377 642
206 681
1153 437
89 512
608 286
283 518
159 508
432 491
734 344
124 494
176 483
244 1
1023 687
370 714
235 113
733 103
1001 686
0 87
583 498
270 105
454 535
822 706
1012 564
655 704
237 489
819 297
633 369
2 42
380 540
171 539
21 2
318 623
511 474
1218 256
896 618
777 362
774 349
764 408
0 310
1080 500
948 161
39 678
432 362
100 516
750 476
593 168
708 351
797 363
576 297
908 590
702 336
527 532
990 692
394 485
1172 530
161 623
900 498
213 550
107 528
177 389
539 494
462 81
1065 523
924 718
635 375
721 65
191 705
1102 379
458 14
194 550
1276 700
544 522
404 448
0 35
647 510
114 536
217 422
12 662
957 508
619 349
615 483
455 548
547 512
198 712
478 487
684 697
962 353
621 490
1015 189
98 385
115 551
496 705
469 97
985 415
995 590
1120 629
171 284
422 624
661 366
201 48
430 703
712 334
783 346
210 505
769 333
712 16
943 711
464 347
28 18
383 24
120 365
591 518
658 369
435 538
838 515
119 506
827 86
484 714
381 543
778 352
959 469
159 524
629 646
