338 431
223 512
413 547
376 504
535 369
954 83
402 494
1212 184
183 493
628 711
160 491
520 327
338 666
267 592
1119 464
434 319
270 557
576 481
530 550
670 708
851 159
850 466
826 697
699 368
1260 368
117 529
1142 154
860 483
435 521
629 315
506 552
180 608
241 385
347 515
1198 105
386 717
64 82
792 427
563 450
606 549
15 690
525 323
497 405
790 259
1033 641
1256 606
104 603
1001 443
614 478
1063 560
403 719
456 647
196 517
24 58
817 454
200 532
775 440
1104 204
1106 369
788 678
782 403
1133 406
171 368
637 545
563 506
354 502
556 437
1031 686
1107 529
409 1
343 552
506 481
629 435
102 547
