372 101
970 5
400 719
1187 226
180 537
419 554
723 712
157 575
695 444
418 689
160 561
550 510
576 546
529 549
292 557
978 503
610 431
50 2
542 515
385 488
467 713
362 719
74 65
1170 410
899 111
262 559
1067 285
1193 276
1089 466
270 538
1067 474
1225 107
621 4
424 546
135 563
706 463
635 517
330 535
219 557
402 508
775 271
944 516
1132 515
537 550
100 532
104 532
855 67
484 95
610 493
590 436
413 353
1202 137
316 485
598 387
1158 49
644 481
985 209
453 497
520 667
32 694
859 466
575 547
36 392
1021 708
944 326
574 678
464 719
478 550
1010 83
384 631
1144 422
496 541
272 35
867 719
198 595
385 660
692 507
1121 6
