276 535
965 295
219 489
820 475
1127 491
478 704
443 498
265 508
4 689
1033 713
354 510
617 551
570 390
331 535
991 501
440 537
564 502
1084 371
335 600
351 516
1067 333
661 391
778 425
563 452
844 330
749 413
766 447
978 518
1228 349
910 684
20 158
1016 23
158 198
333 518
500 59
557 526
905 439
924 373
755 462
1151 341
960 440
539 490
197 499
915 705
461 450
302 540
212 547
898 214
1098 547
676 583
806 222
171 520
738 414
136 560
724 453
757 377
94 708
670 431
62 34
745 644
112 552
285 527
890 434
1042 405
104 564
16 58
850 323
98 395
961 694
448 185
896 292
801 307
1008 405
64 640
308 643
280 719
277 228
559 425
852 254
794 379
227 537
539 532
