722 422
1095 461
272 531
271 39
593 478
313 501
530 599
519 362
701 355
298 705
751 358
229 247
962 656
409 499
909 290
475 492
470 343
632 354
159 553
723 352
126 492
777 364
217 486
777 344
319 361
358 375
223 387
250 637
895 679
681 417
15 54
309 665
761 349
920 544
19 500
6 20
707 357
432 479
578 476
928 663
1222 685
16 705
298 360
532 545
802 596
931 572
968 597
199 424
462 60
330 482
718 473
896 422
16 71
464 515
7 204
668 83
586 373
1279 46
606 16
345 403
1056 675
345 364
410 481
572 338
31 58
344 357
265 64
302 505
44 16
189 422
746 102
161 534
750 317
536 351
432 38
138 356
706 7
670 82
83 23
314 488
377 1
585 492
666 46
239 374
17 78
46 107
49 3
194 715
17 656
1055 432
67 36
670 338
1150 146
519 520
556 498
44 73
12 74
863 709
275 385
383 112
360 617
802 352
217 517
638 366
6 236
189 526
251 347
709 70
541 200
35 35
701 351
1052 82
52 19
12 90
506 374
621 527
320 372
7 7
402 368
503 710
535 366
321 435
950 700
606 355
504 356
40 26
291 700
786 8
275 50
1159 449
765 340
621 115
530 348
575 524
397 351
1260 715
53 53
944 115
705 107
640 369
644 301
564 367
357 476
220 465
799 344
507 340
420 348
479 123
702 103
693 33
671 704
348 359
119 494
934 449
527 341
15 225
446 423
604 342
348 591
747 7
344 545
527 359
293 509
395 47
633 345
807 596
1014 563
68 680
39 18
498 353
729 85
30 629
274 186
990 678
482 361
832 102
5 694
268 539
689 23
419 523
15 22
592 712
1109 3
760 593
503 110
944 471
508 486
854 483
791 511
684 372
769 515
454 527
711 50
1197 407
230 118
322 134
625 56
927 463
206 705
708 117
202 521
31 105
1173 164
1012 546
44 97
916 390
451 73
485 366
540 503
717 367
36 18
703 83
67 687
421 703
530 82
361 375
339 369
450 97
331 23
45 114
468 525
9 115
54 71
539 516
252 1
430 530
982 550
483 719
537 699
160 517
638 111
447 519
472 137
599 486
615 372
479 672
