246 549
238 416
474 343
546 533
457 408
551 440
491 359
582 514
545 497
92 394
854 236
565 432
513 507
294 517
988 308
46 240
1036 465
597 344
335 498
1088 628
461 480
232 531
544 714
324 511
941 436
410 715
132 517
408 536
372 429
1122 601
936 669
455 514
1055 517
335 518
672 411
545 417
1007 489
76 511
761 478
1147 512
411 524
564 675
411 652
820 535
1161 410
484 717
974 446
708 379
249 427
412 532
616 469
561 676
529 474
974 687
388 362
954 699
993 479
606 519
277 385
174 515
590 713
528 492
600 497
315 514
1017 491
272 519
219 403
513 536
432 707
463 476
981 392
145 118
522 512
893 609
861 701
202 498
1103 368
539 612
346 452
467 377
147 457
111 522
444 519
501 600
340 516
219 519
706 399
274 541
422 711
901 385
245 638
451 709
116 452
952 472
1145 129
707 715
1229 173
692 107
530 503
644 634
807 667
454 525
521 537
552 407
517 449
961 541
982 482
970 239
441 535
183 390
348 614
855 693
573 397
1153 613
156 444
631 374
385 521
515 507
412 434
702 411
463 505
238 513
396 515
696 233
984 562
601 438
213 522
