1079 245
103 489
502 526
849 587
516 516
892 462
314 557
918 678
265 538
533 521
392 492
125 543
893 441
33 161
931 114
406 558
555 483
96 508
572 719
1178 133
187 418
385 499
635 485
101 382
151 461
752 259
437 464
251 660
1085 666
1205 520
796 528
350 449
337 409
1191 245
821 457
1054 217
584 505
402 485
651 525
9 423
1208 218
367 115
855 233
195 561
1077 496
523 447
776 650
969 384
279 364
875 132
241 667
670 487
220 564
1014 119
241 458
155 418
557 519
531 483
439 546
298 539
468 719
127 491
337 551
25 596
378 529
6 276
1228 298
449 491
307 526
2 214
683 461
1037 464
555 455
238 420
1009 499
786 447
287 382
1087 539
1042 395
