1016 23
328 562
954 155
1014 557
437 541
482 85
419 324
1050 437
1273 706
470 495
932 645
882 503
186 701
719 660
1258 623
866 621
184 526
261 149
786 607
199 529
111 547
1091 584
785 543
1045 454
1195 699
75 6
316 479
463 718
454 561
632 713
362 538
239 712
893 584
1196 322
1169 227
806 619
201 463
230 547
539 490
304 441
1046 442
1257 529
538 531
98 562
216 13
531 447
878 378
246 559
508 491
1168 12
908 563
956 523
567 210
1104 665
331 169
1210 218
1025 29
855 504
918 659
1194 4
516 554
721 547
901 465
664 510
1192 180
737 446
562 478
293 515
250 667
