380 549
567 290
409 719
867 110
315 363
997 708
406 539
500 159
125 534
298 554
259 610
129 559
374 493
1197 409
820 490
119 551
316 715
646 392
707 40
361 671
548 45
866 269
896 572
584 335
535 487
0 651
791 513
79 698
882 654
157 537
451 485
534 483
677 630
208 548
511 497
847 379
245 518
244 77
961 352
363 47
1133 88
880 490
1094 535
474 535
640 477
323 528
196 555
882 589
694 347
62 44
457 361
309 442
436 465
303 545
718 509
292 718
1258 86
284 486
305 533
142 689
53 696
156 557
859 678
986 492
231 542
222 487
1016 576
967 549
953 357
79 601
691 548
332 676
102 354
