938 534
925 410
230 335
396 518
952 347
1090 458
795 490
1199 191
988 505
817 94
413 527
1143 165
345 419
1026 668
1164 480
574 440
105 507
461 67
479 506
768 385
306 491
964 412
1050 703
1093 637
931 533
230 669
1096 603
708 668
1145 362
569 541
1215 359
888 497
887 548
494 323
1216 657
802 574
755 703
279 185
422 684
199 77
439 462
129 553
1201 285
367 555
137 554
521 505
487 394
1158 468
404 340
602 499
1133 376
237 557
532 379
831 344
619 504
318 533
1051 395
815 502
165 553
726 140
1168 454
1200 197
245 654
552 36
825 351
371 47
