339 483
174 143
759 398
1076 623
359 611
872 371
1045 671
737 141
265 629
149 288
1169 203
850 450
596 405
308 608
440 551
18 199
606 599
455 633
306 484
13 76
1254 499
979 512
146 115
828 338
990 485
414 487
924 159
583 478
469 557
21 78
163 373
476 482
862 473
487 677
1030 553
361 486
317 555
931 627
813 485
556 61
596 470
830 679
21 80
891 469
825 456
882 178
234 489
743 472
543 548
626 308
983 456
265 333
390 290
767 686
171 367
706 706
801 588
32 40
230 547
218 712
859 542
521 316
88 377
219 555
489 688
849 582
428 482
804 673
517 480
269 407
574 683
171 471
1162 477
658 589
1223 697
254 556
