967 501
3 87
16 493
402 554
1168 456
525 563
472 716
796 278
873 693
476 537
292 511
523 698
408 545
846 650
608 548
149 507
240 180
706 400
1259 718
445 715
35 639
468 714
51 47
860 493
940 222
1188 183
184 157
257 146
159 557
115 528
339 38
1045 700
1227 133
156 398
539 311
98 426
542 495
794 538
779 706
113 466
922 542
907 406
581 452
888 490
593 237
374 467
230 561
583 536
843 719
1066 497
918 383
628 473
592 155
487 528
1202 131
4 2
121 570
31 679
1133 11
46 610
281 450
1127 279
293 717
677 623
136 382
