596 527
1134 387
221 609
354 612
580 495
144 659
866 175
1094 435
152 365
109 390
200 518
408 526
320 691
958 469
829 323
472 716
1223 687
1235 346
668 368
12 84
1017 128
119 569
445 371
146 544
1091 54
1074 509
187 175
644 535
690 359
657 403
283 116
511 527
208 574
417 553
167 429
659 245
156 513
476 492
410 553
715 467
596 447
601 508
1079 332
932 315
1034 81
114 498
996 541
958 175
483 716
606 601
122 528
645 511
771 711
562 364
1029 433
732 128
182 532
529 543
1046 510
548 160
14 257
265 696
216 433
888 163
1250 663
230 461
1084 259
283 89
605 485
878 265
281 377
335 132
514 490
890 138
1263 692
107 159
157 400
400 509
