504 543
429 297
456 512
255 553
257 555
1248 171
631 593
515 509
376 700
439 515
125 474
344 395
647 492
383 431
176 555
19 523
865 30
1079 489
265 610
728 392
1081 359
500 550
563 615
510 454
203 545
288 562
1045 468
553 517
335 301
121 481
453 334
896 393
726 129
1078 225
627 540
1080 172
120 448
934 447
299 550
188 531
388 442
575 447
580 287
706 394
6 508
1086 523
1095 587
373 156
902 348
1185 662
553 476
262 618
1003 547
608 493
448 502
681 462
546 549
446 424
93 597
1068 508
805 667
21 387
245 655
547 499
932 683
