314 540
865 501
1113 467
593 599
233 533
1020 517
770 82
336 487
336 635
250 556
43 275
878 410
1081 552
515 510
932 278
269 554
288 555
11 707
756 706
609 527
1214 661
684 530
746 385
467 484
232 560
1184 96
379 498
159 554
438 480
863 331
1162 106
1194 101
316 638
113 476
515 488
555 717
407 490
881 551
786 415
713 517
390 493
474 394
936 113
819 288
897 207
865 441
531 693
836 272
425 547
8 170
641 549
1242 147
332 584
998 678
781 697
1178 333
502 541
684 415
255 488
322 450
514 552
813 538
59 648
883 21
723 450
468 524
908 689
802 512
532 502
924 202
400 381
317 368
906 623
721 477
184 561
848 314
