545 194
40 98
672 148
872 627
827 405
1148 431
750 421
826 517
865 80
161 515
303 625
3 308
2 40
1236 681
457 361
1100 496
595 373
26 231
216 522
550 549
1010 716
137 561
383 498
565 525
1058 59
1154 9
518 527
678 711
229 507
24 66
155 510
638 43
451 461
92 563
645 518
660 379
926 587
186 505
766 449
1190 160
254 493
1057 351
234 542
496 470
434 563
883 545
955 694
135 120
836 612
98 636
879 534
221 517
43 26
805 303
202 171
294 578
1272 707
544 494
1104 347
104 423
616 543
666 692
483 525
600 552
261 370
395 639
1186 193
38 152
846 299
340 557
396 454
500 450
423 692
162 488
921 319
1254 341
151 504
561 392
214 670
94 340
402 494
201 550
1028 539
1070 122
404 506
305 545
892 462
706 517
149 549
384 424
686 460
