1024 699
287 549
196 504
361 485
423 716
503 34
807 66
120 519
949 198
708 636
9 527
846 489
141 545
306 363
256 410
52 54
800 531
186 359
433 719
225 471
296 514
909 130
87 452
180 506
1182 252
594 542
529 536
836 537
337 550
663 359
869 284
1166 236
605 456
376 482
138 584
756 449
1093 23
572 509
614 505
1092 447
255 486
439 553
224 443
349 566
552 521
440 307
244 518
464 442
269 559
882 402
157 512
360 466
628 479
22 547
626 632
988 505
564 9
524 431
354 553
26 216
768 491
1228 660
36 102
990 702
117 490
1179 512
65 686
966 80
