583 515
612 493
175 530
217 513
1131 440
1184 162
1024 715
1113 6
548 509
296 551
210 483
917 197
451 538
1088 706
233 522
239 523
298 509
981 232
212 540
548 540
244 499
876 654
282 707
194 480
516 527
1174 230
474 546
322 479
1028 520
432 536
633 490
548 510
548 543
1083 583
427 70
1093 10
500 524
303 472
175 486
511 515
242 443
355 527
202 97
415 543
257 493
751 476
650 520
1105 271
972 487
447 535
905 462
523 512
1173 142
770 511
475 538
847 445
763 710
458 542
612 524
679 497
618 510
465 525
220 530
1099 449
923 646
135 452
148 446
132 512
324 486
685 486
284 489
892 513
1254 208
228 587
530 530
459 538
855 497
598 500
151 525
311 492
325 487
1182 201
989 597
882 425
878 600
1176 485
631 10
739 493
753 520
1197 200
213 476
524 510
565 377
89 531
94 518
330 484
180 491
400 580
323 509
922 431
1158 403
523 511
285 488
121 500
269 540
438 540
228 489
329 561
510 514
909 698
55 706
205 531
309 523
948 453
351 537
607 513
1021 627
977 415
512 519
572 511
623 500
641 501
348 681
1193 127
303 524
145 479
165 479
184 558
542 513
592 509
511 537
456 535
529 512
579 512
628 504
778 569
944 594
549 541
687 477
331 490
656 490
627 513
540 509
532 525
621 337
126 518
515 513
260 523
847 552
472 532
1222 220
626 515
700 488
174 462
929 704
196 500
244 456
443 533
1097 713
618 491
619 494
355 526
1192 261
283 546
1249 153
420 64
1161 507
811 523
630 493
163 452
806 500
784 521
190 488
349 509
997 457
852 425
585 506
215 481
317 489
470 526
1073 392
462 537
983 399
632 490
131 491
477 543
683 709
517 524
1130 575
341 502
588 502
149 511
639 511
513 528
1147 155
481 533
335 536
334 507
566 525
415 441
233 445
771 496
153 565
490 517
692 486
830 556
453 147
302 522
1131 449
637 494
440 537
633 491
244 441
509 526
1276 202
439 532
1149 94
1207 260
888 432
643 513
122 482
808 502
728 518
456 530
737 469
526 513
717 506
454 569
146 40
271 500
465 534
205 516
516 519
464 321
566 507
684 656
207 491
634 488
479 539
440 534
1033 489
545 529
833 491
283 510
536 516
372 429
435 535
572 503
316 543
297 462
621 529
166 630
581 528
610 528
561 502
480 537
740 468
594 531
1077 456
1040 393
439 534
805 487
524 511
513 510
133 571
519 628
635 494
161 481
832 508
471 529
192 544
1129 646
1000 428
631 500
436 532
633 489
615 520
886 520
572 514
552 513
572 504
689 504
592 501
98 455
1088 684
570 505
424 543
625 494
774 470
258 458
522 511
238 473
817 500
641 645
361 536
650 503
261 526
438 532
1086 612
569 514
832 471
719 484
287 583
1154 39
287 556
1101 705
217 503
553 489
584 504
317 532
506 517
687 519
1249 249
428 537
159 514
83 484
635 498
996 404
527 518
614 501
963 530
989 494
1185 236
1046 444
1204 128
488 616
884 550
850 25
416 542
242 488
785 488
480 530
268 345
213 449
94 514
330 282
626 513
233 597
237 525
473 525
222 544
874 666
473 534
1186 478
520 521
564 503
822 225
990 387
629 522
805 472
707 508
525 534
749 516
581 507
243 520
466 525
630 528
1164 200
463 526
337 495
342 522
1231 253
888 400
207 456
281 456
592 503
605 503
1198 696
690 351
335 489
177 533
972 523
169 460
979 498
1173 539
537 512
700 248
118 484
239 488
654 488
569 508
743 505
194 528
831 529
521 524
623 524
520 522
131 501
123 503
586 503
642 489
325 476
202 477
613 515
1073 406
891 683
971 427
461 531
537 324
1192 194
195 499
853 499
223 459
587 509
641 368
772 505
469 543
573 545
185 459
782 486
1081 441
842 587
152 452
879 559
428 534
1047 299
327 476
552 503
1028 420
328 483
820 483
908 417
1079 348
904 460
1094 532
517 522
1238 394
315 715
653 486
796 463
1171 433
677 488
918 537
228 502
818 686
562 506
270 456
183 465
535 527
1006 429
178 467
655 346
235 503
641 496
387 9
609 535
331 494
657 489
389 680
822 519
120 510
639 495
1222 153
85 488
296 635
1175 529
961 491
4 554
484 538
1235 254
949 458
104 447
830 498
1082 411
970 421
727 503
731 521
632 504
765 509
215 682
939 535
957 501
481 526
1123 683
587 529
1026 457
822 543
587 542
232 483
522 555
1182 96
292 553
163 101
1080 491
285 548
239 459
288 451
471 522
756 479
871 526
303 495
680 525
929 493
957 411
550 504
823 429
210 539
354 539
1072 410
259 448
605 502
725 705
561 506
519 517
932 648
311 465
524 518
638 518
982 518
600 500
794 502
1085 422
651 508
978 407
1174 194
337 510
657 510
117 481
311 504
1110 631
79 493
114 565
1036 620
627 512
976 485
619 508
624 490
1217 249
1255 251
1157 97
469 524
469 607
642 486
708 495
217 496
912 552
82 456
846 536
543 511
503 538
537 518
467 534
252 450
1162 165
1226 210
1195 220
540 516
891 406
521 523
309 503
570 513
156 461
342 504
593 504
558 524
333 500
320 484
463 541
187 477
843 487
194 571
471 531
789 710
230 490
335 490
97 492
408 357
634 525
907 507
587 498
625 498
515 526
1106 244
609 506
579 521
545 520
619 496
774 474
472 246
370 648
155 550
740 529
1141 639
169 547
731 495
1018 452
1253 195
508 539
624 500
1014 429
95 705
741 498
637 492
539 514
826 432
200 533
610 493
707 501
860 673
308 225
736 525
166 20
321 519
554 541
445 546
548 504
851 450
516 515
649 515
224 501
740 621
660 510
829 431
122 466
1094 534
689 526
1115 47
1152 18
795 111
632 98
568 505
634 493
31 636
458 541
613 496
1002 440
426 544
186 483
461 536
635 542
219 505
640 487
314 480
362 539
601 507
684 507
125 534
842 442
246 700
841 459
783 489
358 540
759 504
327 570
446 531
831 121
683 503
544 515
321 485
199 630
583 542
962 588
502 523
925 517
944 392
345 514
318 505
328 493
120 566
270 497
802 469
691 88
1091 287
853 532
1214 138
360 546
580 531
509 529
520 529
471 524
664 504
1065 574
662 537
1205 370
941 532
1122 563
834 530
287 449
881 91
587 75
547 511
262 520
1155 550
744 491
313 483
312 489
985 375
860 416
466 536
95 488
284 521
325 485
809 398
1102 487
530 510
216 536
919 364
965 486
256 451
564 502
1000 357
531 522
994 116
451 545
329 493
719 493
581 536
129 495
1072 513
1246 224
1130 503
540 519
101 543
149 493
331 517
352 517
1114 621
851 345
548 512
976 300
449 538
582 711
634 487
431 611
966 620
470 652
538 523
619 540
157 459
519 548
576 511
578 511
666 511
558 713
450 710
325 604
301 544
268 110
238 573
304 505
675 486
552 577
1181 489
464 532
279 450
646 508
469 536
1224 263
1125 701
1091 405
537 511
340 507
443 531
477 531
563 503
1088 658
853 493
652 505
840 505
1179 428
324 484
187 498
505 523
975 559
439 535
324 504
556 504
482 537
1197 473
184 517
648 538
543 540
615 500
988 457
1172 512
206 492
425 534
583 499
513 525
460 540
729 476
325 620
949 444
1215 242
987 549
881 498
540 97
318 501
585 500
283 447
274 454
606 522
1205 106
175 513
914 421
447 537
251 497
300 476
265 536
572 507
632 496
228 547
138 481
783 481
525 627
800 511
630 491
340 655
847 604
1127 404
797 368
1222 151
1119 673
354 529
843 540
1151 576
719 504
728 504
646 484
451 577
510 526
717 475
627 496
530 538
754 471
199 511
167 497
457 535
622 489
903 413
1194 446
851 498
574 499
914 482
620 504
737 708
907 494
1087 395
925 410
702 492
636 491
597 523
708 490
318 493
582 530
330 527
1119 708
422 542
306 569
981 612
416 538
423 537
118 447
1254 179
788 494
15 321
677 486
462 531
397 711
875 459
592 495
732 495
235 674
280 452
139 449
1173 165
867 697
979 229
1128 419
932 517
193 29
1067 648
912 339
180 498
450 219
507 530
903 554
611 504
482 41
557 510
1116 614
262 502
1007 592
484 531
644 531
326 573
779 508
713 477
91 523
572 522
290 552
929 659
980 507
312 492
708 505
845 515
327 493
1044 452
336 514
83 527
1197 191
412 370
288 513
849 510
482 521
1082 504
447 538
260 441
736 480
711 525
513 696
135 453
420 539
619 504
931 432
155 615
508 527
1033 368
1068 604
327 518
193 521
651 470
159 45
911 280
454 534
1138 529
550 508
202 462
1175 182
523 524
630 524
1117 679
1039 354
298 481
192 492
539 518
962 448
263 476
212 525
1166 151
189 507
155 482
475 535
351 515
612 500
1163 463
593 502
893 502
304 493
55 73
130 597
311 501
114 517
832 397
514 528
637 536
502 520
967 381
592 534
543 515
789 460
1040 452
218 619
522 510
271 443
894 425
366 544
883 717
455 537
584 498
577 503
812 545
856 409
1183 201
267 525
904 523
342 500
603 498
123 493
172 493
593 506
1275 350
520 524
520 527
949 507
504 522
503 530
790 519
290 700
1171 418
1142 91
346 511
504 525
1191 137
332 538
905 483
821 537
958 537
286 507
958 460
605 498
402 12
728 488
482 580
536 511
1038 319
311 539
77 491
1064 591
354 522
831 443
336 518
594 503
613 503
552 516
1106 516
998 365
865 708
665 31
922 48
688 714
226 479
537 522
266 444
448 532
235 521
569 505
410 544
1172 520
273 446
597 504
334 516
212 524
1024 437
207 493
330 493
318 685
557 512
307 494
917 494
1234 222
465 538
436 535
651 484
831 473
592 530
982 686
847 509
732 497
575 501
226 500
116 517
616 491
749 491
639 526
591 536
683 253
453 531
350 512
560 512
276 453
1115 655
871 564
156 451
265 492
541 508
528 517
884 547
1009 479
1092 479
464 526
315 483
324 483
471 527
1092 37
318 476
579 506
366 539
1080 411
258 482
450 533
576 533
338 507
817 556
877 428
554 516
1109 494
560 548
1150 506
557 511
625 529
953 445
414 671
636 507
415 539
691 487
1219 192
1052 681
433 533
515 519
721 89
1205 260
1227 260
644 515
533 509
1056 513
244 636
495 541
341 603
286 451
645 490
26 171
242 517
330 507
619 491
317 496
240 145
690 519
256 457
411 538
561 504
275 62
709 536
1165 173
358 529
256 482
1071 393
567 502
8 537
653 485
824 485
838 517
624 521
275 447
884 419
1244 263
174 456
627 492
338 497
512 655
187 459
207 488
531 511
763 122
460 528
842 458
1024 444
386 704
924 573
1046 381
547 504
574 500
349 572
484 528
864 495
531 512
1186 224
646 497
604 502
115 549
342 604
1027 705
353 516
254 541
424 541
173 522
834 558
526 541
339 523
242 540
325 484
590 505
235 456
451 534
924 20
351 517
562 512
358 533
413 71
567 538
902 494
638 500
771 502
711 2
258 484
533 512
546 515
836 595
343 508
954 427
560 562
580 522
159 458
611 511
1222 166
439 531
73 635
545 514
563 518
963 457
588 522
441 534
1117 540
438 537
849 259
578 543
926 415
1045 511
137 490
633 486
351 469
316 499
616 499
462 529
618 507
861 459
1032 516
700 485
443 544
805 467
468 543
479 522
719 337
425 541
720 206
1172 124
665 497
750 474
444 532
326 492
625 496
603 520
987 520
1200 142
133 443
550 517
562 511
340 518
278 585
1029 404
223 448
329 499
820 503
316 502
1206 213
536 512
471 539
579 520
454 529
513 543
101 484
526 538
456 534
651 506
1164 92
334 514
973 522
195 523
839 550
937 384
167 500
1249 220
460 537
104 94
1031 340
284 457
639 490
470 528
1102 556
310 515
545 530
1074 390
248 495
549 507
167 492
1187 116
448 528
713 493
190 559
958 673
200 529
345 511
484 543
43 109
1245 227
616 494
287 553
115 497
575 525
200 601
324 507
169 544
574 514
936 412
218 560
565 508
915 563
477 527
227 477
446 573
583 498
284 485
502 485
507 519
793 464
449 534
472 185
613 530
1168 448
1159 147
973 459
400 631
821 298
544 508
199 509
599 500
348 521
108 526
419 321
298 468
715 491
444 533
429 538
345 502
595 504
624 504
562 514
449 532
212 496
179 534
899 443
745 475
517 516
979 419
599 522
323 498
428 538
791 479
125 498
344 501
654 532
572 506
70 370
195 522
191 452
633 525
713 494
254 459
534 509
836 518
792 466
648 486
144 662
872 521
527 511
295 484
334 523
257 451
680 527
704 527
720 500
635 507
663 522
559 508
548 539
525 511
244 440
635 495
361 535
341 507
194 502
759 492
325 486
381 718
326 546
742 500
1168 143
845 506
970 511
182 538
434 538
629 505
811 516
1153 446
186 507
452 543
637 496
478 529
477 526
327 497
748 476
641 515
70 507
550 507
460 529
469 540
620 495
1031 242
1117 447
438 536
132 609
464 528
635 488
663 488
364 542
1146 633
139 491
1132 673
487 605
162 50
545 508
574 508
1187 122
983 559
1019 573
1029 560
544 530
76 201
485 519
531 527
586 499
411 543
610 494
845 471
1015 506
176 483
965 417
850 526
254 445
448 534
155 511
306 483
338 500
520 518
806 488
1226 152
198 568
498 661
319 491
333 491
433 535
532 535
619 535
289 639
248 510
511 147
367 547
585 505
1068 707
954 640
201 493
307 478
739 499
845 66
355 548
209 495
451 533
863 450
314 490
597 557
648 497
1252 224
1056 564
541 516
765 484
166 544
448 544
673 508
869 507
89 506
1190 420
684 518
545 511
385 625
577 499
78 486
611 505
186 526
602 533
423 540
197 488
214 483
343 586
420 536
1194 120
1090 514
668 510
1180 202
869 556
445 529
193 491
33 150
286 511
456 538
443 543
343 505
248 439
228 472
142 498
1196 79
309 504
549 504
898 520
293 661
579 518
1094 488
997 437
98 527
934 568
266 443
323 481
632 498
853 433
902 414
541 507
1141 427
247 493
1226 168
341 512
428 541
1163 437
473 538
560 520
1120 423
441 531
319 553
259 440
763 497
255 118
455 531
908 514
861 688
296 103
923 528
1155 557
259 522
526 518
916 524
129 525
635 497
160 591
937 433
238 551
614 493
1002 614
325 505
624 511
1153 297
853 480
105 453
621 491
968 369
586 533
512 528
437 535
1157 439
835 547
152 518
620 499
715 499
1152 551
1106 44
507 514
506 528
511 520
773 471
934 552
1227 149
763 705
330 482
790 121
235 443
612 517
509 516
565 512
1050 540
692 484
871 484
327 478
1151 478
511 522
215 574
290 643
1056 431
931 412
454 536
821 504
347 508
645 485
109 487
330 477
997 448
20 147
547 517
196 486
778 468
612 498
797 532
1186 178
177 482
515 518
542 528
663 510
170 491
932 541
102 458
94 523
607 516
503 416
357 526
802 463
302 499
1200 139
191 527
433 539
172 476
632 488
478 528
1112 457
662 508
513 541
749 477
438 544
88 214
1117 421
1166 202
194 506
239 489
162 463
432 544
266 494
598 539
192 456
190 485
871 481
934 570
229 536
547 505
714 508
85 496
351 529
563 513
922 434
534 527
1154 170
176 481
332 514
215 490
554 504
327 538
129 451
321 479
835 486
613 506
275 534
631 488
694 488
345 515
280 513
614 524
1248 115
238 480
707 487
223 451
270 442
242 526
255 491
99 495
198 474
508 524
234 519
462 528
722 490
590 510
559 507
608 527
723 494
134 460
445 537
336 496
269 481
173 531
324 481
1071 665
307 506
800 461
1087 490
167 458
695 507
938 507
504 527
428 535
209 480
1029 719
152 484
474 527
889 489
600 530
338 540
1026 647
365 541
595 529
626 499
160 508
633 487
358 527
561 512
551 507
326 497
862 438
182 502
318 483
277 487
531 521
688 504
624 497
466 714
298 357
602 503
664 91
580 501
419 538
310 486
856 494
743 493
138 482
137 385
561 511
576 509
431 536
479 491
513 517
637 487
614 492
312 527
841 394
293 455
584 512
638 486
183 489
894 387
802 516
973 516
135 510
337 494
1237 227
195 504
1199 446
853 408
538 515
647 486
670 486
842 513
986 464
1010 464
543 508
520 520
1162 502
900 575
589 509
936 465
166 456
323 144
351 519
470 527
1085 445
415 540
937 472
1152 128
185 486
439 542
218 453
631 491
865 536
867 479
519 513
89 551
270 477
708 506
357 525
524 515
874 491
331 492
1199 466
652 494
590 512
521 517
560 507
357 546
269 442
582 506
531 517
1226 239
614 502
586 508
638 490
571 524
440 538
996 500
619 503
441 536
524 523
634 491
357 530
530 509
472 526
630 488
536 517
552 517
874 449
592 497
308 567
465 532
539 661
347 546
953 423
612 512
607 532
458 529
474 528
571 534
578 169
467 525
542 524
246 457
313 485
1150 413
144 457
510 527
233 458
328 502
355 518
923 553
1110 447
415 538
1107 455
626 529
94 463
458 535
557 520
584 501
552 638
921 495
753 517
469 525
121 489
582 514
590 506
569 524
751 472
669 516
513 520
610 715
150 455
630 499
159 509
818 426
1137 354
456 527
779 503
694 523
671 520
733 524
482 530
530 519
616 501
312 482
102 499
506 519
587 506
886 435
128 543
339 508
255 477
516 516
513 523
598 505
192 519
338 520
661 514
838 509
103 452
1163 98
549 505
176 530
889 529
465 527
562 524
625 490
806 533
1217 179
517 512
628 525
795 495
843 510
1024 574
845 693
565 507
216 602
202 489
228 501
1076 652
635 490
446 529
890 15
550 531
1004 503
512 517
688 484
230 486
591 506
604 503
633 485
632 517
531 520
1001 514
313 72
527 519
68 510
574 503
120 474
105 529
992 490
774 472
824 566
479 541
90 484
420 537
583 502
828 526
455 528
450 541
523 510
93 536
555 536
1225 234
348 519
842 573
159 534
343 536
602 502
226 110
547 518
774 491
142 509
648 523
354 520
647 536
645 512
1095 568
892 493
677 502
232 477
925 574
446 532
477 530
451 544
570 526
538 510
524 538
1148 96
628 492
456 539
91 487
432 533
544 510
962 535
91 460
213 608
516 522
627 516
543 506
353 519
411 539
564 508
555 511
496 667
1140 211
835 540
641 485
421 537
477 522
646 489
534 514
547 527
684 503
632 512
871 496
140 486
818 489
1231 229
479 536
910 536
463 527
333 498
545 522
1035 525
328 477
911 399
629 489
529 274
252 489
1154 487
191 463
19 587
578 510
534 539
546 511
543 513
358 523
1095 518
94 488
309 542
1103 448
1069 428
526 540
219 490
1072 508
570 535
360 536
439 537
653 537
601 497
530 517
853 416
481 521
641 363
343 500
610 500
436 541
178 499
540 532
1097 379
221 491
1050 460
552 533
521 519
670 488
151 538
362 538
809 639
445 535
778 494
516 533
605 506
182 616
554 521
783 495
561 513
560 508
623 490
519 523
1002 585
938 439
285 492
653 492
202 456
701 503
783 517
724 498
581 500
825 513
591 502
1047 714
102 474
589 522
595 506
586 154
210 482
344 510
123 490
852 461
305 566
631 550
457 530
582 501
663 512
849 488
457 537
541 511
270 471
955 445
798 489
550 515
621 494
684 494
1216 181
570 528
605 518
1229 205
143 503
587 524
667 526
611 502
352 536
583 538
342 501
762 473
74 541
596 512
573 510
423 536
454 527
168 505
738 475
92 521
526 521
194 517
598 517
831 499
530 511
609 505
973 500
428 542
144 455
413 540
660 491
482 528
539 527
611 537
586 505
804 460
547 508
529 510
213 483
426 540
223 499
343 509
539 510
834 438
569 501
674 501
341 499
833 543
250 446
745 488
163 523
1186 415
501 520
572 501
656 493
831 496
564 504
250 458
572 518
467 532
601 500
767 487
1247 226
350 576
578 514
527 510
643 503
849 504
616 492
605 497
233 447
307 518
926 667
997 425
861 484
912 480
828 515
364 543
307 484
101 533
575 503
240 495
332 512
815 130
285 523
596 506
447 532
638 485
934 476
626 492
902 433
279 121
1049 415
638 495
598 526
504 524
513 524
329 502
852 519
557 504
630 494
350 515
884 567
644 526
541 562
622 533
866 508
554 511
609 504
159 483
954 384
1153 102
217 498
1103 432
579 500
600 499
416 372
242 439
649 522
1152 68
993 493
282 471
535 647
394 568
341 519
246 452
1179 421
558 528
325 483
646 483
524 513
668 503
530 220
248 502
637 512
190 523
609 523
942 570
468 542
590 507
533 525
1139 399
634 508
895 548
1199 215
588 513
438 539
523 525
454 544
509 537
325 495
691 486
747 485
957 567
880 441
906 518
634 492
621 500
630 497
846 506
559 518
114 475
625 493
563 520
791 528
846 413
588 507
576 501
465 77
212 504
650 504
512 516
470 533
427 538
1044 427
766 481
605 529
426 538
214 451
182 480
454 535
994 420
230 481
1208 167
335 495
277 473
203 598
1067 524
595 503
797 503
364 540
368 545
1159 155
1173 394
560 503
149 482
156 482
267 508
690 508
259 658
1196 466
1059 502
777 480
146 465
200 519
205 483
964 431
560 522
844 495
335 513
776 482
264 524
1094 486
510 512
691 707
264 622
982 501
143 494
883 457
649 484
797 499
519 515
77 505
683 510
573 527
600 527
272 496
750 496
85 517
975 441
443 537
478 524
745 469
536 518
369 693
1171 440
988 497
91 549
553 527
225 446
122 548
266 654
768 530
144 556
771 472
826 535
401 380
433 542
1187 505
217 493
873 493
238 509
636 514
1128 85
1123 495
799 718
463 535
529 535
1201 169
338 534
516 534
536 510
288 489
510 522
614 499
540 511
258 480
332 503
939 426
325 493
413 541
529 520
535 520
610 540
321 481
852 491
603 494
191 470
810 475
264 454
551 542
537 508
609 508
264 446
538 519
821 519
1218 197
562 509
117 493
648 493
515 515
133 474
1083 443
567 552
1200 415
343 504
552 504
568 507
534 515
839 554
746 493
425 535
511 524
173 69
623 516
669 490
641 498
523 274
1256 205
903 517
477 533
482 533
961 575
176 462
1134 501
903 504
589 510
129 486
560 539
979 512
1147 53
1148 314
254 442
284 443
797 466
837 489
146 504
663 509
286 555
554 529
191 532
516 542
587 659
721 256
276 445
243 446
1140 439
325 512
521 526
711 522
455 533
432 543
433 544
828 558
949 473
206 477
1039 493
630 490
610 509
1214 273
573 515
516 525
621 675
281 514
187 512
629 512
658 531
127 447
1040 561
813 495
1212 209
757 529
255 365
248 442
1085 559
157 494
340 494
1051 486
777 469
830 689
543 533
511 521
866 547
801 501
569 515
537 528
253 440
590 523
715 526
317 498
1251 114
521 713
788 464
1177 464
675 490
636 486
1195 139
967 488
855 380
557 507
726 535
361 530
529 515
1137 308
330 490
731 474
596 514
607 525
447 545
369 547
224 549
811 508
162 491
1067 456
515 516
237 520
573 533
140 450
1012 371
957 608
980 513
801 486
315 482
319 482
120 493
954 430
1167 417
508 517
388 679
1025 510
538 511
427 537
723 487
614 491
1157 527
160 533
356 529
157 505
584 536
543 507
542 523
1057 455
597 516
839 459
274 445
1203 197
828 684
1178 96
556 503
600 497
246 532
280 544
520 112
459 527
942 527
599 515
694 515
636 490
1160 592
990 518
555 503
579 503
797 468
147 550
469 534
81 500
209 501
142 545
638 489
350 526
749 74
529 514
559 514
364 544
328 478
270 444
525 520
868 695
189 511
548 535
320 480
215 471
138 504
344 544
697 506
341 500
933 288
294 477
556 507
542 514
122 577
1193 213
203 482
629 528
1016 534
536 525
631 525
1164 102
423 544
739 480
424 539
575 539
787 517
121 496
1260 194
142 475
740 479
309 489
1210 153
589 497
659 497
658 530
447 540
294 501
339 527
575 506
288 529
567 507
712 476
225 636
712 508
480 521
160 484
454 530
235 506
744 523
171 514
975 514
317 74
161 482
716 482
432 540
622 505
715 480
340 561
1163 371
595 521
886 715
1235 226
794 466
621 490
467 528
641 489
665 489
104 511
629 511
945 453
458 525
156 539
929 658
84 486
436 534
695 516
578 520
914 415
1223 2
245 582
130 538
574 528
124 513
887 513
1063 572
103 464
130 454
534 510
631 501
734 232
435 536
1069 541
538 531
299 488
703 488
1081 542
330 485
705 483
164 491
877 548
506 538
1196 220
1108 367
1186 419
191 535
333 535
1145 388
996 410
1216 235
970 591
800 509
170 484
449 547
461 547
269 489
595 534
1081 421
1099 421
1107 383
178 461
626 501
626 491
776 491
514 513
1137 101
1215 182
206 459
146 456
834 456
141 448
787 464
608 496
976 437
932 427
592 527
473 521
380 202
841 240
1233 167
1210 180
833 465
785 467
833 494
326 489
135 481
345 505
546 505
773 502
1058 649
836 694
173 529
267 529
845 529
480 531
1206 262
147 466
740 475
1012 487
342 508
628 506
369 576
356 520
836 520
784 718
147 456
546 519
607 519
298 548
329 548
866 465
562 133
522 517
236 529
621 503
983 445
340 536
593 555
103 457
1183 179
961 426
322 508
540 528
604 528
1166 412
694 497
1068 418
947 420
445 543
333 485
629 498
475 523
508 576
189 479
689 525
527 512
515 530
438 542
516 535
676 525
559 526
241 493
1046 495
564 510
535 511
591 511
853 544
957 435
546 529
553 516
554 514
1066 464
168 515
613 498
476 538
389 574
313 491
877 491
1242 135
935 565
724 473
288 502
647 495
796 351
542 521
876 645
288 701
214 493
1010 421
852 578
357 540
1118 675
244 443
452 533
265 623
1192 418
282 475
541 506
235 547
1132 431
926 674
555 512
634 497
682 331
625 499
897 441
620 25
422 536
688 486
735 486
691 484
196 550
697 498
703 498
288 470
875 717
741 516
597 507
715 486
1089 569
337 650
1191 235
679 522
306 531
178 509
237 553
526 517
1047 119
236 500
986 564
944 448
1108 448
628 495
114 493
923 415
938 549
589 523
514 532
280 468
549 511
249 506
567 505
1037 491
1125 33
1134 459
163 465
523 518
563 517
1066 429
815 430
282 461
143 485
300 485
566 502
942 521
479 524
132 515
803 515
426 541
191 456
941 495
676 490
143 625
88 513
107 513
895 562
909 392
978 413
823 496
543 509
1016 590
567 585
461 530
334 535
126 548
459 141
1104 409
639 494
540 506
696 538
569 516
477 525
1130 468
145 454
306 425
343 624
457 533
511 513
514 554
570 501
903 406
502 529
1014 521
207 495
1152 495
1173 579
1209 236
616 503
806 503
575 500
454 532
1116 42
534 516
667 510
1080 172
293 507
1133 94
212 515
605 515
906 515
553 509
581 499
1144 496
328 480
483 510
1126 479
1120 400
286 502
973 489
1073 713
596 711
879 519
565 516
253 447
281 495
307 715
820 502
1126 385
570 504
360 537
775 483
1172 115
581 523
1124 413
752 473
978 524
273 499
816 526
1071 528
1250 253
468 525
1158 414
466 532
157 451
349 631
565 521
525 539
1069 419
154 489
721 82
1177 249
301 681
364 537
519 511
580 511
1085 450
1192 188
1115 441
142 479
575 507
998 534
596 190
963 569
540 508
607 508
810 391
1059 477
78 485
374 343
182 494
117 486
707 509
109 546
1132 544
508 263
524 527
697 484
712 360
227 547
241 519
291 519
884 477
344 500
944 334
1003 416
345 85
645 508
578 526
1231 151
592 496
1166 38
585 502
1225 198
274 476
1095 476
1082 29
856 593
187 641
846 443
1084 529
194 525
511 518
163 543
421 543
1093 462
655 507
1008 628
626 534
1044 481
144 501
600 501
828 510
174 552
1157 110
331 305
697 121
1007 531
634 489
982 505
543 516
475 525
1181 198
719 480
999 430
947 494
936 568
1082 395
1077 685
1126 600
818 422
807 466
892 489
722 500
1118 698
531 535
337 517
901 541
1167 113
245 515
593 505
319 480
759 496
685 522
573 508
194 482
549 509
993 452
790 471
162 479
1173 360
695 483
469 527
237 484
1020 498
766 497
310 488
83 515
587 496
545 523
204 492
362 537
505 521
139 487
672 487
465 545
237 465
278 535
445 542
555 542
790 89
332 14
221 550
200 458
233 444
173 460
882 460
206 456
576 515
598 497
463 537
1244 188
670 506
185 471
771 471
725 9
220 449
814 499
1232 196
573 513
1088 452
927 528
721 534
337 500
652 532
910 422
475 522
106 458
170 530
1177 147
1017 416
235 544
621 496
430 533
1211 148
1043 404
1033 90
81 504
815 461
597 500
746 513
1159 134
593 498
731 514
1100 524
363 663
268 541
716 517
1113 456
480 519
1138 494
581 530
349 511
506 515
475 542
1143 127
170 70
583 531
1015 419
935 364
359 547
1158 428
196 502
551 506
118 539
540 535
281 501
233 511
342 511
574 524
442 541
658 490
1014 177
791 121
909 513
680 246
461 3
574 546
1225 256
631 493
568 502
483 527
779 518
874 696
1174 355
239 519
1164 617
208 453
1182 229
697 512
440 540
222 447
578 500
1153 429
831 461
334 542
507 521
1232 252
589 494
1020 241
644 497
220 531
1165 165
207 559
126 487
515 532
659 273
354 546
1020 431
1063 526
522 523
965 31
684 487
138 524
555 532
469 538
1131 582
908 467
148 488
830 509
1006 428
976 565
448 541
1150 105
1237 208
157 484
281 455
349 532
500 714
272 445
635 485
980 600
1182 118
1137 491
581 509
1237 221
1005 444
98 543
537 525
1001 525
565 502
321 492
1205 186
95 461
617 500
784 500
864 489
163 84
513 715
297 464
193 455
800 140
356 521
343 562
1190 138
1070 485
599 526
830 481
82 168
620 527
898 690
1035 470
204 495
657 537
336 512
89 499
979 700
1225 265
182 540
472 527
475 527
798 521
255 102
473 544
622 490
249 447
98 511
1045 352
740 519
1058 506
1160 487
801 467
641 497
302 527
547 523
130 475
318 496
286 64
140 460
689 505
738 512
271 511
556 539
204 486
243 449
891 480
547 351
621 497
246 545
867 240
340 8
1031 515
642 502
557 505
961 417
452 531
333 569
418 538
585 527
170 11
433 540
1234 147
480 607
283 545
350 545
810 526
237 492
515 539
213 587
537 514
1069 472
927 547
329 505
806 505
944 565
754 499
750 475
612 496
977 457
896 512
225 528
549 503
208 694
1108 500
1021 643
199 507
659 491
128 452
471 525
420 540
1079 676
254 515
528 515
1185 246
140 532
793 531
266 538
852 433
761 486
324 522
204 455
330 495
197 524
207 524
768 25
648 512
121 82
705 516
759 518
207 532
829 520
327 543
1054 391
686 482
178 515
229 583
229 534
301 288
118 451
130 451
975 462
470 529
86 525
528 512
914 430
1108 96
459 532
309 557
1164 348
363 545
239 465
448 529
533 529
539 515
619 489
509 546
469 541
201 473
592 356
558 516
547 509
187 456
153 556
981 476
1226 259
599 497
463 532
716 528
635 496
254 583
877 505
799 513
706 512
338 619
593 529
556 511
686 607
279 515
348 539
484 513
450 532
956 558
539 536
444 534
584 534
1235 224
480 522
1110 702
1261 235
259 458
750 523
948 411
121 456
326 484
639 529
629 491
938 511
958 646
944 553
452 530
639 530
202 459
837 180
785 462
602 504
476 527
1133 90
587 497
585 564
446 669
1108 501
906 706
514 521
755 487
289 510
1225 142
224 484
1097 398
664 492
1070 390
684 530
131 531
1161 100
173 504
566 504
453 228
839 499
465 529
359 539
601 513
969 419
567 509
259 33
1118 550
166 495
1023 436
747 470
329 511
158 499
252 499
1007 524
894 603
1253 197
301 486
864 486
509 515
561 515
596 505
145 584
177 493
732 529
1101 68
1223 175
629 499
908 448
649 506
244 472
801 463
1161 469
351 520
807 520
995 533
553 716
310 478
1184 467
1130 551
330 496
808 417
812 495
530 540
1254 159
1070 412
571 516
265 518
529 518
821 529
719 489
101 458
445 533
860 468
1086 560
762 507
505 524
170 569
1180 176
196 523
475 532
1155 544
1083 496
5 481
365 546
932 565
641 500
645 532
402 610
142 458
924 492
797 494
1182 206
344 536
540 536
571 507
826 501
513 537
407 336
144 554
617 529
733 529
509 528
100 500
575 502
911 508
846 376
365 542
549 512
357 544
980 564
171 461
609 507
852 523
440 493
131 115
1182 182
595 528
349 514
317 459
513 519
577 515
509 522
1226 183
432 534
936 475
154 491
159 470
426 535
1110 535
310 653
551 526
72 520
765 518
590 500
732 500
858 541
498 11
1092 416
1118 430
678 503
565 504
499 600
525 524
508 513
1089 693
235 561
601 495
943 509
778 473
597 719
625 507
263 500
754 500
639 544
830 685
429 540
1206 115
1101 651
158 477
604 501
347 529
128 455
362 540
264 11
316 509
620 509
378 5
1080 543
187 503
919 503
522 518
1136 458
852 31
310 525
788 484
216 490
963 532
1166 207
132 459
329 547
868 547
1153 411
344 509
542 509
1046 575
271 120
821 198
134 488
481 538
1154 432
616 506
971 567
360 540
770 524
511 527
954 577
326 84
988 542
556 522
1156 554
332 523
990 575
525 510
124 500
120 542
331 496
1255 689
760 473
404 20
272 585
126 471
108 554
909 533
791 464
1188 428
561 518
535 521
1210 171
175 633
1196 203
330 488
704 488
316 470
893 21
107 535
91 188
1172 160
845 516
1057 380
651 495
159 453
904 625
1221 226
892 502
895 471
1190 515
750 536
1217 149
904 414
622 499
443 541
968 79
1042 416
112 454
291 551
323 516
134 463
460 372
757 702
244 485
1119 4
231 41
543 510
632 501
464 710
1023 152
609 533
631 513
976 408
845 470
830 525
628 707
709 85
1154 523
867 430
543 519
347 518
686 518
348 515
286 498
1160 149
987 434
677 512
1055 541
1224 265
991 511
1216 164
276 525
562 529
908 552
537 524
295 455
870 681
242 13
548 542
568 542
997 559
215 630
581 506
1189 113
918 437
352 115
619 502
258 434
624 536
733 478
696 535
819 653
498 527
228 510
859 482
282 87
988 564
573 504
255 470
598 511
1215 145
232 506
814 506
1184 124
590 535
1079 395
666 572
325 492
739 482
895 624
631 490
609 503
1035 503
846 498
530 513
443 536
631 535
1118 450
620 491
1003 431
145 518
619 516
104 540
724 337
805 309
1125 57
300 124
744 525
142 548
256 444
538 507
814 501
767 498
571 540
1232 262
798 468
177 487
1062 487
493 694
606 531
471 535
813 546
953 519
155 481
171 481
297 470
796 470
1201 153
94 128
739 130
825 538
1051 533
830 548
142 543
616 532
507 535
312 497
991 373
1081 376
726 476
239 457
300 541
989 717
154 498
532 514
342 516
773 493
866 435
103 535
927 298
1198 138
1232 163
1150 600
447 530
1162 530
558 513
525 529
805 529
1171 196
1146 107
1153 450
165 525
1146 448
258 552
100 461
628 521
1202 193
267 445
603 505
199 9
81 235
481 541
133 536
104 489
529 533
649 533
650 487
770 517
740 490
705 479
742 494
723 477
311 496
590 508
573 512
1022 373
457 543
340 564
955 410
616 502
361 544
1040 447
472 523
760 483
334 568
156 507
578 507
1163 180
631 497
903 558
589 536
609 536
117 506
217 505
795 350
1242 264
241 441
903 393
332 493
544 513
1170 479
85 215
610 533
510 532
112 153
724 475
326 482
1150 423
236 464
1081 403
548 525
349 523
470 523
275 442
284 373
1082 500
1193 199
185 476
297 476
569 504
1055 485
1034 539
223 525
356 525
1128 101
809 116
837 553
127 468
1144 466
199 513
988 513
270 522
529 534
660 534
635 504
546 509
969 490
199 459
485 705
189 589
1055 587
612 492
1183 532
459 531
974 581
900 343
526 512
167 486
288 447
758 520
505 535
790 479
857 693
464 525
469 523
258 445
1059 389
322 483
1130 399
247 533
523 366
332 498
695 499
563 506
1047 540
307 463
912 510
123 497
1220 257
161 526
940 526
792 489
997 626
693 243
133 454
620 514
246 491
246 464
145 495
857 576
86 490
577 518
1130 44
319 477
831 449
187 509
608 524
838 562
355 230
1111 384
1174 382
450 529
188 540
443 540
1238 255
232 485
327 485
226 478
1223 207
698 504
1023 516
609 273
710 96
1184 497
526 532
592 532
1173 163
1006 511
793 108
313 543
1215 150
314 477
1167 584
952 458
239 469
573 505
601 505
331 489
1123 545
857 548
951 548
511 519
636 512
665 512
619 539
194 455
1112 70
525 522
935 647
980 683
561 524
589 502
260 553
361 553
611 397
348 538
862 710
873 487
1131 12
245 443
1162 430
1229 300
435 348
135 111
1208 194
1080 686
367 539
656 505
1155 116
473 696
1184 141
1173 555
438 541
192 477
138 540
1268 247
820 453
930 671
901 588
962 473
1029 397
252 534
328 520
249 467
800 467
735 476
1159 474
591 504
1063 168
697 510
238 455
156 617
175 459
299 472
160 482
517 519
634 519
1186 202
461 543
960 628
616 496
296 511
520 541
584 503
1228 117
316 514
571 515
532 537
1166 572
196 555
782 467
142 460
1178 490
1019 495
162 482
1030 421
385 613
298 594
520 514
685 514
518 539
933 539
853 443
936 432
1079 419
1070 388
889 410
556 506
257 501
773 473
419 581
805 518
612 521
347 524
452 535
682 535
122 528
488 541
844 541
422 545
1154 61
1241 211
1218 166
1106 378
938 416
291 454
1042 507
204 509
1155 611
149 614
898 577
1245 161
286 102
232 458
1073 399
450 528
886 544
389 601
308 472
716 472
188 526
1106 381
522 543
1063 699
1198 494
450 539
483 539
271 551
692 503
448 531
597 521
576 519
328 491
323 488
1186 417
1217 191
360 535
460 533
967 530
730 472
125 486
792 490
542 508
666 508
560 505
675 499
129 500
885 403
1174 424
360 532
608 531
866 529
471 528
767 528
197 538
591 526
592 516
792 516
270 513
193 611
1061 682
409 650
340 713
953 232
1210 248
1224 214
841 54
340 43
213 460
860 458
144 479
723 478
617 491
816 491
1022 491
675 487
163 482
535 509
677 510
703 496
310 503
1111 406
1152 394
1163 418
281 444
316 349
1068 256
715 271
512 265
976 280
593 521
624 526
558 525
547 514
579 516
430 534
483 534
837 529
642 528
360 531
296 543
407 542
466 554
1032 578
984 583
1010 604
884 593
920 638
214 684
699 658
251 657
953 641
222 654
832 655
1063 655
1183 219
173 48
356 59
896 64
184 459
1141 459
100 457
997 462
159 455
221 450
810 471
782 469
800 472
708 474
789 477
88 499
194 499
597 499
305 502
597 503
848 501
561 509
652 509
1028 507
126 488
336 489
337 489
187 481
1188 481
821 431
992 425
823 440
1059 406
203 523
512 525
992 525
212 526
460 526
589 518
535 517
893 543
417 537
509 536
518 532
663 530
184 563
1085 563
1073 560
165 565
307 567
262 555
107 557
296 548
786 590
879 591
1124 580
962 581
620 612
546 663
1136 655
1206 701
1176 133
1170 182
1207 225
1232 227
1201 213
352 88
1126 127
315 23
1129 3
126 372
524 358
927 351
603 344
468 272
178 464
1177 466
812 468
784 469
791 470
141 454
244 454
118 462
873 459
972 491
311 488
641 488
618 494
322 495
334 495
721 493
192 483
126 502
1070 502
259 503
553 503
559 503
164 498
591 498
619 498
693 498
614 496
702 496
834 497
75 509
555 509
594 509
155 508
297 508
534 508
961 508
561 505
583 507
995 445
857 440
251 442
11 433
1147 433
995 414
670 512
575 515
633 515
296 514
528 514
884 517
765 519
872 519
345 527
480 526
757 524
512 520
851 520
523 522
730 522
579 523
511 539
347 538
553 540
1181 540
714 542
578 535
114 528
116 528
881 528
952 529
565 531
676 531
455 530
476 530
481 530
1096 558
495 549
532 549
484 548
728 548
328 545
476 545
977 567
53 597
252 641
327 718
1247 161
1234 210
88 207
1236 199
17 54
161 54
1145 87
1148 66
901 412
910 408
922 408
970 385
763 472
118 475
140 477
212 477
202 479
162 470
283 450
880 450
181 459
234 459
1060 459
339 492
636 492
636 493
735 495
1057 490
321 488
691 488
952 486
230 484
803 484
120 485
649 483
726 500
780 500
858 499
700 511
116 510
733 510
580 505
848 506
906 368
1094 383
367 353
573 332
1203 259
938 277
803 291
89 518
1079 518
202 519
518 519
600 519
524 517
942 517
293 515
620 515
669 515
511 512
179 521
585 521
611 522
1013 541
1067 541
366 540
623 543
329 536
437 534
812 534
530 533
143 532
451 528
472 529
466 530
291 544
996 547
518 548
226 580
338 598
886 608
1014 704
987 654
439 644
280 643
524 666
1255 233
1188 235
1238 138
1181 166
1178 63
433 34
1113 369
846 474
184 477
765 470
842 489
144 493
218 493
727 493
738 493
115 495
969 506
599 507
864 424
1055 424
1138 426
128 446
1119 402
814 414
551 514
577 514
600 514
344 515
525 513
876 513
551 527
614 522
174 542
423 542
967 542
458 538
542 538
152 539
1179 536
984 73
468 355
271 480
275 480
1006 484
300 488
261 497
1002 497
586 502
253 451
846 454
1044 467
868 443
1159 441
981 436
131 586
271 632
766 533
450 534
650 517
895 705
1173 171
769 481
335 500
545 510
813 473
124 451
919 703
870 532
1171 410
1147 452
209 479
173 45
1265 255
736 474
75 519
425 543
813 430
815 522
1164 90
505 517
1010 496
991 539
245 492
1136 376
1047 593
984 414
1120 471
137 596
305 542
656 488
244 500
347 521
833 513
580 530
589 511
344 548
1050 626
602 498
524 509
506 534
178 484
754 484
413 539
611 539
1193 410
758 521
1054 58
832 507
629 493
373 625
816 477
702 481
813 29
161 455
111 524
591 15
152 466
954 717
596 523
248 508
868 508
205 511
552 511
228 526
859 504
832 561
1147 138
1239 208
160 530
886 384
327 486
555 528
328 518
296 538
1020 494
1202 165
430 571
285 505
449 536
1179 415
1117 350
1173 218
1215 263
994 355
193 450
253 455
500 523
308 709
304 650
158 496
546 507
227 450
633 504
503 517
693 519
626 640
763 532
467 718
720 705
1230 212
99 496
752 496
298 564
298 531
509 514
320 510
329 487
247 443
1014 376
471 541
97 456
1028 538
1013 515
403 543
486 535
455 527
1170 564
661 491
1048 583
685 502
165 459
162 455
1108 450
1145 362
1119 403
941 609
770 503
361 534
322 481
344 507
621 507
894 475
1106 555
569 513
1069 250
849 495
548 541
125 505
668 496
776 496
1140 456
331 488
600 542
1060 542
452 393
441 541
478 541
1092 40
804 476
149 562
343 501
504 516
275 449
1073 457
474 525
336 495
153 486
167 521
569 521
244 487
1184 373
257 460
219 452
282 698
813 504
318 490
1001 494
304 542
621 493
825 277
631 574
793 475
1025 702
1230 178
1168 548
1184 550
515 511
910 509
208 451
287 515
317 615
949 502
753 211
806 211
759 473
89 517
344 512
530 512
962 413
1072 587
635 511
159 495
598 495
1068 383
1183 320
111 504
313 488
360 538
773 514
1050 428
343 498
522 509
614 537
254 484
309 550
857 542
646 512
273 442
845 718
662 493
357 531
296 492
299 522
1168 125
325 496
1072 571
1142 495
1180 172
286 524
221 460
1022 488
1137 121
888 421
415 61
311 619
748 500
938 347
159 517
692 279
302 472
1010 545
261 443
1090 504
247 452
270 461
228 34
517 514
854 588
1232 181
1029 570
1044 557
911 423
747 518
305 22
474 536
584 527
151 472
1134 526
1186 158
326 478
872 523
970 404
424 535
176 508
270 502
520 513
170 557
954 549
188 500
1198 249
918 521
331 548
253 442
980 459
1115 687
1030 607
1184 191
583 519
269 443
580 507
1151 89
863 449
992 449
1081 566
1214 688
236 568
632 491
790 370
613 538
622 538
327 482
143 467
593 242
590 379
954 487
624 489
265 470
1057 436
1162 187
713 517
633 493
769 524
256 668
503 516
886 321
581 505
148 567
168 549
155 468
876 553
121 346
345 504
275 685
844 423
100 357
1093 421
307 491
106 467
621 501
471 538
299 455
326 481
563 505
665 509
336 89
480 541
899 479
771 522
581 502
999 664
17 19
156 506
1179 478
646 331
759 470
280 453
90 105
433 536
634 490
529 517
13 75
501 531
354 552
1203 183
603 509
853 650
289 523
553 538
1160 564
556 642
371 716
755 468
1097 551
1137 589
289 505
588 505
185 527
263 658
1184 151
1173 528
1072 455
662 479
161 458
687 492
421 540
191 503
240 456
967 402
144 131
825 719
454 531
1210 198
531 509
998 274
620 505
949 505
474 522
976 483
916 487
179 449
93 455
514 515
453 530
656 530
102 689
85 489
699 357
872 527
745 369
355 542
155 492
649 511
625 510
629 659
1214 191
193 470
1011 518
431 533
328 503
154 462
172 540
1106 666
540 513
1080 624
1108 517
101 516
789 516
1105 393
588 539
520 511
1177 266
943 390
1067 419
341 495
232 441
36 66
633 526
616 498
1176 194
641 486
337 504
706 186
131 459
977 506
411 541
588 267
243 516
1027 566
228 478
365 534
582 533
817 665
309 481
208 568
814 476
149 517
204 461
553 536
192 575
750 516
810 516
345 95
1208 223
705 351
361 531
282 524
616 524
514 514
1176 124
504 515
1059 489
1061 489
151 500
1135 61
454 541
179 568
1194 222
531 530
606 511
145 488
1248 140
812 502
1082 552
437 536
613 590
901 443
141 508
897 568
860 486
150 18
151 451
512 524
796 479
115 525
506 523
1183 435
629 490
193 606
717 493
1204 269
270 476
441 533
431 540
941 372
265 460
631 509
463 528
689 482
547 534
1184 417
830 512
476 525
358 530
1056 537
783 510
356 531
551 531
678 480
1085 468
617 517
157 486
637 538
520 523
562 519
225 484
107 554
137 499
620 493
287 552
1120 608
337 536
547 510
286 571
630 504
1016 389
748 527
654 508
165 458
320 578
425 536
506 516
562 505
508 520
896 398
472 540
1100 556
288 548
956 493
518 513
575 510
105 486
346 508
477 60
505 520
311 487
1225 160
432 532
250 482
1181 210
239 492
305 492
1212 178
658 513
1148 393
211 528
466 541
353 526
614 530
457 534
607 520
317 502
323 493
522 513
421 538
543 514
573 506
1252 192
620 521
853 247
476 532
186 530
433 17
532 516
846 15
1184 439
715 238
316 506
146 485
1173 328
532 513
598 507
575 505
948 518
180 542
609 628
131 493
1162 429
1221 228
1013 719
335 594
1084 496
1052 529
119 499
199 456
361 538
575 531
1216 128
736 497
899 514
453 536
232 474
466 524
164 569
575 511
1143 91
294 522
618 522
877 547
972 577
416 536
570 521
627 503
908 411
699 485
1061 452
344 460
525 521
158 491
134 513
182 533
350 508
132 528
685 499
500 525
547 512
530 514
287 482
414 545
361 527
1001 388
230 449
685 488
518 542
849 143
840 422
986 426
477 541
507 526
647 272
574 512
186 487
1126 452
330 480
1008 461
440 531
518 518
976 562
752 481
212 492
75 529
567 529
1091 545
118 456
1039 566
356 523
291 719
244 448
604 505
562 502
539 508
1174 409
623 491
489 638
621 505
771 505
1083 407
643 495
133 585
353 538
424 538
1245 214
568 504
649 489
268 442
814 544
726 475
425 537
324 543
363 538
1134 433
748 498
93 520
88 512
743 502
637 507
424 537
286 485
544 526
1148 541
460 530
269 484
628 490
654 515
1234 159
419 536
179 522
1168 539
598 719
585 534
458 532
1230 211
630 523
1157 106
881 476
575 440
1205 255
1028 454
341 505
599 505
640 492
475 529
460 532
626 526
129 456
362 535
440 535
611 498
244 30
161 541
348 509
1124 659
997 698
569 500
432 539
1186 494
525 512
1157 91
319 681
615 493
615 504
235 457
463 544
155 476
755 471
1015 522
226 507
1026 421
108 487
453 540
185 492
979 664
509 518
168 490
1231 177
556 524
895 563
545 541
234 651
262 497
521 513
860 488
472 525
307 482
1032 571
1205 238
167 493
560 506
163 510
502 518
146 455
410 542
1175 95
695 482
553 515
1177 450
639 509
572 502
1207 182
477 519
223 483
622 507
881 510
869 699
626 514
1202 127
813 502
323 475
238 447
446 539
148 462
529 513
453 528
930 519
202 471
938 684
550 511
256 516
1058 430
117 500
145 451
474 543
667 527
446 533
554 506
1054 476
520 510
327 484
159 502
452 537
139 501
214 481
1216 194
314 508
301 537
521 516
1128 348
515 523
474 540
632 522
880 692
1182 158
674 502
454 533
339 519
672 491
190 451
1179 196
437 537
1196 129
615 498
482 543
919 518
1189 423
186 500
600 505
1166 45
776 498
466 687
1185 163
785 492
1206 642
637 513
477 529
356 538
984 437
577 504
358 539
622 496
320 476
1112 470
607 501
919 501
647 494
332 487
645 489
165 700
809 446
846 521
86 524
1073 473
435 532
327 489
356 527
1178 194
592 498
1152 398
1038 423
605 507
1064 466
155 515
558 509
649 487
74 482
421 539
1059 403
690 488
140 544
994 431
464 524
549 528
510 521
876 521
713 506
869 433
632 489
316 488
1194 144
299 473
992 428
349 535
938 475
471 526
180 495
270 496
622 524
568 506
1236 218
1258 218
116 547
593 537
1214 173
437 538
571 487
244 619
345 524
321 495
955 424
115 552
333 487
548 508
997 485
195 525
684 500
229 512
937 541
537 521
533 516
335 496
626 505
1050 351
914 512
849 570
140 551
647 489
348 523
501 539
647 488
562 500
240 549
602 506
640 493
756 687
89 553
567 518
869 534
226 557
279 456
530 529
1157 559
712 481
217 534
987 510
1047 428
636 520
557 533
701 498
576 526
1216 113
914 535
532 517
572 505
738 61
911 515
1239 253
532 509
447 528
429 543
418 537
223 498
618 504
233 492
698 492
1204 121
502 525
238 643
521 510
209 451
169 477
570 506
1208 207
553 505
208 480
183 457
451 531
784 517
1212 221
207 626
216 450
855 622
535 508
622 508
352 525
527 525
160 457
544 509
791 482
674 499
879 442
468 523
703 502
834 426
598 525
124 550
342 497
233 481
146 486
654 486
514 522
1103 487
785 526
159 542
1138 536
189 504
434 539
589 520
1050 468
153 478
862 478
545 507
620 503
437 532
456 532
323 547
1082 711
1179 455
342 510
614 507
867 489
122 518
333 511
201 479
560 516
1211 245
597 502
133 485
448 533
869 559
550 519
260 614
1211 177
157 534
483 531
1239 233
221 523
271 489
587 500
807 500
674 517
558 504
535 547
1049 411
199 525
837 467
121 510
154 556
1214 180
653 499
167 485
127 482
744 526
301 521
190 501
224 490
966 708
582 503
538 512
945 521
689 506
528 516
91 518
739 515
147 497
920 575
644 486
240 526
574 501
295 457
1234 235
790 716
1031 407
786 707
352 513
1126 644
615 492
513 522
752 512
523 535
361 529
449 529
906 395
427 535
235 445
199 506
838 506
719 533
200 518
661 487
144 453
908 373
613 505
847 527
318 485
576 512
1144 508
439 536
448 536
1067 536
647 500
337 511
206 528
472 528
334 518
479 526
749 486
1200 135
418 540
287 504
344 513
784 509
762 511
339 499
412 541
436 539
296 549
783 523
512 515
762 535
564 505
134 453
1121 422
228 554
508 515
1108 430
100 508
186 457
556 509
727 495
636 715
937 502
864 531
807 677
351 592
540 512
339 497
1148 392
146 607
534 523
954 472
874 446
698 525
593 90
677 506
565 503
1124 503
512 512
139 514
119 494
149 452
161 452
913 575
568 501
316 577
536 713
203 485
1228 229
614 525
648 525
1191 255
478 538
1253 683
1255 246
532 512
434 537
575 518
641 505
564 506
1021 428
135 479
350 533
574 533
934 364
466 526
714 526
1137 604
783 497
438 534
843 518
586 372
210 484
604 494
624 492
160 522
577 522
338 502
635 502
543 524
140 554
1136 511
1050 500
447 585
246 515
476 542
1183 542
591 507
552 510
809 523
1203 203
551 503
691 503
332 534
1041 713
458 530
594 530
956 529
409 543
789 517
507 520
454 545
316 152
630 500
305 474
354 527
572 527
317 509
310 489
643 489
107 457
121 457
761 469
1238 181
566 501
738 522
113 524
626 496
554 508
968 591
300 511
1180 240
619 493
129 549
472 542
610 497
876 38
825 482
1205 257
335 485
608 512
181 539
821 432
949 498
835 18
988 496
253 506
471 595
682 499
932 499
1207 21
833 545
347 549
543 518
1252 254
458 354
543 523
77 690
190 461
1022 529
458 540
459 540
603 502
606 502
510 516
794 484
817 527
478 59
329 495
531 513
364 533
655 487
226 515
583 501
412 545
1043 479
636 536
1162 204
108 514
825 420
274 555
1136 94
714 480
829 500
1064 394
234 450
1180 511
723 525
174 667
1049 576
198 510
434 541
1221 275
858 494
1096 415
118 515
1002 625
975 442
563 523
277 580
212 652
541 532
571 527
447 533
736 26
702 484
1004 50
1240 283
506 513
105 448
328 485
334 512
792 491
347 523
767 466
348 541
264 517
110 458
411 540
579 510
635 515
1195 274
318 492
519 518
239 61
532 523
762 465
579 499
305 494
706 502
1144 355
494 591
457 538
196 497
513 540
819 502
537 509
480 525
287 454
142 597
1071 589
146 516
641 490
848 524
100 546
201 522
82 503
626 504
711 483
428 533
177 477
908 468
176 482
854 415
290 479
100 553
71 92
656 524
611 514
1091 713
1075 397
252 451
1048 513
644 496
162 508
275 549
650 511
515 520
258 471
824 482
772 516
756 190
146 498
588 498
925 490
1183 116
247 530
1245 204
611 510
1207 68
126 451
559 517
618 495
334 500
228 519
709 523
857 674
505 518
681 530
1167 3
644 499
769 477
818 539
508 519
162 483
333 489
1150 103
970 621
231 455
543 505
203 456
201 523
910 412
773 520
504 514
255 560
547 507
534 511
273 552
547 515
1137 377
575 498
771 470
693 714
528 521
589 506
501 518
365 539
345 542
95 455
584 551
1181 141
903 512
569 534
630 522
316 480
246 481
455 535
593 539
668 534
445 540
1029 509
921 514
863 410
661 231
1092 663
755 489
190 498
1220 220
335 503
123 458
1178 493
527 517
646 510
322 477
233 494
1136 416
977 536
565 515
473 526
891 573
1183 241
567 536
544 518
571 510
539 544
632 530
555 521
518 522
478 540
446 542
293 482
671 500
676 486
638 493
610 491
5 654
74 512
931 385
676 663
412 540
785 470
801 475
1103 252
342 547
304 512
209 549
1185 439
533 514
647 639
140 492
1176 520
1100 607
622 536
134 489
722 522
698 515
268 438
1080 682
702 480
347 381
505 539
1209 129
167 508
646 504
838 501
1002 358
229 471
877 528
14 274
898 493
293 490
357 538
697 523
1076 697
196 498
951 592
255 500
309 500
955 431
1069 681
970 392
607 537
1216 233
832 705
1230 223
477 524
479 525
264 506
97 499
201 489
802 468
1021 454
1264 237
840 674
595 513
707 513
407 544
457 544
344 621
148 475
1119 463
153 485
109 504
1178 384
365 574
357 539
540 514
1000 514
828 525
1160 464
963 441
800 106
300 97
674 520
160 456
737 504
931 429
833 548
589 498
467 530
119 514
997 440
710 527
464 535
807 470
463 533
415 545
1200 247
237 497
1172 84
968 418
349 508
643 517
822 438
517 513
212 485
569 503
267 519
316 516
336 492
344 522
476 522
846 473
289 497
633 497
644 491
747 491
691 483
268 447
513 447
689 523
903 523
685 524
444 530
306 127
312 477
236 475
1031 470
681 489
813 484
508 536
161 546
618 331
1064 363
93 452
573 500
1015 632
279 482
850 345
901 527
190 509
1095 525
624 502
554 526
1227 147
449 533
135 450
527 528
525 531
283 454
507 515
544 523
724 478
927 574
556 526
535 510
120 480
479 529
198 460
1013 688
220 470
511 533
721 484
229 522
545 505
26 560
1085 410
602 499
217 449
642 534
534 512
920 578
948 419
323 501
627 514
457 529
215 27
718 502
549 520
1257 216
334 486
946 423
1129 145
297 482
781 717
427 536
513 533
161 456
436 544
441 535
605 535
612 502
334 491
1127 391
1137 622
451 526
1018 624
912 507
301 485
353 534
243 486
923 446
515 536
273 537
436 537
344 523
97 513
617 504
511 517
730 483
581 501
395 51
581 519
654 490
196 504
920 521
849 440
1212 191
850 441
1016 401
886 522
237 548
731 502
567 501
363 646
939 50
582 498
327 527
674 489
682 489
666 490
1211 203
559 504
767 504
563 508
688 34
1173 239
523 517
674 483
502 524
155 548
573 507
640 490
335 506
242 499
300 517
712 494
866 572
893 515
770 470
712 268
347 519
783 527
108 462
72 542
462 542
515 542
579 534
137 630
998 593
328 529
549 523
314 505
685 504
712 504
136 455
513 514
468 539
437 543
992 665
675 510
274 441
987 428
510 520
726 482
789 496
973 499
1095 404
603 525
149 504
426 542
550 510
432 537
435 537
1169 104
315 493
837 598
318 486
576 505
96 464
651 497
1084 497
941 507
294 461
638 522
223 534
470 542
623 492
580 527
289 484
540 530
1052 237
569 538
1100 411
244 528
613 495
1174 500
458 526
554 513
923 699
587 540
946 584
291 483
317 483
723 200
734 474
230 497
1007 610
556 183
551 519
571 519
1080 431
741 517
347 512
913 502
368 119
305 478
227 6
1156 475
432 538
1270 236
415 542
974 524
559 515
346 514
525 514
288 453
454 540
1016 422
109 486
477 521
549 530
1211 246
205 454
452 432
570 503
828 449
529 511
348 528
1228 223
98 485
428 540
1237 215
910 656
425 538
408 543
468 532
183 500
1135 440
917 409
671 509
466 531
225 521
588 501
506 536
670 489
1187 508
1235 190
1112 476
915 150
177 501
662 45
333 488
24 679
745 495
535 514
366 536
938 536
340 493
550 520
1177 193
1174 313
259 443
183 516
997 409
644 505
328 467
259 501
761 518
204 458
521 531
816 531
660 526
215 505
255 475
484 529
548 529
953 704
633 496
1023 690
349 525
1218 220
173 527
551 518
441 538
229 457
658 629
450 531
601 531
1153 531
1086 647
816 302
511 516
707 483
191 468
317 566
698 488
240 500
606 524
238 538
1190 286
691 496
193 502
912 568
694 571
1218 229
70 504
111 549
258 523
124 471
1040 440
220 482
688 491
1221 237
461 528
532 515
591 549
713 508
760 472
1045 715
1058 529
509 519
535 516
404 712
514 536
341 524
1095 571
1113 505
127 530
735 503
1085 424
291 528
12 556
890 525
1235 277
636 485
297 46
767 469
575 499
349 515
963 709
512 514
321 550
1120 433
296 705
459 534
582 515
900 490
165 545
1206 229
549 539
557 528
923 442
623 493
1183 433
1072 498
1043 281
128 451
835 364
700 522
474 530
1151 656
247 441
179 708
706 503
99 493
701 481
1016 329
151 492
889 502
446 538
265 444
577 208
928 360
871 504
92 491
995 658
1154 52
527 516
645 516
580 59
1160 99
584 351
1 138
1041 687
275 489
165 528
229 443
821 546
1140 546
620 490
637 488
648 488
837 533
571 36
1188 167
147 449
1117 556
303 487
341 496
779 485
424 542
308 488
621 498
1193 498
192 545
88 479
613 532
558 511
102 555
851 507
1206 257
308 486
1204 232
1002 487
572 512
689 716
230 510
554 510
265 523
480 523
814 188
697 530
116 488
1182 428
972 546
515 521
1227 214
1186 170
869 562
252 476
456 540
918 405
968 662
1122 613
590 537
1029 487
473 532
796 483
462 541
1047 415
338 499
299 525
786 525
831 404
449 535
730 491
1004 369
115 477
430 536
1166 536
111 518
182 487
201 625
443 530
650 489
162 501
1235 153
466 528
1240 188
200 603
435 540
226 527
1082 389
346 532
517 537
522 537
616 505
148 582
154 455
478 523
731 81
253 546
261 531
616 531
1175 72
684 95
200 463
1000 579
677 530
828 568
205 526
846 307
442 536
495 34
648 358
423 538
522 525
927 458
450 46
646 531
325 514
119 508
277 444
1133 398
615 507
311 343
526 534
830 42
641 511
504 521
132 514
138 525
1169 250
707 493
801 465
525 526
1139 394
601 527
308 69
339 495
228 473
1240 265
988 445
888 548
470 537
334 501
353 536
722 498
150 480
603 514
595 505
279 533
1263 235
246 446
1187 440
637 489
529 519
139 347
329 488
642 529
794 129
673 506
551 504
367 356
509 524
272 454
534 540
146 532
153 501
444 531
553 518
549 508
799 490
271 440
111 459
854 434
1255 117
532 521
547 543
824 543
182 527
946 424
817 482
515 514
813 514
510 518
1179 57
1126 61
182 519
890 495
513 515
606 504
516 511
1044 426
346 548
551 516
93 503
414 541
183 482
224 482
18 531
746 489
430 535
1196 252
734 514
948 530
1117 362
497 525
268 458
121 573
1047 338
458 536
507 518
1133 621
83 505
410 545
206 537
1223 110
1172 192
324 479
160 504
257 444
539 513
346 506
332 484
149 478
503 539
1023 323
932 444
609 497
308 487
610 512
689 483
427 202
589 515
814 456
433 538
608 506
582 502
711 624
1110 449
545 130
1205 268
315 547
460 544
1177 111
174 486
759 519
583 513
1179 223
746 473
645 493
935 678
173 503
408 425
465 526
899 529
322 512
1055 578
245 446
599 499
1259 224
1092 540
283 487
579 502
1108 359
483 533
329 498
609 498
90 504
567 511
464 527
233 454
116 481
228 488
1143 479
405 542
686 509
564 507
1090 418
137 463
449 528
1239 263
813 553
514 520
647 503
575 512
350 538
269 486
214 536
1085 525
223 479
237 444
997 552
392 381
474 524
1209 165
912 506
476 533
832 533
812 547
343 515
1170 405
850 453
750 477
1144 622
233 58
691 493
542 511
925 513
1047 369
1119 568
91 484
515 522
323 479
124 539
562 507
1140 436
461 529
309 230
421 541
289 546
646 519
944 161
560 513
972 522
559 509
891 563
512 518
409 542
265 524
742 477
520 517
851 511
171 490
641 495
1136 429
541 526
907 524
166 458
209 518
534 518
549 516
465 528
583 510
288 452
110 461
311 489
422 540
106 495
1114 671
1231 259
277 440
862 596
472 530
628 496
776 468
365 540
357 533
583 520
472 522
351 539
497 521
577 523
873 579
548 506
1028 526
869 419
524 514
165 345
232 439
925 437
277 524
465 531
575 526
503 75
507 516
623 517
950 476
276 455
167 490
862 482
612 508
662 514
991 557
1127 521
280 481
259 446
257 524
441 530
929 406
898 541
471 523
482 524
240 539
461 539
275 448
723 508
1212 384
420 543
762 489
552 507
849 466
628 517
565 501
509 513
156 521
299 470
628 488
287 451
429 536
207 561
158 562
133 480
322 507
1211 228
514 518
1075 518
751 493
524 520
233 451
238 514
795 497
543 531
1148 417
328 629
434 530
555 506
576 510
528 509
888 662
1111 24
655 517
1195 253
198 76
354 528
833 613
626 536
712 479
330 505
462 525
298 502
112 538
457 428
367 594
95 486
876 427
228 483
550 529
356 540
833 510
843 503
922 394
611 496
541 512
314 57
629 492
1004 492
619 513
851 471
1139 435
412 538
1168 110
249 438
576 503
933 498
179 490
954 490
1092 554
564 511
537 510
1201 95
691 507
429 575
278 476
754 496
501 533
604 533
533 532
99 539
821 539
1110 551
600 496
170 647
1229 223
1238 221
550 525
193 475
192 486
642 497
867 409
581 544
203 545
190 534
471 534
536 532
255 490
519 514
451 541
183 547
671 707
903 410
515 537
613 492
1144 620
860 392
638 491
350 546
932 519
1177 227
510 513
335 509
356 530
1096 417
812 444
1104 444
279 508
253 498
156 516
591 517
1035 517
969 442
1158 184
1090 437
421 542
1172 183
919 5
300 461
1076 420
536 528
423 543
799 525
473 539
107 449
508 552
440 536
991 536
830 672
291 484
1113 473
1225 229
111 472
1038 544
643 501
493 277
75 47
542 505
760 488
832 518
969 477
121 444
566 527
604 527
631 553
822 513
576 499
1225 204
799 357
842 336
177 524
342 524
868 470
544 529
547 525
1266 237
1193 260
551 508
1119 414
1209 182
647 378
323 477
534 538
582 510
209 455
848 474
449 560
263 548
96 452
1193 490
826 494
1163 494
1020 405
1009 422
888 352
1236 161
653 527
706 527
327 498
335 498
305 499
577 72
1040 571
134 448
532 510
595 361
631 487
119 482
565 500
1124 588
1165 181
731 512
1100 425
507 523
472 421
1169 211
140 503
463 525
139 540
236 540
1167 136
508 521
537 517
681 517
102 489
775 469
881 520
449 531
1205 83
454 539
890 519
90 526
194 497
511 523
846 477
220 513
246 507
143 649
514 512
583 504
276 440
1131 598
547 506
178 466
1054 30
1194 223
334 558
629 488
225 412
1236 44
777 482
331 528
493 77
478 522
298 545
592 526
421 535
252 719
1051 439
107 500
72 487
644 516
360 557
302 547
327 477
121 453
624 493
727 483
700 481
725 480
224 505
1048 323
511 525
719 40
917 458
704 482
330 506
632 506
262 441
805 468
738 529
567 504
113 490
602 495
152 477
272 531
472 531
889 479
1243 218
928 571
555 515
1161 557
183 528
211 449
190 466
599 530
467 524
627 488
818 518
282 455
628 494
235 507
1126 423
230 540
751 475
334 496
795 496
748 520
559 528
296 508
518 512
556 512
874 512
303 507
594 507
610 613
553 531
1133 363
193 452
1193 201
586 498
575 541
867 538
311 521
479 520
315 528
127 501
608 514
616 495
584 497
911 566
279 568
464 537
473 537
722 473
171 493
641 492
1007 23
164 481
553 510
513 518
597 518
371 651
1160 454
814 435
206 534
650 506
386 366
269 491
102 490
635 500
536 519
120 348
1144 501
213 585
648 487
160 514
1077 549
266 447
1091 447
102 459
534 517
360 525
357 527
525 523
529 523
327 479
814 522
545 509
765 515
679 485
129 481
562 504
1109 4
404 543
178 463
1084 306
573 213
514 519
520 519
348 516
786 473
642 492
631 498
210 521
216 501
463 530
711 477
785 710
1186 126
1222 181
511 535
1235 200
731 472
677 524
539 509
722 523
621 86
361 543
1030 501
546 508
874 508
302 554
189 506
192 514
1220 600
299 511
704 500
222 540
420 545
538 521
775 31
634 561
942 584
617 531
693 531
346 510
178 519
304 577
1120 430
904 452
187 543
104 499
592 499
713 490
788 481
508 516
1223 265
566 517
1219 126
663 502
92 501
453 527
868 518
522 515
1227 244
451 539
470 524
822 583
167 42
875 508
1 151
1110 717
101 496
705 522
956 421
830 521
170 533
212 533
647 484
721 520
656 489
786 489
442 531
633 498
1197 257
332 545
331 535
186 497
588 497
732 475
212 457
1080 586
108 493
923 508
580 502
427 533
788 32
145 482
717 479
1214 236
1196 476
242 538
645 484
697 518
539 523
807 467
546 504
548 517
343 506
1192 431
476 537
462 544
465 544
596 544
161 494
308 697
415 536
709 502
1182 159
130 470
870 126
292 510
618 514
899 532
463 542
609 509
870 529
194 553
1096 404
1215 202
359 530
852 432
209 458
473 524
835 524
505 519
618 535
778 650
1095 53
701 487
726 492
1061 421
1194 441
1094 409
364 532
1152 373
604 498
633 499
623 489
332 537
523 519
615 496
831 503
268 446
1080 427
971 465
683 525
738 492
339 500
1058 520
135 499
653 521
159 448
423 533
468 530
773 487
222 486
1239 265
524 512
115 466
1155 35
97 465
864 528
849 669
873 504
790 469
103 518
1024 428
1182 380
137 513
276 540
1067 474
1155 474
1016 594
330 498
1217 232
701 511
353 515
553 512
350 519
524 519
801 519
587 520
168 458
1186 234
1184 559
419 540
256 629
296 505
115 457
271 455
318 135
142 495
767 495
163 450
104 497
322 556
362 541
557 503
72 508
1239 641
803 469
578 502
113 514
881 597
186 484
210 524
658 487
744 476
467 529
244 522
118 448
1152 568
93 496
411 542
981 686
273 502
160 493
734 490
247 491
903 525
1020 191
185 519
536 520
605 534
1016 399
275 204
582 499
429 533
527 521
123 511
122 452
552 509
279 443
153 456
290 493
650 493
632 532
1182 442
1035 496
571 520
372 623
339 515
530 515
239 516
346 526
575 522
993 694
800 478
899 566
984 646
617 497
1181 490
419 640
194 523
1059 462
478 542
308 484
104 483
291 582
159 518
189 455
208 455
627 487
226 585
249 479
459 526
1103 552
134 454
191 454
79 522
655 489
1233 211
517 515
235 448
1027 482
653 500
534 520
426 537
710 481
782 470
320 677
542 541
1228 221
785 519
476 531
536 531
82 717
589 534
1261 227
332 489
264 542
854 542
610 503
148 528
1074 5
510 533
398 669
299 495
477 605
932 446
559 545
458 528
440 532
1181 99
969 353
925 489
170 510
295 468
177 522
871 448
270 446
104 505
856 452
1028 409
446 535
156 496
359 529
527 515
728 515
590 472
204 529
578 538
231 461
607 491
872 491
326 508
505 530
121 467
896 420
1129 70
746 502
308 534
785 471
314 515
554 503
282 647
234 534
809 488
589 512
921 631
98 494
414 539
562 539
1177 144
568 500
1060 476
945 69
650 537
512 546
604 532
626 511
581 504
611 501
621 531
586 510
576 513
444 536
1099 431
361 532
136 502
278 462
334 487
647 499
331 516
921 449
1069 415
89 512
635 486
482 523
1053 473
1175 453
920 399
887 696
1234 157
245 470
1212 130
1256 227
570 509
318 481
682 485
970 357
264 514
777 514
187 465
289 450
852 575
241 489
654 530
730 506
1039 400
799 469
1225 153
419 539
584 510
393 97
161 346
331 485
352 522
534 513
825 685
705 484
589 505
1184 463
1204 188
560 258
560 510
1094 17
318 489
1118 367
625 516
445 538
338 491
627 491
697 486
424 534
155 471
735 711
381 670
190 508
511 16
606 501
177 506
157 493
336 507
564 540
193 478
319 515
325 513
477 520
437 533
156 450
334 499
1193 192
841 559
435 534
667 81
961 446
636 548
215 476
276 476
1200 230
113 8
856 565
326 515
203 551
801 523
619 345
1043 402
151 603
636 494
1211 151
1029 581
259 480
639 485
198 527
880 163
1047 462
815 506
701 533
173 458
925 458
510 622
810 404
543 517
521 514
472 524
208 456
787 469
458 534
880 694
1014 694
580 521
1154 126
102 476
982 476
574 502
95 463
418 542
483 532
611 492
441 537
1148 549
523 509
136 570
151 455
416 537
1258 202
545 513
724 132
310 529
426 543
568 543
294 460
870 522
208 596
610 496
1033 574
461 527
1170 407
920 553
444 147
907 415
431 537
540 510
341 513
510 515
880 514
666 494
526 531
654 509
958 351
1140 460
146 463
306 99
638 509
595 516
785 352
615 491
1144 282
647 492
1040 409
623 523
651 523
133 358
721 417
571 514
191 515
608 491
320 524
354 541
127 465
205 502
549 502
1095 466
138 451
418 541
544 519
616 508
995 578
587 378
597 496
522 521
533 521
758 479
1019 530
627 494
316 481
266 534
622 529
403 134
624 533
1091 466
645 130
1173 167
351 511
131 522
599 504
339 609
890 523
1201 178
893 587
354 524
465 524
815 402
1190 441
909 540
293 480
559 532
188 458
324 477
134 492
526 510
546 510
649 491
172 483
589 508
517 517
719 517
506 518
735 515
523 514
1108 61
667 531
310 616
104 491
209 570
185 668
325 477
816 516
631 502
1029 587
582 505
567 499
308 481
113 479
1172 103
611 497
621 522
1183 162
576 498
179 553
328 486
278 447
1184 119
1201 222
512 521
853 521
548 516
1067 450
699 483
244 536
993 463
788 28
1141 704
607 531
143 479
751 491
509 539
741 466
1034 577
926 2
538 43
192 564
950 518
648 482
562 517
924 630
210 453
171 476
101 461
738 245
454 71
984 428
934 429
867 506
7 615
158 479
536 507
1241 234
312 484
537 529
754 511
240 545
1231 105
476 521
729 500
628 524
1159 102
186 510
885 534
1220 250
618 493
661 519
276 480
236 516
135 518
520 515
622 520
596 496
586 513
278 524
634 511
537 506
578 506
446 557
994 457
625 488
685 507
340 501
937 710
783 469
268 491
772 470
417 543
789 468
460 531
945 309
613 507
365 548
433 537
671 508
171 455
1195 184
243 453
814 481
430 540
976 432
584 509
744 509
653 503
1009 165
316 566
1109 566
842 527
103 523
613 533
537 541
1031 434
807 499
717 482
818 362
502 521
995 358
881 423
287 487
85 503
1207 236
498 201
1151 440
776 13
438 533
88 486
1089 551
129 506
735 526
346 529
455 529
1195 121
596 527
1023 466
440 533
876 584
177 369
504 542
193 489
165 485
134 486
607 534
418 539
428 539
1029 513
531 508
1183 504
97 520
1146 113
612 503
323 533
538 529
456 537
818 510
479 523
1233 195
758 482
1066 482
215 480
1093 442
241 503
521 520
1154 188
124 116
980 101
862 470
557 471
822 465
474 535
349 528
805 68
463 367
701 483
209 484
265 481
434 535
656 485
1018 348
230 454
480 528
473 527
543 521
539 511
952 652
566 531
932 453
944 453
587 495
1140 65
1020 450
156 494
836 673
106 483
825 505
763 707
115 544
125 465
274 520
552 542
873 460
361 539
141 568
434 534
703 713
749 494
506 521
296 501
699 501
687 498
328 500
867 457
146 487
1171 470
250 533
602 505
635 505
555 514
546 503
521 527
396 631
1148 464
675 491
700 500
627 502
1240 233
522 519
606 513
447 536
303 526
338 496
982 421
678 489
336 529
775 503
761 500
654 484
253 456
1112 74
948 491
359 531
574 525
188 647
153 480
636 513
512 142
137 521
539 529
145 452
1120 445
576 520
165 489
987 559
883 586
1126 54
612 510
946 444
957 526
1212 185
881 700
144 488
84 515
1076 321
275 441
277 456
545 532
349 522
545 506
621 506
1238 265
709 480
982 397
250 516
436 538
442 535
217 446
569 548
1089 548
1027 427
226 447
225 497
465 530
259 460
216 455
294 569
914 516
727 492
466 527
306 490
1195 215
524 540
483 500
408 542
538 538
1025 513
116 509
889 434
910 252
576 518
580 333
518 521
1085 39
193 484
510 534
289 488
341 517
542 515
1093 540
1138 444
501 435
330 494
581 508
440 546
510 530
794 463
301 491
173 517
968 572
1216 269
1040 484
467 539
100 525
256 501
701 40
1049 478
767 470
1031 517
522 512
1174 445
887 313
527 573
456 551
831 691
648 484
746 704
1168 128
548 505
706 532
511 528
307 61
347 510
549 510
455 539
703 531
932 707
1006 682
137 451
15 543
625 524
518 516
633 45
552 506
285 497
645 518
1153 518
266 473
309 515
905 488
1239 255
167 545
1040 545
905 477
456 529
211 490
502 536
1199 265
848 499
579 498
207 527
637 503
802 514
226 531
1130 112
526 513
871 476
463 536
1276 676
1118 540
253 466
838 466
1101 71
822 517
1108 647
721 477
757 477
315 476
434 531
619 495
350 527
791 529
947 588
455 534
158 511
956 548
6 478
941 602
633 502
306 350
1208 234
827 473
1060 412
609 493
716 518
639 498
1244 209
866 156
1198 256
876 559
467 536
138 450
142 467
648 494
988 657
610 501
1160 630
207 484
175 479
730 498
334 490
206 470
946 470
208 518
279 531
735 500
681 533
905 523
572 536
816 550
528 530
1149 417
1084 406
710 504
554 500
583 500
272 399
1209 259
680 101
124 383
197 580
1080 659
292 451
455 540
109 480
911 551
534 528
1236 209
360 533
252 438
252 442
162 466
227 489
263 456
1214 226
1064 346
433 534
570 534
180 469
1129 400
186 460
474 537
634 517
1258 684
981 582
183 527
634 486
623 530
96 457
275 709
216 463
867 399
375 468
202 537
225 519
430 542
82 482
868 482
1151 433
797 160
98 497
234 463
874 525
131 513
689 522
212 481
1060 480
325 488
1138 424
221 123
896 490
157 468
614 498
246 626
446 534
629 494
483 308
983 206
337 592
93 532
716 510
555 5
1208 164
1150 68
174 543
711 512
888 437
652 506
1156 506
573 503
592 515
212 547
608 529
1189 106
937 441
317 488
295 495
1166 563
1134 500
750 490
688 538
781 216
795 515
547 520
672 523
1014 405
634 494
337 507
851 435
121 458
902 416
623 527
839 447
103 498
152 463
855 509
1045 473
646 488
335 534
147 518
712 529
573 538
173 44
304 522
551 522
816 522
530 520
604 504
790 528
78 511
2 605
249 543
549 513
872 475
776 481
1175 228
349 18
1012 523
981 321
588 518
1026 194
526 514
888 405
775 509
230 442
593 511
826 565
513 512
380 73
1218 188
91 505
1114 501
688 503
642 493
469 526
468 524
739 161
993 508
768 270
1157 480
636 498
684 529
752 529
489 535
542 535
923 510
550 505
161 528
469 528
673 487
907 392
425 544
307 496
356 541
432 541
696 500
625 497
985 475
182 486
1077 427
234 530
1251 259
650 490
1196 175
753 469
891 507
459 529
513 516
1040 417
480 613
450 537
261 85
235 509
796 168
700 482
99 459
501 519
93 515
704 483
168 527
261 514
1225 404
147 503
599 503
291 459
1193 183
561 501
650 81
582 534
108 455
1172 545
915 665
706 508
1005 508
814 530
505 527
618 498
237 466
355 529
632 542
348 536
527 522
475 524
180 482
796 472
809 463
276 439
572 520
612 509
348 511
513 511
578 513
516 517
528 546
426 663
67 201
186 490
109 495
304 480
310 480
183 458
780 379
549 533
578 523
1119 523
1257 245
952 416
233 505
652 510
545 518
813 517
811 515
217 521
1208 192
872 506
147 584
607 514
266 512
462 543
417 542
533 542
182 531
413 544
840 334
740 474
81 481
552 508
956 510
432 535
348 512
519 512
603 512
1199 222
1151 504
311 478
339 581
1260 217
397 586
461 541
736 473
869 502
910 502
636 505
865 7
475 528
510 525
726 496
534 534
1083 406
1176 171
859 183
560 532
114 544
909 440
861 455
341 521
758 460
626 490
269 512
661 518
199 498
1119 398
505 525
1199 237
725 476
517 526
786 526
571 504
640 489
1132 531
1254 225
1121 476
541 510
775 468
209 477
594 717
1206 497
556 513
769 469
283 342
634 501
1071 448
656 527
330 487
451 532
279 510
533 510
1089 330
329 478
1121 433
610 492
740 502
538 517
448 540
756 476
636 497
1052 409
622 491
734 489
135 501
508 523
524 592
352 551
354 521
457 536
681 488
599 524
216 506
571 506
480 534
987 532
686 504
1203 301
572 500
623 499
109 514
284 493
572 535
650 534
12 422
816 464
243 460
590 503
784 476
1056 430
875 411
391 554
219 710
1077 390
903 351
571 500
644 493
1168 102
230 441
318 530
447 534
1150 570
309 140
532 511
99 485
173 484
1176 235
270 510
227 557
533 513
641 494
570 527
734 515
644 485
786 485
319 505
526 536
475 545
334 585
859 689
1056 703
1077 401
239 438
258 454
531 510
639 371
529 526
81 516
362 543
456 528
694 528
1162 608
345 112
631 511
693 504
185 499
643 492
322 493
120 483
789 527
950 527
224 521
963 624
379 709
1256 182
589 82
403 92
243 445
983 465
122 468
171 468
679 494
538 506
619 705
352 523
371 0
1198 207
69 252
1215 133
378 664
970 441
900 417
591 497
722 497
342 505
545 516
1163 115
240 480
716 490
531 514
333 486
1067 555
414 538
1044 340
150 487
667 502
815 454
800 465
934 529
106 511
597 511
864 511
346 509
902 625
1075 311
176 491
263 534
325 550
1088 492
517 648
506 514
1160 182
1206 398
1228 234
994 548
1146 97
1230 203
1192 471
789 463
697 483
1055 570
544 538
338 531
507 513
1201 228
1205 143
1119 363
240 445
1159 579
856 529
265 534
471 542
768 514
354 682
593 496
175 491
84 484
482 476
1058 458
583 419
1024 416
444 115
207 38
1230 151
1044 619
315 609
994 638
323 543
412 543
363 540
532 540
353 539
632 518
657 516
815 515
573 526
952 521
987 571
98 259
641 487
734 493
109 505
782 461
179 472
918 400
1224 103
503 72
1151 631
869 594
128 525
709 527
346 535
469 535
458 533
462 533
790 533
416 540
575 714
1137 454
1098 492
336 497
437 565
895 434
286 491
223 559
253 548
1220 167
1012 328
217 450
318 478
992 694
605 708
284 542
268 46
707 62
101 529
360 543
1071 543
474 526
802 478
211 541
1093 481
130 536
976 624
550 534
1042 424
454 587
911 240
502 519
1038 118
254 38
467 526
1264 190
232 479
315 489
467 522
206 453
490 532
1219 122
1072 624
951 412
1173 94
819 523
539 512
1070 411
274 478
1111 595
564 536
254 492
621 492
1235 123
779 494
1063 406
192 503
548 355
762 470
161 453
974 453
106 509
573 509
279 591
557 508
417 539
150 355
402 91
637 527
894 504
550 509
933 697
596 499
719 486
1252 151
221 480
615 501
840 451
510 536
202 493
564 589
640 526
307 638
717 505
607 586
774 481
140 547
1191 135
151 488
634 488
355 522
528 522
895 441
553 526
151 494
687 502
1234 190
863 546
1050 546
635 491
441 542
471 354
900 457
902 419
879 560
102 553
94 456
901 499
326 494
675 508
447 531
912 621
188 663
536 511
794 465
969 512
1182 117
649 708
715 506
238 458
1163 137
98 459
296 461
113 168
871 540
105 485
90 189
288 454
209 519
620 519
1172 195
824 448
228 479
1074 422
1180 145
595 499
213 465
588 508
523 516
509 531
451 527
188 497
1104 390
1123 407
233 688
170 519
640 519
1084 557
656 491
516 528
253 499
147 509
960 477
1206 81
333 505
527 514
489 623
1019 700
765 490
1179 431
310 528
151 628
197 454
338 501
529 512
745 472
145 521
633 494
288 464
883 273
353 523
651 490
158 481
328 481
895 392
929 665
305 522
240 438
575 520
935 511
510 542
330 489
624 507
1039 688
193 515
123 451
785 463
256 112
439 544
347 530
279 501
1067 300
295 525
140 576
360 576
708 124
817 71
681 481
15 688
592 506
1194 183
1139 485
436 531
585 497
604 651
845 526
819 558
223 489
746 512
619 525
653 517
479 537
103 542
562 540
620 710
1057 397
1176 386
705 506
291 509
620 47
436 540
582 542
153 137
538 524
423 535
506 520
320 499
525 527
513 714
30 16
309 493
863 411
503 523
637 504
323 555
1001 534
1007 534
149 496
609 496
1152 64
112 491
469 626
470 521
859 700
1196 146
1175 474
568 514
872 514
550 506
246 455
299 483
396 132
190 492
247 492
143 60
88 534
290 510
324 529
779 507
948 527
1133 448
1134 71
801 525
348 518
233 514
109 502
985 303
533 511
549 506
433 541
731 496
1108 475
516 513
849 589
587 535
823 516
467 250
113 452
630 487
108 543
431 544
1245 199
1107 579
839 466
836 443
543 503
425 540
582 507
764 507
431 539
331 491
206 527
918 411
140 516
275 444
971 423
989 472
734 521
829 490
255 437
1178 500
1085 408
1053 399
699 659
458 531
635 531
1259 203
1006 523
558 535
665 485
640 517
614 528
304 498
131 488
352 539
357 51
131 609
839 458
732 502
891 439
234 494
331 523
1127 66
533 534
1233 204
704 519
529 509
548 526
992 476
600 28
271 498
97 453
628 518
1107 518
749 507
730 493
322 480
140 505
574 505
988 232
1127 405
752 472
783 467
315 481
202 672
1159 496
1146 517
350 573
955 719
753 507
356 519
317 576
1208 182
518 170
778 704
914 521
839 470
726 89
99 499
1152 176
1117 478
951 568
944 356
1051 487
768 486
935 529
527 520
1131 424
278 528
541 528
867 572
907 572
1085 369
364 538
1130 378
986 402
1232 257
552 527
144 448
117 524
125 467
648 507
940 661
433 545
778 488
299 477
135 498
341 498
568 522
482 538
612 494
420 535
320 481
636 531
594 511
1221 265
617 492
897 524
626 489
1213 263
627 521
577 501
1005 475
114 568
523 523
1164 209
1123 363
343 503
597 509
288 551
1071 411
1028 343
1204 361
526 515
482 507
1159 87
885 516
938 425
527 513
1128 527
562 531
161 515
839 423
894 495
515 517
910 493
556 532
579 511
803 486
177 529
463 529
486 529
353 521
1142 73
801 151
864 496
1155 148
143 449
688 482
121 549
219 487
590 501
726 501
343 512
449 530
477 171
937 415
621 518
517 237
132 487
1185 88
547 503
1254 207
583 528
471 524
1143 548
1174 95
981 410
859 534
1208 166
568 510
1212 200
1078 504
878 423
450 716
1093 613
544 507
363 542
578 540
245 155
509 521
563 504
434 532
796 469
217 491
296 528
530 536
500 527
84 524
209 524
576 502
740 498
767 512
468 528
204 479
620 500
263 503
1192 151
1105 594
1233 262
1174 114
477 528
1146 411
413 538
1237 131
543 526
366 541
590 502
1168 32
807 459
336 491
739 491
668 493
375 565
1062 681
233 552
190 536
586 531
125 515
189 485
318 491
650 496
184 494
297 481
625 489
958 523
180 608
366 545
1140 545
1129 567
450 530
417 540
468 544
148 70
986 690
1196 178
407 539
744 503
612 535
529 527
212 508
153 58
572 247
292 490
296 491
76 483
363 531
82 276
211 454
592 505
1227 145
283 501
321 480
851 335
509 520
598 520
703 484
713 658
696 521
801 510
324 505
554 118
1114 392
810 515
217 564
189 552
329 490
1197 228
596 531
757 478
776 352
898 674
317 540
412 539
816 557
480 527
518 527
607 524
212 497
534 507
618 490
216 572
514 516
438 535
552 534
561 508
506 527
366 543
503 519
485 676
984 225
1047 418
489 642
557 529
144 521
844 547
606 494
549 524
820 162
535 515
568 515
612 527
142 448
910 562
359 664
602 526
428 536
420 541
252 511
739 498
541 543
349 530
231 584
537 507
123 452
507 538
1077 718
982 231
586 537
110 528
142 604
659 518
43 156
255 527
1210 163
484 535
656 507
801 461
1089 487
934 317
628 593
457 526
319 481
189 509
514 538
533 519
937 560
230 480
563 532
171 458
413 543
185 504
612 495
247 482
720 482
1124 550
982 552
564 541
532 532
363 535
366 535
228 465
237 504
344 700
521 512
947 532
584 499
332 494
935 545
760 470
884 440
288 457
189 505
1022 418
700 705
632 529
479 527
149 469
1150 435
487 683
629 515
215 552
785 464
306 477
851 568
334 489
520 512
1244 259
1175 375
595 510
623 494
708 494
244 460
268 443
668 101
531 511
346 559
931 583
94 487
261 645
83 520
1061 420
345 529
512 533
624 491
1107 36
1180 191
841 130
309 605
544 505
579 525
420 538
410 543
344 537
224 511
528 511
973 446
134 493
779 465
421 534
1175 494
518 514
842 528
346 385
151 478
453 532
470 535
542 510
169 461
723 479
566 503
1148 504
509 538
111 487
449 537
1071 550
417 541
649 519
200 456
651 488
77 500
1201 85
430 538
692 322
1227 207
1045 449
607 521
580 514
1015 514
536 522
320 478
997 689
306 485
512 513
456 536
305 503
1117 554
515 525
434 540
1076 414
599 517
624 494
511 568
517 510
125 487
307 519
445 534
663 490
892 423
334 547
351 525
459 525
357 534
583 514
652 484
139 450
606 498
237 442
463 531
633 488
838 492
544 512
777 493
463 524
246 527
839 527
639 484
515 513
114 485
404 377
851 527
1191 437
558 505
159 481
798 460
110 455
348 533
330 510
1236 229
629 485
185 546
648 492
350 525
585 503
273 486
525 516
448 538
459 533
1087 437
829 442
256 513
247 454
560 541
274 612
465 533
581 514
440 530
506 530
1091 479
835 492
1205 214
331 484
471 426
941 386
356 537
540 487
822 528
693 530
1190 144
511 515
833 602
318 484
716 477
311 517
338 503
472 538
922 464
167 564
322 544
296 546
548 513
618 499
588 500
299 540
486 540
172 498
247 667
1083 415
326 480
700 480
536 514
571 530
788 501
538 536
918 508
544 503
168 32
183 520
452 532
1088 575
230 549
268 494
422 543
846 543
881 562
650 530
888 615
357 535
101 505
456 525
790 525
1138 623
775 488
1113 407
572 510
265 537
254 441
338 494
651 494
659 520
1156 385
412 542
716 500
340 503
295 452
258 369
596 513
594 518
234 705
427 540
992 418
551 505
836 501
207 499
613 499
656 518
894 498
606 507
369 542
829 668
553 506
283 505
540 505
940 445
1123 515
133 490
727 517
828 517
181 502
811 386
915 561
1201 108
7 103
462 532
101 508
544 508
757 487
822 450
1053 407
819 335
468 527
625 492
230 488
780 488
193 449
705 534
361 489
628 491
944 582
138 456
560 502
943 616
653 496
476 524
793 511
426 536
1088 475
980 353
439 534
88 493
696 483
467 527
648 498
624 505
731 509
293 499
545 531
150 615
808 532
202 492
547 536
430 537
100 509
880 554
731 488
434 536
543 86
481 525
594 501
340 527
620 498
708 498
469 529
335 516
544 516
554 507
859 472
213 486
603 501
439 538
644 488
903 488
482 544
1160 625
621 489
751 530
445 528
354 531
430 532
89 492
195 501
998 442
150 507
477 555
670 534
963 700
210 457
900 505
589 529
394 630
332 550
505 514
935 422
505 515
526 519
302 583
346 502
358 538
595 501
138 468
526 516
1178 453
780 486
105 456
622 493
137 554
963 506
747 511
677 481
314 557
207 466
78 502
558 508
712 497
1113 75
159 486
1067 395
999 537
645 505
736 505
876 411
72 493
505 516
195 555
584 526
443 532
526 511
478 548
1130 406
123 449
142 452
362 530
235 444
119 538
1131 383
171 486
793 480
163 484
508 512
886 460
168 456
640 485
462 539
214 468
346 468
239 462
823 208
315 102
852 112
501 524
552 525
322 488
322 503
260 463
419 537
483 537
595 515
882 669
286 492
617 489
1242 238
368 540
598 499
146 628
320 531
584 502
637 485
349 519
545 519
1175 181
322 491
933 569
343 510
521 511
459 528
1108 415
318 495
730 495
292 494
527 509
548 600
481 524
329 521
561 525
810 525
941 501
478 526
460 543
544 543
300 518
516 514
818 514
308 512
606 497
787 472
598 501
436 536
290 512
920 489
959 679
449 541
1024 430
294 525
318 506
879 535
678 483
530 537
1091 427
337 501
410 540
682 523
632 688
313 476
580 503
583 503
723 503
167 511
162 509
526 509
589 521
1043 632
980 486
500 528
326 488
271 537
141 83
365 535
422 535
939 582
329 482
695 518
542 507
898 474
1212 231
279 448
737 586
481 523
577 532
743 10
597 536
394 713
747 473
544 506
1143 506
613 508
1076 500
753 529
844 418
289 507
408 538
938 429
575 524
299 515
310 483
993 247
186 498
504 519
621 519
642 495
92 522
1045 568
263 453
323 486
810 552
219 457
954 474
518 509
1142 104
114 504
755 484
1028 484
1104 611
1232 190
473 522
1014 540
594 506
514 526
608 518
89 521
649 495
589 507
439 545
1163 40
404 542
187 455
234 442
578 504
590 504
235 478
1027 638
615 494
725 494
945 494
584 508
303 565
1104 413
258 387
688 520
532 522
197 517
203 486
538 714
188 557
345 508
462 527
514 361
134 451
160 539
228 514
617 514
220 584
585 665
286 462
467 129
480 478
318 518
940 431
1057 449
326 688
944 465
567 530
718 530
530 531
828 547
314 492
608 497
579 524
476 528
349 505
648 535
540 529
589 503
196 489
192 703
794 509
306 540
530 510
598 513
256 473
334 117
1202 492
549 505
643 484
880 521
314 487
477 523
639 506
646 503
287 458
298 489
299 489
542 512
1150 512
154 648
13 557
235 441
211 620
347 504
824 519
349 526
539 526
1139 141
356 547
334 582
339 496
203 622
766 476
678 486
536 590
621 509
104 487
1131 487
414 535
353 531
450 538
161 552
358 491
516 515
136 553
1212 203
1054 646
88 524
1157 562
1207 212
241 476
570 523
649 486
1181 550
1138 435
1094 472
886 650
620 501
595 533
1144 556
688 488
926 61
1107 51
961 415
530 516
1074 385
681 484
838 265
583 517
537 511
584 511
895 508
1109 425
536 512
521 515
786 483
872 472
482 534
509 635
886 513
473 529
559 502
151 643
980 477
1155 95
1228 195
264 459
336 501
643 491
643 528
126 455
219 443
551 510
784 492
887 47
424 536
1159 350
523 513
521 529
649 529
442 534
308 8
617 490
414 540
253 460
355 541
340 498
422 544
302 555
1201 230
765 525
297 477
87 486
746 501
629 523
1013 430
229 458
617 506
813 516
308 521
1039 415
1209 131
556 534
573 502
822 530
407 541
248 448
507 529
518 515
74 293
1053 690
810 459
1216 206
232 531
676 503
682 488
315 517
844 697
456 533
702 476
281 487
228 452
127 522
626 498
841 465
147 546
752 470
853 703
619 490
361 603
419 543
547 513
604 359
582 537
335 491
631 512
338 498
478 520
1050 440
469 211
473 536
222 532
574 713
149 590
274 542
551 502
1140 442
1219 266
923 559
1174 478
1125 331
480 524
623 519
210 445
283 445
620 494
430 541
964 493
1027 493
351 718
1160 25
409 658
268 539
411 544
1126 382
565 523
1090 572
549 353
1033 568
137 484
1031 401
567 533
982 529
908 482
180 496
469 532
792 465
1145 387
345 539
526 533
161 454
375 36
640 508
533 515
477 537
319 488
442 530
516 509
147 475
1107 445
340 508
444 532
448 532
554 341
1189 238
883 505
494 536
460 527
348 513
363 534
111 456
788 465
162 452
561 521
635 521
775 471
360 572
1146 111
730 490
461 525
316 500
983 409
603 510
594 538
1147 9
426 546
691 79
558 501
248 478
321 491
267 472
350 513
327 717
593 524
1191 107
659 487
1071 576
1002 583
434 670
1202 406
406 655
1001 465
1163 417
615 516
639 489
817 339
946 715
96 544
179 464
1043 631
149 506
518 531
115 461
1032 694
1031 443
563 524
633 489
355 549
604 525
626 497
340 506
626 488
476 534
648 501
929 501
627 499
535 519
360 548
117 454
525 518
267 441
258 486
701 486
197 518
537 512
625 512
1026 599
279 83
469 530
1141 242
877 555
608 508
586 504
554 519
840 503
691 500
813 500
867 490
316 473
827 525
706 511
224 504
451 529
787 493
668 484
525 515
1075 41
470 525
1202 255
548 502
579 501
507 522
900 510
926 354
231 553
688 505
607 529
859 484
1147 459
334 485
742 473
1220 229
127 486
325 479
1202 234
564 509
1212 232
870 430
654 496
165 457
335 497
122 471
588 516
424 540
203 455
551 501
733 495
312 585
827 432
578 503
1018 668
504 538
1040 538
966 485
574 517
789 497
460 536
1151 588
1029 476
602 501
549 519
249 440
709 504
963 649
1007 540
940 313
151 480
446 530
625 508
132 489
1197 82
652 497
1204 236
527 532
308 490
439 535
550 508
677 508
612 499
535 512
520 525
996 427
577 534
1095 459
443 535
358 537
663 537
605 499
834 564
517 541
1124 628
208 460
1227 124
382 16
1193 16
192 569
869 423
293 492
1209 492
976 499
311 509
134 517
142 506
325 547
1208 221
1018 546
100 502
102 480
687 480
891 432
500 428
409 611
141 510
1029 532
157 475
429 539
619 492
536 526
565 526
265 517
321 719
453 541
313 536
224 546
470 522
581 510
142 383
622 492
1175 219
336 546
287 539
1148 422
874 456
307 49
323 491
596 539
515 512
885 695
183 456
218 538
890 432
452 527
294 680
585 498
241 440
681 523
219 502
275 452
295 456
151 503
236 485
754 62
148 492
202 524
1165 436
544 514
955 434
453 529
633 503
818 413
614 523
1256 207
663 99
278 474
337 490
1194 197
718 500
636 509
429 531
919 676
525 404
268 473
910 556
651 502
691 523
577 500
1064 524
564 533
346 610
966 476
555 519
436 618
517 525
1178 182
262 522
1116 462
893 570
1027 570
211 457
680 486
457 540
896 259
1018 611
1055 459
335 499
1111 584
431 543
443 529
623 518
852 645
1095 52
217 526
536 506
701 478
990 584
578 501
144 180
226 459
261 496
701 392
554 545
254 458
764 466
113 442
488 549
912 553
1089 258
600 498
1108 564
650 482
138 501
1173 501
350 516
627 495
47 255
853 539
510 514
365 538
465 521
650 483
130 502
795 517
1089 517
626 495
614 514
440 529
452 536
265 441
634 496
655 494
708 475
645 524
582 500
782 500
576 506
468 526
110 484
702 509
523 530
1125 445
542 518
569 539
648 528
1206 202
481 527
509 525
1153 185
1091 492
536 509
538 509
615 533
578 505
1250 214
582 519
925 404
945 396
216 544
1185 457
687 496
546 506
563 507
674 646
639 492
712 492
953 517
321 501
617 513
730 605
955 425
640 500
1247 259
534 689
1216 363
855 416
206 450
656 502
1113 565
894 582
146 489
248 499
1175 62
281 681
1010 527
148 454
124 547
507 514
197 528
508 541
1198 245
458 524
301 510
782 525
1180 169
782 491
1037 505
650 484
471 521
1104 554
1125 229
516 512
522 514
755 531
775 472
1067 636
427 541
200 685
105 464
570 499
629 521
638 498
829 512
1101 596
84 494
520 528
445 531
348 510
815 411
577 502
342 520
117 540
820 508
197 530
941 628
316 479
1271 265
797 505
480 529
1134 77
787 485
682 493
1046 128
436 543
335 470
924 457
124 465
1077 524
520 526
423 541
470 541
176 510
444 529
224 444
1056 439
322 486
724 517
277 515
983 521
755 179
1209 228
1063 397
194 556
1200 258
772 489
991 470
174 673
1174 231
136 86
943 514
425 539
331 541
554 534
25 623
712 501
344 466
935 552
321 227
948 535
268 498
521 521
226 532
298 459
804 459
183 471
618 530
1206 467
527 508
569 512
1043 494
572 531
771 466
509 523
793 523
676 522
336 284
475 520
133 504
709 104
868 497
181 455
433 531
748 495
639 491
756 468
1223 259
1084 589
201 536
570 520
653 507
271 446
453 531
422 537
763 528
355 533
290 482
694 481
902 422
931 599
1027 483
939 485
172 470
1033 437
900 715
