478 391
1015 511
853 586
578 546
201 503
1041 463
1243 594
899 520
463 719
242 556
562 528
1249 546
500 520
565 13
900 700
213 543
314 509
5 75
861 151
40 3
219 477
478 587
662 505
853 27
376 326
393 503
423 658
737 132
587 719
288 524
1183 8
273 554
649 445
449 465
514 269
225 559
255 486
373 499
794 318
511 81
228 542
661 462
890 701
747 409
334 514
1231 308
256 501
992 460
1038 468
223 493
216 370
998 500
217 455
410 483
838 270
1252 197
673 347
452 482
454 515
270 529
119 569
113 275
423 452
686 389
358 334
397 350
1118 627
