659 46
704 699
261 475
921 665
1252 639
243 551
1257 610
500 505
630 500
876 499
248 429
376 700
581 74
251 489
203 130
1149 572
324 535
1246 617
636 348
111 507
815 302
329 526
287 92
1084 300
580 58
876 218
763 532
187 387
542 506
131 492
274 467
357 400
558 503
700 322
803 135
792 70
21 7
823 685
34 648
579 615
673 404
416 546
529 538
941 508
17 148
261 124
95 150
878 96
165 520
972 24
68 394
1181 77
436 66
635 484
1260 199
158 536
1250 265
371 456
21 171
756 273
126 242
1234 658
775 599
1159 312
965 700
1068 308
222 19
1162 230
656 612
1037 47
441 707
