213 281
1159 327
603 479
442 422
112 414
271 616
369 482
455 697
22 708
802 111
537 541
316 364
407 451
190 554
468 509
649 545
897 239
325 488
43 111
379 541
274 485
8 230
676 175
837 95
777 450
710 664
872 473
339 505
421 359
616 359
149 422
1170 64
100 399
384 568
125 531
90 319
891 502
845 334
262 693
867 545
356 493
510 374
1161 3
196 561
156 412
603 469
346 457
709 530
1113 342
239 654
75 711
922 61
942 655
1054 140
46 579
864 420
224 512
322 694
886 511
871 251
361 719
1121 40
471 686
347 674
396 540
300 556
937 557
189 499
454 515
278 111
462 547
288 555
900 486
1071 541
920 641
953 442
1116 59
