171 25
167 520
279 531
101 528
237 530
268 506
243 531
152 514
87 551
109 516
1194 76
326 540
93 553
191 528
680 717
1171 137
165 542
1207 156
235 549
1050 668
313 532
154 515
1169 180
170 536
1040 364
250 512
172 530
913 699
241 532
305 522
1164 145
779 18
145 540
553 654
1163 132
295 523
804 714
237 517
327 542
181 522
298 522
1023 598
281 505
236 676
263 523
996 538
238 534
148 521
473 617
203 694
191 530
1079 622
228 549
196 534
111 517
192 27
198 522
1068 586
976 675
153 360
206 519
397 716
213 518
706 82
1133 279
205 535
258 505
426 700
1162 160
241 521
238 531
1176 93
253 518
158 515
262 718
1189 107
260 507
410 635
471 39
112 522
174 522
154 521
114 514
201 523
304 524
299 535
195 553
91 548
818 655
220 512
92 518
380 35
166 13
121 515
232 0
252 507
274 509
94 548
996 555
223 516
245 517
584 370
325 541
160 531
257 531
1073 719
106 538
116 521
200 524
124 512
248 526
274 524
205 532
219 550
1216 192
242 510
153 486
165 519
199 528
1202 159
514 625
187 530
108 514
190 522
951 712
191 526
302 528
192 532
131 513
261 523
275 528
195 533
1202 171
199 535
231 509
119 542
307 536
330 547
752 559
407 43
150 521
251 535
132 514
1152 3
272 509
226 537
277 650
126 539
131 534
184 534
222 519
189 540
1141 649
271 504
224 511
460 87
214 521
99 514
180 529
231 518
164 517
1204 174
1143 76
585 84
123 529
883 670
466 292
230 511
373 58
740 14
84 523
223 523
262 515
395 114
231 547
990 530
316 526
1154 577
266 512
270 510
491 623
173 528
229 515
1168 179
281 517
249 510
203 520
123 545
162 524
213 521
116 509
194 534
390 666
1164 105
279 507
100 517
213 544
205 525
878 688
123 519
214 528
214 516
298 536
185 519
128 525
172 539
118 518
204 533
154 544
1035 707
258 507
297 540
942 716
226 550
112 511
1080 404
162 528
97 520
148 522
254 641
515 718
1060 595
212 515
236 515
926 701
158 530
254 530
1166 192
147 514
189 555
92 522
240 518
229 516
115 380
104 515
237 513
246 517
142 516
134 566
27 84
155 514
124 510
1156 98
129 526
284 523
170 352
269 502
1034 198
95 512
166 534
239 505
1162 93
568 527
655 336
1183 142
322 593
1222 213
298 516
243 513
173 522
226 510
129 514
225 535
456 637
1193 123
300 526
269 519
261 506
284 514
708 59
279 547
928 675
234 508
187 525
1159 86
99 555
153 516
250 536
256 539
322 538
294 606
192 570
199 522
255 507
256 633
1199 169
223 533
119 534
312 536
800 328
1043 531
911 562
951 602
373 707
111 525
232 513
224 546
759 713
627 320
90 536
98 531
157 520
1179 93
146 518
147 518
1152 107
1162 126
1035 712
1039 305
315 532
176 530
1187 173
232 514
280 507
489 665
102 511
107 511
166 529
190 549
461 604
1175 160
248 503
284 520
462 127
1204 144
144 512
193 537
86 522
280 543
297 516
288 518
375 619
954 489
269 532
262 544
229 545
159 539
277 719
129 513
1191 189
145 520
941 679
222 530
142 518
243 509
246 505
324 537
216 516
1174 91
255 610
1212 187
243 519
301 522
372 695
214 551
177 521
287 514
1198 111
261 590
568 355
213 549
183 543
890 716
198 521
209 527
372 409
114 512
920 235
1035 633
93 516
128 516
76 241
483 684
152 535
138 519
264 519
537 719
1186 214
1205 133
886 525
235 548
167 518
945 584
861 608
114 509
134 509
277 509
192 522
278 543
223 530
176 533
201 533
130 511
131 536
1198 166
262 516
158 531
287 540
130 513
175 526
289 507
133 596
273 535
259 515
274 520
147 509
258 509
856 522
248 506
115 515
146 515
236 512
348 661
1112 20
339 621
265 508
231 512
850 703
174 521
129 512
123 513
306 535
207 519
440 620
300 534
89 516
918 706
1201 190
145 541
149 527
298 527
991 705
544 716
211 521
175 519
172 527
543 283
299 525
209 531
1196 119
148 528
107 554
201 526
714 717
269 508
815 587
292 510
291 514
136 549
252 511
1003 223
903 544
132 522
276 503
465 354
113 521
152 531
331 543
320 544
175 547
628 62
274 514
130 489
228 516
144 370
303 547
776 449
179 530
1110 557
1110 21
240 538
207 518
115 546
145 512
1206 184
207 524
94 513
1188 136
927 485
304 541
462 567
282 508
280 521
202 524
1206 179
216 532
260 503
262 503
124 549
302 537
321 550
124 508
107 510
296 518
230 516
611 709
311 539
212 524
137 527
96 515
142 515
133 517
1202 134
303 657
174 525
288 516
185 554
279 516
306 521
289 509
1139 6
922 714
242 509
126 517
88 548
990 452
112 509
268 535
974 444
1174 151
1006 681
120 507
397 62
187 542
206 533
279 513
300 517
267 502
294 534
219 521
717 10
314 526
1196 90
237 512
256 550
322 540
157 513
326 549
129 522
185 523
98 550
270 505
1195 117
1206 144
156 528
132 523
223 119
156 533
194 550
263 502
198 525
184 522
120 520
205 519
398 712
101 513
186 646
196 532
135 521
283 515
606 17
169 518
304 517
204 520
928 631
279 506
299 537
485 523
138 511
169 516
1134 489
95 525
321 691
1179 115
221 517
240 534
239 506
313 529
151 515
139 520
205 523
265 543
109 526
272 510
166 522
328 538
930 712
1218 143
328 536
1169 158
274 534
259 524
306 527
158 536
140 516
609 110
1218 157
116 516
353 21
174 533
84 534
843 348
262 505
174 524
239 508
1177 158
684 705
1063 603
115 518
1060 568
317 537
288 509
252 503
198 523
265 522
173 546
95 515
240 528
994 405
1000 517
1199 144
108 529
235 507
178 525
172 517
1201 186
271 61
293 524
125 508
285 508
1162 109
316 540
215 520
919 506
225 518
138 514
1186 121
1168 69
132 510
1159 125
316 542
307 525
164 515
360 367
273 504
146 521
137 522
250 525
664 82
895 487
1204 125
786 703
188 525
101 512
157 532
235 511
274 511
155 554
1193 133
98 547
229 513
1210 128
115 517
84 522
466 636
211 517
94 542
122 510
95 557
1182 122
276 537
407 37
154 555
167 515
126 545
287 507
163 536
912 661
119 537
97 517
238 508
251 518
101 554
165 521
916 126
277 506
269 526
103 522
258 655
1036 474
178 521
105 515
241 520
174 545
282 517
217 525
186 521
149 528
1171 106
131 512
1126 619
214 522
142 524
375 607
167 514
243 523
216 541
261 502
150 548
192 531
1184 157
265 580
126 518
158 512
718 612
362 341
292 543
108 511
178 551
241 535
264 581
891 584
249 529
259 507
249 553
290 517
1005 694
273 508
1165 110
111 509
882 666
111 510
279 520
303 542
601 370
1164 76
213 523
537 276
315 534
253 559
126 510
234 510
1180 102
80 520
1220 184
217 28
94 531
242 508
846 691
218 542
118 522
131 539
450 70
257 506
1065 675
934 679
92 524
321 542
137 373
286 524
166 550
1213 169
1208 175
1188 162
141 534
310 534
85 519
91 519
723 278
1008 680
116 589
274 527
501 591
116 512
201 528
266 502
932 692
106 516
129 516
210 519
189 553
330 548
822 712
320 543
143 535
162 529
171 522
231 511
197 526
210 542
188 540
125 532
254 504
308 524
232 519
87 549
205 548
155 534
320 539
323 535
116 514
319 566
270 508
237 520
249 515
211 45
177 544
254 511
175 527
1203 324
155 519
258 508
152 528
1175 127
816 701
225 532
163 544
1113 221
678 48
1197 155
241 512
151 513
275 513
183 522
247 517
1182 153
234 516
253 505
189 541
236 519
121 518
1017 471
139 511
138 526
1198 121
216 536
1177 166
241 544
196 527
176 658
1104 567
178 529
264 511
216 523
305 523
300 520
240 510
24 600
1103 550
879 588
106 542
1243 183
1205 86
314 537
308 548
329 548
204 528
835 666
950 491
275 521
188 532
167 519
481 669
278 518
289 525
1190 121
794 714
298 524
280 717
1100 706
206 101
160 516
241 511
212 520
223 514
1003 554
92 525
1046 703
202 541
214 534
1211 197
1222 180
281 542
904 156
443 557
1221 192
928 700
988 500
966 695
1132 53
126 550
189 528
147 536
125 510
285 526
240 524
574 361
173 541
961 458
278 508
162 545
209 537
1157 96
303 520
236 584
478 672
230 524
1113 696
556 55
85 520
267 547
296 339
298 519
194 523
217 523
270 542
127 517
920 571
117 537
1153 284
295 527
171 517
225 517
171 532
237 528
879 709
896 577
900 699
276 529
125 516
304 578
143 531
434 12
263 517
610 95
208 544
267 539
255 33
264 552
156 621
321 532
313 526
1208 148
221 528
1190 172
197 527
1161 138
135 526
288 541
103 509
1045 697
146 550
155 516
214 552
1175 126
129 541
507 649
402 691
845 692
201 520
117 45
437 708
1056 578
130 521
821 709
831 549
274 506
1185 545
774 77
124 523
271 534
168 525
300 525
203 592
441 713
108 540
898 685
257 504
130 529
185 549
981 645
1168 164
1194 209
978 663
945 651
125 507
259 505
248 522
286 513
507 711
1217 201
308 523
304 538
117 529
273 506
219 536
125 519
273 550
248 558
540 431
719 16
1031 440
204 603
1217 158
227 562
621 548
223 553
179 519
180 519
242 535
217 666
936 677
278 562
131 523
136 523
254 509
109 534
924 668
260 548
218 513
890 699
911 515
198 519
113 511
128 511
1184 178
1096 615
928 644
130 528
108 522
268 514
160 534
226 534
167 525
229 551
1214 105
1227 162
236 511
1210 181
164 532
372 710
105 545
1231 182
1228 199
211 516
274 584
96 547
1107 581
1172 149
274 564
87 525
478 670
225 515
230 513
1174 160
493 690
1200 144
248 520
223 518
288 550
1169 90
108 512
135 512
108 515
826 600
1109 592
148 533
128 535
296 538
173 2
110 521
309 531
282 547
220 522
555 113
105 525
1061 580
135 538
320 538
1065 508
128 515
1229 141
312 540
1189 162
1181 83
235 516
206 649
872 564
143 512
197 528
252 504
81 516
119 516
301 517
159 528
261 513
982 688
276 506
268 509
200 522
129 508
213 528
238 529
189 521
104 545
994 74
228 514
799 706
331 546
80 522
836 518
1164 88
184 550
155 511
698 709
140 529
257 529
300 537
159 520
1166 136
161 547
663 0
982 648
1164 116
973 476
146 640
131 516
246 516
1163 103
610 709
271 441
495 90
285 535
305 534
214 524
1197 177
189 532
507 713
109 513
308 535
1162 86
250 531
999 534
1189 150
7 203
274 510
309 543
1223 115
175 98
196 524
299 517
172 523
1197 150
154 528
193 525
122 531
156 519
201 519
327 541
164 536
211 519
553 585
252 520
283 660
323 97
544 713
92 517
1224 221
16 167
217 514
130 527
153 513
1203 165
165 576
1003 610
145 529
115 528
1158 10
290 509
329 5
220 515
933 636
122 540
140 527
208 527
243 527
1176 552
277 544
679 116
1183 180
754 187
299 543
135 525
259 514
1012 510
1008 587
392 628
1183 133
1236 167
179 548
131 508
137 513
238 513
248 7
1206 129
1164 581
137 547
1179 144
150 533
111 520
125 518
1220 138
325 539
219 545
118 513
289 527
1198 148
111 518
1066 669
715 160
201 549
245 562
257 543
133 507
1038 587
147 512
299 515
102 536
1156 250
239 566
1119 662
236 530
79 198
260 523
259 502
214 692
229 555
293 535
293 510
904 447
300 530
1216 129
217 528
965 481
284 534
1180 155
1084 684
240 543
265 532
247 545
896 593
1208 132
307 529
244 508
193 524
521 696
202 539
92 534
168 536
136 561
255 502
1006 683
379 142
1185 174
1014 715
259 508
1031 593
1175 163
235 509
241 524
111 511
1160 72
166 517
1128 111
15 60
239 524
260 511
106 532
129 547
163 547
92 526
114 525
211 541
264 514
117 517
428 649
231 546
301 573
267 583
1086 583
609 700
1201 185
280 511
211 681
319 535
129 509
460 327
191 525
770 135
97 548
320 548
188 518
330 507
288 105
1180 184
1012 719
274 558
950 714
87 520
211 520
185 524
912 639
756 197
206 527
554 665
140 511
922 661
14 221
271 519
120 510
107 547
226 513
562 357
131 353
1136 666
242 514
328 545
1024 575
1080 693
276 513
311 541
140 530
91 512
293 509
566 717
656 717
520 555
1025 454
994 677
252 501
710 645
321 535
992 511
118 528
964 658
1005 582
1195 180
117 546
53 698
191 536
161 515
1139 125
1038 681
312 535
271 507
247 513
200 525
911 711
234 509
180 546
251 506
272 520
127 523
722 708
106 522
135 542
263 508
249 530
97 534
1185 158
678 710
94 512
716 634
447 598
1094 3
1200 172
212 525
1052 637
184 520
1126 470
1000 690
250 535
745 706
322 532
252 516
527 121
157 540
309 540
440 627
187 537
1012 507
584 371
860 680
167 540
171 520
264 512
142 553
301 529
1022 551
313 524
248 523
202 624
199 554
211 540
243 517
775 233
351 1
705 93
986 137
655 56
262 356
181 556
844 608
417 717
242 539
255 526
311 530
956 570
305 2
178 519
961 700
134 646
259 503
1174 147
1146 565
215 519
1053 623
141 513
559 615
716 356
1025 520
1142 135
992 653
280 547
123 515
159 522
145 354
304 536
186 519
296 513
91 556
1180 120
151 683
1068 448
416 713
745 105
178 526
321 7
180 536
874 667
238 514
1090 716
138 513
1217 150
204 545
1042 685
117 511
100 520
215 550
224 539
1196 148
1039 694
190 524
1002 249
1179 103
1223 163
234 523
156 649
156 514
513 58
124 525
256 505
253 700
164 514
822 537
1182 397
96 509
809 127
192 538
231 347
1219 189
150 514
903 523
151 511
291 519
1218 118
1264 698
273 520
894 638
168 533
166 524
101 517
1162 115
208 523
248 533
303 535
119 523
345 14
228 508
955 650
200 523
562 220
941 656
823 535
701 5
822 591
252 506
238 511
191 520
221 514
217 530
589 213
940 581
1166 159
992 657
381 627
1149 128
1158 114
1221 203
1181 140
940 689
176 540
319 542
210 522
1164 102
1164 90
216 522
157 512
349 59
129 511
235 510
223 531
1056 552
1117 621
151 521
1072 675
301 116
126 519
251 367
184 544
283 575
84 525
333 649
460 714
110 505
267 506
238 554
196 592
862 719
119 512
232 512
1223 124
1145 131
278 516
919 605
735 163
118 547
251 550
940 673
287 508
354 269
1205 158
567 594
632 537
1027 457
179 534
507 543
272 608
928 697
1047 706
971 702
1107 666
157 519
222 522
316 537
321 536
341 693
881 621
1209 183
1020 663
103 510
1175 73
282 511
290 511
286 522
171 529
190 519
796 233
138 517
175 531
223 537
91 521
257 682
123 560
380 139
1022 470
318 84
93 512
93 519
170 523
106 548
352 506
1198 103
211 539
120 528
605 356
144 574
770 361
154 542
234 534
585 717
121 533
289 521
733 679
168 534
505 666
273 510
247 506
282 512
222 534
213 532
242 527
1168 102
1198 185
1085 382
266 517
521 694
181 540
240 519
319 531
844 716
922 614
304 518
89 514
229 510
1160 166
277 521
902 713
123 522
1143 83
96 559
265 506
281 513
206 521
1173 158
160 523
240 509
246 528
89 530
161 520
1171 180
1178 112
113 509
603 156
158 527
147 507
160 541
236 524
690 2
1033 581
165 520
630 45
1050 665
250 508
283 504
297 547
305 548
882 690
1163 135
264 509
1187 165
209 522
578 143
295 510
877 682
115 513
145 539
319 532
319 536
357 577
189 542
290 514
182 540
678 15
161 522
203 522
667 558
128 553
237 506
895 646
162 546
846 670
479 371
825 701
340 324
941 683
287 509
411 351
299 539
452 709
149 518
292 528
989 496
234 512
771 713
979 703
987 447
612 415
206 535
255 503
149 511
332 709
210 119
246 510
217 518
115 520
139 549
891 655
266 343
575 28
167 538
116 555
245 547
1048 717
330 543
153 524
175 544
208 538
272 678
250 504
1006 513
1197 192
308 526
283 511
150 518
142 512
148 517
173 517
1203 143
354 703
1169 179
862 711
203 519
193 526
216 546
90 513
1180 140
995 493
81 59
1060 558
299 97
254 551
182 524
1062 543
238 519
276 509
223 510
202 546
455 591
144 539
260 592
200 545
260 536
195 530
181 526
157 514
209 528
1155 28
578 664
901 654
1169 495
106 512
1218 126
190 541
767 715
256 510
1162 120
309 524
294 515
269 509
232 506
1063 696
1037 540
301 519
254 508
1068 280
228 524
1080 546
276 552
289 136
1104 39
1170 149
160 517
509 716
190 527
289 542
211 528
1189 406
159 515
224 377
842 547
316 546
231 531
320 531
272 508
163 525
213 515
180 521
148 356
84 551
154 551
242 565
1085 688
1080 713
223 82
245 523
182 526
213 530
187 529
589 112
302 521
100 510
20 0
331 540
153 512
258 502
1212 167
943 714
379 52
1088 128
1193 194
180 522
321 717
228 551
721 617
132 513
333 547
144 514
228 521
124 509
267 509
167 532
231 516
269 507
310 542
964 717
320 535
248 540
272 502
1157 91
106 525
405 693
143 527
880 541
209 557
288 507
122 131
213 519
1195 140
875 597
1130 530
159 534
162 623
207 532
155 528
112 516
264 547
330 542
964 710
114 539
252 522
140 534
1156 74
306 540
166 519
265 513
333 43
271 508
179 522
1076 197
98 512
1188 155
151 510
101 516
275 509
135 544
946 579
994 682
109 536
233 511
189 546
282 546
275 639
267 584
187 527
269 510
135 545
209 518
260 522
309 528
1005 355
247 508
283 508
126 523
136 510
1170 165
1019 646
273 513
768 715
1070 502
192 534
219 522
175 533
272 599
263 503
281 504
222 663
297 513
201 532
929 718
1012 624
98 511
1181 99
111 547
183 520
177 532
942 525
312 0
144 508
255 530
282 523
259 509
264 533
1190 83
309 526
182 528
816 106
251 516
247 510
1082 35
130 530
183 556
203 518
326 95
245 504
1108 49
1032 617
1193 136
675 361
129 548
428 688
1000 671
349 711
170 519
326 539
143 523
122 519
227 519
1169 170
810 707
99 4
147 513
184 524
314 529
145 509
155 545
1154 23
153 511
87 540
898 541
232 539
305 543
1152 147
84 528
107 516
211 530
855 439
160 515
102 533
255 505
128 507
242 504
330 546
163 523
106 544
128 522
157 527
236 506
307 523
162 522
986 489
223 544
144 521
154 526
136 550
1155 156
150 524
399 710
1254 548
898 592
1178 135
184 521
1089 611
170 522
1179 139
845 689
489 136
156 534
288 513
112 527
533 270
859 715
193 530
205 620
285 525
106 515
287 548
308 522
1163 160
143 511
98 387
908 543
1197 171
905 709
1165 131
1090 559
202 549
128 554
224 516
186 533
1199 167
193 519
115 508
945 618
226 523
247 523
93 536
1220 193
89 518
1004 550
380 493
208 516
121 512
228 512
1180 106
103 515
143 514
107 519
278 529
1193 135
336 430
903 428
840 269
165 522
1111 622
914 538
188 524
325 550
241 522
286 528
270 525
158 548
301 524
1153 134
1179 158
728 55
271 503
717 364
603 712
193 538
1218 171
114 534
1081 667
324 548
1175 98
104 517
308 544
141 517
145 511
275 510
242 506
253 506
111 548
260 515
258 516
133 508
1190 80
215 526
231 514
101 547
237 511
111 515
246 559
888 609
1016 592
134 510
141 509
150 509
305 531
826 538
115 544
88 529
258 511
96 518
151 531
124 515
212 89
146 508
135 530
198 534
173 518
309 537
1072 5
243 505
246 513
1180 107
244 510
220 513
104 533
952 686
218 519
265 528
194 538
84 535
850 716
177 528
291 513
271 509
896 619
710 58
870 684
237 527
312 527
1195 144
201 525
65 233
255 518
1194 187
1066 652
123 511
205 521
276 504
847 589
149 526
262 549
133 514
299 559
335 125
579 700
182 21
1157 121
279 509
225 563
263 529
264 508
151 544
221 557
710 557
393 719
313 542
1210 166
1174 184
209 516
300 545
242 507
287 591
455 719
779 170
244 532
141 511
811 713
692 218
243 514
186 532
109 517
238 505
191 540
1054 590
311 540
1206 181
222 552
163 65
1194 173
1157 56
227 514
171 521
195 519
253 503
128 517
139 521
905 692
127 511
276 511
973 587
244 518
1227 164
899 643
239 515
176 527
189 517
238 506
306 522
296 519
292 512
297 512
252 675
89 701
221 530
1168 128
153 523
192 523
184 539
204 519
120 512
239 517
278 589
219 527
154 519
249 503
284 672
234 507
1123 648
922 678
301 557
1184 160
1022 706
184 530
87 538
255 506
209 554
136 514
325 548
283 506
153 528
276 559
130 507
227 707
914 704
291 537
267 558
880 587
960 587
126 512
205 541
307 541
148 519
302 517
257 515
170 119
267 503
195 551
1068 531
543 353
268 532
329 544
165 515
284 518
319 537
100 509
983 469
137 515
108 509
145 526
299 520
825 326
1181 113
248 509
408 587
218 521
308 533
1177 84
992 635
290 519
243 537
886 490
150 512
222 512
242 520
1059 8
967 650
1206 197
131 510
228 536
169 525
232 516
258 510
378 705
1022 532
194 521
266 507
258 529
1144 113
202 527
247 509
98 551
959 506
966 716
732 67
99 511
227 511
195 521
213 142
400 700
176 525
283 510
1030 546
1166 133
163 518
216 518
282 507
258 532
1006 634
281 507
232 520
173 523
733 32
454 717
254 503
1203 98
111 508
244 507
216 543
121 522
235 522
95 548
147 540
1133 14
252 546
290 554
1199 172
710 104
1195 193
145 516
272 515
166 531
952 717
1137 614
191 521
265 520
885 719
325 551
324 532
165 528
158 516
192 557
925 718
179 715
283 531
227 530
132 512
125 513
141 536
603 72
186 545
319 37
173 551
194 522
997 692
760 82
306 28
281 527
1016 534
286 535
931 661
181 550
158 517
154 516
1048 715
251 598
178 524
191 527
295 533
154 670
348 81
264 529
156 518
266 530
244 524
202 585
292 513
879 651
233 512
239 550
848 506
214 514
91 524
227 521
250 540
300 531
163 533
186 525
202 525
217 545
1091 587
1139 122
1029 596
107 530
296 520
184 519
797 704
231 517
153 515
331 544
209 540
94 525
247 519
992 555
179 642
252 521
288 521
366 716
96 527
289 540
149 521
271 510
123 518
1016 651
1203 137
229 528
212 518
258 518
1221 147
85 513
981 636
296 528
159 512
1151 75
276 600
315 693
1196 154
217 517
251 508
307 535
263 506
1205 146
327 537
92 546
1172 110
1071 632
6 639
156 549
303 530
289 536
281 512
164 527
110 511
1017 588
1125 588
1072 656
488 715
189 522
168 543
187 546
266 515
173 534
122 516
867 596
213 554
93 517
164 537
111 524
226 524
228 552
290 627
199 540
1172 150
197 564
1260 706
284 537
97 539
811 662
884 682
172 524
827 330
818 602
153 526
243 507
1192 161
167 530
233 510
190 544
401 52
148 554
246 507
170 550
306 545
187 526
218 526
248 512
526 664
245 515
1007 673
1043 482
715 49
138 527
695 281
286 517
1153 146
201 529
282 509
243 520
657 276
288 512
253 507
1035 583
496 612
1205 172
866 528
136 513
197 518
104 516
107 513
180 524
188 522
281 536
210 547
213 512
1062 614
297 517
232 509
1066 497
137 560
1014 530
1170 120
213 514
230 508
399 677
273 702
443 683
198 539
97 547
165 516
275 505
204 537
215 522
1034 469
283 525
286 545
252 510
255 510
215 516
744 84
238 507
190 525
280 714
1175 190
724 618
285 510
880 103
200 672
258 520
264 542
121 534
548 709
284 517
206 550
222 514
1121 22
294 535
153 518
251 504
288 511
958 556
136 521
632 129
160 524
571 340
199 607
298 532
1184 131
262 504
317 531
285 507
244 504
1191 164
103 513
1220 188
219 519
952 440
787 85
1025 681
277 520
202 522
1172 123
898 691
230 532
1135 642
279 503
949 616
197 524
119 509
242 553
195 523
138 542
1200 106
991 586
141 520
121 529
353 529
291 509
722 38
264 502
332 543
1142 463
1206 135
1125 249
1204 158
1212 423
215 514
1226 178
119 508
276 508
88 530
1194 90
1215 147
87 512
636 65
332 544
1215 126
1166 148
148 535
869 597
249 533
265 693
986 116
235 531
1193 120
174 528
249 521
1155 86
1164 47
115 511
166 40
110 516
106 519
302 513
571 144
278 506
309 570
169 539
195 539
599 697
1153 88
812 591
902 508
304 528
1094 578
427 703
176 535
1104 474
1022 627
120 536
377 568
284 31
217 524
93 522
1086 708
95 518
1065 447
200 719
1180 121
825 693
188 520
920 538
209 530
239 530
171 536
308 536
246 526
1015 670
1058 670
156 517
274 517
129 510
905 483
945 631
280 573
822 494
266 520
108 527
141 527
298 514
353 90
957 679
196 522
156 510
575 145
166 530
128 551
1155 84
121 543
623 625
319 116
896 679
236 383
1176 444
162 542
177 548
190 548
905 693
831 16
276 518
220 526
894 654
1158 106
634 334
243 588
298 549
101 553
301 526
205 536
319 140
294 514
100 523
882 459
249 504
250 561
200 528
256 528
413 715
268 517
1120 546
89 526
395 659
539 342
213 539
642 29
341 566
222 521
1069 265
313 530
99 513
161 513
260 620
84 516
170 561
320 591
172 519
1155 87
1018 657
268 551
172 5
306 520
165 351
965 701
191 547
519 360
226 567
11 217
272 524
289 511
258 512
138 508
539 718
867 713
156 526
164 519
914 352
934 500
1152 98
200 533
106 531
210 539
119 520
835 288
217 24
240 531
343 661
168 520
454 709
984 597
480 614
1193 169
147 526
204 526
234 87
242 513
583 711
285 506
852 677
1173 124
435 603
149 512
216 524
590 708
172 547
559 350
962 487
1062 704
1208 130
1174 174
230 150
173 520
281 533
1011 707
1178 154
191 532
6 204
319 548
1179 109
276 522
1160 139
861 716
1131 588
1202 102
1151 18
138 515
466 42
194 528
275 506
1203 218
873 631
432 36
1133 640
109 520
300 78
862 677
127 372
116 596
319 549
1231 167
280 520
1114 687
207 525
319 104
99 524
329 540
1194 122
252 502
254 517
811 655
848 529
939 456
815 592
235 518
217 515
598 709
143 550
179 547
92 516
311 528
1069 390
609 352
1230 177
1191 107
255 603
546 163
114 532
1009 661
964 571
106 520
143 509
1084 695
217 522
331 568
1210 191
476 354
322 542
897 693
475 130
319 539
954 714
915 631
289 510
107 524
201 524
1139 397
190 547
279 530
429 187
236 523
103 537
243 512
1187 176
290 560
210 528
258 513
688 713
185 529
100 545
244 123
890 566
276 514
1216 195
266 39
867 624
103 544
727 49
709 75
797 226
1261 684
546 201
1136 579
102 514
661 20
228 515
1194 117
313 534
122 554
1224 164
160 33
1183 168
326 543
1108 512
855 699
321 665
109 557
167 517
1234 159
678 52
184 525
209 524
224 523
280 515
1175 89
115 516
820 713
291 510
1205 111
97 521
314 532
1040 261
236 78
124 517
259 516
312 532
279 529
293 529
610 132
126 514
185 543
196 552
1162 170
1165 601
312 609
325 542
1200 113
1155 577
1105 578
1104 693
236 509
312 48
742 71
247 641
312 531
263 535
312 708
303 564
241 505
914 117
1182 77
133 510
1178 152
1074 578
1116 634
1060 567
160 544
392 7
1011 712
266 698
272 531
684 91
616 367
320 658
286 508
565 643
896 522
171 516
1100 670
272 506
857 683
787 704
690 8
1179 172
223 532
300 142
137 539
1190 99
228 585
174 520
298 553
312 602
1100 42
325 544
589 230
1033 638
914 611
184 536
114 516
1041 283
1102 664
877 88
954 454
953 525
128 527
249 506
300 542
712 542
759 226
901 688
619 636
392 547
49 673
464 338
447 202
1189 200
116 549
937 538
1032 712
162 531
1191 95
0 627
811 714
277 517
1045 493
186 13
341 565
240 508
464 563
1055 530
1187 127
959 441
811 685
519 269
189 8
229 558
287 522
195 526
284 507
871 655
221 565
1094 551
592 216
439 566
212 528
115 522
146 517
971 685
286 521
462 33
930 471
1192 160
143 519
854 707
184 553
181 524
1144 94
267 594
1138 573
153 536
292 521
228 528
113 561
409 622
284 329
139 544
260 525
705 266
435 631
311 3
257 610
117 507
134 507
137 507
302 534
196 529
269 548
234 511
829 541
748 694
240 523
147 557
943 717
1269 687
1190 139
668 715
269 531
187 523
178 530
214 526
1187 172
1108 624
241 519
250 552
522 714
1235 628
134 520
561 478
114 519
870 675
155 371
1115 483
297 515
359 157
927 376
747 10
207 526
306 526
207 516
805 718
191 537
286 507
292 539
703 700
137 521
212 533
54 661
1088 555
340 82
1209 140
163 514
1164 64
453 592
197 530
283 505
203 532
262 528
1207 175
216 551
278 664
1208 127
207 537
152 519
133 525
1207 129
160 513
148 514
185 21
842 545
411 668
217 521
258 506
1178 564
273 502
110 530
535 359
1161 623
570 151
298 518
292 517
184 648
1212 173
829 672
128 510
251 510
1029 532
1083 696
255 509
167 535
1161 64
84 520
1153 140
1052 716
210 523
225 510
1178 123
103 518
296 546
302 522
1154 107
192 533
277 519
908 428
262 547
244 526
257 525
1071 159
1188 159
1161 105
268 508
174 517
226 558
912 393
138 522
224 522
104 526
995 460
1172 109
243 585
158 529
1070 714
1174 86
82 523
174 523
123 526
120 527
1197 174
125 506
549 640
820 707
110 524
170 555
659 656
229 509
281 506
250 513
680 715
1234 710
140 542
666 707
224 537
555 285
639 26
399 96
87 516
189 524
247 524
268 505
284 505
113 510
119 510
323 709
782 302
888 656
25 109
840 626
333 716
226 515
269 719
267 504
240 529
139 516
255 504
279 504
128 512
458 348
146 547
266 531
315 535
299 516
140 514
194 536
1222 140
941 545
1216 161
300 563
478 555
1173 174
175 545
1206 145
205 520
274 508
102 516
127 507
219 542
1006 678
1166 99
1193 143
191 519
256 507
264 520
167 526
258 555
1154 124
328 546
123 530
1021 510
73 387
272 503
1130 448
1230 171
219 554
995 576
543 652
250 519
266 509
1196 149
1067 590
188 529
1087 685
728 707
208 548
88 520
121 520
113 518
1189 74
1197 169
247 549
1158 6
239 522
319 553
301 527
222 635
257 505
128 558
156 515
296 515
871 695
329 538
1176 184
120 525
341 642
294 668
214 517
1217 149
694 30
249 541
154 513
182 555
842 682
1132 672
919 341
132 511
292 511
222 637
1115 637
609 86
206 538
93 528
135 513
1135 616
323 537
118 525
687 702
656 495
106 509
1173 152
296 522
200 519
466 708
181 546
273 511
313 536
505 700
836 611
201 51
87 519
200 531
267 531
277 531
201 545
173 542
178 534
364 719
213 522
104 512
192 542
1170 124
276 598
1083 598
169 519
210 550
183 526
607 32
446 359
127 516
689 61
97 527
263 525
250 505
1075 699
245 506
613 0
955 705
1186 114
176 521
1144 129
1187 129
310 547
1176 110
252 523
301 518
318 533
319 684
452 356
1143 547
1075 672
600 616
91 529
266 522
233 518
116 529
261 492
1050 719
250 503
275 507
1062 666
858 476
973 664
212 549
242 505
158 534
162 532
187 532
270 506
181 519
159 514
661 216
1199 138
266 508
213 543
878 365
1039 705
113 507
296 512
417 129
534 129
1055 645
931 627
161 516
1099 692
1188 141
686 111
143 528
273 549
251 532
280 506
317 539
1199 178
292 514
113 524
96 511
817 558
210 533
786 711
1114 437
979 613
599 187
1055 693
186 529
806 5
149 541
193 523
116 508
1018 708
222 526
145 535
255 548
217 513
945 213
361 90
134 523
485 671
460 699
247 504
847 601
298 521
1044 647
159 518
86 515
271 505
1169 160
92 510
1158 150
219 596
155 536
1171 126
225 519
14 627
871 644
1212 208
117 525
561 713
290 524
143 541
518 363
149 514
128 538
1220 95
177 529
129 520
1137 660
307 522
231 520
181 523
1207 145
196 549
1010 610
124 511
1206 141
257 503
159 516
110 512
130 509
273 534
288 510
993 705
1232 132
1274 385
256 503
1064 649
161 524
509 719
300 514
357 652
256 512
101 532
277 514
137 518
90 551
1185 183
1090 478
507 141
1221 151
979 695
105 511
244 556
412 613
294 517
1116 685
764 370
244 528
100 524
138 518
806 518
204 544
213 639
208 540
538 679
232 353
646 590
326 544
208 551
225 526
204 521
910 695
295 525
249 517
1184 95
275 533
1070 680
100 540
122 512
254 547
550 75
206 524
161 518
875 216
744 710
305 519
158 537
182 546
113 512
145 355
314 536
147 538
237 650
588 372
315 531
1044 541
316 529
126 515
102 513
274 505
374 699
1150 135
144 527
381 543
154 520
861 506
859 537
166 551
132 517
1231 152
245 524
291 546
835 708
325 543
155 517
320 545
277 71
226 512
136 511
1173 97
259 526
131 541
226 517
264 541
1181 180
179 528
97 513
94 523
264 504
245 516
183 528
117 522
293 542
1209 191
106 524
224 536
185 522
228 540
143 529
268 521
1181 106
1019 586
1010 607
130 552
215 515
228 518
331 541
244 505
211 525
310 526
1021 498
1087 694
288 515
235 519
159 551
1159 146
330 25
175 520
147 508
283 518
192 528
200 521
261 511
273 557
189 534
240 511
233 508
366 681
199 531
305 520
221 534
400 156
269 518
152 517
168 538
1131 37
318 528
1195 178
231 522
1079 696
140 508
128 509
1161 230
857 603
608 335
146 512
308 545
123 508
1068 581
200 530
492 136
800 76
246 509
855 342
283 514
254 526
150 517
237 519
205 540
152 510
1235 187
818 502
170 516
301 515
191 541
230 512
291 512
290 533
109 515
274 503
318 537
136 522
118 526
133 512
281 535
1010 684
151 516
259 506
237 507
156 541
315 543
296 517
188 528
182 522
274 515
196 518
162 540
1205 123
264 506
293 522
239 511
199 520
227 535
1135 639
128 532
169 520
138 507
149 543
502 640
174 526
235 517
288 519
181 521
86 514
143 513
193 540
191 522
139 512
88 552
234 518
276 510
311 529
185 521
428 718
239 512
1232 142
225 537
260 509
319 529
195 534
102 515
143 521
472 300
296 526
922 51
181 541
182 551
144 509
270 503
141 525
1138 81
179 538
187 522
177 547
213 619
302 538
153 521
1226 183
237 518
136 507
149 517
253 536
281 521
299 521
280 519
698 0
176 524
404 623
131 509
283 521
154 511
129 519
994 193
227 516
994 619
1070 671
116 519
241 510
237 508
132 509
255 560
901 664
278 504
223 519
130 547
114 517
252 524
291 523
295 521
92 513
86 516
255 520
255 512
1126 681
114 507
1229 179
1165 15
188 519
189 523
202 531
278 503
293 521
209 515
137 528
249 513
214 34
249 538
285 511
246 512
99 517
266 535
247 47
714 715
330 552
361 27
261 630
257 563
271 516
864 684
268 504
178 523
697 698
278 512
1201 188
215 517
210 525
171 519
385 244
179 77
942 563
229 511
301 520
164 513
283 507
133 519
180 552
136 508
1187 166
1022 664
128 537
199 537
955 700
95 513
136 512
177 543
150 522
157 530
108 519
241 507
195 537
317 530
315 547
247 516
187 521
289 512
177 535
92 537
209 617
120 514
572 573
318 535
257 530
923 541
1091 520
1106 694
542 136
454 145
237 541
367 8
179 543
112 517
245 519
262 519
196 520
227 529
226 547
179 256
949 663
290 510
1061 601
92 548
243 511
278 517
564 565
207 546
152 539
194 525
122 511
291 511
161 542
479 666
279 518
1048 641
254 507
115 543
1177 136
158 514
1224 130
119 533
211 515
933 627
236 513
250 541
207 523
704 545
266 506
288 506
125 544
325 535
240 504
159 537
263 543
262 513
323 533
278 521
926 636
253 514
244 566
199 521
236 520
409 673
533 217
99 509
290 513
157 552
185 520
1037 627
328 541
230 507
97 541
102 517
107 529
173 529
469 695
197 519
258 528
591 205
239 18
246 504
324 540
260 502
219 517
238 521
740 339
326 357
173 553
261 504
274 502
229 508
144 513
894 232
279 528
1172 91
871 689
1200 191
131 527
273 532
1166 138
162 521
723 705
165 535
1063 630
1199 195
149 513
221 513
191 543
153 510
238 510
292 507
1185 112
208 530
955 703
269 505
132 521
157 545
1214 179
252 508
443 380
220 516
1163 169
180 523
226 518
254 541
152 509
165 529
168 529
193 529
162 515
840 494
328 644
1040 560
245 505
811 545
244 542
937 661
279 508
88 538
287 534
311 522
649 637
561 340
270 502
319 538
302 543
1011 334
1089 648
305 518
278 509
161 517
286 512
230 509
999 700
151 512
310 522
191 524
156 521
67 344
229 383
135 506
325 540
118 519
217 516
1214 667
108 517
541 113
1229 126
313 533
160 514
246 514
843 131
1190 169
152 518
121 508
324 543
195 545
286 506
208 532
1217 183
349 2
110 509
1232 169
177 534
760 713
190 521
316 534
303 528
266 504
325 605
197 523
641 54
353 698
105 509
1211 177
342 620
249 525
257 514
1121 29
260 611
192 525
249 507
475 135
720 268
237 509
233 507
122 508
195 548
247 512
119 513
234 344
1153 118
213 525
15 178
100 513
141 510
333 544
191 529
1201 141
101 519
270 513
1200 125
132 540
1210 163
152 543
985 564
299 47
240 525
158 368
201 503
248 510
141 508
216 519
186 535
302 525
152 512
323 538
262 506
277 503
1147 85
108 525
1153 408
200 518
96 520
978 673
226 514
223 512
1061 128
364 75
876 116
316 535
1161 132
217 531
295 511
296 632
243 608
235 514
94 517
399 123
314 528
141 542
179 523
181 513
290 522
165 553
1017 566
213 572
132 516
286 516
882 423
906 564
183 529
1095 205
108 533
616 579
1207 117
253 527
320 537
252 529
143 508
1053 525
251 513
763 337
110 507
96 522
124 522
1160 171
324 549
1088 557
1108 494
117 521
157 521
254 505
1201 169
295 544
198 518
612 108
811 678
232 511
224 512
352 554
775 699
271 515
1213 487
579 716
884 691
1182 180
836 598
242 511
93 543
85 526
306 546
222 516
1113 714
178 651
248 519
231 510
164 518
1170 136
306 524
321 540
601 715
120 516
256 504
200 542
198 520
1172 496
1161 161
241 509
218 535
286 511
424 64
129 528
384 622
1185 176
1189 187
1204 164
137 544
292 509
689 707
95 514
323 536
992 573
526 583
473 36
146 525
1099 687
164 529
196 521
247 521
1131 451
1125 7
216 556
200 550
238 512
178 540
149 520
277 513
1061 513
811 586
231 548
251 521
268 536
383 537
529 633
196 526
212 523
281 690
277 512
147 586
1189 99
300 518
278 548
906 500
118 509
91 511
458 709
231 540
377 606
428 488
245 584
311 526
156 513
109 538
175 521
314 544
118 508
993 657
196 525
127 536
112 518
254 518
1047 518
109 511
160 548
193 664
1157 108
1156 124
308 534
123 512
179 535
254 535
271 529
109 521
114 536
434 607
278 535
1200 192
144 526
979 526
58 624
313 547
168 562
210 524
266 536
485 75
162 517
100 516
185 535
232 527
467 504
795 709
1203 183
212 548
1204 130
147 511
258 504
281 540
936 592
177 522
183 541
321 548
208 546
750 603
216 517
154 514
252 526
269 504
296 542
89 511
1087 644
232 536
1182 144
169 605
1133 9
341 503
256 514
156 511
274 507
207 547
84 533
267 508
1181 178
320 533
909 714
238 517
1116 609
1134 346
749 278
1235 153
455 424
257 502
238 523
1187 160
137 510
162 516
270 516
1167 511
1192 154
307 526
92 542
895 668
187 538
1133 31
260 508
1037 314
733 340
1233 188
1063 561
114 521
262 543
989 534
981 505
82 520
350 11
134 511
150 513
293 555
947 525
159 517
256 530
131 533
1188 114
271 537
253 618
294 551
118 507
130 519
249 158
309 523
332 547
235 535
940 598
835 714
242 562
112 507
826 710
99 512
226 531
282 520
277 530
1151 22
412 715
810 135
500 137
146 347
304 531
94 530
121 519
1026 576
645 414
110 508
1165 150
690 698
235 513
313 571
813 76
163 521
1174 152
862 481
260 527
139 510
428 717
280 503
155 523
648 716
1180 99
77 357
249 537
1206 104
322 548
1063 643
174 519
292 520
283 556
168 517
1182 177
229 514
964 310
1091 705
228 127
194 529
89 533
309 532
1100 683
312 534
265 514
303 525
568 568
1148 584
351 10
1020 642
246 594
1201 175
1158 125
251 545
905 669
995 701
1180 92
844 414
193 518
127 514
909 613
1120 613
108 516
976 94
845 595
180 527
316 530
105 514
219 548
310 536
366 717
256 508
296 516
218 520
955 478
144 515
1226 163
149 524
254 557
11 430
249 542
1171 97
137 538
261 535
1185 106
322 631
258 651
292 541
782 585
584 687
140 551
161 525
1196 177
924 518
925 200
97 553
1085 652
1049 589
249 520
407 691
1209 25
265 504
268 503
279 534
289 529
912 493
239 519
160 520
396 345
167 527
604 3
837 392
281 541
121 0
259 504
99 540
330 540
250 542
715 713
384 712
104 525
14 480
588 718
93 515
282 506
106 533
160 535
108 528
278 546
157 517
1190 126
239 527
557 177
1205 194
899 631
410 630
312 524
264 503
108 523
925 712
313 719
960 713
202 519
306 523
198 538
228 546
1134 621
246 622
211 526
315 536
1055 690
1212 127
479 717
1156 136
1178 136
285 505
152 513
219 524
171 551
1160 95
184 518
170 548
268 546
124 538
377 374
908 718
642 652
175 535
178 520
257 533
798 293
1209 152
102 534
219 513
159 382
742 230
268 501
126 509
147 537
333 670
1207 168
136 517
89 353
310 527
472 40
100 515
1183 140
227 520
639 59
325 545
363 361
208 517
1179 169
150 515
146 509
103 549
928 633
412 718
317 540
182 553
189 538
941 207
821 662
939 632
1157 144
973 569
213 538
162 534
105 526
151 539
88 523
317 536
314 527
162 547
199 529
233 517
122 509
1117 39
282 527
312 529
277 510
294 549
215 527
1094 676
202 521
248 508
140 535
135 514
262 700
212 521
272 505
993 670
228 510
563 137
277 505
273 516
235 508
120 509
232 528
177 531
869 711
971 673
245 514
95 541
173 654
90 519
916 717
225 545
185 537
168 516
944 566
252 515
229 539
178 537
351 634
177 517
1179 137
264 505
327 719
98 532
130 532
828 407
151 554
224 513
1210 622
501 195
310 550
250 534
112 546
137 514
210 537
307 524
110 535
144 670
280 685
227 580
112 512
1088 650
172 521
264 521
177 518
1112 407
699 33
907 688
162 519
1178 144
1014 699
739 711
179 525
290 535
938 495
1216 125
219 526
153 525
272 511
257 510
111 514
708 706
627 78
830 625
1139 228
148 509
1199 165
243 504
278 510
207 530
1270 3
317 527
1204 151
146 510
160 512
1201 194
154 525
1172 382
4 86
1068 574
345 682
1049 466
171 541
221 543
1211 131
285 520
275 514
194 526
231 508
185 525
309 520
1216 178
943 514
195 527
1195 107
224 517
222 653
321 534
114 511
294 511
247 507
286 510
157 522
214 550
197 532
132 508
303 534
273 505
186 524
124 543
326 542
158 519
221 532
153 517
246 557
253 513
281 508
85 518
499 635
298 512
170 526
111 522
1018 459
110 520
100 538
121 507
187 715
144 511
982 513
327 536
267 505
1046 585
1164 141
154 512
829 182
291 508
210 518
927 654
879 701
203 524
379 639
256 519
299 519
176 520
1231 196
203 535
415 55
1026 634
223 525
267 553
168 537
141 512
194 524
122 513
278 110
1218 177
261 503
312 533
1042 634
296 514
1057 690
1235 141
90 534
133 541
634 714
243 542
1153 169
104 22
1052 669
108 510
206 518
1210 167
861 679
273 507
235 619
294 91
297 664
174 518
268 370
928 500
744 701
1178 93
175 522
409 596
209 521
230 528
265 555
93 535
294 532
300 521
225 509
561 622
247 527
206 534
1175 577
300 524
1191 92
185 533
310 541
972 585
311 553
191 517
259 517
130 524
172 549
1140 122
1034 452
192 519
1062 644
239 510
90 539
248 507
267 507
195 525
115 510
265 521
241 404
130 512
162 513
194 518
330 538
218 543
142 542
277 528
179 529
194 601
1064 695
166 516
388 203
117 515
220 554
225 512
195 547
210 536
174 697
1049 485
203 521
180 525
176 679
205 530
304 521
187 549
125 520
1217 187
328 544
218 516
137 508
304 530
306 530
164 538
214 538
277 541
246 536
306 536
422 687
285 544
166 586
1233 213
850 619
321 537
297 548
207 539
211 529
410 683
895 60
286 509
134 522
81 517
251 529
156 544
104 554
1165 76
262 502
112 510
165 526
299 514
234 719
92 530
209 517
1176 519
1209 133
148 543
248 511
294 523
131 515
154 522
1238 151
1187 130
226 511
190 532
290 508
213 513
1085 493
134 515
225 530
264 550
131 524
226 527
1189 100
148 512
257 564
189 535
264 528
266 523
146 534
1166 147
1168 169
260 519
139 513
189 545
1016 707
101 527
231 538
294 512
299 524
123 520
261 516
295 514
1198 203
983 685
211 522
224 534
137 511
164 516
180 531
319 540
336 604
236 719
168 527
148 4
991 420
873 509
1094 611
565 43
310 258
1072 138
198 551
225 516
234 519
187 557
253 508
1166 597
223 542
1077 638
277 516
129 517
210 521
128 546
177 523
288 523
1156 121
893 386
245 502
168 515
293 562
1229 189
106 507
1138 642
287 513
280 508
327 540
199 541
266 546
1070 678
339 716
187 520
999 568
279 512
1198 81
1257 558
170 513
45 105
167 521
1173 126
281 514
308 521
1223 173
113 519
36 92
798 693
322 115
304 520
995 643
116 510
291 540
994 531
312 537
303 526
859 685
135 510
225 104
171 531
624 83
214 535
202 518
265 505
251 509
232 510
316 611
342 53
270 607
290 126
221 573
288 531
1141 621
112 521
260 504
172 20
256 506
318 549
306 525
864 543
131 517
189 548
122 515
1205 167
1038 48
118 506
237 510
1183 175
1213 190
121 553
668 335
281 8
826 653
113 539
107 551
991 631
947 521
1160 172
150 543
1178 98
195 462
381 711
313 528
93 514
279 527
315 527
1156 68
251 517
285 512
192 544
1048 549
332 541
924 337
799 284
996 630
211 531
196 30
121 511
729 40
87 543
752 87
177 527
111 519
997 625
250 544
983 606
258 439
1130 663
171 535
212 522
704 360
558 71
144 519
146 524
920 526
553 378
221 515
220 523
1151 140
198 552
167 543
88 521
401 716
329 20
218 511
1214 159
1205 190
885 494
135 511
846 111
796 34
117 510
235 533
895 638
113 547
150 527
260 546
249 512
328 104
121 509
110 518
954 530
168 519
777 630
168 514
136 515
228 511
1012 693
126 507
277 508
1215 107
114 555
265 527
184 591
222 515
265 529
245 509
157 546
811 649
994 448
266 569
967 710
884 502
1061 496
707 152
295 516
714 98
250 628
795 711
340 686
220 518
316 710
221 516
126 542
212 517
307 518
95 511
206 531
102 518
1104 570
295 539
309 521
247 540
134 512
281 503
253 510
849 482
146 516
247 503
152 527
120 544
279 543
160 538
100 518
167 534
138 548
168 547
318 532
488 54
1172 104
133 521
273 522
246 607
226 539
325 538
222 528
922 633
1041 430
1111 301
1070 475
1181 167
136 543
254 502
228 115
290 523
1110 8
133 515
84 547
90 527
286 608
442 358
176 554
161 523
166 523
446 641
150 516
223 543
287 504
1209 184
148 557
1045 701
332 540
754 100
293 532
393 698
558 710
90 526
126 522
428 496
252 540
431 606
167 524
843 691
109 510
114 540
251 501
911 700
178 544
1052 674
138 512
209 519
387 717
356 686
237 573
134 546
183 22
1199 113
858 111
181 532
184 527
194 535
153 522
138 509
715 580
1150 88
945 698
1045 641
1146 100
1171 562
151 514
231 515
323 276
166 537
155 55
813 458
103 512
124 527
286 122
279 514
131 529
182 523
239 547
1079 666
922 687
307 635
1085 484
1152 121
915 608
599 22
445 60
298 517
250 523
269 527
327 539
1204 149
582 158
142 513
266 527
1171 138
961 665
223 513
629 69
278 502
131 511
784 709
132 520
1216 136
248 518
654 622
1095 445
158 523
114 513
127 555
144 510
294 529
523 503
834 685
196 533
196 517
867 696
309 572
109 514
121 541
213 541
232 96
208 518
294 518
348 605
874 658
145 546
152 522
282 530
330 83
205 524
204 637
297 536
1156 481
520 335
304 535
289 539
1065 14
169 530
102 527
260 512
275 502
159 24
273 509
201 521
172 520
1145 657
353 437
304 63
201 536
616 44
1219 197
97 511
1212 168
983 557
397 686
242 515
292 554
848 688
1205 184
606 85
187 524
1141 41
47 657
308 520
1208 158
1126 487
474 679
1138 79
684 347
301 535
168 521
224 521
1089 95
275 511
372 628
1196 144
124 359
249 547
308 531
163 538
244 509
1021 591
372 597
195 544
308 45
2 709
252 549
147 521
276 532
126 529
300 555
287 219
310 538
1224 129
1005 706
336 714
181 522
303 522
324 544
153 527
454 295
1168 64
288 524
389 16
133 520
267 510
173 526
250 506
889 571
536 693
611 297
151 177
277 507
210 515
260 549
222 592
202 523
787 263
1190 206
178 522
421 700
746 714
252 517
726 92
621 503
414 619
187 543
262 508
261 558
301 73
1167 138
484 335
282 525
219 512
1070 454
196 551
293 546
1183 154
244 516
907 487
259 510
163 517
205 517
145 518
222 518
372 703
1213 248
234 514
1155 52
127 527
260 501
1178 55
147 611
1117 561
1181 139
991 623
1154 147
771 114
285 509
247 528
156 522
1175 175
281 515
250 507
169 524
574 355
139 508
1198 126
304 558
775 703
88 70
155 513
145 522
155 547
289 559
178 535
327 535
751 270
299 540
183 524
825 679
265 581
201 540
1158 48
307 528
278 505
331 715
329 543
969 698
281 523
272 514
220 529
799 371
250 691
327 674
455 58
92 512
1021 698
138 510
251 507
112 513
136 509
276 580
302 519
1190 178
274 548
1206 229
316 532
244 506
253 509
180 520
232 521
113 534
867 633
267 126
249 511
179 540
835 430
197 531
722 370
213 516
1229 136
1007 615
982 701
260 708
1205 100
322 533
287 505
304 519
91 16
111 512
266 505
1205 136
139 507
230 511
146 522
834 711
158 521
1208 199
175 566
1043 3
258 535
98 515
206 528
215 518
392 704
361 716
242 547
829 27
211 558
208 526
816 698
318 699
303 717
291 527
234 529
700 712
243 508
251 505
394 3
332 546
147 549
236 525
258 501
496 132
80 528
335 715
469 133
229 532
194 519
863 216
280 584
109 525
985 109
186 522
265 502
301 544
285 504
106 513
194 537
81 522
281 549
937 665
228 529
123 527
225 527
172 518
833 196
190 533
125 511
130 511
1194 182
220 578
438 597
1116 48
132 507
141 507
322 536
94 529
1133 559
317 541
185 526
878 690
1167 93
137 551
270 514
293 513
256 529
456 675
178 528
301 528
336 577
110 519
87 517
186 520
125 515
1172 599
280 504
152 537
460 438
289 506
195 520
319 545
301 516
230 544
224 548
261 706
183 521
161 534
284 610
232 508
242 503
125 509
1008 719
1163 137
328 543
326 538
602 77
200 534
329 549
180 19
140 539
146 511
277 511
231 527
256 516
551 686
216 513
173 516
219 516
161 530
144 542
863 436
125 526
168 526
104 523
265 509
107 508
868 508
239 513
322 537
213 517
220 517
185 534
118 511
252 509
197 538
513 64
140 517
1073 227
637 510
707 95
374 1
170 521
274 504
1180 441
1201 117
225 546
170 518
105 549
295 512
189 527
1030 706
195 549
81 523
201 523
255 517
1021 571
311 525
221 511
153 514
297 511
453 650
127 539
133 528
997 590
102 552
1063 524
1210 208
377 630
203 530
228 509
213 552
172 541
957 526
252 505
269 506
592 583
280 514
169 544
652 28
1189 81
303 523
1174 82
1175 137
1193 98
903 686
217 548
238 520
914 516
150 535
105 530
72 464
231 687
613 687
1161 616
263 504
421 514
835 681
100 530
204 530
255 546
317 535
1009 608
286 504
239 509
1011 521
222 560
438 592
119 507
1194 92
1162 16
1222 147
423 56
170 96
135 524
163 520
103 102
202 528
200 526
1012 485
171 669
175 538
81 518
218 518
313 531
32 111
588 184
136 528
1167 168
206 530
149 510
332 545
232 707
859 178
922 593
267 602
316 531
198 589
943 635
224 535
315 529
165 517
107 512
215 532
166 515
17 582
88 516
259 472
308 373
319 94
255 508
394 73
321 538
307 538
142 511
208 522
965 642
309 546
173 385
261 532
297 519
249 514
239 508
301 153
522 611
159 513
262 591
101 511
251 511
814 555
713 622
325 536
134 524
1105 687
1202 120
264 500
285 518
194 553
951 298
138 357
1011 669
826 333
288 535
860 265
834 658
88 532
161 514
279 519
215 530
138 31
180 358
390 57
205 522
313 527
1135 82
1154 150
431 5
1223 161
222 538
143 525
219 532
302 542
179 536
964 160
294 510
1175 331
1008 108
278 511
143 518
265 507
1115 668
424 705
222 513
113 508
914 674
87 521
625 643
256 551
963 606
308 530
109 522
300 515
1097 42
197 520
210 520
214 518
199 522
234 517
119 532
247 536
301 525
149 519
171 539
1094 707
241 506
114 515
317 533
199 517
1198 157
275 503
104 509
313 529
965 568
1206 152
137 509
159 519
263 519
1159 154
161 510
194 520
137 532
118 512
300 549
673 108
122 518
1222 719
939 526
207 517
303 527
257 544
209 520
1209 180
263 509
237 549
288 514
258 539
145 521
307 544
1184 129
1198 200
1156 489
133 535
206 556
431 713
1061 501
201 527
148 508
157 516
917 614
1229 186
99 519
159 511
705 290
262 99
283 527
1201 191
307 530
310 525
119 514
80 526
1028 433
275 5
306 563
294 513
287 510
1178 181
155 510
1043 691
1103 631
731 238
123 532
178 531
321 547
302 530
151 509
920 674
97 524
837 196
1027 577
1188 151
184 543
125 538
187 378
138 539
319 533
991 546
313 543
453 711
196 530
304 527
213 529
148 524
184 535
153 355
308 546
293 516
263 533
203 547
990 675
107 537
265 501
181 525
242 530
1078 495
124 524
193 520
300 528
92 515
811 691
192 521
125 512
171 526
219 520
141 519
498 701
111 516
1097 591
931 570
209 539
418 709
1211 184
1160 91
992 644
276 507
