422 422
1211 72
375 713
276 689
429 494
642 519
586 526
306 521
335 531
836 521
100 516
1159 127
346 480
1058 717
820 474
665 89
856 709
382 500
517 675
445 503
621 661
1018 643
1196 415
405 494
513 682
294 536
965 475
521 413
457 480
801 487
340 517
1058 7
881 512
186 503
216 549
951 433
434 504
438 532
602 450
305 546
493 110
338 711
530 549
423 350
703 302
675 527
466 142
487 367
28 212
1048 19
1143 471
117 527
969 616
199 543
839 514
841 241
438 379
467 649
41 149
766 258
1115 671
619 478
412 30
714 518
448 712
918 470
752 551
789 633
645 480
333 500
20 145
684 374
189 717
1038 312
13 24
639 353
381 712
674 356
194 542
278 196
445 16
384 528
536 508
405 659
877 696
94 24
726 369
454 717
216 515
1048 423
230 375
911 553
1253 327
971 513
618 698
191 709
547 512
567 692
980 495
419 440
820 421
168 235
413 512
248 643
901 349
676 701
741 82
294 368
437 68
950 700
554 65
623 376
474 678
526 126
604 702
1072 712
246 523
768 427
422 362
460 439
184 521
163 480
886 512
767 338
1102 692
651 508
568 475
416 649
477 343
944 490
145 577
568 713
427 535
1242 567
998 476
36 671
510 525
786 707
176 527
1151 162
191 521
