530 520
539 129
314 499
538 530
586 690
1101 376
724 512
1032 698
229 536
397 475
333 718
172 486
645 696
601 510
687 479
201 494
483 713
376 518
848 447
556 717
508 451
254 496
135 515
245 485
272 521
1078 658
738 467
499 705
338 538
710 120
997 426
228 492
289 551
556 521
360 537
1010 457
556 239
499 413
660 501
390 423
518 472
412 372
186 495
400 511
304 503
362 699
78 507
259 648
1078 439
431 378
1056 567
612 428
572 361
769 125
672 108
611 413
1254 270
733 694
590 440
154 527
347 142
138 316
937 441
712 664
913 163
782 346
446 477
910 148
1181 177
703 431
206 507
1228 243
853 671
829 522
335 361
484 707
122 395
327 387
131 567
150 489
950 496
207 495
307 591
482 578
447 544
291 482
516 495
885 379
213 512
373 520
205 714
495 491
754 357
958 266
148 407
854 514
209 523
387 15
304 660
423 495
544 373
132 452
294 545
986 375
1240 222
140 534
537 361
818 628
1021 679
594 403
1220 253
564 645
27 53
11 381
218 132
116 363
829 702
803 699
629 538
410 459
136 621
592 538
587 459
697 675
507 536
508 393
42 19
916 664
595 373
339 450
310 442
135 526
212 505
975 699
248 700
702 451
453 525
543 183
196 527
537 473
247 499
696 353
