165 526
558 625
1104 510
407 495
738 701
415 492
622 546
918 379
840 435
506 494
243 519
399 443
215 640
589 481
25 492
1245 173
1256 597
591 245
240 516
656 509
1166 87
414 542
760 541
438 580
392 552
148 649
866 668
143 528
993 38
275 33
1074 559
134 69
255 325
92 233
720 543
405 630
430 2
1210 209
349 523
650 529
126 491
421 445
610 433
144 497
1210 186
1229 243
561 479
552 522
512 514
337 679
250 522
410 491
1035 521
324 493
1246 153
1001 581
820 467
743 461
39 521
955 456
640 414
347 488
381 483
539 426
98 299
331 512
232 490
1073 102
356 146
238 425
939 703
143 511
356 662
1126 128
