250 495
555 411
922 645
1091 256
533 562
881 689
965 380
1070 16
263 649
181 159
170 487
1047 442
612 119
141 437
243 180
1033 408
447 152
722 111
13 459
559 261
243 699
1265 557
609 132
81 380
120 267
877 5
331 661
528 549
1193 151
556 547
845 516
73 41
305 536
230 547
9 407
154 696
496 65
617 442
1266 250
399 324
1201 221
362 383
1059 153
774 487
111 492
267 625
438 517
99 473
832 455
1050 533
836 101
1053 109
645 543
1083 336
209 13
913 590
220 465
434 502
891 553
552 546
100 351
204 425
540 392
294 343
358 617
371 430
745 660
138 519
487 557
559 718
643 534
