831 702
693 495
1203 315
400 147
173 525
454 523
404 555
1226 565
888 403
919 57
113 561
161 533
187 507
447 487
569 48
178 409
430 555
49 641
307 508
416 359
381 552
529 497
877 498
720 496
42 16
299 551
670 480
209 427
329 327
198 462
1252 213
1266 701
10 113
535 493
647 406
741 187
1026 363
21 127
905 482
112 527
1235 630
753 423
688 475
760 485
258 519
745 517
709 589
818 97
810 289
1144 507
428 497
161 560
468 408
21 555
832 13
644 481
596 293
114 406
585 531
547 527
702 709
12 116
321 578
459 526
750 135
435 447
440 499
100 425
299 556
566 433
1171 220
72 381
912 583
314 527
393 489
984 226
175 431
954 46
358 522
1257 680
84 177
516 586
