1168 183
557 424
939 107
157 404
915 409
458 549
507 332
862 522
201 207
587 356
327 361
287 177
73 253
310 591
905 439
56 649
957 601
473 134
737 46
53 648
232 560
41 714
770 341
378 543
517 591
624 547
207 559
1010 531
1030 473
1 477
968 182
1036 517
734 444
820 501
526 512
1099 239
999 571
361 504
452 409
506 487
442 556
1260 580
171 492
432 643
244 487
222 554
921 547
629 488
197 479
453 570
349 419
513 682
599 663
199 503
548 523
293 455
445 715
532 382
14 634
933 694
104 551
686 503
254 523
272 496
862 403
737 89
170 511
482 41
