851 641
276 154
233 502
844 492
304 325
401 550
217 560
152 412
409 554
303 495
570 484
492 129
316 561
962 163
684 438
545 463
252 549
641 79
1106 369
859 471
506 420
340 499
958 70
812 431
380 135
974 665
356 368
334 398
574 441
432 459
1183 397
423 608
418 387
577 551
1087 650
429 717
403 715
826 597
437 482
133 486
357 557
1127 53
880 282
482 381
349 523
115 473
801 665
576 710
281 62
541 539
923 436
68 394
635 484
559 150
575 512
82 9
1148 492
117 426
879 553
966 679
536 590
536 590
946 28
667 364
860 171
1117 187
305 550
1148 622
523 144
832 263
