822 701
1033 617
869 706
1004 679
451 75
419 701
933 650
370 702
965 684
200 656
819 311
1006 679
339 717
337 621
1002 137
402 646
891 594
865 695
1122 696
978 703
631 419
399 547
643 447
1114 712
126 537
564 42
295 375
880 695
818 642
335 684
369 693
423 714
415 706
1033 607
417 712
885 670
887 677
196 480
1015 685
396 709
842 616
437 615
394 711
1006 715
365 523
1015 698
967 691
1078 615
530 592
559 24
784 712
655 706
987 649
313 719
1023 614
400 714
366 717
406 717
947 636
686 703
372 716
1080 617
985 510
1122 15
387 718
923 680
1059 656
1065 683
248 633
709 710
42 586
844 498
392 713
355 715
1034 700
436 717
228 664
910 690
852 691
1115 617
391 715
220 376
830 341
864 718
1006 590
317 640
375 637
367 716
247 679
867 718
1138 492
875 707
397 717
1103 622
913 691
1057 696
1024 706
1007 651
474 717
945 692
407 713
1115 706
421 710
460 714
406 36
1018 678
909 708
468 702
195 718
994 630
890 707
941 718
423 340
1049 629
827 671
1079 315
1092 622
1022 695
204 626
895 692
405 684
945 649
947 656
434 712
631 712
476 61
1120 607
912 687
386 688
1095 689
609 275
1003 649
925 708
864 612
904 651
445 717
858 564
1054 677
1042 718
1010 618
887 712
1106 676
924 665
332 611
395 709
353 639
395 713
978 718
652 578
406 665
851 694
1126 558
406 715
877 677
549 223
484 713
222 345
1090 687
251 716
915 679
630 15
1097 24
1109 683
600 698
636 716
1051 635
1057 5
1060 605
639 715
1088 672
938 350
1032 690
292 588
855 658
883 593
1026 702
383 717
393 713
374 674
328 681
1122 659
393 716
404 83
885 318
38 70
537 362
281 101
387 595
937 702
1100 600
997 666
1007 666
1085 655
837 711
1037 711
940 333
465 718
627 718
854 703
927 669
394 717
243 690
829 528
1023 687
339 642
853 673
855 661
362 713
292 71
1089 603
764 698
920 698
1077 702
203 705
1089 621
1156 43
1116 664
932 681
246 718
367 713
1003 700
272 643
365 663
687 715
363 714
466 704
1047 712
1023 633
391 712
1109 604
1064 701
1021 628
511 611
1140 43
346 706
1070 711
753 708
240 598
857 578
1083 712
1101 640
261 157
103 386
70 44
1121 671
456 681
323 584
911 687
858 683
588 71
329 715
932 480
905 280
951 693
1025 633
35 51
268 714
718 713
673 58
357 719
881 691
1048 699
356 710
927 499
835 675
874 694
629 719
401 717
906 698
367 715
1070 18
951 627
972 623
463 714
910 682
800 704
400 710
923 658
298 376
517 650
368 716
542 716
922 682
943 696
990 602
276 104
901 695
442 715
450 73
256 696
990 661
872 632
958 619
573 663
604 360
969 680
596 32
416 627
374 714
1049 688
618 716
1052 651
675 704
408 705
1011 706
850 687
371 718
1011 644
302 599
882 712
218 713
829 684
997 295
390 701
925 681
953 693
1084 700
319 521
779 706
416 717
6 503
414 713
876 644
949 710
388 717
1017 680
422 709
995 696
966 613
963 665
265 716
912 705
958 711
903 714
320 671
345 633
883 674
986 674
907 620
509 711
432 716
453 710
995 674
1027 664
219 681
365 706
252 462
14 654
832 716
1025 712
867 696
824 590
876 698
400 715
318 712
315 517
945 697
1059 591
1126 656
936 666
1068 666
371 712
994 716
1083 652
211 509
1010 648
597 716
474 718
1070 695
998 680
587 712
732 33
992 646
395 719
401 703
976 699
926 708
823 679
721 704
549 338
968 687
1073 657
1020 703
342 587
387 684
444 684
824 697
714 64
264 627
320 611
408 195
398 709
989 688
715 710
370 710
257 713
1101 598
773 714
1108 637
988 622
358 677
1131 606
404 715
926 651
549 714
585 591
1066 708
15 128
879 697
243 682
957 627
907 674
879 683
848 633
935 688
816 631
1058 632
1022 655
192 364
594 713
179 19
944 673
429 284
451 662
1025 694
502 680
408 714
958 621
992 603
1036 675
968 572
594 702
991 660
740 704
1135 573
365 719
410 70
285 177
200 718
956 698
247 658
951 644
298 686
407 349
44 76
827 542
1115 693
444 398
803 702
1086 19
204 710
493 535
481 355
1113 696
954 682
882 683
1009 645
399 712
448 623
387 717
1030 660
293 650
1107 700
1130 624
1130 35
555 621
354 685
52 124
908 693
362 697
446 685
219 647
325 706
318 711
415 707
1015 695
372 676
378 667
362 683
1092 719
130 546
184 500
970 139
428 691
189 717
198 32
839 703
979 693
661 266
868 614
760 102
397 712
395 684
1076 667
962 718
975 708
595 386
795 263
295 718
404 646
531 707
411 655
548 33
592 579
303 651
1007 681
929 667
885 435
47 10
345 702
716 39
772 33
248 673
280 381
211 717
890 716
298 719
405 712
1092 614
115 498
411 498
391 716
911 693
571 504
35 642
584 693
396 713
479 711
1064 691
907 653
913 688
468 626
914 678
826 82
618 107
982 679
333 485
380 719
242 711
782 106
617 719
1041 694
1093 683
998 666
635 306
562 517
740 335
925 719
462 712
175 428
602 359
478 717
306 633
1086 619
854 705
395 708
447 679
369 714
1014 653
872 691
884 693
986 717
932 428
416 714
387 719
396 710
299 713
942 673
979 697
436 718
680 98
943 712
393 660
903 632
1070 671
364 715
356 713
578 718
365 621
1007 656
819 695
213 526
397 709
447 707
588 177
171 543
389 716
919 603
887 710
991 652
292 607
407 654
475 18
370 716
863 684
975 719
367 712
322 707
553 341
949 670
983 691
896 611
386 683
412 612
924 710
1019 688
385 654
1102 646
1061 629
814 699
875 673
832 719
857 698
885 719
896 654
918 682
386 664
922 695
1021 715
1085 426
872 460
483 715
843 374
904 599
391 714
422 596
348 715
632 299
957 669
401 709
371 716
888 700
637 715
1089 665
357 710
885 586
255 539
1050 665
364 83
401 718
859 694
150 370
333 641
847 714
1023 669
561 708
942 697
397 713
466 483
903 680
1017 598
1013 687
256 620
630 708
1012 714
803 718
491 711
397 716
926 712
225 502
355 716
1060 707
370 712
401 71
953 708
861 674
915 717
1054 688
403 711
369 712
359 704
470 569
369 700
412 709
507 654
397 708
358 716
452 654
535 711
957 715
446 719
928 678
878 705
923 719
845 693
343 679
290 719
660 716
943 648
597 715
1145 601
399 719
281 675
421 659
842 702
896 610
399 683
889 683
1088 648
361 707
295 719
399 718
660 701
683 707
826 707
881 714
661 715
738 715
1017 655
1112 596
532 709
896 622
447 700
967 705
391 696
566 505
991 680
314 716
913 710
863 693
824 379
816 685
1083 618
280 637
826 717
481 491
366 714
393 702
847 698
1012 695
1139 581
563 134
881 669
262 718
179 22
841 682
396 711
404 708
898 649
434 719
931 703
355 712
1109 672
370 719
1059 687
1100 660
903 659
817 684
394 712
593 713
1027 704
897 695
985 707
919 674
1019 680
143 351
758 214
839 707
837 715
222 702
227 713
1058 650
750 719
266 707
507 563
405 618
4 28
522 487
387 716
389 713
1063 704
1057 692
426 710
240 719
478 8
378 672
1020 672
972 718
924 692
653 712
829 712
372 710
1148 618
914 681
973 716
368 708
949 696
997 647
374 719
426 711
320 702
801 707
826 708
427 714
395 715
1109 629
878 700
1031 708
1079 664
773 55
836 709
340 381
344 716
870 679
1048 676
1098 692
300 682
900 676
857 686
1005 704
947 655
362 710
444 708
1003 674
1067 651
382 719
920 663
537 494
285 714
323 716
979 665
1028 646
314 505
632 718
351 715
197 659
173 628
435 673
893 675
1018 705
185 717
743 702
452 711
996 700
404 717
381 665
1024 683
253 694
404 578
525 519
965 698
354 718
952 700
494 95
450 701
1114 634
223 680
393 718
372 719
604 605
863 629
973 693
1106 41
842 692
455 376
386 715
369 719
363 694
839 711
426 677
899 655
302 618
1086 654
837 698
589 703
1130 677
1135 648
1007 717
219 353
316 711
922 666
858 718
519 623
453 626
407 711
762 96
314 671
369 702
948 701
1026 676
343 716
853 682
601 633
976 690
917 683
1162 41
917 708
872 710
416 716
787 371
887 687
916 597
383 719
957 713
766 719
339 355
399 711
420 712
477 85
910 694
1022 694
980 696
193 356
402 716
847 619
926 669
327 701
871 701
917 676
395 617
285 3
319 672
890 702
987 683
940 706
994 676
1121 653
327 642
498 715
956 681
369 511
1093 20
819 703
1026 652
1098 680
320 678
1082 708
398 716
1068 705
421 642
409 711
393 717
369 709
988 643
1082 652
923 693
546 658
995 639
298 344
1223 509
443 716
364 707
588 718
532 699
288 591
870 705
1113 711
451 717
542 717
894 714
459 31
571 48
850 699
521 714
849 701
368 678
438 715
248 698
921 719
1006 719
592 709
852 658
944 710
577 83
938 696
998 581
314 629
370 714
914 717
955 678
224 718
329 718
458 631
987 647
467 682
1040 674
394 669
413 719
471 711
1073 675
418 649
322 715
972 663
887 669
1130 636
857 704
394 713
964 697
911 644
768 76
442 719
551 50
924 598
1121 629
254 680
344 658
1004 605
1150 11
371 717
457 717
426 706
408 33
880 658
364 711
1045 711
471 661
1005 647
976 710
340 637
565 70
814 716
1029 711
867 707
1000 716
1016 685
1230 480
1069 713
952 685
956 696
844 703
484 716
271 690
1098 684
1108 677
254 690
633 623
1056 656
437 711
948 698
210 716
738 26
1053 695
851 627
415 717
400 666
737 76
962 660
989 616
676 719
338 673
848 707
450 307
847 716
929 680
818 699
943 694
400 717
697 367
948 684
1093 708
842 618
968 646
301 718
381 718
942 711
1010 707
1014 675
674 623
914 682
944 697
987 716
1008 593
332 558
389 718
50 82
1113 14
738 704
1123 642
94 688
1010 672
883 679
1082 618
716 628
1036 652
837 626
346 666
468 698
845 700
352 686
187 622
975 705
652 714
822 709
367 717
329 719
912 691
24 67
967 651
963 683
473 717
258 715
304 699
244 712
631 716
862 706
322 668
959 683
1120 605
439 665
568 716
170 30
931 437
784 609
1222 693
335 714
411 714
974 714
590 675
414 712
257 613
440 711
938 651
69 336
827 710
919 709
944 688
407 682
1095 657
326 546
507 705
271 711
1081 593
835 618
406 709
467 709
968 668
862 708
222 714
1072 641
448 67
208 707
880 691
1031 682
269 94
353 708
942 554
1075 690
892 693
1081 640
791 707
990 227
929 697
973 258
468 629
991 711
1104 675
482 131
222 682
338 701
300 578
1031 650
478 354
413 613
592 715
324 700
418 714
405 342
913 719
969 655
229 345
228 646
609 94
956 690
954 701
1107 634
857 699
901 693
475 692
1005 605
152 621
438 662
857 661
388 78
421 639
934 689
830 710
931 718
971 62
987 634
439 602
989 681
338 711
521 101
703 330
274 719
710 719
638 18
151 352
458 703
384 392
773 715
922 304
375 645
375 718
902 677
275 613
874 654
299 334
183 359
1076 588
903 45
1070 654
1007 679
603 340
954 681
1086 692
322 695
604 643
434 523
1105 674
431 707
338 709
934 661
834 670
854 687
352 651
839 708
1088 695
592 103
890 698
416 715
3 656
340 716
1049 715
690 115
310 626
713 708
451 374
146 375
423 679
982 677
436 647
413 659
1042 659
833 714
398 710
365 50
691 337
845 705
402 715
424 706
936 693
289 635
1010 711
830 683
416 52
599 707
1101 702
1117 665
997 603
863 671
328 683
355 705
522 718
368 709
440 709
859 702
326 620
1109 691
1067 681
399 717
461 703
954 694
977 701
519 466
457 718
989 669
1074 709
451 481
1014 401
572 157
862 714
982 684
788 704
920 679
884 698
572 111
306 712
81 42
896 597
1005 618
803 695
850 659
1104 663
1076 2
877 708
1019 712
443 664
380 718
248 674
569 663
1034 696
221 362
304 126
391 700
390 716
1048 709
1141 518
748 175
799 707
399 713
362 704
382 718
394 718
239 657
280 631
420 709
554 709
589 707
878 706
414 710
923 679
536 623
463 667
658 385
346 712
851 700
869 707
1065 707
816 691
477 669
252 715
413 676
862 607
597 200
1067 710
1024 664
526 716
971 703
1005 696
268 591
854 717
396 714
986 652
893 648
899 705
316 718
875 60
485 637
1136 643
313 662
327 718
1038 633
651 713
1145 18
1070 707
1098 712
1015 666
300 598
436 712
830 707
1041 691
691 717
974 711
955 693
542 714
322 712
940 574
890 656
268 107
1006 701
698 711
553 78
822 659
967 686
348 646
373 649
1116 682
1143 32
878 707
859 688
862 684
31 157
202 371
406 719
877 662
1033 702
857 688
988 707
1107 689
720 351
693 708
1066 21
925 698
635 714
318 562
320 711
862 422
367 670
906 654
426 649
920 686
394 640
834 691
1108 706
401 713
429 431
876 677
288 628
696 704
1069 674
863 705
439 712
365 707
950 689
564 50
558 703
186 666
289 711
1042 711
859 656
941 668
1052 709
902 691
932 670
449 719
494 572
344 574
1131 646
513 614
394 420
241 688
941 702
1160 607
939 622
407 716
827 718
118 364
642 715
865 676
332 566
372 695
981 674
576 703
956 606
848 711
333 617
350 704
964 595
1228 677
1144 639
235 712
294 347
917 604
769 718
1037 644
818 704
921 668
418 708
426 0
960 689
464 701
189 369
285 705
962 642
974 673
265 714
227 340
996 699
479 682
907 695
899 714
564 645
826 681
565 524
433 706
417 131
845 717
1012 700
313 693
891 714
544 705
904 596
271 707
598 417
864 676
816 713
1153 612
540 694
281 656
189 666
384 719
1137 13
331 681
865 646
1090 700
923 695
1021 602
753 34
799 719
203 482
236 645
833 672
358 91
412 719
933 711
1209 3
80 516
347 717
372 718
982 704
646 713
448 298
1023 702
362 703
994 692
718 106
1133 647
136 641
751 711
397 678
995 698
397 711
1056 707
457 716
981 689
329 717
458 717
966 682
480 93
907 702
246 358
676 126
321 677
337 634
932 656
843 624
1155 274
861 676
706 367
505 676
953 605
574 717
1022 679
299 155
1009 705
889 681
767 364
83 7
978 715
871 691
665 70
379 718
860 714
815 655
415 699
371 681
834 629
367 698
983 666
855 667
217 717
1104 26
321 562
421 85
996 682
717 708
820 702
1041 665
838 580
469 637
467 706
823 691
392 718
855 689
1047 703
391 717
315 115
415 665
1082 674
1063 666
898 594
697 217
1088 662
965 644
544 541
227 717
417 711
909 679
836 703
1040 706
391 718
1032 709
347 534
1168 565
462 707
1115 18
399 709
944 686
1139 656
203 147
438 676
903 679
428 715
1064 664
849 679
733 65
1052 696
375 709
453 74
1022 652
405 665
962 704
834 640
633 277
369 713
413 710
296 616
763 14
904 699
660 704
1115 692
250 680
1156 55
1018 700
333 575
1022 633
433 681
479 135
331 641
1047 700
214 718
116 388
912 684
712 702
906 711
677 631
569 238
219 673
876 662
1028 703
432 619
401 710
637 717
535 253
478 693
244 593
537 660
375 696
881 623
351 704
334 376
476 697
860 683
956 714
410 716
836 695
1046 705
937 627
618 707
982 664
612 712
1032 597
1040 647
900 687
1015 676
1100 690
529 714
353 678
881 675
331 698
878 712
986 647
710 701
883 682
365 713
854 685
1052 611
1092 672
897 712
924 680
448 294
460 718
1116 675
907 669
1148 649
902 607
847 711
983 641
386 719
397 405
1117 5
913 669
307 546
246 693
1096 664
106 315
359 712
363 712
429 712
968 671
964 604
1047 615
383 630
897 718
1049 649
395 664
428 719
208 643
344 719
377 719
390 717
384 659
1078 687
980 713
968 650
905 707
857 666
1052 644
42 99
400 713
1035 472
883 678
400 712
900 686
308 645
313 711
690 701
842 652
219 658
947 705
980 661
473 712
929 675
388 713
799 705
629 446
827 694
997 681
917 703
516 711
937 672
189 719
292 719
539 261
807 711
203 550
281 695
503 581
847 676
853 703
1072 687
346 617
876 675
674 101
84 22
1029 699
872 690
371 719
874 703
327 719
473 718
583 601
877 370
843 689
749 584
328 719
944 685
1036 670
904 682
286 628
896 700
365 710
868 511
191 718
401 712
1029 644
328 309
936 686
713 714
837 640
437 103
597 699
821 664
1074 656
885 667
354 637
487 695
842 682
621 714
910 707
823 694
1224 558
880 673
849 603
853 719
487 602
368 714
251 694
317 717
1105 638
405 643
1127 600
736 698
1079 598
885 703
387 672
1102 662
677 708
990 706
607 154
1001 670
338 716
1100 3
238 653
936 685
949 666
1002 691
776 705
840 694
352 678
948 538
273 706
962 675
93 546
389 715
1008 693
682 116
895 713
895 628
416 77
1086 670
477 694
559 719
377 718
459 636
377 716
386 716
240 714
863 688
387 77
469 380
1137 667
632 41
353 717
398 649
366 713
398 714
889 617
405 340
1062 710
378 717
878 648
271 638
932 692
869 714
342 672
1060 709
730 695
357 658
919 687
390 715
384 714
430 710
342 715
287 718
944 716
392 716
232 18
876 645
408 717
766 615
390 355
840 705
893 681
370 39
1113 679
374 711
509 116
1004 661
323 698
382 101
369 717
349 715
1078 642
371 714
293 615
952 646
831 688
322 615
1089 683
956 703
542 709
711 715
427 619
178 718
