1081 619
100 555
738 92
449 697
447 553
775 493
1017 325
1258 665
7 54
632 506
562 544
883 446
678 451
11 27
416 94
331 668
802 422
505 328
702 680
427 507
877 713
463 0
493 445
47 397
539 509
799 521
444 714
250 562
1160 418
638 439
281 535
284 513
1040 114
810 530
317 558
398 321
6 277
996 499
596 293
866 116
5 202
913 536
423 526
877 141
62 78
582 535
248 416
351 516
457 546
1192 493
334 537
84 419
797 470
349 496
108 470
313 491
649 471
1010 296
889 342
1205 196
435 386
531 635
418 552
205 583
1086 692
1060 391
593 529
644 600
418 69
1232 346
1179 172
398 555
918 189
547 505
