1077 560
668 311
542 209
118 391
367 531
857 525
328 32
668 441
386 677
446 524
333 552
610 669
532 520
1050 463
752 545
556 547
316 715
632 405
398 551
91 575
673 150
783 419
523 547
148 595
1223 174
427 507
341 362
576 453
112 527
211 637
380 549
13 267
679 585
892 425
481 635
481 655
444 312
113 504
298 552
997 284
112 438
519 648
597 493
176 534
888 558
915 186
4 123
548 690
308 444
154 619
320 716
1177 121
291 383
331 554
449 445
21 102
1178 141
861 86
784 188
778 78
644 488
718 146
574 434
139 562
220 536
306 679
875 324
1036 571
650 482
