306 74
805 463
298 676
3 537
545 394
258 542
1214 109
1160 381
407 715
658 554
1078 719
1 228
1063 325
499 418
505 693
634 497
721 660
497 90
439 716
152 327
1189 166
103 472
741 629
255 512
127 444
1088 702
304 535
74 95
1170 70
625 394
89 42
729 481
525 649
296 13
1175 536
557 533
607 517
879 394
1073 20
270 540
873 544
659 448
501 531
109 376
398 713
1080 707
629 590
439 714
933 291
549 718
258 629
315 566
1274 596
884 73
545 477
1022 177
1244 583
1198 491
14 27
151 500
330 553
790 532
362 717
419 0
320 553
537 484
