1147 602
780 414
12 49
131 543
508 510
297 301
266 492
141 408
616 707
613 539
292 557
267 416
160 540
177 490
218 510
251 489
352 446
429 519
30 713
1219 333
452 239
687 621
756 618
837 121
700 563
84 528
390 545
830 161
158 504
1082 373
859 283
224 511
916 596
326 486
582 282
918 49
193 499
685 370
1122 265
716 408
1180 184
444 489
321 484
372 498
38 142
439 281
134 515
1180 141
174 384
295 402
468 554
119 562
553 536
1081 575
890 447
308 507
1139 593
909 555
715 535
103 381
41 137
561 415
160 431
534 595
534 413
109 525
848 263
165 502
149 471
653 715
312 485
