125 531
699 312
535 28
432 428
257 545
1005 587
150 465
1121 436
283 43
676 441
1144 98
798 406
799 400
482 496
371 489
901 505
339 505
36 631
9 202
919 578
128 433
255 487
719 539
414 667
1200 217
552 430
1042 606
867 487
890 635
991 507
468 526
189 379
385 488
105 428
477 538
276 547
357 553
1121 489
1009 409
152 559
805 693
365 380
332 486
97 26
984 528
696 314
21 712
847 418
1204 328
1149 564
412 553
269 484
898 20
29 89
41 698
23 688
870 471
871 523
688 475
857 49
350 449
333 602
725 332
881 661
1221 620
900 396
422 382
315 368
117 562
957 477
73 522
326 633
149 513
252 503
467 484
1220 154
258 719
429 545
947 455
578 546
342 489
109 9
276 564
551 719
624 501
