612 464
820 480
731 610
385 259
1010 455
426 291
999 398
358 546
0 115
213 566
165 526
402 445
305 719
229 402
332 524
984 351
695 448
338 523
390 514
231 583
157 360
22 250
390 164
465 380
563 386
620 437
95 514
990 62
324 398
781 467
558 489
18 574
275 325
688 168
472 123
730 700
883 505
475 692
46 136
573 479
669 564
175 534
624 534
270 446
759 407
872 612
851 24
800 517
36 640
894 523
1064 409
172 533
842 680
1135 544
403 718
656 369
1062 519
852 468
625 641
473 431
64 17
1091 618
628 428
1166 548
53 625
312 389
31 10
505 414
