1001 456
273 244
956 476
158 515
772 445
171 497
525 481
253 262
544 450
430 34
839 707
1026 705
709 345
1024 546
572 523
548 123
458 568
369 644
202 438
358 505
578 508
533 500
194 442
565 550
1225 612
121 452
353 663
1043 516
824 455
13 542
59 671
24 696
990 379
892 325
854 545
385 660
909 673
953 419
15 87
1147 167
27 0
643 128
211 548
792 444
192 525
1100 523
1249 385
575 485
751 98
732 421
327 693
1021 705
96 460
1007 531
660 453
915 355
1194 543
896 409
944 635
354 132
247 415
680 205
525 392
822 670
830 205
778 562
683 412
801 391
