854 340
158 505
1202 398
127 444
203 556
1036 129
307 526
482 717
874 399
966 43
465 719
643 503
393 530
149 650
589 481
763 102
575 550
758 247
200 553
114 492
1180 88
683 513
539 509
507 589
968 560
1083 569
478 550
52 25
205 466
523 548
818 577
197 488
444 535
694 607
118 494
1156 547
723 714
214 140
419 405
1143 74
552 55
1042 552
609 485
484 501
461 493
565 718
872 541
221 301
886 518
985 6
519 524
836 101
97 401
530 538
638 526
352 555
815 550
1031 478
176 500
11 32
406 479
537 530
702 510
27 126
909 496
137 353
524 382
449 545
542 458
279 485
289 407
837 505
982 354
433 719
372 558
482 496
552 403
352 546
593 489
392 560
972 326
276 658
519 157
951 659
