1006 500
322 602
735 528
678 531
237 497
1054 140
155 520
577 103
762 515
654 666
182 526
526 341
208 116
658 460
1032 101
731 711
957 49
306 491
656 677
856 448
16 110
516 715
189 524
82 530
636 535
1026 358
613 637
1109 160
408 457
954 36
1144 159
164 551
756 460
960 416
405 469
491 311
531 410
428 533
1209 410
799 518
902 348
736 359
1069 687
149 559
819 318
972 458
302 484
622 545
451 531
567 529
454 718
522 501
163 469
144 357
888 553
893 507
561 521
338 523
1192 534
270 321
499 482
434 447
390 716
