907 445
580 390
168 366
983 492
153 564
38 119
445 504
1078 473
212 499
285 403
1213 310
813 648
551 719
591 532
1152 546
1102 23
19 652
1045 493
176 546
601 508
350 254
275 402
346 390
182 626
1011 311
35 529
546 591
515 485
1277 590
403 176
1092 100
34 540
985 580
347 364
1033 679
308 393
856 473
968 447
468 492
926 12
471 542
749 476
255 488
261 498
541 488
355 187
539 509
277 527
972 715
849 534
453 544
172 548
113 500
229 487
154 428
228 123
412 554
777 534
960 561
496 656
835 461
309 653
1043 448
270 554
124 488
1084 317
862 579
867 449
555 478
378 543
676 543
168 532
615 535
537 638
991 559
569 718
