808 669
488 139
242 685
5 202
1230 292
921 638
222 37
246 125
1041 165
257 207
514 225
739 250
485 196
803 382
857 428
403 469
727 671
172 264
104 449
556 354
1276 415
119 327
1124 213
1120 210
1052 251
155 577
898 372
318 708
877 77
1230 451
726 94
966 155
525 211
971 13
412 41
785 684
1221 199
574 424
703 239
946 455
488 206
1265 596
955 126
697 445
916 430
36 13
663 240
840 250
1266 572
100 175
941 331
1197 405
996 217
964 338
418 326
1268 165
657 82
681 82
416 408
437 29
1155 629
966 12
390 238
408 47
273 386
18 35
1143 254
938 252
442 166
730 385
1016 73
