358 409
453 468
505 661
547 175
1046 307
993 249
1001 29
370 170
822 169
722 683
1085 280
498 564
164 238
1087 109
496 361
266 264
300 1
599 464
1027 90
1012 243
544 30
270 647
539 495
52 153
892 186
1080 213
1020 48
326 681
630 128
879 599
917 133
209 229
45 260
948 257
559 548
789 148
669 376
86 531
413 79
845 597
917 233
169 82
254 229
853 59
49 552
283 137
221 647
347 133
567 652
191 158
594 117
927 153
500 500
374 187
111 512
469 472
1050 52
273 324
580 631
974 660
322 356
306 465
1009 55
518 18
876 490
811 651
423 111
