390 603
212 213
954 606
502 25
863 701
1147 156
349 388
1271 316
409 679
1071 66
1040 335
852 255
233 532
1084 178
494 513
670 64
708 10
839 248
739 133
801 252
316 0
1255 511
993 49
855 651
457 715
226 328
873 691
212 646
634 488
317 74
699 156
421 678
505 172
828 133
513 684
236 485
1 683
1110 238
807 309
494 388
750 451
1189 464
475 49
1002 407
1079 170
1242 212
1079 338
994 371
391 146
77 465
702 199
1054 126
377 99
976 400
335 618
211 291
393 307
1013 131
927 217
91 223
441 293
686 271
1217 542
10 95
241 341
305 79
357 326
