834 339
298 363
968 182
456 295
920 623
318 631
729 471
158 663
649 180
647 267
776 586
515 2
989 589
626 101
663 90
952 586
914 313
636 401
809 606
417 347
350 234
800 662
644 377
427 672
572 121
401 509
412 453
668 251
63 380
643 87
266 33
512 401
616 583
398 47
150 414
670 439
1246 364
459 508
574 445
451 565
428 154
37 288
306 188
312 632
385 2
394 20
1059 470
958 695
624 387
383 6
811 539
469 120
547 240
520 387
558 514
691 601
765 101
439 677
309 101
469 122
723 89
1238 545
1225 465
1224 337
