369 402
663 269
782 559
843 496
1267 699
536 226
484 483
1268 98
531 59
79 562
429 435
718 215
1002 300
872 658
1230 4
1265 527
1262 309
347 177
589 365
759 413
932 345
436 185
798 156
1103 43
212 94
17 658
665 621
994 247
870 607
471 228
423 251
850 121
638 704
761 346
933 709
877 230
314 623
0 315
56 688
32 346
491 374
961 59
587 586
604 261
771 699
367 703
301 210
275 144
883 634
1121 334
1279 656
861 652
622 449
948 525
467 619
260 491
416 33
346 622
811 539
732 510
876 292
571 519
205 132
300 297
1224 410
957 340
610 632
144 474
630 563
303 142
546 586
247 65
841 218
204 658
809 645
378 240
800 714
820 594
687 578
