572 692
574 692
576 692
577 692
582 692
574 695
575 695
576 695
577 695
578 695
579 695
581 695
582 695
574 694
576 694
577 694
580 694
581 694
582 694
583 694
574 688
575 688
576 688
577 688
580 688
581 688
582 688
574 689
575 689
576 689
577 689
581 689
575 690
576 690
578 690
579 690
581 690
582 690
583 690
576 691
577 691
581 691
582 691
568 715
573 715
574 715
576 715
580 715
574 714
575 714
581 714
582 714
583 714
573 713
575 713
577 713
578 713
581 713
582 713
573 712
574 712
576 712
581 712
582 712
573 717
574 717
575 717
576 717
578 717
579 717
581 717
582 717
572 716
574 716
576 716
581 716
582 716
583 716
572 718
573 718
575 718
576 718
577 718
579 718
582 718
583 718
573 719
575 719
578 719
581 719
582 719
584 719
575 705
576 705
578 705
581 705
582 705
583 705
573 704
574 704
575 704
582 704
583 704
584 704
573 706
574 706
575 706
581 706
582 706
573 707
574 707
575 707
577 707
579 707
580 707
581 707
582 707
583 707
575 708
576 708
577 708
581 708
582 708
583 708
574 709
575 709
580 709
568 711
574 711
575 711
580 711
581 711
573 710
576 710
579 710
581 710
583 710
587 111
589 111
590 111
593 111
594 111
595 111
596 111
586 110
587 110
588 110
596 110
587 108
588 108
589 108
592 108
594 108
596 108
586 109
587 109
588 109
589 109
590 109
592 109
594 109
595 109
596 109
597 109
588 104
589 104
590 104
594 104
599 104
588 105
589 105
591 105
595 105
596 105
598 105
588 107
589 107
595 107
596 107
583 106
587 106
588 106
595 106
596 106
587 101
588 101
589 101
590 101
592 101
593 101
594 101
595 101
587 100
588 100
589 100
595 100
596 100
588 103
593 103
594 103
595 103
596 103
597 103
585 102
586 102
588 102
595 102
588 97
591 97
594 97
595 97
596 97
598 97
586 96
587 96
588 96
590 96
591 96
595 96
580 99
587 99
588 99
595 99
596 99
587 98
594 98
585 122
587 122
588 122
589 122
590 122
592 122
595 122
596 122
588 123
589 123
590 123
595 123
596 123
597 123
589 121
595 121
596 121
588 120
589 120
596 120
587 126
588 126
589 126
590 126
595 126
598 126
588 127
589 127
590 127
587 124
588 124
590 124
591 124
593 124
596 124
587 125
588 125
589 125
596 125
587 112
588 112
594 112
595 112
596 112
597 112
588 113
589 113
594 113
595 113
597 113
588 115
589 115
594 115
595 115
596 115
598 115
586 114
588 114
590 114
596 114
582 116
586 116
587 116
588 116
591 116
592 116
593 116
595 116
596 116
588 117
589 117
590 117
594 117
595 117
596 117
589 118
595 118
596 118
597 118
599 118
587 119
588 119
595 119
596 119
597 119
586 87
587 87
588 87
594 87
595 87
596 87
586 86
587 86
593 86
595 86
600 86
585 84
587 84
588 84
593 84
595 84
587 85
588 85
594 85
595 85
597 85
586 80
593 80
595 80
597 80
583 81
585 81
587 81
588 81
589 81
591 81
593 81
595 81
596 81
597 81
586 83
587 83
588 83
589 83
591 83
593 83
594 83
595 83
596 83
587 82
588 82
591 82
592 82
594 82
597 82
583 89
588 89
589 89
590 89
594 89
596 89
586 88
587 88
588 88
589 88
594 88
595 88
586 91
587 91
588 91
589 91
590 91
595 91
596 91
585 90
588 90
595 90
596 90
597 90
598 90
606 90
586 95
587 95
588 95
589 95
594 95
595 95
596 95
586 94
594 94
595 94
587 93
595 93
596 93
597 93
586 92
589 92
594 92
595 92
596 92
587 68
593 68
595 68
586 69
588 69
592 69
595 69
596 69
591 70
586 70
587 70
594 70
584 71
586 71
587 71
588 71
591 71
594 71
595 71
585 64
588 64
589 64
593 64
594 64
586 65
587 65
592 65
595 65
596 65
592 66
593 66
595 66
596 66
583 67
585 67
586 67
587 67
594 67
595 67
586 74
595 74
596 74
602 74
586 75
587 75
588 75
590 75
594 75
595 75
596 75
610 75
585 72
586 72
587 72
589 72
597 72
587 73
590 73
586 77
587 77
588 77
595 77
585 76
586 76
587 76
592 76
594 76
587 78
587 79
588 79
590 79
586 55
588 55
593 55
594 55
588 54
593 54
595 54
586 53
587 53
588 53
594 53
595 53
583 52
587 52
599 52
586 49
587 49
593 49
594 49
595 49
596 49
597 49
585 48
586 48
593 48
596 48
585 51
593 51
595 51
585 50
587 50
593 50
595 50
587 60
589 60
594 60
595 60
596 60
587 61
590 61
595 61
596 61
586 62
587 62
590 62
595 62
587 63
593 63
585 56
586 56
587 56
592 56
593 56
595 56
586 57
587 57
593 57
594 57
586 58
587 58
590 58
594 58
597 58
585 59
588 59
589 59
594 59
595 59
585 35
586 35
587 35
589 35
594 35
591 34
585 33
586 33
587 33
588 33
592 33
594 33
596 33
586 32
590 32
595 32
586 37
587 37
589 37
594 37
585 36
586 36
585 39
586 39
595 39
590 38
573 40
593 40
586 41
593 41
594 41
595 41
597 41
536 42
588 42
590 42
592 42
595 42
586 43
592 43
594 43
595 43
586 47
587 47
588 47
593 47
595 47
586 46
587 46
591 46
586 45
587 45
593 45
594 45
586 44
590 44
593 44
601 44
585 31
586 31
588 31
594 31
595 31
587 30
594 30
587 29
594 29
591 28
595 28
584 27
586 27
593 27
594 27
588 26
589 26
585 25
586 25
588 25
591 25
592 25
587 24
595 24
587 17
593 17
595 17
585 16
585 18
590 18
594 18
585 19
589 19
586 20
587 20
588 20
592 20
595 20
586 21
588 21
586 22
588 22
586 23
589 23
592 23
593 6
595 6
584 7
585 7
586 7
592 7
586 4
588 4
591 4
593 4
586 5
590 5
593 5
594 5
595 5
585 1
586 1
590 1
593 1
595 1
588 0
587 2
588 2
585 3
588 3
595 3
584 11
586 11
588 11
595 11
585 10
593 10
585 9
586 9
590 9
592 9
593 9
594 9
590 8
586 8
591 8
594 8
595 8
586 15
592 15
593 15
594 15
597 15
609 15
590 14
596 14
585 12
586 12
588 12
590 12
586 13
589 13
590 13
589 206
590 206
592 206
593 206
598 206
599 206
594 207
598 207
589 204
591 204
594 204
595 204
596 204
597 204
614 204
589 205
595 205
589 202
592 202
594 202
588 203
591 203
596 203
600 203
587 200
588 200
589 200
588 201
592 201
594 201
595 201
597 201
602 201
589 195
590 195
593 195
595 195
598 195
590 194
592 194
597 194
591 192
589 193
593 193
595 193
589 198
591 198
594 198
610 199
590 196
594 196
589 197
592 197
595 197
593 217
598 217
599 217
598 216
590 218
597 218
598 218
586 219
598 219
599 219
591 223
596 223
598 223
594 222
599 222
600 222
571 221
589 221
593 221
596 221
590 220
593 220
588 214
590 214
592 214
598 214
591 215
589 213
590 213
597 212
590 211
591 211
595 211
598 211
599 211
594 210
598 208
594 209
598 209
589 224
596 224
590 225
592 225
594 225
589 227
591 227
599 227
586 226
590 226
592 226
598 226
590 228
591 228
595 228
597 228
599 228
605 228
610 229
590 230
595 230
596 230
597 230
589 231
595 231
598 231
601 231
588 233
590 233
594 233
596 233
591 232
594 232
595 232
587 234
595 234
592 235
593 235
598 235
604 235
590 238
592 238
593 238
595 238
597 238
591 239
597 239
599 239
590 236
591 236
591 237
591 241
596 241
597 241
591 240
599 240
591 243
597 243
596 242
589 242
590 242
598 242
599 246
593 247
598 247
587 244
590 244
597 244
589 245
590 245
593 245
591 250
594 250
598 250
592 251
595 249
598 249
599 248
592 253
593 253
593 254
594 254
596 254
597 254
595 255
580 160
596 160
598 160
588 161
589 161
590 161
596 161
589 163
590 163
591 162
594 162
595 162
596 162
587 164
595 164
590 166
594 166
588 167
591 167
595 167
573 172
598 172
578 173
594 173
596 173
589 175
590 175
597 175
599 175
582 174
594 174
596 174
597 174
586 170
589 170
599 170
588 171
593 171
584 168
587 168
590 183
596 183
597 183
592 180
603 180
578 176
597 176
598 176
593 177
594 177
595 177
594 178
596 178
594 191
615 191
595 190
588 189
595 189
592 188
620 188
589 185
591 185
592 185
598 185
592 184
595 184
594 186
588 187
592 187
593 187
587 148
593 148
612 148
591 149
594 149
597 149
596 151
597 151
568 150
590 145
593 145
592 144
591 147
591 146
591 158
595 158
589 159
591 159
564 156
593 157
597 157
591 154
594 154
597 154
598 154
587 155
589 155
593 155
606 155
593 152
591 152
594 152
589 153
598 153
590 143
591 143
592 143
599 143
593 142
592 140
597 140
591 137
593 137
589 136
591 136
594 136
597 138
592 139
591 134
595 134
598 134
600 134
590 135
592 135
593 135
597 132
587 133
591 133
592 133
593 133
568 128
591 128
591 129
593 129
587 131
590 131
592 131
594 131
595 131
596 131
592 319
594 318
597 317
603 317
596 316
594 313
599 313
592 312
594 312
595 312
593 314
617 315
592 305
597 305
594 304
595 304
593 307
595 307
596 306
571 309
594 309
595 309
596 309
598 309
597 308
595 311
596 311
599 311
616 311
593 303
597 303
599 303
594 302
591 301
591 300
596 297
594 298
596 298
594 299
597 299
591 292
595 292
592 293
596 293
590 295
591 295
595 290
593 291
595 291
597 291
601 291
626 288
594 289
591 271
594 270
595 270
596 270
594 269
599 269
595 268
596 268
592 266
593 266
592 267
594 267
595 267
591 264
594 264
598 264
594 265
596 265
556 258
591 258
587 259
593 259
596 259
596 256
593 257
596 257
592 263
594 263
595 263
596 263
597 263
591 262
571 261
592 261
594 261
600 261
593 260
593 277
595 277
598 277
591 276
593 279
597 278
590 275
595 275
598 275
596 274
600 274
590 273
595 273
597 273
603 272
602 287
597 286
598 286
595 284
594 284
595 285
597 285
598 285
589 283
594 283
596 283
598 283
609 283
596 282
591 280
595 334
596 334
574 335
599 332
595 333
572 331
594 331
595 331
593 328
598 328
594 327
597 327
599 327
585 326
592 325
595 325
596 325
600 325
553 324
595 324
578 322
595 323
601 323
591 320
595 320
597 321
598 321
593 337
596 337
597 337
598 337
593 336
598 336
594 338
595 338
594 339
595 339
602 339
596 343
597 343
600 343
595 342
598 341
596 351
601 351
602 351
595 348
607 348
592 349
596 349
595 346
598 346
595 347
598 344
580 345
589 345
596 345
589 367
596 367
599 367
589 366
595 366
605 366
603 364
604 364
593 365
596 365
599 365
601 365
605 365
615 365
598 361
598 360
599 360
597 363
596 352
598 352
594 353
596 353
597 353
599 353
588 354
595 354
598 354
595 358
605 358
608 358
595 357
594 356
595 376
596 377
602 377
587 379
593 379
595 379
596 379
597 379
589 383
599 383
600 383
600 382
591 381
594 381
597 381
600 381
594 380
597 380
596 372
599 372
577 373
606 373
577 375
603 375
605 375
598 374
575 369
597 369
595 368
596 368
599 368
605 368
594 370
599 370
590 389
605 389
606 389
586 390
595 390
599 390
606 390
586 384
608 384
593 385
605 385
582 386
594 386
600 386
601 386
613 386
599 387
600 387
593 399
601 399
604 399
591 398
599 398
607 398
594 397
601 397
593 396
596 394
594 394
568 395
602 395
600 392
607 392
617 409
560 411
592 411
595 411
597 410
599 410
603 410
599 412
595 413
596 413
587 415
600 400
590 400
595 400
596 400
617 400
595 401
596 401
606 403
599 407
611 405
592 437
593 437
601 437
598 439
592 435
627 432
594 433
598 446
599 445
327 444
567 444
597 442
594 443
594 441
600 422
598 423
598 421
603 420
596 419
599 418
591 417
599 417
603 416
595 427
597 426
594 429
596 429
597 429
606 429
592 428
595 428
601 428
595 468
592 469
596 469
536 467
591 467
593 467
589 476
590 476
588 479
595 473
583 449
599 449
591 448
594 448
605 450
598 451
601 451
599 453
593 461
595 457
560 488
583 488
562 489
579 489
564 484
580 485
584 485
560 487
550 486
571 483
573 483
586 483
555 480
585 509
538 508
588 508
591 508
576 510
579 506
581 506
580 504
572 497
581 496
578 499
585 503
573 585
585 585
584 586
585 586
577 589
579 588
579 590
580 590
577 583
582 581
580 580
573 578
579 576
579 600
582 600
580 592
581 592
579 596
580 638
581 638
588 636
578 637
575 635
579 634
583 629
578 628
575 630
578 630
582 626
579 624
575 621
578 620
580 620
582 619
580 617
578 616
574 613
579 612
581 612
577 614
576 609
573 517
589 516
577 518
573 513
586 513
597 513
590 515
579 514
581 514
580 522
588 522
580 520
580 536
581 536
577 538
574 541
573 540
520 543
578 530
579 530
581 530
579 528
581 529
580 532
579 533
581 533
457 535
556 561
582 560
578 562
580 562
579 564
581 564
579 566
584 568
572 571
580 573
581 574
579 550
581 550
585 550
574 551
578 551
581 544
585 553
590 553
579 554
580 554
581 554
573 656
578 656
580 656
580 657
581 657
567 659
547 660
578 660
581 660
577 661
580 661
577 663
579 662
576 670
577 670
578 670
580 671
578 668
776 665
578 664
576 666
577 666
591 655
579 654
580 654
581 654
578 652
576 651
580 650
577 648
580 648
579 649
578 646
581 646
578 647
578 644
581 644
579 645
577 642
579 642
579 640
581 640
573 677
581 677
576 676
576 673
580 673
577 672
579 672
576 674
578 674
579 674
579 680
580 680
577 682
578 682
577 683
578 686
579 686
577 684
578 697
579 697
580 697
575 698
576 698
577 698
579 698
577 702
580 702
581 702
579 703
579 688
579 689
580 690
579 692
580 692
575 694
573 709
582 709
580 710
572 711
569 707
577 706
578 706
539 705
578 704
581 704
577 716
580 716
576 719
575 712
580 712
579 713
576 714
578 714
591 127
592 127
596 127
594 126
592 125
591 122
593 122
594 122
590 120
592 120
594 120
590 121
594 114
591 112
592 112
590 110
591 110
594 110
592 111
590 108
591 108
591 104
592 104
593 104
589 106
593 106
594 106
590 98
593 98
589 99
590 100
590 86
592 86
591 87
590 85
592 84
591 80
592 80
590 81
589 82
593 82
591 95
597 95
592 94
593 94
592 92
593 93
589 90
591 90
593 90
594 90
590 88
592 88
593 88
591 89
590 65
581 65
591 64
592 64
589 67
590 70
592 70
593 71
589 69
593 69
588 68
592 68
589 75
592 75
593 74
590 72
589 79
591 79
588 78
591 78
592 77
590 76
588 56
590 56
591 56
591 57
591 59
593 59
591 58
592 58
593 58
588 62
592 62
590 60
591 60
589 50
591 50
592 50
597 50
588 48
591 48
592 48
591 49
588 52
592 52
593 52
588 34
589 34
590 34
592 34
591 35
590 33
588 32
591 32
587 38
591 38
592 38
590 36
592 36
591 44
590 46
592 46
590 41
591 41
589 40
590 40
591 40
593 42
588 17
590 17
587 16
589 16
591 16
586 18
588 18
591 18
590 19
591 20
547 22
591 23
590 24
592 24
587 26
590 26
588 28
590 28
592 28
590 29
591 31
590 30
587 8
592 8
589 9
590 11
591 11
587 10
588 10
589 10
590 10
589 12
591 12
592 12
589 15
591 15
591 14
589 2
590 2
587 0
589 0
591 0
588 6
589 6
591 6
588 7
589 7
587 4
589 4
609 195
592 192
593 192
594 192
595 192
592 198
593 198
593 202
595 202
593 200
595 200
591 201
593 204
591 206
595 206
594 220
595 220
594 221
592 222
591 216
592 216
594 216
595 216
592 218
594 218
594 213
596 212
594 214
591 208
592 208
594 208
595 209
594 211
595 210
596 210
597 210
600 245
592 244
596 244
594 242
593 240
594 240
594 252
596 252
594 255
592 250
596 250
593 249
596 249
592 236
594 236
595 236
591 238
593 234
594 234
593 232
596 232
595 233
595 225
592 224
593 224
594 224
595 227
592 228
594 228
596 228
593 229
595 229
592 230
593 230
591 161
593 161
592 160
593 163
593 166
593 164
593 168
595 168
591 170
594 170
591 174
592 174
595 175
591 172
595 172
590 173
592 173
597 177
591 176
594 179
594 182
595 182
591 183
592 183
591 180
594 180
595 180
594 181
591 188
595 188
591 189
594 190
593 185
594 157
590 156
593 156
590 158
593 158
594 158
590 159
592 154
593 154
592 155
592 153
594 153
590 148
592 148
590 150
591 150
593 150
594 150
594 145
595 144
592 146
593 146
592 136
591 138
593 138
591 139
595 139
592 141
591 140
594 140
591 142
592 142
594 142
590 134
592 134
593 134
594 134
591 135
590 132
592 132
594 132
595 132
594 133
590 130
594 130
590 129
594 315
632 315
595 318
596 318
596 319
594 316
597 316
593 310
594 310
595 310
597 311
595 305
593 304
594 306
597 306
597 307
603 293
593 292
596 292
594 294
596 294
594 295
596 295
596 291
596 290
597 290
596 288
597 288
595 300
595 301
594 303
595 303
596 302
595 298
595 296
596 296
598 296
595 297
595 274
594 275
597 272
593 273
594 277
597 276
594 278
595 278
594 279
594 286
595 286
594 287
596 281
597 281
594 280
596 280
615 256
594 258
595 258
596 258
596 262
595 264
596 264
592 268
596 269
594 330
595 330
598 330
594 328
595 328
596 328
597 328
597 335
598 335
597 334
598 334
596 332
597 332
593 324
596 324
597 324
595 326
597 326
597 323
596 321
597 320
595 344
598 345
597 346
651 347
598 351
594 349
598 349
596 342
594 343
595 340
596 340
596 338
597 338
595 336
597 336
595 359
597 359
598 359
594 358
597 358
598 358
595 356
594 354
599 354
595 353
596 362
598 362
599 362
594 364
595 364
599 364
595 365
598 376
600 376
598 377
594 378
595 378
595 382
598 382
599 382
598 381
595 380
596 380
595 373
597 372
592 374
596 374
599 374
596 370
599 369
596 388
597 388
598 388
596 391
597 391
659 385
599 384
593 387
595 387
596 386
596 395
595 394
597 394
594 392
595 392
599 393
594 396
600 396
594 398
596 398
598 398
601 398
596 399
598 399
599 399
594 404
597 404
599 404
600 404
601 404
596 405
597 406
600 406
600 407
595 402
597 402
598 402
599 402
594 401
598 401
597 414
596 415
596 412
597 412
598 412
597 413
597 408
598 409
598 434
594 435
596 435
597 435
598 432
597 433
598 433
597 439
596 437
597 437
594 445
595 445
597 445
596 444
597 444
595 446
596 443
598 443
595 442
596 442
596 440
597 440
596 420
598 420
598 419
597 418
597 417
595 416
597 430
598 431
598 428
596 425
547 427
596 427
591 470
593 470
593 468
595 466
596 466
594 464
591 472
593 472
592 473
591 474
588 478
589 478
590 478
591 476
591 477
595 449
596 449
598 449
596 450
597 450
595 452
596 452
597 454
596 460
623 460
594 461
596 462
581 508
579 510
582 511
578 505
579 504
582 504
579 507
582 507
578 501
578 502
580 502
580 496
588 480
587 481
588 482
587 483
582 487
585 484
578 493
581 493
580 494
581 494
580 495
583 489
581 488
582 490
577 597
578 597
580 597
578 598
579 598
577 593
579 593
578 594
579 594
577 601
579 601
580 601
578 600
580 600
577 602
578 602
579 602
581 602
581 603
579 604
580 604
580 605
581 605
579 607
581 607
578 606
580 587
578 584
582 585
577 588
580 588
577 582
579 582
580 582
582 580
579 581
577 576
580 576
579 577
578 618
579 618
580 618
575 616
577 616
581 616
582 616
579 623
581 623
582 623
578 622
580 622
581 621
582 621
578 608
579 608
581 608
582 608
577 611
579 613
581 613
580 612
578 614
579 614
577 615
577 626
578 626
580 626
581 626
576 627
576 624
577 628
580 628
582 628
578 629
580 629
578 634
578 633
579 633
579 632
581 637
579 636
581 639
580 512
583 513
578 514
580 514
582 514
583 514
578 517
581 517
577 516
579 516
580 516
577 519
578 523
580 523
581 523
577 522
581 522
579 520
582 520
577 524
579 524
582 527
580 538
580 539
583 539
580 537
581 537
578 536
581 540
582 543
580 529
582 529
583 528
580 534
578 532
578 533
579 561
580 561
581 560
579 562
580 566
581 566
582 567
578 564
579 568
581 568
578 571
580 571
581 571
577 570
580 570
579 575
579 572
578 558
579 558
580 558
581 558
582 558
579 559
580 556
580 557
581 557
579 555
580 555
582 554
581 552
577 553
580 553
579 548
581 549
577 551
579 551
580 550
578 546
579 546
580 547
578 650
579 650
578 651
580 651
581 649
579 648
581 648
577 655
579 655
581 655
578 654
579 652
576 640
578 640
580 640
576 641
577 641
579 646
580 646
579 647
580 647
579 644
580 644
580 645
579 657
577 656
581 656
579 658
580 658
581 658
580 659
577 662
580 662
581 662
578 663
579 663
576 660
579 660
580 660
578 661
577 669
579 669
579 668
581 668
580 670
579 671
580 664
577 665
579 665
577 667
578 667
578 666
579 666
580 666
581 666
576 672
578 672
580 672
578 673
579 673
577 674
580 674
577 675
579 675
577 676
578 676
579 676
581 676
579 677
579 678
575 686
577 686
578 687
579 687
580 687
577 685
579 685
580 685
578 684
577 680
578 680
577 681
579 682
581 682
580 683
581 683
575 700
576 700
578 700
579 700
576 701
577 701
578 701
580 701
578 703
580 703
579 702
579 696
580 696
578 698
580 698
578 699
578 691
579 691
577 690
578 688
578 692
578 693
579 693
578 695
580 695
578 694
579 694
577 717
579 717
580 717
575 716
578 716
579 716
574 719
577 719
579 719
576 718
580 718
575 715
577 715
578 715
579 715
581 715
575 714
577 714
579 714
580 714
576 712
577 712
578 712
576 713
576 706
579 706
580 706
576 707
578 707
579 707
579 705
580 705
576 704
577 704
579 704
580 704
576 709
577 709
578 709
579 709
578 708
579 708
580 708
576 711
577 711
578 711
574 710
575 710
577 710
578 710
593 108
591 109
593 109
593 110
595 110
591 111
593 111
590 106
591 106
590 107
592 107
592 105
593 105
590 99
591 99
592 99
593 99
594 99
588 98
589 98
591 98
592 98
589 97
591 97
593 97
589 96
591 96
594 96
590 102
592 102
593 102
589 103
590 103
592 103
591 100
592 100
593 100
591 101
593 127
594 127
591 126
592 126
593 126
593 125
594 125
589 124
594 124
595 124
591 121
592 121
594 121
593 120
595 120
591 123
592 123
593 123
594 123
590 118
591 118
592 118
593 118
594 118
590 119
591 119
592 119
593 119
594 119
589 116
590 116
591 117
592 117
590 115
591 115
592 115
593 115
589 114
591 114
592 114
593 114
595 114
589 112
590 112
593 112
591 113
592 113
590 90
592 90
591 91
592 91
593 91
592 89
593 89
591 88
588 92
590 92
591 92
593 92
588 93
590 93
591 93
592 93
594 93
590 95
592 95
588 94
589 94
591 94
589 87
590 87
592 87
593 87
589 86
591 86
589 85
591 85
592 85
593 85
589 84
590 84
594 84
588 80
589 80
594 80
592 81
594 81
590 82
596 82
590 83
589 74
590 74
592 74
594 74
590 75
593 75
588 72
589 72
591 72
592 72
593 72
594 72
588 73
591 73
593 73
594 73
590 79
592 79
593 79
594 79
589 78
590 78
593 78
588 76
589 76
591 76
593 76
589 77
593 77
588 67
590 67
591 67
592 67
593 67
587 66
588 66
589 66
590 66
591 66
588 65
589 65
591 65
592 65
593 65
590 64
589 70
591 70
593 70
595 70
589 71
590 71
592 71
589 68
590 68
591 68
591 69
592 69
588 50
594 50
587 51
588 51
589 51
590 51
591 51
594 51
587 48
590 48
594 48
588 49
589 49
587 54
589 54
591 54
592 54
589 55
590 55
591 55
592 55
589 52
590 52
589 53
592 53
588 57
589 57
590 57
589 56
589 58
588 60
592 60
593 60
588 61
589 61
591 61
592 61
593 61
591 62
594 62
588 63
590 63
591 63
592 63
594 63
588 37
590 37
591 37
587 36
588 36
589 36
591 36
593 36
594 36
588 39
589 39
590 39
591 39
592 39
588 38
587 32
589 32
592 32
589 33
591 33
587 34
593 34
590 35
592 35
593 35
588 44
592 44
588 45
591 45
589 47
590 47
592 47
593 47
594 47
588 46
589 46
593 46
587 43
588 43
589 43
590 43
591 43
592 43
593 43
587 42
589 42
591 42
587 40
588 40
592 40
594 40
589 41
589 20
590 20
593 20
589 21
590 21
591 21
592 21
593 21
594 21
589 22
590 22
591 22
592 22
588 23
590 23
589 18
592 18
593 18
587 19
588 19
591 19
592 19
594 19
588 16
590 16
592 16
593 16
589 17
591 17
592 17
590 31
592 31
588 30
589 30
591 30
592 30
593 30
589 28
588 29
591 29
592 29
587 27
588 27
589 27
590 27
592 27
591 26
586 24
588 24
589 24
593 24
594 24
590 25
588 8
589 8
590 8
591 9
593 11
587 13
588 13
591 13
592 13
593 13
593 12
594 12
587 15
588 15
590 15
587 14
588 14
589 14
594 14
587 7
590 7
592 7
593 7
594 7
587 6
590 6
592 6
590 4
592 4
594 4
587 5
588 5
591 5
592 5
590 0
592 0
587 1
588 1
589 1
591 1
592 1
587 3
589 3
590 3
591 3
592 3
591 2
592 2
593 2
591 200
592 200
594 200
596 200
593 201
596 201
592 203
593 203
594 203
595 203
598 203
590 202
591 202
596 202
591 207
592 207
593 207
594 207
595 207
596 207
594 206
593 205
594 205
590 204
592 204
591 193
592 193
594 193
596 193
591 195
592 195
595 195
596 195
591 194
593 194
594 194
595 194
590 199
591 199
592 199
593 199
594 199
596 199
590 198
595 198
596 198
591 196
593 196
595 196
596 196
590 197
591 197
593 197
594 197
593 208
595 208
596 208
591 209
592 209
596 209
590 210
591 210
592 210
593 210
592 211
593 211
596 211
591 214
593 214
595 214
596 214
590 215
593 215
595 215
596 215
590 212
591 212
592 212
593 212
594 212
595 212
591 213
593 213
595 213
596 213
591 222
593 222
595 222
596 222
597 222
590 223
592 223
593 223
594 223
595 223
591 220
592 220
596 220
598 220
590 221
592 221
591 217
592 217
594 217
595 217
593 216
596 216
591 218
593 218
595 218
596 218
548 219
591 219
592 219
593 219
594 219
595 219
592 239
593 239
594 239
595 239
596 239
594 238
598 238
593 236
596 236
597 236
592 237
593 237
594 237
595 237
596 237
592 234
596 234
591 235
594 235
595 235
596 235
591 233
592 233
593 233
590 232
592 232
597 232
591 225
593 225
595 224
597 224
592 227
593 227
594 227
596 227
597 227
591 226
593 226
594 226
596 226
592 231
593 231
596 231
591 230
594 230
593 228
591 229
594 229
593 244
594 244
595 245
596 245
591 246
592 246
594 246
595 246
596 246
592 247
594 247
597 247
592 242
593 242
595 242
597 242
594 243
595 243
596 243
592 240
596 240
597 240
594 241
595 241
595 253
596 253
593 252
595 252
593 255
596 255
597 255
598 255
595 254
592 248
593 248
594 248
595 248
596 248
592 249
597 249
593 250
595 250
597 250
593 251
594 251
595 251
596 251
591 163
592 163
594 163
595 163
592 162
593 162
591 160
594 160
592 161
594 161
590 164
591 164
592 164
594 164
591 165
592 165
594 165
595 165
591 166
592 166
590 167
592 167
594 167
592 175
593 175
594 175
590 174
593 174
592 172
593 172
591 173
593 173
595 173
591 171
592 171
594 171
590 170
593 170
595 170
591 169
592 169
594 169
590 168
591 168
592 168
591 181
592 181
593 181
595 181
593 180
596 180
590 182
591 182
592 182
593 182
593 183
592 179
593 179
595 179
596 179
590 178
591 178
592 178
593 178
595 178
590 176
592 176
593 176
595 176
596 176
590 177
591 177
592 177
590 184
591 184
593 184
594 184
596 184
590 185
590 186
591 186
592 186
593 186
595 186
596 186
591 187
594 187
595 187
594 189
596 189
596 188
591 190
592 190
593 190
591 191
592 191
596 191
591 157
592 157
591 156
592 156
594 156
595 156
589 158
592 158
597 158
592 159
593 159
594 159
595 159
590 155
594 155
590 154
591 154
595 154
590 153
591 153
593 153
595 153
596 153
592 152
595 152
596 152
590 147
592 147
593 147
594 147
595 147
590 146
594 146
595 146
590 144
591 144
593 144
589 145
591 145
588 149
592 149
593 149
595 149
589 148
591 148
594 148
589 150
592 150
593 151
594 151
595 151
590 139
593 139
594 139
589 138
590 138
592 138
594 138
595 138
590 136
593 136
595 136
596 136
590 137
592 137
594 137
595 137
590 141
591 141
593 141
594 141
595 141
589 140
590 140
593 140
595 140
589 142
590 142
592 143
589 132
591 132
593 132
590 133
589 135
594 135
589 134
591 131
593 131
592 130
593 130
589 128
590 128
592 128
593 128
594 128
595 128
589 129
594 129
594 314
595 314
596 314
597 314
595 315
596 315
597 315
596 312
597 312
598 312
593 313
595 313
596 313
597 313
595 317
596 317
598 317
593 316
595 316
598 316
593 318
597 318
598 318
593 319
595 319
597 319
593 308
594 308
595 308
596 308
598 308
593 309
596 309
597 309
596 310
597 310
598 310
594 311
598 311
593 305
594 305
596 305
597 304
594 307
596 307
599 307
593 306
593 289
595 289
596 289
597 289
593 288
594 288
595 288
598 288
593 290
594 290
598 290
594 291
593 293
594 293
595 293
597 293
594 292
597 292
593 294
595 294
597 294
598 294
596 303
593 302
595 302
597 302
593 301
594 301
596 301
597 301
598 301
593 300
594 300
597 300
598 300
593 297
594 297
597 297
598 297
593 296
594 296
597 296
599 296
593 298
597 298
598 298
593 299
595 299
596 299
597 270
593 271
594 271
595 271
592 269
593 269
597 269
591 268
597 268
594 266
595 266
596 266
593 267
596 267
597 267
593 265
595 265
593 264
597 264
591 260
593 260
594 260
595 260
596 260
597 260
593 261
595 261
596 261
597 261
592 262
593 262
594 262
595 262
593 263
591 256
592 256
593 256
594 257
592 259
594 259
595 259
597 258
593 278
596 278
595 279
596 279
597 279
592 276
594 276
595 276
596 276
598 276
592 277
596 277
597 277
592 275
593 275
596 275
597 275
592 274
597 274
594 272
595 272
596 272
598 272
593 287
595 287
596 287
596 286
597 286
592 284
596 284
597 284
972 284
593 285
596 285
593 282
594 282
595 282
595 283
597 283
599 283
592 281
593 281
594 281
595 281
592 280
593 280
595 280
593 322
594 322
595 322
597 322
598 322
593 323
594 323
598 323
599 323
596 320
599 320
595 321
595 327
596 327
594 326
598 326
594 324
598 324
593 325
594 325
596 333
597 333
598 333
594 332
595 332
598 332
593 334
594 334
596 334
595 335
596 335
595 329
596 329
598 329
596 331
597 331
544 330
596 330
597 330
594 337
595 337
594 336
596 336
593 338
598 338
593 339
596 339
597 339
598 339
595 343
598 343
597 342
598 342
599 342
594 340
597 340
598 340
599 340
595 341
597 341
595 350
596 350
597 350
598 350
594 351
595 351
597 351
596 348
598 348
599 348
595 349
597 349
594 347
596 347
597 347
598 347
596 346
594 344
596 344
597 344
594 345
597 345
598 353
594 352
599 352
593 355
594 355
595 355
597 355
598 355
596 354
597 354
596 356
597 356
599 356
600 356
596 357
597 357
599 357
596 358
594 359
596 359
599 359
594 362
595 362
597 362
600 362
594 363
595 363
596 363
593 360
594 360
595 360
596 360
597 360
600 360
594 361
595 361
596 361
597 361
599 361
594 367
595 367
597 367
598 367
600 367
594 366
596 366
597 366
598 366
599 366
593 364
598 364
594 365
597 365
598 365
600 365
591 376
592 376
596 376
597 376
599 376
601 376
602 376
594 377
595 377
597 377
599 377
594 379
598 379
599 379
600 379
601 379
604 379
596 378
597 378
598 378
599 378
601 378
602 378
593 381
595 381
596 381
599 381
602 381
603 381
591 380
592 380
598 380
599 380
602 380
593 382
594 382
596 382
597 382
601 382
603 382
593 383
594 383
595 383
596 383
597 383
598 383
602 383
603 383
594 374
595 374
597 374
600 374
591 375
593 375
594 375
595 375
596 375
597 375
598 375
600 375
601 375
593 372
594 372
595 372
598 372
600 372
603 372
604 372
591 373
592 373
594 373
596 373
597 373
598 373
599 373
594 371
595 371
597 371
598 371
599 371
593 370
595 370
597 370
598 370
592 368
593 368
594 368
597 368
598 368
600 368
594 369
596 369
598 369
600 369
593 392
596 392
597 392
598 392
599 392
602 392
603 392
592 393
593 393
595 393
596 393
597 393
598 393
600 393
601 393
595 395
597 395
598 395
599 395
600 395
601 395
592 394
593 394
598 394
599 394
600 394
601 394
595 396
596 396
597 396
598 396
599 396
601 396
602 396
593 397
595 397
596 397
597 397
599 397
600 397
603 397
592 398
593 398
595 398
597 398
600 398
594 399
597 399
600 399
593 390
594 390
596 390
597 390
598 390
600 390
601 390
593 391
594 391
595 391
598 391
599 391
600 391
602 391
595 389
596 389
598 389
599 389
592 388
593 388
594 388
595 388
599 388
600 388
601 388
602 388
592 385
594 385
596 385
597 385
598 385
600 385
602 385
590 384
591 384
592 384
593 384
594 384
595 384
596 384
597 384
598 384
600 384
601 384
602 384
603 384
593 386
595 386
597 386
598 386
602 386
603 386
604 386
594 387
596 387
597 387
598 387
594 405
595 405
597 405
598 405
599 405
600 405
601 405
595 404
596 404
598 404
595 407
596 407
597 407
598 407
593 406
598 406
599 406
601 406
593 403
594 403
595 403
596 403
597 403
598 403
599 403
600 403
594 402
596 402
592 400
593 400
597 400
598 400
599 400
601 400
602 400
593 401
599 401
600 401
601 401
595 408
596 408
598 408
599 408
600 408
601 408
595 409
596 409
597 409
599 409
600 409
596 411
597 411
598 411
599 411
595 410
596 410
600 410
595 414
598 414
599 414
600 414
595 415
598 415
598 413
599 413
600 413
595 412
594 439
596 439
599 439
594 438
595 438
596 438
598 438
599 438
594 436
596 436
597 436
598 436
599 436
594 437
598 437
595 432
597 432
599 432
596 433
594 434
595 434
596 434
597 434
595 435
598 435
599 435
593 446
594 446
596 446
597 446
599 446
595 447
596 447
599 447
600 447
594 444
598 444
599 444
598 445
594 440
595 440
598 440
599 440
595 441
598 441
595 443
597 443
594 442
598 442
595 425
597 425
598 425
592 424
594 424
595 424
596 424
597 424
598 424
594 427
597 427
598 427
593 426
594 426
595 426
596 426
598 426
595 430
598 430
594 431
595 431
596 431
597 431
594 428
596 428
597 428
599 428
595 429
598 429
595 422
596 422
597 422
598 422
594 423
595 423
596 423
597 423
594 420
595 420
597 420
594 421
595 421
596 421
597 421
596 416
597 416
598 416
599 416
595 417
596 417
598 417
591 418
596 418
598 418
597 419
592 468
594 468
591 469
593 469
594 469
592 470
590 471
591 471
592 471
593 471
594 467
595 467
596 467
592 466
593 466
592 465
593 465
595 465
596 465
593 464
595 464
596 464
589 474
590 474
592 474
593 474
589 475
590 475
591 475
592 475
593 475
592 472
589 473
591 473
593 473
588 477
589 477
590 477
588 476
590 476
587 479
589 479
591 478
593 448
595 448
596 448
597 448
598 448
594 449
597 449
594 451
595 451
596 451
594 450
595 450
598 450
594 453
595 453
596 453
597 453
598 453
593 452
597 452
598 452
593 455
594 455
595 455
596 455
597 455
598 455
594 454
595 454
596 454
598 454
595 461
596 461
597 461
593 460
595 460
597 460
593 463
594 463
595 463
596 463
592 462
593 462
594 462
595 462
593 456
594 456
595 456
597 456
593 457
594 457
596 457
597 457
593 458
594 458
595 458
597 458
594 459
595 459
596 459
597 459
585 485
586 485
587 485
584 484
586 484
587 484
576 487
583 487
584 487
585 487
582 486
584 486
585 486
586 486
587 480
589 480
589 481
585 483
588 483
585 482
586 482
587 482
580 491
581 491
582 491
579 490
580 490
581 490
583 490
570 488
571 488
574 488
576 488
577 488
579 488
580 488
582 488
584 488
568 489
575 489
576 489
577 489
578 489
579 489
580 489
581 489
582 489
577 494
578 494
579 494
582 494
576 495
578 495
579 495
581 495
582 495
577 493
579 493
580 493
579 492
580 492
581 492
577 510
578 510
580 510
581 510
582 510
583 510
584 510
576 511
577 511
578 511
579 511
580 511
581 511
583 511
584 511
576 508
577 508
578 508
579 508
582 508
583 508
584 508
576 509
577 509
578 509
579 509
580 509
581 509
582 509
583 509
577 506
578 506
580 506
582 506
576 507
577 507
578 507
580 507
581 507
583 507
575 505
577 505
579 505
581 505
578 504
581 504
583 504
577 500
579 500
580 500
581 500
582 500
579 501
580 501
581 501
577 502
579 502
581 502
582 502
578 503
579 503
580 503
581 503
583 503
578 497
580 497
581 497
582 497
578 496
579 496
582 496
577 499
579 499
580 499
581 499
582 499
577 498
578 498
579 498
580 498
581 498
582 498
578 577
580 577
581 577
582 577
576 576
578 576
581 576
582 576
576 579
577 579
578 579
579 579
580 579
581 579
582 579
576 578
579 578
580 578
581 578
582 578
578 583
579 583
580 583
581 583
582 583
576 582
581 582
582 582
577 581
578 581
580 581
581 581
576 580
577 580
578 580
579 580
581 580
576 587
577 587
578 587
579 587
581 587
576 586
578 586
579 586
580 586
581 586
582 586
576 585
577 585
578 585
579 585
580 585
581 585
576 584
577 584
579 584
580 584
581 584
578 588
581 588
583 588
578 589
579 589
581 589
582 589
576 591
577 591
578 591
580 591
581 591
582 591
577 590
578 590
581 590
577 603
579 603
580 603
582 603
583 603
576 602
580 602
582 602
578 601
581 601
577 600
581 600
576 607
577 607
578 607
580 607
582 607
576 606
577 606
579 606
580 606
581 606
576 604
577 604
578 604
582 604
577 605
578 605
579 605
582 605
577 595
579 595
580 595
582 595
576 594
577 594
580 594
581 594
582 594
576 593
578 593
580 593
581 593
582 593
678 593
575 592
576 592
579 592
582 592
576 598
577 598
580 598
582 598
583 598
577 599
578 599
579 599
580 599
581 599
582 599
583 599
575 596
576 596
577 596
578 596
580 596
581 596
582 596
579 597
581 597
582 597
583 597
576 613
577 613
578 613
580 613
582 613
583 613
576 612
577 612
578 612
582 612
576 615
578 615
579 615
580 615
581 615
582 615
580 614
581 614
582 614
578 611
579 611
580 611
581 611
582 611
576 610
577 610
578 610
579 610
580 610
581 610
583 610
577 609
578 609
579 609
580 609
581 609
582 609
576 608
577 608
580 608
576 623
577 623
578 623
575 622
577 622
579 622
581 622
582 622
584 622
576 620
577 620
579 620
580 620
582 620
576 621
577 621
578 621
579 621
580 621
576 618
577 618
581 618
576 619
577 619
578 619
579 619
581 619
576 616
579 616
580 616
577 617
578 617
579 617
581 617
575 634
576 634
577 634
581 634
576 635
577 635
578 635
579 635
580 635
581 635
582 635
576 632
577 632
578 632
580 632
581 632
582 632
583 632
576 633
577 633
580 633
581 633
582 633
576 639
577 639
578 639
579 639
580 639
577 638
578 638
579 638
575 636
576 636
578 636
580 636
581 636
576 637
577 637
579 637
580 637
574 624
578 624
579 624
580 624
575 625
577 625
578 625
579 625
580 625
581 625
582 625
577 627
579 627
580 627
581 627
582 627
583 627
579 626
583 626
576 631
577 631
578 631
579 631
580 631
581 631
582 631
576 630
577 630
579 630
580 630
581 630
575 628
576 628
579 628
581 628
576 629
577 629
579 629
581 629
582 629
576 517
577 517
579 517
580 517
582 517
583 517
572 516
576 516
578 516
581 516
583 516
584 516
574 518
578 518
579 518
580 518
581 518
582 518
583 518
578 519
579 519
580 519
581 519
582 519
583 519
576 513
577 513
578 513
579 513
580 513
581 513
582 513
584 513
574 512
576 512
577 512
579 512
581 512
582 512
584 512
574 515
576 515
577 515
578 515
579 515
580 515
581 515
582 515
586 515
576 514
577 514
584 514
576 525
577 525
578 525
579 525
580 525
582 525
585 525
575 524
576 524
578 524
580 524
581 524
582 524
583 524
584 524
577 527
578 527
579 527
580 527
581 527
583 527
584 527
577 526
578 526
580 526
581 526
582 526
584 526
577 523
579 523
582 523
583 523
578 522
579 522
582 522
583 522
584 522
575 521
578 521
579 521
580 521
581 521
582 521
583 521
576 520
577 520
578 520
581 520
583 520
578 529
579 529
584 529
576 528
577 528
578 528
581 528
584 528
576 530
577 530
582 530
583 530
577 531
578 531
580 531
584 531
576 534
578 534
579 534
581 534
582 534
583 534
577 535
578 535
579 535
580 535
581 535
582 535
583 535
577 532
581 532
582 532
577 533
580 533
583 533
576 543
578 543
579 543
580 543
581 543
583 543
584 543
576 542
577 542
579 542
580 542
581 542
582 542
583 542
584 542
577 541
579 541
580 541
577 540
578 540
579 540
580 540
582 540
583 540
576 539
578 539
581 539
582 539
578 538
579 538
581 538
582 538
583 538
584 538
577 536
579 536
582 536
583 536
575 537
576 537
577 537
578 537
582 537
583 537
577 562
581 562
582 562
577 563
578 563
579 563
580 563
581 563
577 561
578 561
581 561
582 561
583 561
578 560
579 560
580 560
583 560
577 565
578 565
579 565
580 565
581 565
582 565
576 564
577 564
580 564
582 564
577 567
578 567
579 567
580 567
581 567
576 566
577 566
578 566
582 566
575 568
577 568
578 568
580 568
582 568
583 568
576 569
577 569
578 569
579 569
580 569
582 569
583 569
576 570
578 570
579 570
581 570
582 570
577 571
582 571
576 572
577 572
578 572
580 572
581 572
583 572
576 573
577 573
578 573
579 573
581 573
582 573
576 575
577 575
578 575
581 575
576 574
578 574
579 574
580 574
582 574
575 546
577 546
580 546
581 546
582 546
583 546
577 547
578 547
579 547
581 547
582 547
584 547
576 544
577 544
578 544
579 544
580 544
582 544
576 545
577 545
578 545
579 545
580 545
581 545
582 545
583 545
584 545
576 549
577 549
578 549
579 549
580 549
582 549
583 549
577 548
578 548
580 548
581 548
582 548
584 548
575 551
576 551
580 551
581 551
582 551
577 550
578 550
582 550
583 550
576 553
578 553
579 553
581 553
582 553
576 552
577 552
578 552
580 552
582 552
576 555
577 555
578 555
581 555
582 555
583 555
576 554
578 554
584 554
576 557
577 557
578 557
579 557
578 556
579 556
582 556
576 559
577 559
578 559
580 559
581 559
582 559
575 558
576 558
577 558
576 654
577 654
582 654
576 655
578 655
580 655
582 655
576 653
577 653
578 653
579 653
581 653
576 652
577 652
580 652
581 652
582 652
575 650
576 650
577 650
580 650
581 650
582 650
577 651
579 651
581 651
582 651
578 648
576 649
577 649
578 649
580 649
582 649
576 645
577 645
581 645
577 644
582 644
575 646
577 646
582 646
581 647
582 647
575 643
576 643
577 643
578 643
579 643
580 643
581 643
582 643
575 642
576 642
578 642
580 642
581 642
578 641
579 641
580 641
581 641
583 641
577 640
575 665
576 665
578 665
580 665
576 664
577 664
579 664
581 664
576 667
579 667
580 667
581 667
575 666
575 670
579 670
581 670
582 670
575 671
578 671
581 671
582 671
576 669
578 669
580 669
581 669
576 668
577 668
580 668
575 662
576 662
578 662
576 663
580 663
581 663
582 663
576 661
579 661
581 661
582 661
577 660
582 660
772 660
576 658
577 658
578 658
576 659
577 659
579 659
581 659
582 659
575 657
576 657
577 657
578 657
576 656
579 656
582 656
575 679
577 679
578 679
579 679
580 679
581 679
575 678
576 678
577 678
578 678
580 678
581 678
574 677
575 677
576 677
577 677
578 677
580 677
581 677
580 676
582 676
575 675
578 675
580 675
581 675
574 674
575 674
581 674
583 674
575 673
576 673
577 673
581 673
582 673
575 672
581 672
582 672
575 684
576 684
579 684
580 684
582 684
576 685
578 685
581 685
576 686
579 686
581 686
577 687
575 681
576 681
579 681
580 681
581 681
575 680
576 680
581 680
575 682
576 682
578 682
580 682
575 683
576 683
578 683
579 683
582 683
575 697
576 697
577 697
580 697
575 696
576 696
577 696
578 696
581 696
575 699
576 699
577 699
579 699
580 699
581 699
582 699
581 698
577 700
580 700
581 700
582 700
579 701
575 702
576 702
578 702
582 702
576 703
577 703
581 703
575 691
576 691
577 691
580 691
581 691
575 690
578 690
579 690
581 690
575 689
576 689
577 689
578 689
580 689
581 689
575 688
576 688
577 688
580 688
581 688
574 693
575 693
576 693
577 693
580 693
581 693
575 692
576 692
577 692
581 692
582 692
576 694
577 694
580 694
581 694
575 695
576 695
577 695
579 695
581 695
574 717
575 717
576 717
578 717
581 717
576 716
580 716
581 716
574 718
575 718
577 718
578 718
579 718
581 718
575 719
578 719
580 719
579 712
580 712
581 712
575 713
577 713
578 713
579 713
580 713
581 713
576 715
580 715
575 711
579 711
580 711
581 711
576 710
579 710
580 710
581 710
582 710
574 708
575 708
576 708
577 708
581 708
575 709
580 709
581 709
582 709
576 705
577 705
578 705
581 705
575 704
582 704
575 707
577 707
580 707
581 707
581 706
589 107
591 107
594 107
588 106
592 106
589 104
590 104
593 104
594 104
595 104
589 105
590 105
591 105
594 105
588 108
589 108
592 108
594 108
595 108
589 109
590 109
592 109
594 109
588 111
589 111
590 111
594 111
595 111
589 110
590 110
591 110
592 110
587 102
588 102
589 102
591 102
594 102
591 103
593 103
594 103
595 103
588 100
589 100
594 100
596 100
589 101
590 101
592 101
593 101
595 101
588 97
590 97
592 97
595 97
590 96
592 96
593 96
596 96
594 98
595 99
588 121
589 121
593 121
596 121
589 120
590 120
591 120
589 122
590 122
592 122
595 122
589 123
590 123
595 123
596 123
527 125
589 125
590 125
591 125
595 125
590 124
591 124
592 124
593 124
589 126
590 126
595 126
596 126
590 127
591 127
595 127
591 116
592 116
593 116
594 116
588 117
589 117
590 117
593 117
594 117
589 119
595 119
589 118
588 113
589 113
590 113
593 113
594 113
594 112
594 115
590 114
588 83
589 83
591 83
592 83
593 83
594 83
588 82
591 82
592 82
594 82
587 80
590 80
593 80
596 80
587 81
588 81
589 81
591 81
593 81
595 81
596 81
588 84
591 84
593 84
596 84
594 85
588 86
593 86
594 86
588 87
594 87
588 91
589 91
590 91
594 91
595 91
589 90
594 90
588 88
589 88
594 88
589 89
589 93
595 93
596 93
587 92
589 92
595 92
587 94
590 94
594 94
589 95
593 95
594 95
588 75
591 75
594 75
595 75
588 74
591 74
595 74
589 73
590 73
592 73
595 73
595 72
588 78
592 78
594 78
588 79
587 77
588 77
590 77
591 77
594 77
587 76
592 76
595 76
588 70
592 70
594 70
588 71
591 71
594 71
587 69
588 69
590 69
594 69
593 68
594 68
595 68
587 67
594 67
592 66
593 66
594 66
587 64
588 64
589 64
593 64
587 65
594 65
587 52
591 52
592 52
594 52
595 52
596 52
587 53
588 53
590 53
591 53
593 53
594 53
588 54
593 54
594 54
595 54
587 55
588 55
593 55
594 55
590 49
592 49
593 49
589 48
593 48
592 51
593 51
587 50
590 50
592 50
593 50
587 59
588 59
589 59
590 59
592 59
588 58
590 58
594 58
587 56
590 56
592 56
593 56
587 57
591 57
592 57
593 57
594 57
589 62
590 62
593 62
586 63
587 63
589 63
593 63
590 61
594 61
586 60
589 60
590 60
591 60
589 37
592 37
593 37
589 38
590 38
593 38
594 38
587 39
593 39
594 39
588 35
589 35
584 34
586 34
591 34
594 34
586 33
587 33
588 33
592 33
593 33
585 32
590 32
593 32
594 32
587 44
589 44
591 44
593 44
587 45
589 45
590 45
592 45
593 45
595 45
586 47
587 47
588 47
591 47
587 46
591 46
594 46
595 46
588 42
590 42
592 42
593 42
594 42
586 43
594 43
587 41
588 41
590 41
592 41
593 41
586 40
593 40
587 29
589 29
593 29
586 28
587 28
591 28
593 28
594 28
587 31
589 31
593 31
587 30
590 30
586 26
588 26
589 26
592 26
593 26
591 27
587 25
588 25
589 25
591 25
592 25
593 25
594 25
587 24
590 24
591 24
586 16
591 16
594 16
586 17
587 17
590 17
593 17
587 18
590 18
586 19
589 19
593 19
595 19
596 19
587 23
589 23
592 23
593 23
594 23
595 23
587 22
588 22
593 22
594 22
587 20
588 20
592 20
594 20
587 21
588 21
595 21
586 12
587 12
588 12
590 12
586 13
589 13
590 13
594 13
595 13
591 15
592 15
593 15
586 14
590 14
592 14
593 14
595 14
587 9
588 9
590 9
592 9
593 9
591 8
592 8
589 10
591 10
592 10
593 10
596 10
587 11
588 11
589 11
590 11
591 11
592 11
594 11
586 0
588 0
589 0
593 0
586 1
590 1
586 3
588 3
593 3
587 2
588 2
590 2
594 2
585 5
586 5
589 5
590 5
593 5
594 5
588 4
589 4
591 4
593 4
585 6
586 6
591 6
594 6
586 7
591 7
590 200
597 200
598 200
590 201
592 201
594 201
595 201
592 202
594 202
597 202
591 203
596 203
597 203
590 205
591 205
592 205
595 205
596 205
597 205
591 204
594 204
595 204
596 204
590 207
597 207
592 206
593 206
596 206
593 195
594 195
597 195
590 194
592 194
596 194
589 192
590 192
591 192
596 192
590 193
593 193
595 193
592 197
595 197
596 197
590 196
592 196
594 196
597 196
588 199
589 199
595 199
591 198
594 198
591 215
592 215
594 215
597 215
592 214
597 214
599 214
592 213
597 213
589 212
598 212
590 209
593 209
594 209
597 209
589 208
590 208
592 208
594 208
597 208
589 211
591 211
595 211
597 211
594 210
596 210
591 221
593 221
594 221
595 221
596 221
597 221
589 220
590 220
593 220
597 220
591 223
596 223
597 223
590 222
594 222
590 219
596 219
597 219
589 218
592 218
590 217
593 217
596 217
597 217
590 216
591 216
590 224
591 224
596 224
598 224
592 225
594 225
596 225
597 225
598 225
590 227
591 227
598 227
592 226
595 226
597 226
599 226
591 231
594 231
595 231
597 231
595 230
596 230
597 230
598 230
592 229
597 229
590 228
592 228
595 228
596 228
589 232
591 232
594 232
595 232
598 232
589 233
594 233
595 233
596 233
597 233
592 235
593 235
597 235
619 235
591 234
595 234
597 234
592 238
593 238
595 238
596 238
597 238
590 239
591 239
597 239
598 239
597 237
591 236
592 253
593 253
594 253
597 253
591 252
592 252
594 252
597 252
591 255
592 255
595 255
591 254
592 254
593 254
594 254
596 254
597 248
591 249
594 249
595 249
592 250
594 250
596 250
592 251
591 247
593 247
595 247
596 247
590 246
593 246
597 246
598 246
591 244
595 244
597 244
598 244
591 245
592 245
593 245
594 245
597 245
591 243
592 243
593 243
597 243
598 243
591 242
596 242
592 241
593 241
596 241
590 240
591 240
595 240
598 240
589 160
590 160
593 160
595 160
589 161
590 161
591 161
595 161
596 161
589 162
590 162
591 162
594 162
595 162
596 162
597 162
590 163
596 163
589 166
590 166
593 166
594 166
595 166
596 166
589 167
591 167
593 167
595 167
596 167
589 165
590 165
593 165
596 165
595 164
596 164
590 169
593 169
595 169
589 168
594 168
595 168
590 171
593 171
595 171
596 171
591 170
592 170
594 170
596 170
589 173
592 173
594 173
596 173
589 172
590 172
594 172
595 172
597 172
590 175
591 175
596 175
589 174
594 174
595 174
589 179
590 179
591 179
598 179
589 178
594 178
596 178
589 176
594 176
597 176
589 177
593 177
594 177
595 177
590 181
596 181
590 180
592 180
597 180
589 183
590 183
594 183
595 183
588 182
596 182
599 182
589 188
590 188
592 188
593 188
594 188
595 188
590 189
592 189
593 189
595 189
590 191
593 191
594 191
595 191
590 190
595 190
596 190
591 185
592 185
594 185
595 185
596 185
598 185
592 184
595 184
597 184
589 187
590 187
592 187
593 187
596 187
597 187
589 186
594 186
588 137
589 137
591 137
593 137
596 137
597 137
588 136
589 136
591 136
592 136
594 136
589 139
592 139
596 139
588 138
596 138
589 143
590 143
591 143
593 143
594 143
595 143
596 143
593 142
595 142
592 140
596 140
589 141
596 141
588 131
589 131
590 131
592 131
594 131
595 131
596 131
589 130
591 130
595 130
596 130
587 129
588 129
590 129
591 129
592 129
593 129
595 129
596 129
591 128
596 128
588 133
589 133
591 133
592 133
593 133
594 133
595 133
596 133
588 132
588 135
590 135
592 135
593 135
595 135
596 135
597 135
587 134
591 134
592 134
594 134
595 134
596 134
590 151
591 151
592 151
598 151
595 150
596 150
589 149
590 149
591 149
594 149
588 148
592 148
593 148
595 148
596 148
587 145
588 145
590 145
592 145
593 145
596 145
588 144
589 144
592 144
594 144
596 144
597 144
588 147
589 147
591 147
596 147
597 147
598 147
587 146
589 146
591 146
592 146
593 146
596 146
589 157
590 157
593 157
595 157
588 156
589 156
593 156
596 156
588 158
591 158
595 158
596 158
591 159
596 159
597 159
589 154
593 154
594 154
596 154
588 155
591 155
592 155
593 155
595 155
597 155
589 152
590 152
591 152
593 152
594 152
592 295
593 295
595 295
597 295
598 295
592 294
594 294
591 293
592 293
596 293
598 293
599 293
592 292
595 292
598 292
592 289
594 289
598 289
599 289
592 288
596 288
597 288
599 288
592 291
593 291
595 291
596 291
597 291
598 291
590 290
591 290
592 290
595 290
600 290
592 297
595 297
596 297
599 297
592 296
592 299
594 299
597 299
598 299
594 298
596 298
599 298
592 300
596 300
595 301
592 302
594 302
598 302
599 302
593 303
597 303
598 303
594 319
598 319
599 319
591 318
592 318
594 318
595 318
596 318
593 317
594 317
597 317
599 317
596 316
594 313
598 313
593 312
594 312
595 312
592 315
593 315
598 315
599 315
592 314
593 314
598 314
595 306
596 306
598 306
599 306
600 306
593 307
595 307
597 307
598 307
592 304
594 304
595 304
596 304
598 304
595 305
597 305
593 311
595 311
596 311
594 310
595 310
594 309
595 309
598 309
597 308
599 308
592 258
593 258
594 258
591 259
593 259
596 259
598 259
594 256
595 256
596 256
597 256
598 256
592 257
593 257
595 257
596 257
597 257
592 263
594 263
595 263
596 263
597 263
598 263
596 262
597 262
598 262
590 260
592 260
598 260
592 261
594 261
590 270
591 270
592 270
593 270
594 270
595 270
596 270
599 270
590 271
592 271
596 271
597 271
598 271
591 269
594 269
595 269
598 269
599 269
592 268
593 268
594 268
595 268
596 268
598 268
592 267
594 267
595 267
598 267
592 266
593 266
597 266
591 265
592 265
594 265
596 265
597 265
598 265
592 264
594 264
595 264
591 274
593 274
594 274
596 274
598 274
599 274
595 275
592 273
593 273
594 273
595 273
596 273
597 273
598 273
591 272
592 272
593 272
599 272
593 277
594 277
595 277
636 277
593 276
591 279
592 279
593 279
598 279
597 278
598 278
591 286
592 286
593 286
594 286
598 286
599 286
592 287
594 287
597 287
598 287
599 287
590 284
593 284
594 284
595 284
598 284
599 284
592 285
594 285
595 285
597 285
591 282
592 282
596 282
597 282
598 282
599 282
591 283
592 283
593 283
594 283
596 283
598 283
591 280
597 280
598 280
599 280
596 281
597 281
598 281
593 321
594 321
597 321
598 321
592 320
594 320
595 320
598 320
600 320
596 322
599 322
600 322
595 323
596 323
600 323
595 325
596 325
597 325
598 325
599 325
592 324
595 324
597 324
599 324
596 326
599 326
594 327
597 327
593 333
594 333
595 333
599 333
593 332
593 335
594 335
599 335
595 334
597 334
593 329
594 329
597 329
599 329
594 328
596 328
597 328
598 328
599 328
594 331
595 331
571 330
593 330
595 330
593 342
594 342
595 342
594 343
596 343
597 343
599 343
593 341
594 341
596 341
598 341
599 341
600 341
593 340
600 340
594 338
595 338
596 338
597 338
599 338
592 339
594 339
595 339
599 339
593 336
595 336
597 336
598 336
599 336
591 337
596 337
597 337
598 337
599 337
487 345
595 345
596 345
598 345
599 345
595 344
598 344
599 344
600 344
593 346
594 346
595 346
598 346
599 346
595 347
599 347
593 350
594 350
599 350
601 350
593 351
596 351
599 351
600 351
596 349
598 349
599 349
601 349
593 348
594 348
595 348
597 348
592 367
593 367
596 367
599 367
601 367
603 367
590 366
593 366
595 366
600 366
602 366
603 366
591 364
596 364
597 364
599 364
600 364
601 364
602 364
593 365
596 365
599 365
601 365
591 363
593 363
597 363
598 363
599 363
600 363
601 363
591 362
593 362
598 362
601 362
592 361
593 361
598 361
600 361
601 361
602 361
591 360
598 360
599 360
602 360
592 358
595 358
599 358
600 358
593 359
597 359
600 359
593 357
594 357
595 357
598 357
600 357
593 356
598 356
594 353
596 353
597 353
599 353
595 352
596 352
597 352
598 352
600 352
592 354
593 354
594 354
595 354
598 354
596 355
599 355
601 355
604 355
587 377
588 377
589 377
590 377
591 377
592 377
593 377
596 377
600 377
601 377
602 377
606 377
588 376
589 376
590 376
593 376
594 376
595 376
603 376
588 378
589 378
590 378
591 378
592 378
593 378
594 378
600 378
603 378
604 378
605 378
590 379
591 379
592 379
595 379
596 379
597 379
602 379
586 382
592 382
595 382
600 382
602 382
604 382
606 382
607 382
588 383
590 383
591 383
592 383
599 383
600 383
601 383
604 383
606 383
589 381
590 381
594 381
597 381
600 381
601 381
588 380
590 380
593 380
594 380
597 380
600 380
601 380
604 380
605 380
588 374
589 374
590 374
591 374
593 374
596 374
598 374
601 374
602 374
603 374
604 374
589 375
592 375
599 375
587 372
592 372
596 372
599 372
601 372
602 372
590 373
593 373
600 373
601 373
603 373
604 373
590 368
591 368
595 368
596 368
599 368
601 368
604 368
606 368
590 369
592 369
593 369
595 369
597 369
601 369
602 369
603 369
592 370
594 370
599 370
600 370
601 370
603 370
590 371
591 371
592 371
593 371
596 371
600 371
601 371
603 371
589 392
590 392
591 392
592 392
600 392
601 392
605 392
606 392
591 393
602 393
604 393
605 393
592 395
593 395
594 395
602 395
604 395
605 395
590 394
591 394
594 394
595 394
596 394
602 394
603 394
604 394
538 398
589 398
590 398
599 398
602 398
605 398
590 399
591 399
593 399
595 399
596 399
598 399
599 399
601 399
602 399
605 399
606 399
589 397
590 397
591 397
592 397
594 397
598 397
601 397
602 397
604 397
607 397
589 396
592 396
593 396
604 396
605 396
606 396
591 390
592 390
595 390
599 390
602 390
603 390
604 390
591 391
592 391
601 391
603 391
605 391
589 389
592 389
593 389
597 389
600 389
601 389
602 389
603 389
604 389
589 388
590 388
591 388
598 388
603 388
604 388
605 388
588 385
590 385
591 385
593 385
595 385
599 385
601 385
603 385
604 385
604 384
605 384
606 384
588 387
591 387
592 387
595 387
599 387
600 387
601 387
602 387
603 387
604 387
589 386
590 386
591 386
594 386
596 386
599 386
600 386
601 386
592 402
593 402
600 402
601 402
603 402
592 403
601 403
602 403
594 400
595 400
596 400
600 400
603 400
595 401
596 401
597 401
602 401
592 406
594 406
595 406
596 406
602 406
606 406
593 407
594 407
599 407
601 407
591 404
592 404
597 404
602 404
603 404
592 405
593 405
602 405
604 405
593 411
595 411
600 411
601 411
593 410
594 410
597 410
598 410
599 410
601 410
594 409
598 409
593 408
594 408
596 415
597 415
599 415
600 415
594 414
596 414
601 414
594 412
596 412
599 412
600 412
601 412
595 413
596 413
595 437
595 436
595 439
597 439
598 439
600 439
592 438
597 438
600 438
593 432
594 432
596 432
593 433
594 433
595 433
599 434
596 435
597 442
599 442
594 443
599 443
593 441
594 441
596 441
597 441
599 441
593 440
596 440
597 440
593 445
596 445
597 445
599 445
593 444
595 444
600 444
593 447
594 447
597 447
598 447
592 446
598 446
593 424
594 425
596 425
600 425
593 427
595 427
599 427
597 426
599 426
594 430
596 430
599 430
593 431
599 431
593 428
595 428
598 428
594 429
596 429
597 429
592 418
595 418
599 418
600 418
601 418
592 419
593 419
594 419
595 419
596 419
598 419
599 419
600 419
594 417
599 417
600 417
594 416
600 416
601 416
593 420
596 420
598 420
599 420
600 420
593 421
598 421
599 421
593 423
598 423
599 423
592 422
593 422
594 422
599 422
594 474
588 475
590 473
594 473
590 472
594 472
586 479
588 479
590 479
591 479
587 478
589 476
592 476
587 477
591 477
592 477
591 465
594 465
592 464
594 464
592 467
593 467
597 467
591 466
594 466
595 466
597 466
591 468
595 468
596 468
592 469
595 469
593 470
594 470
594 471
592 463
591 462
596 462
597 462
594 460
598 460
599 460
593 461
592 458
596 458
598 458
593 459
598 459
595 457
598 457
596 456
598 456
599 455
593 454
594 452
599 452
600 452
597 451
598 451
599 451
593 450
596 450
599 450
600 450
601 450
594 448
599 448
600 448
593 449
595 449
598 449
599 449
600 449
567 490
568 490
569 490
571 490
573 490
574 490
575 490
576 490
578 490
578 491
579 491
559 489
567 489
570 489
571 489
572 489
573 489
583 489
562 488
566 488
567 488
568 488
569 488
572 488
573 488
575 488
578 488
581 488
583 488
585 488
578 492
582 492
576 493
578 493
581 493
582 493
577 495
580 495
583 495
576 494
583 494
569 483
570 483
572 483
574 483
575 483
576 483
584 483
586 483
569 482
575 482
588 482
589 482
560 481
585 481
586 481
588 481
588 480
590 480
563 487
567 487
571 487
572 487
573 487
574 487
577 487
579 487
580 487
581 487
582 487
573 486
574 486
575 486
576 486
577 486
578 486
579 486
581 486
583 486
568 485
569 485
571 485
582 485
583 485
584 485
568 484
569 484
573 484
580 484
582 484
583 484
575 511
582 511
586 511
572 510
574 510
575 510
576 510
579 510
585 510
587 510
588 510
575 508
580 508
581 508
585 508
590 508
572 509
573 509
575 509
584 509
575 506
576 506
579 506
581 506
583 506
584 506
585 506
574 507
575 507
584 507
585 507
576 505
580 505
582 505
585 505
574 504
576 504
577 504
579 504
580 504
582 504
584 504
577 501
582 501
583 501
578 500
583 500
576 503
577 503
582 503
584 503
578 502
580 502
583 502
563 499
576 499
578 499
583 499
584 499
583 498
577 497
579 497
575 496
577 496
580 496
581 496
583 496
574 577
575 577
576 577
577 577
583 577
575 576
577 576
579 576
583 576
584 576
585 576
577 578
578 578
584 578
583 579
584 579
574 581
576 581
582 581
584 581
574 580
575 580
580 580
582 580
583 580
575 583
576 583
577 583
583 583
574 582
575 582
578 582
580 582
583 582
584 582
575 587
582 587
583 587
584 587
577 586
575 584
582 584
583 584
575 585
583 585
584 585
575 589
576 589
577 589
580 589
583 589
584 589
576 588
579 588
582 588
584 588
585 588
576 590
579 590
580 590
582 590
583 590
575 591
579 591
575 602
577 602
581 602
583 602
575 603
576 603
578 603
581 603
576 601
579 601
582 601
583 601
584 601
574 600
576 600
579 600
582 600
575 604
579 604
574 605
575 605
576 605
580 605
581 605
583 605
584 605
585 605
586 605
574 606
578 606
582 606
583 606
538 607
575 607
579 607
581 607
583 607
576 599
584 599
574 598
575 598
579 598
581 598
584 598
585 598
574 596
579 596
575 597
576 597
577 597
584 597
577 592
580 592
581 592
583 592
585 592
554 593
579 593
584 593
574 594
579 594
583 594
575 595
576 595
578 595
581 595
576 617
580 617
582 617
583 617
577 616
581 616
583 616
584 616
575 618
580 618
582 618
583 618
584 618
574 619
580 619
582 619
583 619
584 619
585 619
578 620
581 620
583 620
581 621
583 621
584 621
576 622
578 622
583 622
574 623
575 623
580 623
581 623
582 623
583 623
574 609
575 609
576 609
583 609
573 608
574 608
575 608
579 608
581 608
583 608
584 608
575 611
576 611
577 611
583 611
575 610
582 610
584 610
575 615
577 615
583 615
576 614
577 614
578 614
579 614
583 614
574 612
579 612
580 612
581 612
583 612
575 613
579 613
584 613
575 632
584 632
574 633
575 633
579 633
583 633
578 634
579 634
580 634
582 634
583 634
574 635
575 635
583 635
584 635
575 637
578 637
581 637
582 637
583 637
577 636
579 636
582 636
575 638
576 638
580 638
581 638
582 638
584 638
588 638
575 639
581 639
582 639
578 630
582 630
575 631
583 631
577 628
578 628
583 628
584 628
575 629
580 629
584 629
573 626
575 626
576 626
577 626
578 626
581 626
582 626
584 626
575 627
