592 76
590 17
579 664
578 616
590 90
593 224
579 686
591 18
591 59
592 80
596 281
597 424
598 406
591 50
593 106
578 628
594 157
592 141
598 353
579 672
577 694
579 642
590 4
592 48
590 56
594 213
593 200
596 242
594 164
592 163
591 176
593 152
597 388
598 410
594 294
596 312
595 276
597 358
579 590
580 620
582 626
579 634
581 544
581 550
576 676
577 672
576 673
576 674
580 680
580 684
579 694
578 697
577 642
579 640
579 649
578 670
580 716
576 719
578 705
591 49
592 46
591 44
589 36
588 8
592 8
591 20
590 81
590 86
593 86
590 92
590 78
592 125
594 126
593 118
590 112
593 98
591 108
592 111
591 161
593 175
592 170
592 169
594 189
594 190
591 186
595 186
594 182
592 128
592 130
591 142
592 142
594 142
592 136
593 150
594 156
595 208
594 214
595 214
594 218
595 218
595 222
595 202
593 198
593 192
593 239
593 225
592 229
595 247
594 244
594 254
596 319
597 316
597 310
593 304
596 289
596 290
596 303
596 296
595 284
594 286
594 280
594 279
596 273
593 269
594 269
595 266
596 380
596 382
597 376
599 376
596 374
595 371
596 362
596 361
595 364
596 366
598 359
593 322
597 322
596 321
597 326
593 324
594 324
596 324
597 335
596 329
595 328
596 328
597 328
595 348
598 350
595 344
598 338
596 340
598 343
581 506
581 511
578 510
582 500
578 501
580 494
581 494
579 492
587 484
588 482
593 466
593 469
593 468
592 470
591 474
591 473
591 476
589 478
594 461
594 460
595 460
596 460
593 462
594 456
598 449
599 396
598 399
596 394
596 392
597 392
595 388
598 388
597 390
598 414
596 415
597 412
597 413
599 408
595 409
599 402
599 400
600 400
598 401
600 407
596 406
596 404
597 404
600 404
596 405
595 430
594 431
598 431
596 427
598 427
598 426
597 419
598 419
598 418
596 420
594 445
594 444
594 446
595 443
595 442
596 442
598 442
596 440
596 435
595 432
597 432
596 436
579 603
580 602
577 600
580 600
577 606
578 607
577 604
578 596
579 596
577 597
578 597
582 597
578 599
579 599
580 592
581 593
576 594
578 594
580 594
580 580
582 580
577 581
580 581
577 582
579 582
581 582
579 583
579 576
579 577
577 579
580 579
580 578
580 587
581 587
579 586
580 586
578 584
581 584
577 590
578 590
581 590
580 588
578 630
577 631
579 628
580 626
579 624
582 625
581 636
581 637
581 639
580 638
579 633
580 633
581 632
579 617
577 616
579 616
580 616
583 619
579 618
580 618
579 622
580 622
578 623
579 623
582 621
579 608
581 611
576 610
577 612
581 612
582 612
579 613
580 613
581 613
580 614
578 615
581 615
579 570
582 570
578 571
578 569
581 569
583 569
577 568
582 568
577 575
579 575
582 574
577 572
577 564
579 564
580 564
581 564
582 564
580 566
582 566
577 562
578 562
580 562
582 562
579 561
581 561
577 560
578 560
579 560
579 550
578 551
579 551
579 548
581 548
581 549
578 544
580 544
579 545
577 546
579 546
581 546
577 554
581 554
582 554
579 555
580 555
581 555
577 553
581 553
579 558
580 558
581 558
577 559
579 559
580 556
580 557
581 557
578 534
579 534
580 535
577 532
578 532
581 532
577 528
579 528
581 528
582 528
579 529
580 529
581 529
581 530
579 531
580 531
578 536
579 536
581 537
578 539
578 540
579 540
580 540
578 541
580 541
582 543
579 542
577 518
581 518
578 519
579 519
582 519
579 516
581 516
579 517
574 512
580 512
582 512
580 513
583 513
577 514
578 514
580 514
581 514
582 514
576 524
577 524
578 524
581 524
582 524
584 524
578 525
581 526
579 527
578 523
579 523
580 523
581 523
582 523
577 522
578 522
576 520
581 520
582 521
577 692
578 692
579 692
580 692
575 693
578 693
579 693
575 694
576 694
580 694
576 690
577 690
580 690
578 691
579 691
575 689
579 689
580 689
577 688
578 688
579 703
580 703
575 702
576 702
577 702
578 702
581 702
577 701
576 700
577 700
578 700
579 700
580 700
575 698
576 698
577 698
580 698
577 696
580 696
581 696
576 697
577 697
579 697
576 680
577 680
579 680
577 681
575 682
577 682
578 682
579 682
580 682
581 682
577 683
580 683
581 683
578 686
580 686
577 687
578 687
579 687
580 687
577 685
578 685
580 685
577 678
579 678
581 678
577 676
578 676
579 676
580 676
581 676
577 674
579 674
580 674
581 674
576 675
577 675
577 673
578 673
580 673
576 672
576 666
578 666
581 666
577 667
578 667
581 667
576 664
578 664
577 665
576 670
577 670
579 670
579 671
580 671
576 668
579 668
581 668
576 669
579 669
576 658
577 658
579 658
579 659
580 659
581 659
578 656
579 656
577 657
579 657
580 657
581 657
580 661
580 660
576 662
577 662
578 662
579 662
576 663
577 663
578 663
581 663
578 647
579 647
580 647
578 646
581 646
577 644
578 644
579 644
580 644
581 644
577 645
579 645
580 645
576 640
578 640
580 640
581 640
576 641
577 641
578 641
580 641
577 643
580 642
581 642
576 650
577 650
578 650
579 650
581 650
582 650
582 651
578 648
579 648
580 648
576 649
578 649
577 654
578 654
580 654
577 655
579 655
580 655
581 655
576 653
581 653
576 652
577 652
579 652
581 652
574 710
575 710
576 710
578 710
579 710
580 710
581 710
576 711
577 711
578 711
575 708
576 708
577 708
578 708
579 708
581 708
577 709
578 709
582 709
578 704
580 704
579 705
580 705
576 707
577 707
579 707
580 707
577 706
578 706
580 706
576 714
578 714
579 714
580 714
577 715
578 715
580 715
581 715
575 712
576 712
577 712
578 712
580 712
581 712
579 713
580 713
575 716
576 716
577 716
578 716
579 716
576 717
579 717
580 717
577 718
579 718
580 718
581 718
574 719
575 719
577 719
578 719
579 719
589 100
590 100
591 100
593 100
590 101
591 101
592 101
593 101
588 102
592 102
589 103
592 103
588 98
589 98
590 98
589 99
591 99
593 99
594 99
589 96
590 96
591 96
592 96
593 96
594 96
589 97
593 97
590 110
591 110
594 110
588 108
589 108
590 108
592 108
594 108
591 109
589 104
590 104
591 104
592 104
593 104
593 105
589 106
590 106
591 106
592 106
594 106
592 107
590 114
591 114
592 114
594 114
590 115
591 115
592 115
593 115
589 112
591 112
592 112
593 112
594 112
592 113
593 113
590 118
592 118
590 119
591 119
594 119
589 117
592 117
589 116
593 116
594 116
590 121
591 121
593 121
594 121
589 120
590 120
591 120
592 120
593 120
594 120
590 122
591 122
592 122
593 122
594 122
590 123
591 123
592 123
590 124
591 124
593 124
595 124
590 127
591 127
592 127
593 127
594 127
589 126
590 126
591 126
592 126
593 126
588 80
589 80
590 80
591 80
593 80
594 80
591 81
592 81
593 81
589 82
590 82
591 82
593 82
594 82
589 83
593 83
589 86
591 86
592 86
589 87
590 87
591 87
592 87
593 87
589 85
590 85
591 85
593 85
588 84
590 84
591 84
592 84
593 84
594 84
591 89
593 89
589 88
590 88
593 88
589 90
594 90
589 91
590 91
591 91
592 91
593 91
592 92
593 92
589 93
590 93
592 93
593 93
588 94
592 94
594 94
589 95
591 95
592 95
594 95
589 75
591 75
593 75
590 74
591 74
592 74
593 74
590 72
593 72
594 72
588 73
590 73
591 73
593 73
589 77
592 77
593 77
588 76
589 76
588 79
589 79
591 79
592 79
593 79
594 79
588 78
589 78
591 78
593 78
594 78
589 70
590 70
592 70
593 70
594 70
595 70
589 71
590 71
591 71
593 71
589 69
593 69
588 68
590 68
591 68
592 68
593 68
587 66
588 66
589 66
590 66
591 66
594 66
589 67
591 67
593 67
588 64
590 64
591 64
592 64
588 65
589 65
590 65
591 65
592 65
594 65
588 56
589 56
591 56
592 56
589 57
591 57
592 57
588 58
591 58
592 58
593 58
587 62
588 62
590 62
591 62
592 62
593 62
594 62
592 63
593 63
588 60
590 60
591 60
592 60
593 60
588 61
590 61
593 61
587 54
590 54
591 54
592 54
593 54
589 55
590 55
591 55
588 52
589 52
590 52
591 52
592 52
593 52
590 53
592 53
593 53
589 49
590 49
592 49
590 48
591 48
593 48
588 50
589 50
592 50
593 50
594 50
588 51
591 51
594 51
587 36
588 36
590 36
591 36
592 36
593 36
588 37
590 37
592 37
587 38
588 38
589 39
591 39
592 39
588 34
589 34
590 34
591 34
592 34
588 35
589 35
590 35
591 35
588 32
590 32
592 32
588 33
591 33
593 33
588 42
589 42
590 42
591 42
592 42
593 42
590 43
591 43
592 43
593 43
589 40
591 40
589 41
591 41
588 45
590 45
591 45
588 44
589 44
590 44
592 44
593 44
588 46
589 46
590 46
591 46
593 46
589 47
590 47
592 47
588 22
589 22
590 22
591 22
592 22
593 22
588 23
589 23
590 23
591 23
593 23
589 21
590 21
591 21
587 20
588 20
589 20
592 20
588 17
592 17
587 16
588 16
589 16
590 16
591 16
592 16
588 18
589 18
590 18
592 18
587 19
588 19
589 19
590 19
592 19
593 19
588 24
589 24
590 24
592 24
593 24
588 25
589 25
590 25
588 26
589 26
590 26
591 26
589 27
590 27
591 27
592 27
588 28
589 28
590 28
591 28
592 28
587 29
588 29
591 29
589 30
590 30
591 30
592 30
588 31
591 31
592 31
593 31
587 2
588 2
589 2
590 2
587 3
588 3
590 3
591 3
592 3
587 0
588 0
589 0
590 0
591 0
587 1
589 1
590 1
587 6
588 6
589 6
590 6
591 6
592 6
587 7
588 7
589 7
592 7
593 7
587 5
589 5
590 5
591 5
592 5
587 4
588 4
589 4
591 4
592 4
587 10
588 10
589 10
590 10
591 10
587 11
588 11
589 11
590 11
591 11
587 8
589 8
591 8
591 9
588 12
589 12
591 12
592 12
587 13
588 13
589 13
590 13
592 13
587 15
588 15
589 15
591 15
592 15
588 14
589 14
590 14
591 14
592 14
591 222
592 222
593 222
594 222
596 222
592 223
593 223
595 223
596 223
597 223
591 220
594 220
595 220
596 220
591 221
592 221
593 221
594 221
591 216
592 216
594 216
595 216
591 217
592 217
593 217
594 217
592 219
593 219
594 219
595 219
596 219
591 218
592 218
596 218
591 212
593 212
595 212
596 212
591 213
593 213
595 213
596 213
595 215
596 215
591 214
590 210
592 210
593 210
595 210
596 210
593 211
595 211
591 208
592 208
593 208
594 208
596 208
591 209
592 209
593 209
594 209
595 209
596 209
593 202
594 202
596 202
592 203
593 203
594 203
591 201
593 201
595 201
594 200
595 200
591 206
592 206
593 206
594 206
595 206
592 207
593 207
594 207
595 207
592 205
593 205
594 205
592 204
594 204
595 204
592 192
594 192
595 192
591 193
592 193
593 193
594 193
596 193
591 194
592 194
593 195
595 195
596 195
592 198
595 198
591 199
593 199
594 199
591 196
593 196
594 196
595 196
591 197
594 197
595 197
592 242
594 242
595 243
597 243
592 241
594 241
595 241
596 241
592 240
593 240
594 240
592 247
594 247
596 247
593 246
594 246
592 244
593 244
595 244
596 244
592 245
593 245
594 245
595 245
593 254
595 254
596 254
593 255
594 255
594 252
595 252
596 252
593 253
594 253
595 253
594 248
595 248
596 248
593 249
595 249
596 249
597 249
592 250
593 250
594 250
596 250
593 251
594 251
596 251
593 231
595 231
596 231
592 230
593 230
594 230
595 230
596 230
592 228
593 228
594 228
595 228
596 228
591 229
594 229
591 225
592 225
594 225
595 225
591 224
592 224
594 224
596 224
592 227
594 227
595 227
596 227
592 226
594 226
591 232
593 232
594 232
590 233
591 233
594 233
595 233
592 234
593 234
594 234
595 234
592 235
593 235
594 235
595 235
596 235
592 238
593 238
594 238
595 238
597 238
594 239
596 239
597 239
592 236
593 236
594 236
595 236
596 236
592 237
594 237
595 237
596 237
590 159
591 159
592 159
593 159
594 159
595 159
590 158
592 158
594 158
595 158
591 157
592 157
593 157
595 157
590 156
591 156
592 156
593 156
595 156
590 153
592 153
594 153
595 153
591 152
592 152
590 155
592 155
593 155
594 155
592 154
593 154
589 148
592 148
593 148
594 148
591 149
592 149
593 149
594 149
590 150
591 150
591 151
592 151
593 151
594 151
595 151
590 145
591 145
592 145
593 145
594 145
590 144
591 144
592 144
593 144
589 146
590 146
592 146
593 146
594 146
591 147
595 147
589 134
591 134
592 134
593 134
594 134
595 134
589 135
590 135
591 135
592 135
593 135
594 135
590 132
591 132
592 132
593 132
594 132
595 132
589 133
590 133
591 133
592 133
593 133
594 133
595 133
589 129
590 129
592 129
594 129
589 128
590 128
591 128
593 128
594 128
590 131
591 131
592 131
593 131
594 131
590 130
591 130
593 130
590 142
591 143
592 143
593 143
590 140
591 140
592 140
594 140
595 140
591 141
593 141
589 136
591 136
593 136
594 136
590 137
591 137
592 137
593 137
594 137
595 137
590 138
591 138
593 138
594 138
590 139
591 139
592 139
593 139
594 139
595 139
590 186
592 186
593 186
594 186
591 187
592 187
593 187
595 187
591 184
592 184
593 184
594 184
595 184
591 185
592 185
593 185
595 185
591 188
592 188
593 188
594 188
595 188
591 189
593 189
595 189
591 191
592 191
593 191
595 191
591 190
592 190
590 182
592 182
595 182
591 183
592 183
594 183
592 181
593 181
594 181
595 181
590 180
591 180
593 180
594 180
595 180
590 179
592 179
593 179
594 179
595 179
590 178
591 178
592 178
594 178
590 176
592 176
593 176
594 176
595 176
590 177
591 177
592 177
593 177
594 177
595 177
591 168
592 168
593 168
594 168
595 168
591 169
593 169
594 169
595 169
591 170
593 170
594 170
595 170
591 171
593 171
594 171
595 171
591 174
593 174
594 174
595 174
591 175
592 175
595 175
590 172
593 172
595 172
590 173
591 173
592 173
593 173
594 173
596 173
590 162
591 162
593 162
594 162
595 162
591 163
595 163
591 160
594 160
595 160
590 161
592 161
593 161
594 161
593 166
594 166
590 167
591 167
592 167
590 165
592 165
593 165
594 165
593 308
594 308
595 308
596 308
594 309
595 309
596 309
597 309
593 310
594 310
595 310
596 310
594 311
595 311
597 311
598 311
593 306
594 306
597 306
594 307
595 307
596 307
597 307
594 304
595 304
596 304
594 305
596 305
597 305
593 314
594 314
596 314
597 314
594 315
595 315
596 315
597 315
598 315
594 312
595 312
594 313
595 313
596 313
597 313
594 316
595 316
596 316
596 317
597 317
598 317
594 318
595 318
597 318
595 319
594 298
595 298
596 298
594 299
596 299
597 299
593 296
597 296
598 296
595 297
596 297
594 300
596 300
597 300
594 301
595 301
596 301
597 301
594 302
594 303
593 292
595 292
596 292
597 292
593 293
594 293
595 293
596 293
597 293
595 294
597 294
594 295
593 288
594 288
595 288
596 288
597 288
593 289
594 289
597 289
593 291
595 291
596 291
597 291
593 271
594 271
597 271
593 270
594 270
595 270
597 270
592 268
593 268
595 268
596 268
597 268
592 269
597 269
592 267
593 267
594 267
595 267
596 267
593 266
597 266
592 265
594 265
596 265
593 264
595 264
593 258
594 258
593 259
595 259
592 256
593 256
596 256
593 257
595 257
596 257
596 262
593 263
594 263
595 263
596 263
593 261
595 260
593 275
595 275
596 275
597 275
596 274
596 272
593 273
594 273
595 273
597 273
592 277
593 277
594 277
595 277
596 277
597 277
593 278
594 278
595 278
592 279
593 279
595 281
597 281
594 283
595 283
596 283
593 282
594 282
595 282
596 282
598 282
593 285
596 285
594 284
596 284
597 284
593 287
594 287
595 287
593 286
597 286
596 351
597 351
599 351
599 350
595 349
596 349
597 349
598 349
598 348
596 345
597 345
598 345
598 344
597 346
598 346
595 347
596 347
597 347
598 347
599 347
594 338
595 338
596 338
597 338
594 339
596 339
597 339
598 339
594 337
595 337
596 337
597 337
598 337
595 336
597 336
594 341
598 341
595 340
598 340
595 342
598 342
595 343
596 343
597 343
599 343
595 320
596 320
597 320
593 321
595 321
597 321
594 323
598 323
594 322
595 322
596 322
594 326
595 326
598 326
594 327
597 327
597 324
594 325
597 325
595 330
594 331
595 331
597 331
597 329
593 333
594 333
594 332
595 332
596 332
596 335
598 335
593 334
595 334
596 334
598 334
594 361
595 361
597 361
598 361
594 360
595 360
596 360
597 360
599 360
594 363
596 363
597 363
598 363
594 362
595 365
597 365
598 365
599 365
600 365
596 364
597 364
598 364
599 364
594 367
595 367
596 367
597 367
598 367
599 367
594 366
595 366
597 366
595 358
596 358
598 358
599 358
595 359
597 359
599 359
595 357
597 357
594 353
595 353
597 353
596 352
598 352
595 354
596 354
597 354
598 354
595 355
596 355
598 355
595 372
596 372
598 372
599 372
600 372
594 373
596 373
597 373
599 373
590 374
594 374
598 374
593 375
595 375
595 368
596 368
597 368
598 368
594 369
597 369
594 371
597 371
599 371
594 370
597 370
598 370
599 370
594 377
595 377
597 377
599 377
595 376
596 376
595 379
597 379
598 379
600 379
595 378
596 378
597 378
598 378
599 378
600 378
601 378
594 382
597 382
599 382
600 382
601 382
593 383
594 383
595 383
596 383
597 383
598 383
600 383
594 380
597 380
600 380
594 381
597 381
600 381
594 398
597 398
593 399
594 399
595 399
602 399
595 396
596 396
598 396
594 397
596 397
598 397
600 397
600 392
597 393
599 393
600 393
601 393
594 394
595 394
600 394
598 395
599 395
600 395
604 395
593 384
594 384
600 384
602 384
595 385
598 385
600 385
595 386
599 386
600 386
601 386
602 386
593 387
595 387
597 387
598 387
600 387
601 391
594 390
595 390
600 390
602 390
594 389
596 389
599 389
600 389
600 388
601 388
596 414
597 414
598 415
595 412
599 412
595 413
596 413
596 411
597 411
598 411
597 410
599 410
598 408
596 409
597 409
595 407
596 407
598 407
599 407
595 405
597 405
598 405
599 405
600 405
594 401
595 400
596 400
597 403
598 403
599 403
596 402
598 402
601 402
594 438
595 438
596 438
595 439
596 439
597 439
598 439
594 437
595 437
597 437
598 437
598 436
595 433
598 433
594 432
596 432
597 435
598 435
595 434
597 446
598 446
597 447
599 447
595 445
596 445
597 445
598 445
598 444
595 441
596 441
597 441
598 441
594 440
594 442
597 442
596 443
598 443
595 425
596 425
597 425
595 424
594 426
594 427
595 427
595 428
595 429
596 429
597 430
598 430
595 431
597 431
595 417
596 417
599 417
596 419
599 419
599 418
597 421
598 421
595 420
597 422
595 423
596 423
597 423
578 499
580 499
581 499
578 498
579 498
579 501
581 500
579 502
580 502
580 503
581 503
582 503
577 508
579 508
582 508
577 509
582 509
583 509
579 510
582 510
577 511
580 511
582 511
577 506
578 507
580 507
581 507
578 505
579 505
580 505
582 505
582 504
589 480
587 481
586 483
587 483
585 484
585 485
582 487
583 487
584 487
585 487
585 486
579 488
581 488
582 488
578 489
580 489
581 490
579 491
581 491
582 491
577 493
578 493
581 493
580 492
582 494
578 495
580 495
581 495
593 467
594 467
595 467
595 466
593 465
594 465
596 465
593 470
592 471
594 468
594 469
589 475
590 475
591 475
592 473
591 477
589 476
591 478
593 461
595 461
596 461
594 463
595 463
596 463
596 457
593 456
595 459
596 459
597 459
594 449
595 449
594 448
597 448
594 450
596 450
597 450
594 451
597 451
598 451
595 452
597 452
597 453
597 454
593 455
597 455
578 576
582 576
578 577
578 579
579 579
581 579
582 579
579 580
581 581
582 581
577 583
581 583
582 583
576 584
576 585
578 585
576 587
577 587
579 587
578 588
581 589
581 591
576 590
578 601
579 600
577 603
578 603
581 603
581 602
577 607
579 607
580 607
581 607
581 606
579 605
582 605
577 594
580 595
582 596
580 599
582 599
579 610
580 610
579 611
582 608
579 609
582 613
577 615
576 616
580 619
576 621
578 621
581 620
580 623
582 623
579 638
577 639
580 639
577 637
579 637
577 636
578 636
577 635
580 635
581 635
581 633
577 626
578 627
580 627
578 625
577 630
580 630
578 631
582 631
580 629
578 628
580 628
579 518
582 518
577 519
580 519
576 517
578 517
581 517
582 517
580 516
579 515
583 515
583 512
584 512
577 513
582 513
584 513
579 525
583 524
582 527
583 527
579 522
578 520
577 521
583 534
581 535
580 532
578 533
580 533
577 531
581 531
582 531
578 537
582 537
580 539
583 540
578 543
579 543
579 571
580 571
582 571
577 569
582 572
580 565
581 563
580 561
582 561
577 547
582 547
581 544
577 544
583 549
581 550
582 550
577 552
576 553
579 553
577 557
576 558
581 670
576 671
577 668
579 665
580 667
576 659
577 659
578 661
581 660
580 663
581 662
576 643
579 643
581 643
581 647
578 651
579 651
580 651
580 649
580 653
575 655
579 654
577 680
578 683
581 686
581 684
578 675
576 674
576 673
577 672
580 679
577 677
578 677
580 677
580 691
581 691
578 689
575 688
579 688
579 695
577 694
576 693
580 693
576 703
578 703
575 697
578 697
581 697
581 698
580 699
576 709
580 709
576 705
581 706
576 718
578 718
580 716
575 713
594 105
591 107
593 106
594 111
589 109
590 109
593 109
594 109
593 103
591 102
588 97
593 98
592 98
594 117
592 116
590 113
592 121
591 125
589 81
594 87
590 95
592 89
592 76
590 76
589 73
592 73
592 71
591 70
590 69
592 69
590 56
591 59
594 58
589 61
594 61
589 63
593 55
589 53
590 50
593 49
593 39
592 46
591 44
588 43
590 41
592 41
590 40
588 21
591 20
587 23
590 17
587 17
591 17
591 19
591 18
587 25
592 25
587 24
588 27
589 31
592 10
590 8
592 8
593 15
591 2
592 2
588 5
593 5
591 7
594 195
593 192
592 199
595 199
593 198
596 201
593 200
595 202
594 213
592 213
594 211
596 216
594 223
593 241
594 249
592 255
596 225
593 224
593 183
591 176
592 189
591 186
595 186
594 164
590 163
592 160
590 160
592 169
595 155
594 152
594 157
590 149
593 150
594 150
592 141
594 141
593 129
592 128
596 306
596 319
597 319
594 294
596 290
596 296
596 259
594 280
597 280
596 281
593 283
596 286
595 276
594 272
596 340
598 338
595 344
598 350
593 324
596 324
598 327
597 326
598 321
593 322
597 322
596 328
597 328
597 335
598 353
597 358
594 365
596 365
596 362
593 377
600 377
597 376
598 376
598 380
600 375
596 374
596 401
597 400
597 402
597 404
596 405
598 406
597 415
597 386
597 384
597 388
598 388
596 394
597 394
599 396
598 399
597 426
596 420
598 419
595 442
596 440
594 445
596 435
579 506
581 506
580 504
581 511
578 510
578 501
581 494
583 488
592 474
590 473
589 478
595 457
594 461
599 449
580 620
577 616
577 618
579 608
580 626
582 626
579 624
579 634
579 633
579 588
579 590
580 590
581 584
579 576
579 596
577 597
580 592
578 594
578 602
579 602
581 536
577 538
578 530
579 530
582 530
580 529
579 528
579 533
578 532
579 512
579 526
582 520
580 522
580 554
578 552
578 551
580 569
579 566
580 566
581 566
579 564
581 564
581 658
580 661
579 664
577 666
581 666
577 670
578 670
580 670
580 671
577 642
579 642
579 640
579 644
581 648
579 649
579 655
579 680
580 680
578 682
580 684
579 686
579 672
576 676
579 690
580 690
579 689
575 694
575 700
578 700
579 700
577 698
578 696
576 719
575 712
580 712
578 714
580 710
578 705
592 80
590 81
593 86
589 90
590 90
592 90
593 90
594 88
590 92
591 92
592 70
590 78
594 126
592 125
590 120
590 112
593 114
593 118
590 108
591 108
590 110
591 110
593 104
591 100
592 102
591 96
591 49
592 50
591 57
590 60
590 43
588 34
589 4
590 4
590 2
588 8
590 11
591 11
589 16
590 24
590 30
593 152
591 142
592 136
592 130
592 163
594 190
594 189
594 212
595 212
595 214
595 208
594 218
595 218
595 220
594 254
594 252
592 250
596 242
594 244
