577 637
579 637
580 637
580 636
577 639
578 639
579 639
579 638
581 634
579 635
581 635
578 633
576 632
577 525
578 525
579 525
580 525
580 524
581 524
584 524
576 526
578 526
579 526
580 527
581 527
582 527
576 520
578 520
581 520
582 520
576 521
578 521
577 523
579 523
580 523
583 523
583 522
578 517
581 517
579 516
577 519
578 519
579 519
576 518
579 518
581 518
576 512
577 512
578 512
581 512
577 513
578 513
582 513
582 514
580 515
582 515
577 534
578 535
579 535
580 535
580 532
577 530
579 530
580 530
581 530
579 531
581 528
582 528
578 529
578 541
580 541
578 542
580 538
581 538
576 539
580 539
581 539
582 539
582 536
577 537
582 537
579 570
580 570
581 570
578 571
580 571
581 571
576 569
577 569
578 569
581 569
580 568
577 575
578 575
579 575
582 575
577 574
581 573
579 562
579 563
577 560
578 560
584 560
578 561
582 561
582 564
578 565
581 565
582 565
581 566
576 567
577 567
580 567
576 555
579 555
580 555
582 555
577 554
578 554
580 554
582 554
578 553
580 553
581 553
579 552
577 556
578 556
577 557
578 557
579 559
582 559
579 545
580 545
579 544
580 544
581 544
579 546
579 547
576 551
579 551
580 551
582 551
577 550
578 550
580 550
581 550
582 550
582 549
583 549
578 548
579 646
581 646
579 647
580 647
581 645
581 644
582 644
579 641
579 643
581 643
579 651
580 651
581 651
582 651
584 651
580 650
581 650
581 648
578 649
579 649
582 649
576 655
580 655
579 652
581 652
577 653
578 653
578 657
579 656
581 659
578 658
575 661
580 660
580 662
581 662
579 663
577 666
578 666
579 666
581 666
580 667
576 664
577 664
578 664
581 664
576 665
577 665
575 670
577 670
578 670
580 670
581 670
581 671
576 669
577 669
578 669
580 669
577 668
575 698
578 698
579 698
576 699
577 699
578 699
577 697
578 697
580 696
575 700
576 700
579 700
577 701
579 701
576 702
579 702
576 703
576 692
580 693
576 695
577 695
579 695
580 695
578 694
578 688
577 689
580 691
577 690
582 678
577 679
578 679
580 676
581 676
576 677
580 677
575 673
578 673
579 673
581 673
576 672
577 672
581 672
576 675
577 675
579 675
581 675
576 674
577 686
579 686
580 686
580 687
575 684
579 684
580 684
575 681
576 681
579 681
581 681
577 680
581 680
577 682
574 719
580 719
577 718
575 716
577 716
580 716
575 717
577 717
576 713
580 712
579 715
581 715
580 714
575 704
576 704
577 704
580 704
582 704
577 706
581 706
582 706
581 707
574 710
579 710
580 710
576 711
580 711
579 708
580 708
581 708
591 124
592 124
595 125
590 127
595 127
590 120
591 120
593 120
595 120
592 121
594 121
591 123
592 123
594 123
592 122
591 113
589 112
588 114
592 114
595 114
590 115
592 115
594 115
588 117
589 117
590 117
593 117
591 116
592 116
593 119
591 96
592 96
594 96
594 97
589 98
592 98
593 98
592 103
594 102
591 100
594 100
593 105
594 105
593 104
589 106
593 106
594 106
591 107
589 109
591 110
592 110
590 111
594 111
590 75
592 75
593 75
594 75
595 75
595 74
591 72
592 72
590 73
593 73
590 78
594 78
590 79
593 77
588 76
593 76
587 64
588 64
589 64
590 64
588 65
593 65
594 65
587 66
588 66
592 66
594 66
588 70
591 70
592 70
593 70
595 70
591 71
592 71
588 69
590 69
588 68
590 91
591 91
592 91
594 90
592 88
590 89
589 93
592 93
588 94
591 94
594 82
595 82
588 83
589 83
591 83
591 81
590 84
591 84
593 84
590 85
592 87
594 87
589 86
587 51
589 51
594 51
590 50
592 50
589 49
590 49
591 49
589 48
590 48
588 53
589 53
590 53
589 55
590 55
593 55
594 55
588 54
588 60
591 60
593 60
595 60
588 61
591 61
592 61
593 61
590 63
594 63
589 62
592 62
594 62
589 58
594 58
588 59
591 59
592 59
588 56
589 56
590 56
591 56
593 56
591 57
590 45
591 45
591 44
592 44
593 44
587 46
591 46
592 46
588 47
589 47
594 47
589 41
590 41
592 41
593 41
591 40
594 40
587 43
589 43
591 43
593 43
592 42
589 33
591 33
593 33
587 32
590 32
593 32
592 35
588 34
589 37
592 37
588 36
591 36
593 36
588 38
593 38
588 39
593 39
587 26
593 26
587 27
591 27
592 27
588 24
589 24
594 24
590 25
592 25
589 28
591 28
593 28
588 29
589 29
591 29
592 29
587 30
588 30
589 30
590 30
591 30
593 30
588 31
591 20
592 20
587 21
588 21
592 21
593 21
589 23
592 23
590 22
592 22
588 18
591 18
592 18
593 18
591 19
587 17
590 17
587 5
589 5
590 5
592 5
590 4
588 6
589 6
590 6
591 7
593 7
586 0
588 0
586 1
589 1
591 1
587 2
590 2
592 3
591 10
592 10
590 11
591 11
593 11
590 8
592 8
587 9
588 9
587 14
589 14
591 14
587 15
588 15
593 15
588 13
589 12
590 206
591 206
594 206
592 207
595 207
592 204
594 204
595 204
593 205
591 203
592 203
594 203
595 203
595 202
593 200
594 200
596 200
591 197
593 197
594 197
595 197
590 196
595 196
596 196
591 199
592 199
594 199
595 199
596 199
592 194
594 195
594 193
592 192
593 192
592 213
593 213
594 213
595 213
596 213
590 212
593 212
591 214
593 214
592 215
595 215
596 215
591 209
593 209
596 209
593 208
593 211
594 211
596 211
591 210
595 210
591 219
592 219
591 218
591 216
593 216
596 216
591 217
595 217
592 223
595 222
591 221
595 221
594 220
590 232
592 232
593 232
594 232
596 232
590 233
591 233
593 233
594 233
592 235
594 235
591 236
593 236
596 236
596 237
591 238
596 238
591 239
594 239
596 239
593 226
596 226
594 227
597 227
591 225
596 225
593 224
594 224
595 224
593 228
592 229
594 229
595 229
596 229
595 231
591 230
594 230
593 255
596 255
597 255
592 254
594 254
595 254
592 253
593 253
594 253
595 253
592 252
596 252
592 248
594 248
595 248
592 249
594 249
595 249
596 249
597 249
593 251
595 251
595 250
596 250
592 246
592 247
595 247
596 247
593 245
595 245
593 244
595 244
592 242
593 242
597 242
596 243
594 241
595 241
591 240
592 240
593 162
590 163
594 163
595 163
594 161
595 161
589 160
591 160
593 160
595 160
591 166
592 166
593 166
595 166
590 167
590 165
592 165
593 165
594 165
595 165
596 165
591 164
592 169
593 169
595 169
591 168
593 168
595 170
595 171
590 174
592 174
593 174
595 174
591 172
591 173
595 173
591 187
592 187
595 187
596 187
595 186
594 185
595 185
593 189
596 189
591 188
593 188
594 188
596 188
593 191
592 182
590 183
594 183
590 180
596 180
592 181
590 178
591 178
592 178
593 178
595 178
590 179
590 177
591 176
594 176
595 176
590 146
594 146
595 147
590 144
593 144
594 144
589 150
592 150
594 150
590 151
591 151
592 151
594 151
595 151
594 149
595 149
589 148
592 158
593 158
590 159
592 159
593 159
594 159
595 159
591 156
592 156
593 156
594 156
595 156
591 157
594 157
595 157
591 155
594 155
590 154
591 154
593 154
592 152
595 152
595 153
590 140
593 140
594 140
595 140
590 141
591 141
593 141
593 143
594 143
593 142
590 139
594 139
590 138
592 137
594 137
595 137
590 136
592 136
593 136
592 128
593 128
594 128
596 128
589 129
591 129
594 129
593 131
595 131
590 130
590 132
592 132
589 133
594 133
589 135
589 134
594 134
594 313
596 313
597 313
594 312
595 312
596 312
595 314
597 314
594 316
595 316
596 316
594 319
595 319
598 318
593 308
596 308
595 311
595 310
596 310
597 310
593 305
594 305
595 305
596 305
596 304
597 304
598 304
593 306
598 306
594 307
596 307
593 295
595 295
596 295
597 295
594 294
595 294
596 294
597 294
598 294
594 292
596 292
597 292
592 293
595 293
593 290
594 290
595 290
596 290
597 290
597 291
595 289
595 288
593 297
594 297
597 297
598 297
593 296
595 296
596 296
593 298
597 298
598 298
593 299
596 299
593 303
595 303
596 303
597 303
593 302
596 302
597 302
593 301
594 301
595 301
597 301
593 300
594 300
595 300
596 300
597 300
593 279
596 279
597 279
593 278
596 278
592 276
593 276
594 276
596 276
598 276
592 277
597 277
593 272
595 272
598 272
594 273
594 275
592 274
593 274
597 274
593 283
595 283
597 283
598 283
594 282
592 280
593 280
595 280
597 280
594 281
592 287
593 287
595 287
597 287
593 286
594 286
593 285
594 285
597 285
593 284
595 284
594 257
593 256
595 256
592 259
594 259
595 259
596 259
593 258
594 258
595 261
596 261
596 260
592 269
596 269
593 268
596 268
597 268
593 270
597 270
594 271
595 271
597 271
593 264
596 264
597 264
593 265
595 265
593 267
597 267
591 266
594 328
598 328
595 329
596 329
597 329
598 329
597 330
598 330
596 331
594 333
596 333
597 333
598 333
594 332
597 332
598 332
594 334
595 334
598 334
595 335
596 335
597 335
598 335
593 325
594 325
593 324
596 324
594 326
597 326
595 327
594 323
595 323
597 323
598 323
594 322
596 322
598 322
593 321
594 321
598 321
596 336
594 337
596 339
598 339
596 338
597 338
595 343
597 343
596 342
597 342
594 341
595 341
597 341
593 340
594 340
595 340
598 340
599 340
594 344
595 344
596 344
597 344
594 345
596 346
597 347
596 348
597 348
594 349
595 349
597 349
595 351
599 351
594 350
595 350
598 350
599 350
597 352
598 353
594 355
597 355
598 355
596 354
597 354
596 356
597 356
598 356
596 357
594 359
595 359
596 359
597 358
594 367
595 367
597 367
600 367
594 366
597 366
598 366
599 366
595 365
597 365
598 365
593 364
594 364
596 364
597 364
601 364
594 360
595 360
599 360
594 361
599 361
594 362
595 362
597 362
599 362
600 362
595 363
598 363
599 363
594 379
596 379
599 379
600 379
601 379
594 378
595 378
596 378
599 378
600 378
601 378
602 378
593 377
598 377
600 377
594 376
597 376
600 376
602 376
593 381
595 381
598 381
599 381
601 381
595 380
598 380
599 380
600 380
595 382
601 382
597 383
601 383
590 374
596 374
597 374
599 374
595 375
596 375
598 375
599 375
600 375
594 373
595 373
596 373
599 373
593 372
594 372
598 372
600 372
594 371
595 371
596 371
598 371
599 371
595 370
596 370
600 370
601 370
602 370
594 369
596 369
598 369
592 368
593 368
594 368
598 368
595 397
596 397
598 397
599 397
600 397
595 396
597 396
599 396
600 396
601 396
595 399
596 399
600 399
593 398
594 398
595 398
594 392
595 392
598 392
599 392
601 392
602 392
595 393
596 393
598 393
600 393
595 395
596 395
597 395
598 395
599 395
593 394
596 394
597 394
598 394
600 394
601 394
594 388
595 388
596 388
597 388
599 388
601 388
602 388
596 389
598 389
599 389
600 389
593 391
594 391
595 391
596 391
598 391
599 391
601 391
592 390
594 390
596 390
598 390
602 390
594 385
597 385
600 385
602 385
603 385
593 384
595 384
596 384
599 384
600 384
593 387
594 387
596 387
600 387
602 387
608 387
593 386
595 386
596 386
598 386
602 386
603 386
597 409
599 409
600 409
595 408
596 408
598 408
600 408
597 411
599 411
596 410
599 410
595 412
596 412
598 412
597 413
599 413
595 415
599 415
595 414
596 414
595 404
597 404
598 404
599 404
596 405
597 405
598 405
599 405
594 406
595 406
597 406
600 406
601 406
595 407
596 407
597 400
599 400
601 400
600 401
595 403
597 403
598 403
599 403
600 403
595 402
596 402
597 402
599 402
595 436
598 436
594 437
595 437
596 437
598 437
594 438
596 438
597 438
599 439
596 434
594 435
597 435
598 435
595 433
596 433
598 433
594 432
595 432
596 432
597 432
598 432
598 442
595 443
597 443
594 440
596 440
597 440
598 440
599 440
595 441
596 441
598 441
594 447
595 447
596 447
597 447
599 447
595 446
595 444
596 444
597 444
598 444
599 444
594 445
594 428
596 428
597 428
598 428
598 429
595 430
597 430
598 430
596 431
597 431
593 426
597 426
594 427
596 424
594 425
595 416
597 416
595 417
598 417
592 419
596 418
594 422
595 422
596 422
598 422
594 423
597 423
598 423
594 421
597 421
594 420
595 420
592 464
596 464
594 465
595 465
592 470
594 470
593 471
592 468
593 468
587 479
589 479
590 479
591 479
590 478
591 476
590 477
591 472
592 472
593 472
590 473
589 475
590 475
591 475
592 475
593 475
592 474
594 454
595 454
596 454
598 454
593 455
594 455
595 455
595 453
596 453
598 453
596 452
597 452
598 452
597 449
598 449
595 448
596 448
597 448
598 448
594 450
595 450
594 451
596 451
597 451
594 459
597 459
593 458
594 458
595 458
597 458
595 457
596 457
594 456
595 456
596 456
597 456
594 460
595 460
596 460
594 461
595 461
593 462
594 462
578 495
579 495
581 495
582 495
580 494
581 494
582 494
577 493
579 493
580 493
579 492
580 492
581 492
576 489
579 489
580 489
581 489
582 489
583 489
576 488
579 488
582 488
583 488
584 488
579 490
580 490
581 490
582 490
579 491
582 491
587 480
588 480
589 480
587 481
588 481
589 481
585 483
588 483
586 482
587 482
582 487
583 487
584 487
585 487
582 486
583 486
584 486
585 486
586 484
587 484
586 485
581 499
582 499
578 498
579 498
581 498
578 497
579 497
582 497
578 496
579 496
578 502
581 502
582 502
579 503
578 501
579 501
582 501
577 500
579 500
582 500
578 509
579 509
580 509
581 509
583 509
576 508
577 508
580 508
581 508
582 508
577 510
578 510
579 510
580 510
581 510
579 511
580 511
581 511
584 511
577 506
578 506
579 506
580 506
581 506
582 506
576 507
578 507
579 507
583 507
585 507
578 505
579 505
580 505
581 505
580 504
581 504
577 582
579 582
580 582
582 582
580 583
579 580
582 580
576 581
578 581
580 581
581 581
578 577
581 577
576 576
579 576
581 576
582 576
577 579
578 579
580 579
582 579
579 578
775 578
578 589
581 589
579 588
581 588
578 591
581 591
580 590
581 590
582 590
576 585
577 585
578 585
578 584
581 584
576 587
577 587
579 586
577 597
578 597
579 597
581 597
582 597
583 597
576 596
577 596
579 596
577 599
580 599
581 599
582 599
577 598
578 598
580 598
581 598
575 592
577 592
580 592
581 592
577 593
578 593
579 593
577 594
578 594
579 594
581 594
582 595
576 606
578 606
578 607
580 607
582 607
576 604
577 604
580 604
582 604
575 605
578 605
577 601
580 601
582 601
577 600
578 600
579 600
580 600
577 602
581 602
578 603
582 603
577 611
580 611
582 611
579 610
580 610
581 610
577 608
578 608
579 608
578 609
579 609
581 609
578 612
580 612
582 612
576 613
579 613
580 613
581 613
576 615
578 615
582 615
578 614
579 614
580 614
582 614
576 622
577 622
579 622
582 622
578 623
579 623
578 620
580 620
581 620
582 620
576 621
577 621
578 621
580 621
581 621
582 621
578 618
579 618
580 618
582 618
576 619
578 619
577 617
578 617
580 617
581 617
582 617
576 616
581 616
582 616
581 627
583 627
580 626
581 626
582 626
576 624
577 624
579 624
578 625
581 625
578 628
581 628
576 629
581 629
576 631
578 631
581 631
582 631
580 630
581 630
577 634
578 634
579 634
577 635
578 635
580 635
577 632
581 632
577 633
579 633
581 633
576 638
578 638
580 638
581 638
580 639
581 639
578 637
581 637
578 636
579 636
579 520
580 520
583 520
577 521
579 521
580 521
583 521
577 522
579 522
580 522
582 522
578 523
582 523
577 524
578 524
579 524
582 524
583 524
576 525
581 525
577 526
581 526
577 527
579 527
583 527
576 517
577 517
579 517
582 517
577 516
578 516
580 516
581 516
582 516
583 516
580 519
581 519
583 519
580 518
582 518
576 514
578 514
579 514
580 514
583 514
578 515
579 515
583 515
579 512
583 512
584 512
580 513
583 513
577 541
579 541
581 540
582 540
579 542
580 542
578 543
579 543
580 543
582 543
577 536
580 536
581 536
578 537
579 537
580 537
581 537
577 535
581 535
576 534
580 534
581 534
582 534
583 534
578 532
579 532
581 532
576 533
577 533
578 533
579 533
580 533
581 533
582 533
577 528
579 528
580 528
579 529
580 529
581 529
582 529
577 531
580 531
581 531
582 531
578 530
578 574
580 574
576 573
577 573
579 573
580 573
582 573
578 572
580 572
582 572
579 569
580 569
579 568
581 568
582 571
582 570
577 565
579 565
580 565
578 564
579 564
581 564
578 567
579 567
581 567
582 567
578 566
579 566
579 561
580 561
583 561
582 560
578 563
580 563
581 563
577 562
581 562
576 545
581 545
582 545
583 545
577 544
578 547
582 547
577 546
580 546
581 546
582 546
583 546
576 549
577 549
579 549
582 548
583 548
584 548
579 550
578 551
578 559
580 559
581 559
577 558
578 558
579 558
580 556
581 556
577 555
583 555
579 554
576 553
577 553
577 552
578 552
581 552
575 658
576 658
581 658
576 659
577 659
576 656
578 656
581 656
577 657
577 663
578 663
580 663
581 663
582 663
576 660
578 660
576 661
577 661
578 661
580 661
581 661
578 665
581 665
579 664
580 666
577 667
576 670
579 670
578 671
580 671
576 668
578 668
581 668
579 669
577 652
578 652
582 652
576 653
580 653
581 653
577 654
579 654
575 655
578 655
579 655
581 655
577 648
579 648
580 648
581 649
575 651
576 651
577 650
578 644
579 644
580 644
578 645
579 645
580 645
582 645
581 647
577 642
579 642
580 642
576 643
577 640
578 640
579 640
580 640
581 640
576 641
577 677
578 677
581 677
577 676
579 676
575 678
580 678
575 679
580 679
578 675
579 674
580 674
581 674
578 672
579 672
576 673
577 673
580 673
577 685
579 685
580 685
577 684
578 684
581 684
578 686
581 686
578 687
575 682
578 682
581 682
576 683
577 683
578 683
582 683
577 681
578 680
579 680
580 680
577 696
578 696
581 696
575 697
582 697
575 699
579 699
580 699
576 698
577 698
581 698
577 700
578 700
576 701
578 701
580 701
581 701
577 702
578 702
579 703
577 693
578 693
579 693
581 693
579 692
580 692
581 692
578 695
581 695
576 694
577 694
581 691
576 690
580 690
575 689
579 689
580 689
575 688
579 688
575 712
576 712
577 712
579 712
575 713
578 713
579 713
575 714
577 714
578 714
575 715
578 715
576 718
579 718
579 719
578 716
579 716
576 717
578 717
581 717
576 706
576 707
578 707
579 707
580 707
576 705
577 705
579 705
580 705
579 704
575 709
576 709
578 709
580 709
582 709
577 708
578 708
575 711
578 711
575 710
578 710
591 104
592 104
594 104
590 106
591 106
592 106
596 106
593 107
591 111
590 110
594 110
595 110
592 109
593 109
594 109
590 108
591 108
595 108
591 102
592 102
593 102
589 103
590 103
593 103
589 101
591 101
592 101
593 101
594 101
588 100
590 100
588 97
590 97
592 97
593 97
590 96
593 96
590 98
594 98
590 99
591 99
593 99
590 116
594 116
592 117
594 117
590 119
594 119
595 119
590 118
592 118
593 118
590 113
593 113
594 113
590 112
591 112
592 112
594 112
594 114
589 115
590 121
593 121
592 120
594 120
589 122
590 122
593 122
594 122
589 123
593 123
590 126
591 126
593 126
594 126
591 127
592 127
593 127
594 124
592 125
594 125
591 89
592 89
593 89
594 89
589 88
589 90
592 92
593 93
589 95
591 95
592 94
593 94
594 94
591 85
592 85
589 84
592 84
590 86
592 86
594 86
588 87
589 87
591 87
593 87
589 82
591 82
593 82
592 83
594 83
588 81
589 81
592 81
594 81
589 80
592 80
593 80
595 80
589 79
591 79
592 79
594 79
588 78
589 78
591 78
589 77
590 77
592 77
591 76
592 76
589 73
591 73
592 73
590 72
593 72
594 72
590 74
591 74
589 75
589 69
592 69
593 69
594 69
589 68
593 68
595 68
589 70
590 70
588 71
589 71
590 71
589 65
590 65
592 65
591 64
592 64
589 66
590 66
589 67
593 67
591 51
592 51
593 51
587 50
589 50
592 48
595 48
593 49
588 55
592 55
590 54
591 52
592 52
593 52
588 63
591 63
593 63
589 60
590 60
594 61
589 59
590 59
594 59
591 58
592 58
589 57
592 57
593 57
588 41
589 40
590 40
588 43
590 43
592 43
588 42
590 42
587 45
589 45
592 45
587 47
592 47
593 47
588 46
590 46
588 33
590 33
591 32
592 32
590 34
592 34
591 35
587 38
589 38
590 38
592 38
589 39
591 39
594 39
587 36
589 36
590 36
592 36
589 15
591 15
588 14
590 14
592 14
588 12
591 12
592 12
591 13
588 11
589 11
592 11
587 10
589 10
590 9
589 8
589 2
592 2
587 3
588 3
591 3
587 0
589 0
587 1
589 4
592 4
587 7
590 19
592 19
588 17
589 17
589 16
590 16
591 16
594 16
591 23
593 23
588 22
589 22
590 21
591 21
589 20
587 24
590 24
591 24
587 25
590 26
590 31
591 31
592 31
593 31
587 28
592 28
587 29
595 220
596 220
597 220
594 221
591 223
595 223
591 222
592 222
595 216
592 217
592 218
596 218
596 219
591 208
592 208
594 208
596 208
595 209
592 210
596 210
594 212
595 212
596 212
594 215
597 214
590 201
596 201
592 200
595 200
593 202
597 203
593 206
595 206
596 206
593 207
597 207
594 205
593 198
595 198
593 199
591 196
592 196
591 195
592 195
595 195
592 236
595 236
592 237
593 237
593 238
596 235
592 234
593 234
594 234
595 233
591 226
595 226
592 224
591 228
592 228
594 228
596 228
593 230
596 230
593 231
593 240
594 240
595 240
593 241
593 243
595 243
594 242
596 242
593 246
596 246
592 245
594 245
592 255
594 255
594 252
594 251
592 250
593 248
590 162
590 160
596 166
593 167
594 164
595 164
594 168
595 168
590 169
593 171
594 171
590 173
592 173
593 173
594 172
595 172
591 175
594 180
594 182
595 182
593 177
592 191
592 189
595 188
593 185
594 184
591 186
593 186
593 152
593 153
592 154
595 155
593 157
589 146
590 149
592 149
590 148
592 148
593 150
590 137
591 137
592 142
595 143
591 130
590 129
592 129
593 135
597 135
590 134
591 134
592 134
588 132
596 319
596 318
597 318
594 314
598 314
597 309
594 310
593 311
596 291
596 288
597 288
593 294
595 297
592 268
596 271
595 264
595 267
596 262
592 260
594 260
595 260
596 256
592 275
594 274
594 272
594 278
594 277
595 285
594 287
596 287
596 281
597 281
596 328
597 328
595 330
599 333
596 334
594 335
598 327
596 326
598 324
597 322
596 341
594 343
599 343
595 337
594 348
595 348
598 349
596 350
599 347
594 346
596 381
593 380
596 380
595 369
591 373
602 374
595 352
597 353
596 355
594 358
598 357
599 356
596 363
596 362
595 364
598 400
600 400
593 401
600 402
599 407
601 404
598 414
599 414
601 412
601 408
593 396
600 398
601 398
597 391
600 391
601 384
602 384
597 386
599 386
603 387
597 434
595 439
598 447
597 441
597 424
596 430
586 481
586 483
580 491
580 488
583 510
576 511
583 508
576 509
582 507
582 504
578 500
577 502
581 496
582 496
590 474
591 478
593 464
593 466
596 466
593 469
596 458
597 460
598 450
579 581
577 580
578 580
580 580
577 583
581 582
577 578
581 578
582 578
578 576
580 576
578 587
579 587
580 587
578 586
581 586
582 586
576 584
579 584
580 584
579 585
577 588
578 588
582 588
583 588
579 589
576 590
577 590
579 591
580 596
580 597
579 598
579 599
582 592
576 594
580 594
576 607
581 607
579 606
580 606
581 601
581 600
580 602
577 614
581 614
577 615
577 612
579 612
578 613
580 608
577 609
576 611
577 619
580 619
581 619
583 619
579 620
579 621
578 622
581 622
580 623
579 632
580 632
582 632
583 632
576 633
582 635
576 636
577 636
578 626
579 626
577 627
578 627
579 627
579 625
580 625
578 624
580 624
577 628
580 628
582 628
577 629
576 630
578 630
579 630
582 630
576 519
577 518
578 518
580 517
583 517
579 513
581 513
574 512
577 515
581 515
581 523
578 522
581 522
581 521
582 521
577 520
580 526
582 526
578 527
576 524
582 525
578 536
579 536
577 538
578 538
579 538
582 538
577 539
578 539
581 542
582 542
581 543
582 541
514 540
577 540
578 528
578 531
582 530
582 535
579 534
577 532
582 532
577 564
580 564
577 566
582 566
578 562
580 562
582 562
577 563
580 560
581 560
576 575
579 574
581 574
582 574
577 572
579 572
581 572
583 572
578 573
582 568
583 568
577 570
578 570
577 571
579 571
582 544
578 546
580 547
581 547
577 551
581 551
577 548
579 548
580 548
585 548
578 549
580 549
579 557
580 557
582 557
579 556
582 556
580 558
582 558
576 559
577 559
581 554
578 555
581 555
576 552
580 552
582 552
582 553
576 654
580 654
581 654
577 655
576 652
579 653
578 648
576 649
577 649
579 650
577 641
578 641
580 641
581 641
576 640
577 643
578 643
578 642
581 642
576 645
577 645
578 646
576 667
578 667
579 667
576 666
580 665
580 664
581 669
579 668
580 668
579 671
579 660
581 660
579 661
576 662
577 662
578 662
579 662
576 663
577 656
580 656
580 657
581 657
578 659
580 659
577 658
575 691
578 691
579 691
579 690
576 689
581 689
576 688
577 688
580 688
575 693
576 693
577 692
578 692
575 694
581 694
575 696
576 696
576 697
579 697
580 697
580 698
581 699
580 702
581 702
577 703
581 703
580 700
581 700
576 685
578 685
581 685
576 684
576 686
577 687
576 682
579 682
581 683
580 672
577 674
578 674
575 675
580 675
576 676
578 676
575 677
579 677
577 678
579 678
579 679
581 679
575 705
581 705
581 704
575 707
577 707
578 706
579 706
576 710
577 710
579 711
577 709
579 709
575 708
579 717
580 717
576 716
575 718
580 718
581 718
575 719
577 719
579 714
576 715
577 715
580 713
581 712
590 105
592 105
590 104
589 107
590 107
588 108
589 108
593 108
590 109
591 109
593 111
589 110
591 103
594 103
590 102
588 101
595 101
589 100
592 100
591 97
589 96
589 99
592 99
589 124
590 124
593 124
589 125
590 125
591 125
593 125
589 127
589 120
591 121
591 122
594 118
589 119
592 119
591 117
595 117
589 116
591 115
589 114
593 112
588 113
593 86
590 87
594 84
592 82
590 83
593 83
591 80
594 80
590 81
589 94
590 95
589 92
591 92
591 93
594 93
589 91
593 91
594 91
590 90
591 90
593 90
590 88
594 88
590 68
592 68
591 69
593 71
594 70
593 64
591 66
593 66
588 67
590 67
592 67
589 74
593 74
594 74
591 75
589 72
588 73
589 76
590 76
588 77
591 77
592 78
588 50
593 50
591 48
593 48
588 49
592 49
587 53
591 53
595 53
587 52
588 52
589 52
590 52
587 54
589 54
592 54
593 54
591 55
589 63
592 63
593 62
589 61
588 58
593 58
588 57
590 57
594 56
589 42
593 42
588 40
593 40
590 47
669 47
588 45
589 44
590 39
592 39
591 38
588 37
590 37
590 35
589 34
593 34
588 32
589 32
592 26
588 27
589 27
592 24
589 25
591 25
590 29
588 28
589 31
588 20
590 20
593 20
593 22
587 23
590 23
591 17
592 17
587 16
592 16
587 19
589 19
593 19
589 18
590 18
588 7
589 7
590 7
592 7
591 6
592 6
588 5
591 5
587 4
591 4
588 2
591 2
590 3
588 1
590 1
590 0
587 8
591 8
591 9
588 10
590 10
593 10
587 11
587 13
590 13
592 13
590 12
591 212
592 212
591 213
593 215
592 214
594 214
592 209
594 209
593 210
594 210
591 211
592 211
590 223
594 223
593 222
594 222
596 222
592 221
592 220
593 220
593 217
594 217
592 216
591 200
597 200
591 201
593 201
594 201
595 201
591 202
594 202
596 202
593 203
594 207
596 207
592 206
593 204
591 198
592 198
594 198
592 197
593 196
591 194
593 194
594 194
595 194
593 195
596 195
591 192
594 192
595 192
591 193
592 193
594 247
592 244
596 244
596 245
592 241
592 243
593 250
596 248
593 249
593 252
595 252
596 253
595 234
596 234
593 235
595 235
592 233
596 233
591 232
597 232
595 237
592 239
592 238
595 238
592 231
594 231
596 231
592 230
595 230
591 229
591 227
592 227
595 227
592 226
596 224
594 225
592 160
594 160
590 161
591 161
592 161
591 162
594 162
591 167
592 167
594 167
595 167
594 166
592 164
593 164
591 165
591 171
592 171
591 170
594 170
591 169
594 169
590 168
592 172
594 173
594 174
591 177
595 177
593 176
594 179
594 178
590 182
591 182
593 182
591 183
593 183
591 180
592 180
595 180
592 190
594 190
595 190
591 191
594 191
591 189
592 188
594 187
591 146
592 146
593 146
590 147
591 147
592 147
593 147
594 147
591 145
593 145
591 144
595 144
591 149
593 149
591 148
594 148
595 148
590 150
591 150
590 153
592 153
594 153
596 153
590 152
594 152
590 155
592 155
593 155
594 154
590 158
591 158
592 157
591 132
593 132
594 132
590 133
593 133
593 134
591 135
594 135
591 131
592 131
594 131
592 130
593 130
594 130
591 128
592 143
591 142
591 140
592 140
592 141
594 141
591 139
593 139
595 139
591 138
592 138
593 138
591 136
594 136
595 136
595 325
596 325
597 325
594 324
597 324
594 327
597 327
597 321
597 331
596 330
597 334
595 332
595 345
598 345
598 344
598 347
597 346
598 348
596 351
595 336
597 336
594 339
597 339
595 338
598 338
593 342
597 359
598 359
595 358
595 356
594 354
594 352
596 353
598 362
596 360
599 364
596 365
600 366
596 367
594 383
596 383
600 383
594 382
596 382
600 382
597 381
598 376
595 377
597 378
595 379
597 379
598 373
597 372
599 372
592 374
594 374
595 368
600 368
597 369
600 369
594 370
594 306
596 306
597 306
597 307
597 305
594 304
593 309
594 309
596 309
594 308
597 311
598 311
593 310
595 317
596 317
597 317
598 317
597 316
595 318
593 319
595 313
594 315
595 315
596 315
597 315
596 314
593 289
596 289
597 289
593 288
594 288
594 291
598 291
593 293
594 293
596 293
597 293
593 292
595 292
594 295
594 303
594 302
595 302
598 302
596 301
594 299
597 299
595 298
595 286
596 286
597 286
598 286
592 284
597 284
593 281
595 281
594 280
594 283
593 273
595 273
592 272
596 272
597 272
596 275
597 276
593 277
596 277
592 279
593 260
597 260
593 261
595 263
596 263
597 263
593 257
596 257
596 258
593 259
593 269
597 269
595 268
594 270
595 270
596 270
592 265
594 265
597 265
592 266
592 267
594 267
596 267
577 507
582 505
579 504
577 511
582 511
583 511
582 510
580 498
582 498
580 496
580 502
580 503
581 503
576 486
586 486
584 485
585 485
588 482
574 488
581 488
568 489
580 495
578 493
596 455
597 453
595 451
598 451
595 449
599 449
596 462
596 463
593 461
596 461
594 457
590 472
589 474
591 474
588 479
588 478
589 478
590 476
595 466
595 464
593 465
593 470
595 468
592 469
594 469
598 388
600 388
593 390
595 390
599 390
595 387
598 387
599 387
600 386
597 384
598 384
596 385
594 399
598 399
599 399
596 398
598 398
599 398
596 396
598 396
602 396
601 397
597 393
599 393
600 392
595 394
599 394
600 395
594 409
598 409
594 410
595 410
597 410
600 410
598 411
596 415
598 415
595 413
597 412
594 401
595 401
598 401
599 401
593 400
595 400
596 400
602 400
596 403
600 404
595 405
600 405
598 407
601 407
596 420
598 420
599 420
595 421
598 421
595 423
596 419
598 419
595 418
597 418
596 417
596 425
598 425
595 427
594 426
595 431
595 428
596 429
597 429
595 442
599 442
594 443
596 443
598 443
595 440
594 444
595 445
597 445
599 445
598 446
599 446
596 439
597 439
598 439
595 438
599 438
597 437
594 436
595 435
596 435
598 434
597 433
581 587
580 586
582 584
580 585
582 585
577 591
580 591
577 589
581 580
582 581
578 583
579 583
577 576
582 602
577 603
579 603
581 603
582 600
579 601
576 605
577 605
579 605
580 605
581 605
582 605
577 606
579 607
578 596
578 599
581 593
579 592
577 595
579 595
580 595
582 594
581 611
576 610
578 610
581 608
582 608
575 609
576 612
581 612
579 615
580 615
576 618
582 619
577 616
580 616
579 617
576 623
581 623
582 623
577 620
577 626
576 625
577 625
582 625
580 631
577 630
578 629
579 629
580 629
576 634
580 634
576 635
580 633
582 633
578 632
581 636
576 637
577 638
577 519
582 519
583 518
576 516
584 516
578 517
581 517
584 517
575 512
580 512
582 512
577 513
582 513
577 514
581 514
582 514
583 526
581 527
578 521
577 523
577 529
578 529
583 528
579 530
583 530
578 534
583 532
576 539
579 539
582 539
580 538
581 538
577 537
578 540
579 540
580 540
583 540
581 541
577 543
580 566
580 567
581 565
577 561
581 561
582 561
579 560
582 563
577 568
578 568
582 569
583 569
576 572
578 575
580 575
581 575
577 547
583 547
578 544
581 544
577 545
578 545
581 548
581 549
582 549
582 550
583 550
580 551
576 554
580 554
584 554
578 553
579 553
583 552
577 557
581 557
581 558
578 649
580 649
577 651
578 651
576 650
578 650
580 650
582 650
578 654
576 655
580 652
576 647
578 647
576 646
577 646
580 646
577 644
582 641
579 643
580 643
575 642
576 642
575 665
579 665
581 667
581 666
577 671
580 669
579 658
580 658
579 659
576 657
579 657
575 663
579 663
577 660
582 660
576 678
578 678
581 678
576 679
577 679
578 679
582 672
581 675
575 686
579 686
576 687
579 687
579 684
578 681
580 681
576 680
577 680
580 682
580 683
575 702
579 702
578 703
580 703
579 700
579 701
579 696
576 691
577 691
575 690
578 690
581 690
581 688
578 689
582 692
580 693
579 694
580 694
582 694
575 695
576 719
578 719
578 718
580 716
581 716
577 713
578 712
576 714
580 715
578 705
582 705
578 704
580 706
580 710
581 710
577 711
576 708
589 104
593 104
589 105
591 105
592 107
591 110
593 110
589 111
592 111
592 108
594 108
589 109
588 102
590 101
593 100
589 97
591 96
591 98
594 99
591 119
591 118
595 118
591 116
593 116
593 115
590 114
591 114
593 114
589 113
592 113
589 126
592 126
595 126
594 127
595 122
590 123
593 81
588 80
590 80
590 82
591 83
595 83
587 84
595 84
589 85
593 85
594 85
591 86
591 88
593 88
589 89
588 91
590 91
595 91
592 90
588 95
592 95
594 95
572 93
588 93
590 93
590 92
593 92
594 92
588 79
590 79
593 79
587 77
588 74
592 74
588 75
590 75
594 73
591 67
594 67
591 65
591 68
594 68
587 69
592 53
593 53
591 54
588 48
590 48
594 48
591 49
588 51
590 51
591 50
592 50
594 50
586 56
592 56
591 57
588 59
593 59
590 58
588 62
590 62
591 62
587 63
590 61
591 60
592 60
594 60
588 35
589 35
593 35
587 34
591 34
587 33
592 33
591 37
593 37
591 41
592 40
591 42
587 44
588 44
593 45
591 47
589 46
593 46
587 6
593 5
588 4
591 0
592 0
592 1
589 3
590 2
590 15
592 15
589 13
593 13
587 12
589 12
589 9
592 9
588 8
590 8
590 11
595 11
588 21
589 21
586 20
587 20
591 20
588 23
587 22
591 22
588 19
586 18
588 16
590 30
592 30
590 28
588 26
589 26
590 27
588 25
592 25
593 24
594 196
590 197
590 198
596 198
596 194
593 193
595 193
596 193
578 192
591 204
591 205
595 205
596 205
595 207
591 206
592 201
593 200
592 202
597 202
595 208
590 210
597 210
595 214
596 214
591 215
593 223
596 223
593 221
591 220
593 219
594 219
595 219
597 219
593 218
594 218
595 218
596 217
591 216
598 216
593 227
596 227
594 226
592 225
593 225
591 224
595 228
593 229
597 230
595 232
593 239
595 239
594 238
597 238
598 238
594 237
594 250
596 250
597 250
596 251
595 255
593 254
596 254
590 240
596 240
596 241
595 242
594 243
594 244
593 247
591 246
594 246
595 246
595 162
591 163
593 161
590 166
590 164
590 175
592 175
595 175
591 174
593 170
592 177
590 176
596 176
592 179
593 179
595 179
593 180
591 181
595 181
592 183
592 186
594 186
596 186
591 184
592 184
595 184
591 185
592 185
595 189
591 190
589 145
590 145
592 144
589 147
595 150
602 150
591 159
595 158
590 156
596 156
590 157
591 153
589 152
591 152
596 152
589 136
589 138
595 138
591 143
590 142
589 140
590 135
595 134
591 133
594 133
595 133
589 132
595 132
589 131
590 131
589 128
590 128
595 128
597 319
593 312
593 314
598 315
594 311
597 308
598 308
595 307
593 304
596 297
594 296
598 296
594 298
598 290
593 291
598 269
591 268
593 271
593 266
597 266
594 263
593 262
592 261
597 257
594 256
592 258
597 258
593 275
597 275
598 273
593 282
597 282
598 282
599 283
594 320
595 320
597 320
595 321
593 322
593 323
598 326
599 324
593 334
594 331
594 342
595 342
598 341
593 337
598 337
594 336
595 339
594 338
594 351
600 348
599 358
599 359
599 357
602 357
595 355
599 353
594 365
599 365
600 365
599 367
601 360
594 363
594 381
600 381
593 383
595 383
593 382
594 377
601 377
591 376
600 374
594 375
600 373
594 393
591 392
593 392
605 392
594 395
593 399
601 399
594 397
601 386
601 387
606 387
594 389
603 388
601 390
594 404
593 403
593 402
601 402
595 411
599 432
594 446
590 420
594 429
588 477
591 477
592 466
592 465
594 452
594 453
578 494
582 493
590 490
577 505
575 511
575 509
578 503
582 606
