597 408
599 396
596 394
595 430
597 424
579 506
581 494
596 296
594 280
597 322
596 324
597 335
595 348
597 346
596 362
596 361
596 380
597 376
598 376
580 522
579 514
580 554
581 554
581 544
578 551
579 550
580 569
580 566
580 626
582 626
578 628
579 634
578 637
579 623
580 617
579 604
579 603
579 602
578 600
580 579
578 656
580 656
580 658
580 661
577 663
580 671
577 670
578 670
579 664
580 647
580 645
579 640
577 642
581 648
580 650
578 652
579 672
576 673
577 680
577 687
578 686
577 684
580 684
576 694
577 694
579 694
579 690
580 690
575 689
575 698
576 698
577 698
577 701
578 700
577 702
578 705
576 710
577 710
578 709
576 719
580 716
578 714
580 715
591 92
592 92
592 94
591 95
590 90
592 90
593 90
589 88
593 88
590 81
593 82
590 85
592 84
590 70
591 70
592 70
589 69
590 65
591 64
591 78
589 79
591 76
592 76
590 74
590 72
590 98
590 96
591 100
593 100
592 102
591 108
590 110
594 110
593 105
591 122
594 122
590 120
592 120
592 125
590 124
592 127
590 112
591 112
593 112
592 118
592 58
591 56
592 56
591 57
591 49
591 48
590 50
592 50
593 52
593 54
590 46
588 44
589 40
591 43
587 38
589 39
589 36
590 36
591 37
588 32
588 33
591 35
588 34
589 34
590 34
589 12
592 12
591 15
591 11
587 10
588 10
589 4
590 4
591 4
592 6
589 2
590 2
591 0
588 22
590 22
591 23
590 21
588 17
588 16
589 16
590 16
591 16
588 18
590 19
587 29
588 28
593 28
591 31
592 31
592 30
592 174
591 172
591 171
592 168
593 168
595 168
592 163
593 163
593 162
593 161
594 166
590 164
591 186
593 186
596 186
594 187
593 185
593 184
591 188
595 188
591 189
593 180
594 180
594 181
592 182
595 182
591 183
593 177
594 179
595 179
594 178
590 150
594 150
591 148
594 148
591 145
594 145
591 144
593 146
592 157
593 157
592 156
593 156
590 158
592 158
594 158
592 154
593 154
592 155
592 153
593 131
592 130
593 130
590 129
592 129
591 128
589 134
590 134
591 134
593 134
594 134
591 135
593 135
592 132
593 132
591 136
592 136
593 137
591 138
593 138
594 138
595 139
590 142
591 142
591 143
592 140
594 140
592 198
593 198
594 196
592 192
594 192
595 192
595 193
596 195
593 202
594 202
593 203
594 200
591 206
592 206
595 206
592 204
593 213
594 213
595 212
596 212
595 215
595 214
591 208
592 208
594 208
595 208
592 209
595 209
592 210
593 210
595 210
596 210
593 211
595 211
594 216
595 216
593 217
592 218
594 218
595 218
593 219
595 219
594 220
593 221
594 221
592 222
593 222
594 222
595 222
596 222
593 223
596 223
592 247
595 247
594 244
592 242
594 242
594 243
595 243
593 240
594 240
596 241
593 248
595 248
593 249
596 251
592 250
593 250
593 254
594 254
595 254
596 254
594 255
596 255
594 252
596 252
593 253
592 228
594 228
595 228
596 228
593 229
595 229
592 230
593 230
594 230
595 230
596 230
595 231
591 224
592 224
594 224
593 225
595 225
592 227
595 227
592 226
596 226
593 238
595 238
593 239
594 239
592 236
595 236
592 234
594 234
596 234
592 235
593 235
590 232
593 232
596 232
597 232
591 233
595 233
595 290
596 290
593 291
596 291
594 288
595 288
596 288
594 289
596 289
593 292
596 292
595 293
595 294
596 294
597 294
593 295
596 295
594 300
596 300
594 301
595 301
596 301
595 303
596 303
593 302
595 302
596 302
594 298
595 298
596 298
597 298
597 296
594 297
595 297
595 310
596 310
597 310
593 308
595 309
593 304
596 304
594 305
596 305
593 306
594 306
595 306
597 306
595 307
597 307
594 316
595 316
597 316
595 317
594 318
595 312
597 312
596 313
594 315
597 314
593 273
596 273
593 272
595 272
595 274
594 275
596 275
594 279
596 279
593 276
596 276
597 276
594 277
593 284
595 284
596 284
597 284
595 285
593 287
594 287
595 287
594 286
595 286
596 280
597 281
593 282
594 282
595 282
598 282
595 283
594 258
596 258
597 258
593 256
595 256
593 257
594 257
593 262
594 262
595 263
593 271
594 271
595 271
597 271
593 270
594 270
597 270
592 268
593 268
596 269
592 266
594 266
596 266
595 267
596 267
594 265
595 265
596 265
596 327
597 327
595 326
598 326
593 324
594 324
595 324
597 324
594 323
596 323
597 323
593 322
595 322
596 322
598 322
596 321
596 320
594 328
595 328
597 328
595 329
596 329
597 329
598 329
594 330
595 330
598 330
596 335
598 335
594 334
596 334
597 334
598 334
597 332
597 333
598 333
594 350
595 350
598 350
596 351
597 351
595 349
596 349
597 344
598 344
596 345
595 347
597 347
596 346
594 340
596 340
598 340
597 341
597 342
596 343
598 343
596 336
597 336
595 338
596 338
597 338
598 338
595 382
596 382
597 382
598 382
599 382
600 382
593 383
594 383
598 383
596 381
597 381
594 380
597 380
600 380
592 378
594 378
595 378
596 378
597 378
598 378
600 378
601 378
602 378
594 379
598 379
599 379
600 379
595 377
596 376
599 376
590 374
592 374
599 374
600 374
598 375
596 373
599 373
594 372
595 372
596 372
597 372
599 372
596 370
597 370
598 370
594 371
597 371
598 371
599 371
596 368
597 368
598 368
599 368
598 369
599 369
594 359
595 359
598 359
594 358
595 358
598 358
599 358
595 356
597 356
596 357
597 357
599 357
595 353
598 352
594 354
595 354
596 354
599 354
595 355
596 355
597 355
594 366
596 366
598 366
599 366
596 367
597 367
598 367
594 364
595 364
596 364
598 364
595 365
597 365
598 365
600 365
594 360
597 360
595 361
597 361
594 362
597 362
598 362
599 362
594 363
596 363
597 363
594 461
594 460
596 460
597 460
593 462
595 462
596 462
594 463
594 457
597 457
593 456
594 456
596 456
597 456
594 458
596 458
597 458
596 459
594 448
596 448
597 448
598 448
595 449
596 449
595 451
596 451
596 450
597 450
594 452
595 452
598 452
597 454
593 455
594 455
595 455
593 469
593 468
591 470
593 470
594 470
592 464
593 464
594 464
595 464
596 465
595 466
596 466
595 467
590 476
591 476
592 476
588 477
590 477
588 478
591 478
587 479
590 472
591 472
592 472
593 472
591 473
592 473
589 474
590 474
591 474
589 475
590 475
591 475
593 475
577 506
580 506
581 506
582 506
577 507
579 507
582 507
578 505
579 505
581 505
578 504
579 504
581 504
576 511
578 511
579 511
581 511
582 511
576 510
579 510
582 510
578 508
580 508
581 508
583 508
576 509
577 509
578 509
579 509
580 509
582 509
579 496
580 496
581 496
582 496
579 497
580 497
581 497
579 499
581 499
580 498
582 498
582 500
578 501
581 501
578 502
585 484
587 484
585 485
583 486
586 486
582 487
585 487
587 480
587 482
588 482
587 483
579 492
580 492
578 493
580 493
581 493
577 494
579 494
580 494
582 494
579 495
581 495
577 488
580 488
581 488
576 489
578 489
580 489
582 489
579 490
580 490
581 490
580 491
582 491
595 405
596 405
600 405
595 404
596 404
600 404
600 407
596 406
597 406
595 402
596 402
598 402
599 402
600 402
595 403
596 403
598 403
600 403
593 400
595 400
596 400
598 400
599 400
600 400
594 401
600 401
596 415
597 415
598 415
597 414
598 414
599 414
595 412
596 412
597 412
598 412
599 412
601 412
595 413
597 413
599 413
595 409
596 409
597 409
598 409
595 408
599 408
601 408
595 410
596 410
597 410
599 410
596 411
598 411
599 411
594 384
597 384
601 384
598 385
599 385
594 386
596 386
598 386
599 386
600 386
601 386
602 386
594 387
595 387
598 387
602 387
593 390
594 390
597 390
599 390
600 390
601 390
602 390
596 391
601 391
595 389
598 389
595 388
598 388
600 388
601 388
595 399
597 399
598 399
594 398
596 398
597 398
598 398
595 396
596 396
597 396
600 396
601 396
593 397
596 397
600 397
596 392
597 392
599 392
602 392
593 393
599 393
600 393
601 393
594 394
595 394
599 394
600 394
601 394
599 395
594 446
595 446
596 446
597 446
598 446
595 447
596 447
599 447
594 445
595 445
596 445
597 445
596 444
597 444
598 444
599 444
594 442
595 442
596 442
597 442
597 443
595 441
596 441
597 440
594 432
597 432
599 432
597 433
598 433
597 435
598 435
594 434
595 434
596 434
598 434
594 439
596 439
598 439
599 439
595 438
597 438
594 437
597 437
598 436
595 418
597 418
598 418
599 418
596 419
598 419
597 417
599 417
599 416
595 420
596 420
598 420
594 421
595 421
597 421
594 423
596 423
597 422
594 426
595 426
598 426
594 427
596 427
597 427
598 427
594 425
595 425
596 425
597 425
596 424
598 424
594 431
598 431
595 428
598 428
595 429
596 429
597 429
578 536
579 536
580 536
582 536
578 537
579 537
580 537
581 537
582 537
578 538
580 538
582 538
576 539
577 539
580 539
578 542
579 542
580 542
581 542
582 542
577 543
579 543
582 543
579 541
580 541
577 540
579 540
581 540
582 540
583 540
580 535
577 534
578 534
579 534
578 532
579 532
582 532
578 533
581 533
582 533
577 530
578 530
580 530
581 530
582 530
577 531
578 531
579 531
580 531
582 531
577 528
579 528
581 528
582 528
581 529
582 529
577 518
579 518
581 518
576 519
577 519
578 519
579 519
581 519
582 519
583 519
577 516
579 516
580 516
581 516
582 516
584 516
577 517
579 517
581 517
582 517
583 517
574 512
577 512
578 512
582 512
583 512
577 513
579 513
583 513
577 515
578 515
579 515
581 515
582 515
583 515
576 514
577 514
578 514
580 514
582 514
583 514
579 520
580 520
581 520
582 520
583 520
579 521
581 521
582 521
583 521
579 523
580 523
582 523
577 522
579 522
581 522
582 522
577 524
579 524
581 524
582 524
583 524
584 524
577 525
578 525
579 525
580 525
582 525
575 526
577 526
578 526
580 526
581 526
583 526
584 526
576 527
577 527
578 527
580 527
581 527
582 527
583 527
576 552
577 552
579 552
581 552
582 552
577 553
578 553
580 553
582 553
577 555
578 555
579 555
580 555
582 555
576 554
577 554
582 554
577 558
578 558
579 558
581 558
582 558
577 559
579 559
580 559
577 556
578 556
579 556
581 556
577 557
579 557
581 557
582 557
578 544
580 544
582 544
578 545
579 545
582 545
578 546
579 546
580 546
582 546
583 546
578 547
580 547
581 547
577 551
579 551
581 551
577 550
583 550
578 548
582 548
577 549
578 549
580 549
581 549
577 562
578 562
580 562
581 562
582 562
578 563
579 563
580 563
581 563
582 563
578 560
582 560
577 561
580 561
581 561
582 561
576 564
577 564
578 564
579 564
580 564
581 564
577 565
579 565
581 565
578 566
581 566
582 566
576 567
577 567
578 567
579 567
581 567
582 567
577 573
578 573
579 573
580 573
582 573
576 572
577 572
578 572
580 572
581 572
583 572
577 574
578 574
579 574
580 574
581 574
576 575
577 575
578 575
577 571
578 571
579 571
580 571
582 571
577 570
579 570
582 570
578 569
579 569
581 569
582 569
583 569
577 568
580 568
581 568
582 568
580 613
581 613
577 612
578 612
579 612
580 612
581 612
582 612
578 614
579 614
580 614
582 614
576 615
577 615
578 615
579 615
580 615
581 615
582 615
577 608
578 608
579 608
580 608
581 608
582 608
576 609
577 609
578 609
579 609
581 609
582 609
576 610
577 610
579 610
581 610
577 611
579 611
580 611
581 611
582 611
576 618
577 618
580 618
582 618
583 618
576 619
578 619
580 619
583 619
576 616
577 616
580 616
581 616
582 616
577 617
578 617
579 617
581 617
582 617
578 623
581 623
582 623
575 622
576 622
578 622
580 622
581 622
582 622
577 621
580 621
581 621
582 621
577 620
578 620
579 620
581 620
582 620
576 630
577 630
578 630
579 630
580 630
581 630
582 630
577 631
581 631
577 628
579 628
580 628
581 628
582 628
578 629
580 629
582 629
576 624
577 624
578 624
579 624
580 624
576 625
577 625
578 625
579 625
580 625
582 625
578 626
579 626
581 626
577 627
579 627
581 627
583 627
576 638
577 638
578 638
581 638
577 639
579 639
580 639
581 639
576 636
578 636
579 636
576 637
577 637
580 637
581 637
576 634
577 634
580 634
581 634
582 634
576 635
577 635
580 635
582 635
577 632
578 632
579 632
580 632
578 633
579 633
581 633
577 593
579 593
581 593
579 592
580 592
582 592
577 594
578 594
579 594
580 594
581 594
577 595
579 595
582 595
576 596
577 596
579 596
580 596
581 596
582 596
578 597
579 597
581 597
582 597
577 599
579 599
580 599
582 599
578 598
580 598
582 598
577 606
578 606
579 606
580 606
581 606
576 607
577 607
579 607
580 607
581 607
582 607
580 604
582 604
576 605
577 605
578 605
579 605
580 605
581 605
582 605
577 602
581 602
582 602
577 603
578 603
580 603
581 603
582 603
577 601
578 601
579 601
580 601
581 601
577 600
580 600
581 600
582 600
576 580
577 580
579 580
580 580
581 580
582 580
579 581
580 581
581 581
582 581
577 582
579 582
580 582
581 582
582 582
577 583
579 583
581 583
582 583
577 576
578 576
579 576
580 576
581 576
578 577
579 577
580 577
581 577
582 577
578 578
581 578
582 578
577 579
578 579
579 579
578 589
579 589
580 589
577 588
578 588
580 588
581 588
582 588
576 590
577 590
578 590
577 591
578 591
580 591
581 591
576 587
577 587
578 587
579 587
581 587
582 587
577 586
578 586
579 586
582 586
576 584
579 584
581 584
577 585
578 585
579 585
577 666
578 666
579 666
580 666
581 666
576 667
577 667
579 667
580 667
576 664
577 664
578 664
581 664
576 665
578 665
579 665
576 670
580 670
578 671
581 671
577 668
579 668
580 668
581 668
576 669
577 669
578 669
579 669
580 669
581 669
576 660
577 660
579 660
580 660
582 660
575 661
577 661
578 661
581 661
576 662
577 662
578 662
579 662
581 662
582 662
575 663
576 663
578 663
579 663
582 663
576 657
577 657
578 657
579 657
580 657
581 657
577 656
579 656
581 656
575 658
576 658
579 658
576 659
577 659
579 659
580 659
581 659
577 648
579 648
580 648
576 649
578 649
580 649
582 649
576 650
577 650
578 650
579 650
581 650
575 651
578 651
579 651
580 651
581 651
582 651
575 654
576 654
577 654
578 654
580 654
581 654
578 655
579 655
580 655
581 655
577 652
579 652
580 652
581 652
582 652
576 653
577 653
581 653
576 640
577 640
580 640
581 640
576 641
577 641
578 641
579 641
580 641
576 642
578 642
580 642
577 643
578 643
580 643
581 643
576 645
577 645
579 645
581 645
575 644
578 644
580 644
582 644
576 647
578 647
582 647
576 646
577 646
578 646
580 646
581 646
575 676
579 676
580 676
577 677
579 677
581 677
576 678
577 678
578 678
579 678
580 678
581 678
575 679
576 679
580 679
580 672
581 672
575 673
577 673
578 673
579 673
580 673
581 673
577 674
578 674
579 674
581 674
575 675
576 675
578 675
579 675
580 675
581 675
575 681
576 681
577 681
579 681
580 681
581 681
576 680
578 680
581 680
576 682
579 682
578 683
580 683
581 683
582 683
576 685
578 685
580 685
575 684
576 684
578 684
579 684
581 684
576 686
577 686
579 686
580 686
581 686
578 687
579 687
580 687
578 698
581 698
576 699
578 699
579 699
580 699
581 699
575 697
576 697
577 697
579 697
580 697
575 696
576 696
578 696
579 696
581 696
575 700
579 700
581 700
576 701
578 701
580 701
581 701
575 702
576 702
578 702
579 702
578 703
579 703
576 692
577 692
580 692
581 692
582 692
575 693
576 693
577 693
578 693
579 693
581 693
575 694
578 694
580 694
575 695
576 695
578 695
580 695
576 689
577 689
578 689
579 689
581 689
575 688
576 688
578 688
575 691
577 691
578 691
579 691
580 691
581 691
575 690
576 690
578 690
575 712
576 712
577 712
578 712
575 713
576 713
577 713
579 713
580 713
581 713
575 714
576 714
577 714
579 714
580 714
575 715
577 715
578 715
579 715
575 718
576 718
578 718
579 718
580 718
581 718
574 719
575 719
577 719
578 719
579 719
576 716
577 716
579 716
575 717
576 717
578 717
579 717
580 717
581 717
576 709
580 709
582 709
575 708
576 708
578 708
580 708
575 711
576 711
577 711
578 711
578 710
579 710
580 710
581 710
575 704
576 704
577 704
579 704
580 704
575 705
576 705
580 705
581 705
582 705
575 706
578 706
581 706
575 707
577 707
578 707
579 707
581 707
589 109
590 109
591 109
592 109
593 109
594 109
589 108
590 108
594 108
589 110
591 110
593 110
595 110
589 111
590 111
591 111
592 111
593 111
594 111
590 106
591 106
592 106
594 106
589 107
591 107
592 107
589 104
591 104
593 104
594 104
590 105
591 105
592 105
591 97
592 97
593 97
594 97
588 96
589 96
591 96
594 96
591 99
592 99
593 99
589 98
591 98
592 98
594 98
589 100
590 100
592 100
594 100
589 101
590 101
591 101
592 101
594 101
589 102
590 102
591 102
589 103
591 103
592 103
593 103
594 103
590 118
591 118
595 118
590 119
591 119
592 119
594 119
588 117
589 117
590 117
592 117
593 117
594 117
590 116
591 116
592 116
593 116
589 115
590 115
591 115
592 115
593 115
594 115
589 114
591 114
592 114
595 114
589 112
592 112
594 112
588 113
590 113
591 113
592 113
593 113
594 113
591 124
593 124
594 124
595 124
589 125
591 125
593 125
594 125
591 127
593 127
589 126
590 126
591 126
592 126
593 126
595 126
589 120
593 120
594 120
589 121
591 121
592 121
594 121
589 122
590 122
592 122
590 123
591 123
592 123
593 123
589 90
588 91
589 91
590 91
591 91
592 91
593 91
588 88
591 88
589 89
591 89
592 89
589 93
590 93
591 93
592 93
593 93
593 92
588 94
591 94
593 94
590 95
592 95
594 95
589 86
590 86
594 86
589 87
590 87
591 87
592 87
593 87
594 87
590 84
591 84
593 84
594 84
591 85
592 85
593 85
590 83
592 83
593 83
589 82
590 82
592 82
594 82
595 82
590 80
594 80
595 80
588 81
589 81
591 81
592 81
593 81
594 81
588 78
589 78
594 78
588 79
590 79
591 79
592 79
593 79
594 79
588 77
589 77
590 77
592 77
593 77
588 76
589 76
590 76
593 76
590 75
591 75
593 75
594 75
589 74
592 74
593 74
588 72
589 72
591 72
592 72
593 72
594 72
588 73
589 73
590 73
591 73
592 73
593 73
595 73
587 64
589 64
590 64
593 64
588 65
589 65
591 65
592 65
594 65
589 67
590 67
591 67
592 67
593 67
587 66
588 66
590 66
591 66
592 66
593 66
594 66
588 69
590 69
591 69
593 69
594 69
590 68
591 68
589 71
590 71
591 71
592 71
593 71
591 70
593 70
594 70
588 62
589 62
590 62
594 62
588 63
589 63
590 63
591 63
592 63
593 63
594 63
588 60
590 60
591 60
592 60
593 60
595 60
588 61
590 61
591 61
592 61
593 61
594 61
587 56
589 56
593 56
588 57
592 57
593 57
590 58
588 59
589 59
592 59
593 59
590 53
591 53
592 53
593 53
587 52
589 52
590 52
588 55
589 55
590 55
591 55
592 55
593 55
587 54
588 54
589 54
590 54
591 54
587 50
589 50
593 50
588 51
589 51
590 51
591 51
592 51
593 51
594 51
588 48
590 48
593 48
588 49
589 49
590 49
592 49
593 49
588 42
589 42
590 42
593 42
588 43
590 43
592 43
593 43
589 41
591 41
592 41
588 40
589 44
590 44
592 44
593 44
591 45
592 45
588 46
591 46
593 46
588 47
589 47
590 47
591 47
592 47
593 47
594 47
590 32
592 32
593 32
594 32
587 33
589 33
590 33
591 33
593 33
591 34
592 34
588 35
589 35
590 35
592 35
588 37
589 37
590 37
592 37
587 36
591 36
593 36
587 39
588 39
590 39
591 39
592 39
593 39
588 38
591 38
593 38
588 26
589 26
587 27
588 27
589 27
591 27
592 27
587 24
588 24
589 24
591 24
592 24
594 24
587 25
588 25
590 25
591 25
592 25
589 28
591 28
592 28
588 29
591 29
592 29
588 30
589 30
590 30
591 30
588 31
589 31
590 31
593 31
591 22
593 22
587 23
589 23
590 23
592 23
593 23
587 20
588 20
590 20
592 20
593 20
588 21
589 21
591 21
592 21
593 21
592 16
589 17
591 17
592 17
589 18
587 19
588 19
591 19
592 19
593 19
594 19
593 12
587 13
589 13
590 13
591 13
592 13
587 15
588 15
589 15
590 15
592 15
593 15
587 14
588 14
589 14
587 11
592 11
590 10
591 10
592 10
593 10
587 9
591 9
592 9
588 3
589 3
590 3
591 3
593 3
591 2
592 2
586 0
587 0
588 0
589 0
592 0
586 1
589 1
590 1
591 1
587 5
588 5
589 5
590 5
591 5
592 5
593 5
587 4
592 4
593 4
587 7
588 7
589 7
590 7
592 7
593 7
587 6
590 6
591 6
593 205
594 205
595 205
596 205
591 204
594 204
595 204
593 206
594 206
592 207
593 207
594 207
595 207
597 207
592 201
593 201
594 201
595 201
596 201
595 202
592 202
591 203
592 203
594 203
595 203
591 194
592 194
594 194
595 194
591 195
593 195
594 195
595 195
591 193
592 193
593 193
594 193
596 193
591 192
594 198
595 198
591 199
592 199
593 199
594 199
595 199
596 199
591 196
592 196
593 196
595 196
591 197
592 197
593 197
595 197
593 216
596 216
592 217
595 217
596 217
591 218
593 218
596 218
591 219
592 219
594 219
591 221
592 221
591 220
593 220
596 220
591 223
592 223
594 223
595 223
597 223
591 210
594 210
594 211
592 211
596 208
593 209
594 209
596 209
592 212
593 212
592 213
595 213
596 213
591 214
592 214
592 215
593 215
594 215
596 215
595 224
591 225
596 225
593 227
594 227
596 227
591 226
593 226
594 226
594 229
596 229
591 228
593 231
595 232
590 233
593 233
594 233
596 233
594 235
595 235
596 235
597 235
592 238
597 238
592 239
595 239
596 239
593 236
592 237
594 237
595 237
596 237
595 252
594 253
595 253
596 253
592 255
593 255
595 255
597 255
594 248
596 248
592 249
594 249
595 249
597 249
594 250
593 251
594 251
595 251
594 247
596 247
592 246
595 246
596 246
593 245
594 245
592 244
593 244
596 244
592 240
592 241
593 241
594 241
595 241
596 243
595 242
593 174
591 175
592 175
595 175
591 173
592 173
593 173
594 173
596 173
592 172
593 172
593 170
594 170
592 171
594 171
595 171
591 169
593 169
594 169
590 167
592 167
594 167
591 166
591 164
592 164
590 165
591 165
592 165
593 165
594 165
595 165
589 160
590 160
594 160
595 160
592 161
594 161
595 161
594 162
590 163
591 163
594 163
595 163
591 184
592 184
594 184
591 185
592 185
590 186
594 186
591 187
592 187
593 187
592 190
595 190
591 191
592 191
593 191
594 191
592 188
593 188
592 189
595 189
590 176
592 176
593 176
590 177
591 177
595 177
590 179
593 179
590 178
591 178
592 178
593 178
595 178
591 181
592 181
590 180
595 180
592 183
593 183
594 183
593 182
596 182
590 145
590 144
592 144
593 144
591 146
594 146
590 147
591 147
592 147
594 147
595 147
590 149
591 149
592 149
593 149
594 149
595 149
589 148
593 148
590 151
591 151
592 151
593 151
594 151
595 151
592 150
589 154
594 154
591 155
593 155
592 152
594 152
590 153
591 153
593 153
591 157
591 156
595 156
592 159
595 159
591 158
595 136
590 137
591 137
595 137
590 139
591 139
592 139
593 139
594 139
592 138
591 140
593 140
590 141
591 141
593 141
594 141
592 143
593 143
594 143
595 143
590 135
592 135
594 135
589 133
593 133
590 132
590 131
591 131
592 131
590 128
593 128
589 129
591 129
593 129
594 129
596 311
597 308
594 309
595 305
593 305
597 305
598 306
596 317
597 318
594 319
595 319
597 319
595 315
596 315
597 315
598 315
593 314
594 314
594 313
595 313
597 313
594 312
594 292
594 293
597 293
595 295
597 295
594 291
597 291
597 288
593 289
597 289
593 296
596 297
597 297
593 298
595 299
593 303
597 303
597 301
593 279
597 278
592 277
593 277
595 277
592 275
593 275
596 274
596 272
598 272
594 273
595 273
594 285
597 285
594 284
593 286
597 286
597 287
594 283
596 283
597 283
593 281
593 280
597 280
596 260
593 261
594 261
595 261
596 261
592 263
594 263
593 259
595 259
596 259
595 257
596 257
596 264
593 264
594 267
593 266
592 269
596 268
597 268
595 323
598 323
594 320
597 320
594 321
595 321
597 321
598 321
596 325
597 325
594 327
595 327
598 327
596 326
594 331
595 331
597 331
598 328
595 334
594 333
595 333
596 333
594 332
596 332
596 344
597 345
598 345
598 347
599 347
598 349
594 351
595 351
599 351
596 341
598 341
595 343
597 343
595 342
594 336
595 337
596 337
597 337
598 337
594 339
595 339
596 339
597 339
598 361
600 361
595 360
598 360
595 363
599 363
594 365
596 365
599 365
595 366
599 367
598 355
596 353
596 352
595 357
595 383
596 383
600 383
601 383
598 381
602 381
598 380
595 379
596 379
597 379
593 377
594 377
596 377
597 377
600 377
594 370
599 370
596 371
594 369
597 369
595 375
597 375
600 375
598 374
594 373
597 373
600 372
593 385
596 385
600 385
601 385
599 384
593 384
600 384
599 387
591 386
594 389
600 389
597 388
598 393
594 395
600 395
597 394
594 397
598 397
599 398
594 399
595 415
596 408
600 408
599 403
597 402
601 400
595 401
596 401
597 405
598 405
596 417
598 421
594 420
598 423
594 422
594 428
595 431
597 431
598 425
595 427
597 426
596 437
595 437
595 433
598 445
597 447
598 441
588 479
589 477
591 477
590 473
592 475
593 465
595 465
593 467
594 467
594 466
592 469
591 471
592 471
593 461
595 461
596 461
593 463
594 459
595 459
595 457
599 449
594 451
597 451
598 451
598 454
598 455
581 487
585 486
584 485
589 481
586 483
578 495
580 495
581 494
577 493
582 490
583 488
580 511
580 505
582 505
580 504
578 507
580 507
581 507
580 500
581 503
582 503
578 499
580 499
582 576
581 579
582 579
576 585
581 585
577 589
580 590
581 592
580 595
576 599
577 598
576 598
579 604
578 604
579 600
580 620
580 617
578 618
580 627
582 631
578 628
578 635
579 634
577 633
580 636
578 637
581 541
578 543
580 543
581 538
582 539
581 536
581 531
579 530
580 532
579 533
578 516
583 516
580 519
582 513
579 514
578 520
580 521
580 522
580 524
580 575
582 572
577 569
581 570
578 561
581 544
577 544
581 545
583 545
582 547
581 550
582 550
578 551
580 551
582 559
580 554
578 552
577 647
581 647
576 655
579 654
580 653
578 652
580 650
580 671
577 670
578 668
577 663
580 661
578 656
578 677
576 673
576 674
579 683
579 680
578 697
576 703
580 702
579 701
577 694
579 688
580 690
580 716
578 714
578 704
577 706
576 710
592 104
593 106
590 110
594 110
590 98
593 98
590 96
590 120
594 122
594 126
594 114
592 70
590 65
589 79
591 78
591 83
593 82
590 85
589 84
589 88
593 89
588 53
588 52
591 49
592 48
592 50
590 56
591 56
591 57
591 59
591 58
592 62
590 40
591 40
591 44
592 46
588 34
591 20
588 18
591 18
590 19
591 16
588 17
590 2
590 8
592 8
591 11
589 12
592 12
591 15
593 224
594 242
596 242
596 252
593 194
593 192
594 192
591 201
591 206
594 213
594 212
596 212
592 208
594 208
595 210
592 222
592 218
595 168
592 174
591 172
594 164
592 160
593 189
591 188
595 186
593 185
591 176
594 180
593 158
594 157
593 156
592 154
593 154
593 152
592 148
590 150
594 150
590 143
592 142
592 141
594 140
592 136
591 138
592 128
593 283
594 280
597 281
594 286
594 287
594 277
596 278
596 319
595 314
594 315
595 310
597 306
596 291
595 289
596 292
596 296
595 298
595 326
597 326
593 324
596 324
597 322
597 335
594 328
597 328
597 346
595 348
596 338
596 340
597 358
598 353
596 361
595 362
596 362
598 373
596 380
595 382
597 376
594 378
595 430
596 430
597 436
596 394
599 396
597 386
598 388
597 400
599 404
593 466
590 478
592 474
596 452
595 460
596 460
580 501
581 502
579 506
581 506
581 510
581 508
580 626
582 626
579 623
581 608
579 588
580 579
578 602
578 600
579 550
580 569
579 566
580 566
581 658
579 664
578 670
577 642
579 640
577 680
580 680
577 687
578 686
577 684
580 684
579 672
575 698
576 698
577 698
577 702
575 689
576 719
578 705
592 80
592 84
592 92
591 95
592 94
593 88
591 64
589 69
589 70
590 70
590 72
592 76
592 120
591 122
590 124
592 125
592 127
591 112
591 108
590 104
593 52
592 58
589 40
590 46
587 38
590 36
589 34
590 34
588 32
588 33
587 10
588 10
591 12
589 4
591 4
589 2
588 22
589 16
590 16
588 28
587 29
592 200
595 200
593 202
592 206
595 206
593 198
592 192
591 208
595 208
595 209
596 210
591 212
594 220
594 221
594 222
596 223
595 216
593 217
592 228
594 228
596 228
593 230
592 224
594 224
592 236
595 236
593 238
595 233
592 250
593 249
594 255
593 253
594 252
593 240
594 240
596 241
591 189
591 186
593 177
594 179
595 182
594 166
592 163
593 163
591 134
594 134
593 135
592 140
591 143
590 142
591 142
591 136
593 137
593 138
595 139
590 158
592 157
593 157
592 155
592 153
594 153
594 306
596 306
597 307
593 304
597 304
594 316
595 317
595 312
593 292
596 290
595 288
596 289
595 301
595 297
597 284
596 286
596 280
594 272
593 273
594 276
597 276
594 279
594 258
593 257
594 260
592 266
594 265
592 268
593 271
594 270
595 330
597 334
593 322
598 322
597 324
596 351
598 350
598 338
597 336
600 376
595 377
597 378
600 382
599 373
594 368
596 368
596 367
598 366
598 362
599 362
594 358
595 358
595 356
597 357
594 354
595 354
595 353
598 352
598 410
599 410
598 409
596 415
596 412
599 406
596 405
595 400
595 384
598 384
595 387
595 386
596 386
598 386
601 398
598 399
600 399
601 396
599 392
599 393
596 395
597 424
596 425
598 428
596 420
598 420
598 419
597 440
595 442
598 442
595 445
594 444
598 438
582 487
586 482
588 482
576 488
580 494
578 501
578 502
579 510
582 510
583 510
582 511
576 509
578 505
578 504
579 507
580 506
590 476
591 476
588 478
592 473
593 472
591 474
593 468
593 470
594 464
595 466
595 452
598 452
595 453
596 454
597 454
595 451
594 448
598 448
596 462
594 461
594 456
595 456
577 616
580 618
578 614
578 608
579 608
581 639
580 629
577 577
580 587
579 598
581 598
578 592
579 593
579 603
578 607
579 607
581 607
582 567
578 564
581 564
580 563
579 572
581 554
577 553
581 552
578 558
579 558
580 546
577 551
578 537
580 537
581 537
578 536
580 536
577 538
580 538
581 540
582 543
582 529
578 528
578 532
578 514
580 514
582 514
583 513
577 516
581 516
577 524
579 524
579 526
581 526
577 522
581 522
576 520
579 520
576 694
582 694
579 690
578 700
579 700
577 701
579 702
579 686
576 683
577 683
576 676
581 677
581 666
581 667
577 669
578 663
579 663
580 656
581 656
575 642
577 641
579 644
580 644
581 644
579 655
581 655
576 651
578 709
577 710
580 710
580 715
577 714
590 112
593 112
593 114
592 118
593 118
590 121
594 127
592 102
591 100
593 100
593 105
590 92
591 92
589 95
590 90
592 90
593 90
592 88
590 81
592 68
590 74
595 75
591 48
591 50
592 54
593 54
586 56
592 56
589 39
589 36
592 36
591 35
588 44
592 26
591 31
592 31
590 30
592 30
593 28
591 23
589 22
590 22
588 16
590 4
591 0
589 9
594 202
593 203
597 200
595 192
595 193
596 195
594 196
595 214
595 215
590 212
595 212
595 211
592 210
592 209
593 221
593 222
595 222
596 222
597 222
593 223
594 218
595 218
593 219
595 219
592 230
595 230
596 230
595 231
593 229
595 229
595 228
592 226
592 227
595 227
593 225
595 238
593 239
592 234
594 234
596 234
592 235
593 235
591 233
593 254
594 254
596 254
593 248
596 251
594 244
594 243
595 243
591 161
593 161
593 162
590 164
591 171
592 168
594 175
594 178
595 179
593 180
594 181
592 182
595 188
594 190
593 184
593 186
596 186
592 130
593 131
591 128
590 129
589 134
593 134
591 135
592 132
593 132
594 138
592 158
593 159
593 146
591 144
591 148
594 148
594 307
595 307
594 305
595 309
593 308
597 310
594 318
597 316
593 312
595 303
596 303
595 302
596 301
594 298
596 298
595 296
597 296
594 297
595 290
593 291
594 289
596 288
596 295
596 294
597 294
595 258
597 258
593 256
594 257
595 263
593 262
594 262
593 267
595 267
596 267
594 266
596 266
596 265
596 275
595 274
592 272
595 272
596 279
595 276
596 276
595 286
595 287
595 284
596 284
595 285
593 282
595 282
598 282
595 283
595 328
596 329
594 330
597 333
597 332
594 334
596 334
595 335
598 335
596 327
597 327
594 326
598 326
595 324
597 323
595 322
596 321
596 320
596 349
597 351
597 344
598 344
596 345
595 347
596 346
595 338
597 338
596 343
598 343
594 340
598 358
599 358
595 359
596 359
598 359
599 356
599 357
595 355
594 364
595 364
598 364
600 365
598 367
596 366
595 361
597 361
597 360
597 362
594 363
596 363
597 363
596 381
597 381
599 381
594 380
597 380
596 382
597 382
599 382
593 383
594 383
598 383
596 376
598 376
599 376
598 379
595 378
596 378
598 378
599 378
595 372
596 372
597 372
599 372
596 374
599 374
598 375
596 369
599 369
602 369
597 368
599 368
593 370
596 370
597 370
598 370
595 371
597 371
598 371
594 394
595 394
599 394
593 392
597 392
598 392
601 393
595 398
596 398
597 398
598 398
597 399
596 396
597 396
592 397
593 390
596 390
597 390
599 390
600 390
601 390
599 388
600 388
595 389
596 389
594 386
600 386
601 386
598 387
595 385
597 385
598 385
599 385
596 384
601 384
595 404
596 404
598 404
600 404
595 405
600 405
600 407
595 403
596 403
598 403
593 402
595 402
598 402
599 402
593 400
596 400
599 400
600 400
602 400
594 401
598 401
595 413
597 413
599 413
595 412
597 412
598 412
599 412
598 414
599 414
597 410
600 410
596 411
597 411
598 411
594 408
597 408
598 408
599 408
595 409
596 409
597 409
600 409
594 442
596 442
597 442
599 442
595 443
596 443
597 444
599 444
594 445
596 445
597 445
593 446
594 446
595 446
596 446
598 446
597 433
599 432
594 434
595 434
598 434
597 437
594 439
596 439
598 439
595 438
596 438
595 418
597 418
598 418
599 418
596 419
597 417
598 417
599 417
599 416
595 422
597 422
598 422
596 423
595 421
596 427
597 427
598 427
594 426
595 426
598 426
595 425
597 425
595 428
596 429
597 429
598 429
594 431
598 431
595 450
596 450
597 450
593 448
596 448
595 449
596 449
597 449
595 454
593 455
594 455
595 455
594 452
597 452
594 463
593 462
595 462
594 457
596 457
597 457
593 456
597 456
596 459
593 469
592 470
595 467
596 466
596 465
593 464
588 477
590 477
592 476
587 479
592 472
591 473
589 474
590 474
576 489
578 489
581 489
580 488
581 488
580 491
580 490
578 493
581 493
579 492
580 492
579 494
582 494
579 495
577 487
583 487
586 486
584 484
585 484
587 484
585 485
587 483
587 482
587 480
576 510
577 510
580 510
578 511
581 511
578 508
577 509
579 509
580 509
582 509
581 505
579 504
582 506
579 496
580 496
581 496
580 497
581 497
579 499
581 499
580 498
582 498
581 501
579 500
582 500
579 503
577 582
579 582
580 582
581 582
576 583
577 583
579 583
582 583
577 580
582 580
577 581
579 581
580 581
582 581
580 578
581 578
577 579
577 576
578 576
579 576
580 576
580 577
581 577
577 588
578 588
579 589
578 590
579 590
579 585
582 585
577 584
581 584
578 587
579 587
581 586
580 604
581 604
579 605
580 605
581 605
578 606
579 606
580 606
577 607
577 602
579 602
581 602
582 602
577 603
580 603
581 603
578 601
579 601
580 601
577 600
580 600
581 600
582 600
578 594
579 594
580 594
582 594
578 595
579 595
577 593
576 592
579 592
580 592
579 596
580 596
581 596
578 597
578 598
580 598
582 598
580 616
581 616
578 621
581 621
582 621
577 620
578 620
578 623
581 623
582 623
575 622
578 622
581 622
576 612
577 612
578 612
580 612
580 613
581 613
579 614
580 614
577 615
578 615
579 615
581 615
577 611
579 611
581 611
582 611
576 610
582 608
576 609
577 609
577 628
580 628
581 628
582 628
578 629
582 629
577 631
578 631
580 631
581 631
577 630
579 630
580 630
579 624
580 624
575 625
579 625
580 625
582 625
578 626
579 626
581 626
581 627
580 637
581 637
579 636
577 639
579 639
578 638
581 638
576 633
578 633
579 633
578 632
579 632
580 632
576 634
577 634
576 635
577 635
579 635
582 635
576 514
583 514
577 515
578 515
581 515
582 515
584 515
577 513
574 512
575 512
577 512
579 512
577 517
581 517
582 517
583 517
577 519
582 519
577 518
579 518
582 518
580 520
581 520
581 521
578 523
582 523
576 524
578 524
581 524
582 524
583 524
584 524
577 525
582 525
580 527
582 527
577 526
578 526
580 526
577 533
578 533
581 533
577 532
583 532
578 534
579 534
579 528
581 528
579 529
581 529
578 530
581 530
582 530
579 536
582 536
582 537
576 539
580 539
578 538
578 541
579 541
577 540
579 542
580 542
582 542
577 561
579 561
582 561
578 560
581 560
582 560
577 562
578 562
579 562
580 562
578 563
579 563
576 564
577 564
579 564
580 564
578 565
581 565
577 567
579 567
577 566
582 566
577 570
580 570
582 570
577 571
581 571
579 568
580 568
581 568
582 568
579 569
577 573
579 573
580 573
581 573
577 572
581 572
576 575
577 575
578 575
579 574
580 574
581 574
581 546
582 546
577 547
580 547
578 544
579 544
582 544
577 549
578 549
580 549
581 549
576 548
577 548
578 548
581 551
577 550
578 550
580 556
583 556
579 557
581 557
579 559
580 559
580 558
576 554
578 554
582 554
579 555
582 555
578 553
582 553
576 552
576 667
577 667
576 666
578 664
580 664
576 665
577 665
578 669
579 669
580 669
581 669
579 668
576 670
578 671
576 660
579 660
581 660
577 661
576 663
578 662
579 662
580 662
581 662
576 658
577 658
580 658
576 659
580 659
576 657
577 657
580 657
581 657
577 648
579 648
580 648
581 648
576 649
578 649
580 649
582 649
576 650
577 650
579 650
582 650
577 651
581 651
576 654
580 654
581 654
577 655
576 653
579 653
577 652
579 652
581 652
576 644
577 644
578 644
582 644
576 645
577 645
579 645
580 645
580 647
582 647
578 646
579 646
580 646
581 646
576 641
578 641
580 641
576 640
580 640
581 640
576 642
578 642
579 642
580 642
581 642
577 643
578 643
576 693
577 693
578 693
579 693
579 692
580 692
576 695
577 695
578 695
575 694
579 694
575 690
577 690
581 690
575 691
579 691
579 689
581 689
581 688
575 702
578 702
575 703
579 703
578 701
576 700
581 700
576 697
579 697
580 697
581 696
576 699
579 699
581 699
580 698
579 676
575 677
576 678
577 678
579 678
580 678
577 672
577 673
580 673
581 673
580 674
581 674
575 675
580 675
581 675
576 682
580 682
581 682
581 683
576 681
577 681
581 681
576 684
579 684
580 685
581 685
576 686
578 687
580 687
575 715
577 715
578 715
575 714
579 714
580 714
575 712
576 712
577 712
579 713
580 713
575 718
576 718
580 718
581 718
575 719
577 719
579 719
575 717
576 717
578 717
579 717
580 717
575 716
576 716
577 716
579 716
578 707
579 707
576 706
578 706
579 704
581 704
579 705
581 705
575 708
578 708
579 708
582 709
578 710
576 711
578 711
589 110
591 110
589 111
590 111
591 111
592 111
593 111
594 111
589 108
590 108
589 109
591 109
592 109
593 109
589 104
591 104
593 104
594 104
590 105
592 105
589 107
590 107
593 107
594 107
589 106
591 106
594 106
591 96
592 96
591 97
593 97
591 99
592 99
593 99
589 98
591 98
590 102
594 102
589 103
591 103
590 101
591 101
592 101
589 100
590 100
592 100
590 127
591 127
589 126
590 126
593 126
596 126
589 124
594 124
589 125
591 125
593 125
594 125
595 125
593 123
589 122
590 122
591 121
589 120
594 120
588 114
589 114
590 114
590 115
591 115
593 115
588 113
591 113
593 113
589 112
592 112
594 112
589 116
590 116
591 116
588 117
590 117
592 117
590 118
591 118
590 119
592 119
594 119
589 85
591 85
592 85
590 84
589 86
590 86
592 86
593 86
594 86
589 87
590 87
591 87
593 87
592 81
590 80
591 80
594 80
590 83
592 83
593 83
595 83
589 82
591 82
588 95
590 95
588 94
593 94
588 92
589 92
590 93
591 93
593 93
591 89
591 88
589 90
591 90
590 91
592 91
593 91
588 73
590 73
591 73
594 73
589 72
590 75
591 75
592 75
588 78
589 78
590 79
591 79
592 79
594 79
590 76
591 76
593 76
588 77
589 77
592 77
589 67
590 67
591 67
592 67
593 67
588 66
590 66
591 66
593 66
589 65
592 65
587 64
589 64
592 64
591 70
594 70
589 71
590 71
593 71
588 69
593 69
589 29
590 29
591 29
587 28
590 28
592 28
590 31
593 31
590 24
592 24
591 25
592 25
588 27
589 27
590 26
587 21
588 21
590 21
591 21
592 21
588 20
590 20
593 22
590 23
587 18
587 19
589 19
591 19
593 19
587 17
590 17
591 17
592 17
592 16
588 6
591 6
592 6
587 7
588 7
589 7
590 7
592 7
592 4
589 5
591 5
587 0
589 0
592 0
590 3
591 3
591 2
588 14
592 14
589 15
590 15
593 15
587 12
587 13
591 13
592 13
595 13
591 9
588 8
589 8
590 8
587 11
590 10
593 10
587 43
588 43
589 43
590 43
591 43
592 43
587 42
588 42
589 42
590 42
591 42
593 42
590 41
592 41
593 41
588 40
588 47
590 47
593 47
587 44
589 44
588 45
590 45
588 39
590 39
591 39
591 38
588 37
591 37
593 37
587 36
592 32
590 33
590 35
592 34
588 48
590 48
593 48
588 49
592 49
589 50
590 50
588 51
589 51
593 51
587 52
589 52
591 53
593 53
587 54
588 54
589 54
591 54
589 60
590 60
591 60
592 61
594 61
588 63
591 63
592 63
588 62
588 57
592 57
593 57
593 56
589 58
590 58
588 59
589 59
590 59
592 59
593 59
591 198
592 198
595 198
596 198
593 199
594 199
595 199
591 196
593 196
592 195
593 195
594 195
595 195
591 194
595 194
591 192
591 193
592 193
596 193
593 207
594 207
595 207
596 207
592 204
593 204
591 205
594 205
595 205
595 202
593 200
594 200
593 201
594 201
593 210
594 210
597 210
592 211
593 211
594 211
591 209
593 209
596 208
590 215
593 215
594 215
592 214
594 214
592 213
593 213
592 212
591 220
593 220
595 220
596 220
597 220
592 221
590 223
594 223
593 216
594 216
596 216
592 217
594 217
593 218
596 218
590 232
593 232
596 232
597 232
595 235
596 235
593 234
594 236
592 239
594 239
592 238
592 225
595 225
596 225
591 224
594 226
596 226
593 227
596 227
594 230
592 229
591 255
595 255
596 255
592 254
595 254
595 252
592 253
596 253
593 250
594 250
595 251
595 248
596 248
592 247
594 247
595 247
596 246
592 245
594 245
591 244
592 244
595 244
596 244
592 243
596 243
592 242
592 241
593 241
594 241
592 240
595 240
593 168
591 169
592 169
594 169
592 171
594 171
592 170
593 170
594 170
591 175
592 175
593 175
595 175
591 173
592 173
594 173
592 172
592 162
594 162
594 163
592 161
594 160
591 165
595 165
592 164
591 167
592 167
594 167
593 166
593 182
594 182
591 183
592 183
593 183
595 180
591 177
595 177
590 176
592 176
593 176
593 179
593 178
593 187
594 187
591 184
592 184
591 191
592 191
594 191
595 191
592 190
592 188
596 188
594 189
595 189
592 156
594 156
591 158
594 158
595 158
590 153
591 153
594 152
593 155
594 154
589 145
591 145
592 145
594 145
592 146
590 147
591 147
592 147
594 147
591 149
592 149
593 149
590 148
592 151
594 151
591 150
593 150
590 134
592 134
595 134
590 135
594 135
590 133
593 133
591 132
595 132
593 130
591 131
592 131
596 128
592 129
593 129
594 142
592 143
591 140
594 141
590 137
591 137
592 136
595 136
591 139
593 139
592 138
597 290
598 290
594 291
596 291
594 288
597 288
593 289
597 289
593 293
594 293
595 293
597 293
594 294
595 294
593 295
595 295
593 301
594 301
594 300
595 300
596 300
597 300
593 302
596 302
598 302
597 298
594 299
595 299
596 299
596 297
595 305
596 305
597 305
594 304
596 304
593 306
596 310
596 311
597 311
598 311
595 308
597 308
594 309
596 312
594 313
595 313
596 313
594 314
596 314
597 314
595 315
596 315
597 318
597 319
595 316
596 317
593 269
594 269
596 269
593 268
592 270
593 270
595 270
597 270
594 271
595 271
596 271
597 271
592 265
595 265
596 264
593 266
597 266
594 267
592 259
593 259
594 259
596 258
595 256
596 257
594 275
596 274
595 273
596 273
596 272
593 277
596 277
593 276
595 279
593 287
596 287
594 286
597 286
593 284
594 282
594 283
593 281
594 281
596 281
595 280
595 329
597 329
598 329
594 328
596 328
597 328
596 330
597 330
598 330
594 331
595 331
597 331
598 333
595 332
596 332
598 334
596 335
594 323
596 323
596 322
597 321
597 320
598 320
594 324
596 325
597 325
594 327
595 340
598 340
597 341
595 342
596 342
597 342
594 339
595 339
597 339
598 339
596 336
595 337
596 337
597 337
598 337
594 345
595 345
597 345
598 345
595 344
597 347
598 347
594 350
595 350
597 350
599 350
594 351
598 351
595 349
598 349
594 348
598 348
594 365
595 365
596 365
597 365
598 365
599 365
593 364
596 364
594 366
595 366
599 366
600 366
597 367
599 367
594 362
594 360
598 360
598 361
597 355
596 354
597 354
599 354
596 352
597 352
599 352
596 353
597 356
596 357
594 359
594 379
595 379
597 379
599 379
600 379
592 378
594 378
600 378
601 378
602 378
593 376
601 376
598 380
599 380
600 380
598 381
595 383
596 383
600 383
598 382
594 372
598 372
591 373
595 373
596 373
600 373
42 374
590 374
592 374
598 374
600 374
597 375
600 375
594 371
599 371
594 370
599 370
595 369
597 369
598 369
593 368
598 368
593 393
595 393
597 393
600 393
602 393
594 392
596 392
602 392
597 394
598 394
600 394
601 394
597 395
599 395
600 395
601 395
594 396
595 396
600 396
593 397
594 397
596 397
600 397
593 398
594 398
599 398
600 398
594 399
596 399
602 399
602 386
603 386
593 387
594 387
596 387
599 387
602 387
597 384
599 384
594 385
600 385
595 388
597 388
601 388
598 389
599 389
596 391
601 391
594 390
602 390
595 408
601 408
599 409
599 411
596 410
598 415
599 415
595 414
597 414
598 413
600 412
601 412
594 406
597 406
598 406
596 407
601 407
601 405
597 404
593 401
595 401
596 401
600 401
598 400
594 403
600 403
596 402
597 402
600 402
594 436
596 436
598 436
594 437
596 437
594 438
597 439
599 439
596 434
599 434
596 435
597 435
598 435
594 432
595 432
597 432
598 433
595 447
596 447
598 447
599 447
597 446
599 446
596 444
598 444
595 441
596 441
596 440
597 443
598 443
596 416
597 416
596 417
596 418
594 421
596 421
597 421
598 421
595 420
594 423
597 423
598 423
596 422
595 429
594 430
597 430
598 430
595 431
594 424
596 424
598 424
594 425
598 425
594 427
595 427
593 426
596 426
597 426
592 468
592 469
592 471
592 464
595 464
593 465
593 467
594 467
589 478
591 478
588 479
589 477
591 477
589 475
590 475
591 475
593 475
590 472
591 472
596 451
598 451
595 448
597 448
598 449
599 449
598 453
593 452
594 460
596 460
597 460
593 461
596 461
594 462
593 463
593 458
594 458
596 458
597 458
595 459
595 457
579 490
581 490
582 490
579 491
582 491
577 488
578 488
582 488
584 488
568 489
580 489
582 489
577 494
581 494
580 495
581 495
578 492
581 492
580 493
585 487
582 486
583 486
584 485
588 480
589 480
590 480
587 481
586 483
576 511
579 511
583 511
578 510
582 508
583 508
577 507
580 507
581 507
582 507
577 506
578 506
581 504
579 505
582 505
580 502
581 503
582 503
579 501
578 496
582 496
578 499
580 499
577 498
581 583
578 582
582 582
583 582
576 580
579 580
580 580
581 580
581 581
581 576
578 577
582 577
578 579
579 579
581 579
578 578
579 578
582 578
577 586
578 586
579 586
580 586
582 586
576 587
577 587
581 587
582 587
576 585
577 585
578 585
581 585
576 584
578 584
579 584
577 590
581 590
576 591
577 591
578 591
579 591
580 591
581 591
577 589
578 589
580 589
581 588
582 588
577 604
578 604
579 604
582 604
576 605
577 605
578 605
582 605
576 606
577 606
581 606
576 607
580 607
582 607
581 601
578 603
582 603
580 602
576 596
577 596
578 596
582 596
576 597
577 597
579 597
580 597
581 597
582 597
577 599
578 599
579 599
580 599
582 599
583 598
577 595
580 595
582 595
577 594
581 594
581 593
577 592
581 592
582 592
579 612
581 612
582 612
579 613
576 614
577 614
582 614
576 615
580 615
582 615
578 609
579 609
581 609
582 609
577 608
580 608
581 608
580 611
577 610
579 610
580 610
581 610
583 610
576 622
579 622
580 622
582 622
577 623
577 621
579 621
580 621
579 620
580 620
581 620
582 620
576 619
577 619
578 619
580 619
583 619
576 618
577 618
579 618
581 618
582 618
583 618
577 617
578 617
579 617
580 617
581 617
582 617
576 616
578 616
577 627
579 627
580 627
583 627
576 624
577 624
578 624
576 625
577 625
578 625
581 625
576 630
578 630
581 630
582 630
576 629
579 629
581 629
576 628
578 628
583 628
580 633
581 633
577 632
582 632
578 634
579 634
580 634
581 634
582 634
580 635
577 638
580 638
580 639
576 636
578 636
580 636
581 636
576 637
577 637
578 637
579 513
580 513
582 513
578 512
580 512
582 512
583 512
577 514
579 514
581 514
579 515
580 515
583 515
579 516
580 516
583 516
584 516
579 517
575 519
576 519
578 519
579 519
581 519
583 519
581 518
579 521
582 521
583 521
584 521
578 520
582 520
583 520
579 522
580 522
582 522
579 523
580 523
578 525
579 525
580 525
580 524
576 527
577 527
578 527
581 527
583 527
583 526
584 526
575 540
576 540
578 540
579 540
580 540
582 540
583 540
580 541
577 543
579 543
580 543
577 542
578 542
581 542
583 542
577 536
579 537
581 538
582 538
577 539
578 539
582 539
583 539
577 528
582 528
580 529
577 531
578 531
579 531
580 531
582 531
577 530
579 530
580 530
583 530
579 532
580 532
582 532
579 533
582 533
580 535
580 534
578 567
581 567
582 567
578 566
581 566
577 565
579 565
582 564
577 563
581 563
582 563
581 562
582 562
576 560
579 560
578 561
580 561
581 561
576 572
583 572
578 573
582 573
577 574
582 574
579 575
576 571
578 571
579 571
580 571
582 571
579 570
577 569
578 569
581 569
582 569
583 569
577 568
578 568
577 558
581 558
582 558
577 559
582 559
577 556
578 556
579 556
581 556
577 557
582 557
580 553
581 553
577 552
578 552
579 552
582 552
577 555
578 555
580 555
577 554
579 554
580 554
578 546
579 546
580 546
583 546
578 547
579 547
581 547
582 547
583 547
577 545
578 545
579 545
582 545
583 545
580 544
581 544
580 550
581 550
582 550
583 550
578 551
579 551
580 551
579 548
581 548
582 548
584 548
579 549
576 647
578 647
577 646
581 645
580 643
581 643
579 641
582 641
577 640
578 640
576 652
578 652
580 652
582 652
581 653
575 654
577 654
578 654
579 654
576 655
578 655
580 655
575 651
578 651
579 651
580 651
582 651
578 650
580 650
576 648
579 649
578 665
579 665
581 665
576 664
577 664
581 664
575 666
577 666
578 666
579 666
580 666
581 666
578 667
579 667
580 667
577 668
580 668
581 668
576 669
579 671
580 671
581 671
577 670
579 670
580 670
581 670
575 663
577 663
580 663
582 663
576 662
577 662
582 662
577 660
578 660
580 660
582 660
575 661
578 661
580 661
581 661
577 656
578 656
579 656
578 657
579 657
577 659
579 659
581 659
575 658
578 658
579 658
576 677
577 677
578 677
579 677
575 676
580 676
581 676
578 678
581 678
575 679
576 679
580 679
576 672
578 672
580 672
581 672
575 673
576 673
578 673
579 673
576 674
577 674
578 674
579 674
576 675
578 675
579 675
576 680
577 680
578 680
579 680
581 680
575 681
579 681
580 681
578 683
579 683
580 683
582 683
577 682
578 682
579 682
575 684
578 684
576 685
578 685
579 687
575 686
577 686
579 686
580 686
581 686
575 696
576 696
577 696
579 696
580 696
575 697
578 697
578 698
579 698
581 698
578 699
580 699
575 700
580 700
579 701
581 701
576 702
579 702
581 702
576 703
578 703
580 703
576 689
577 689
578 689
580 689
575 688
576 688
577 688
578 688
579 688
580 688
577 691
578 691
580 691
581 691
576 690
578 690
580 690
575 695
580 695
577 694
578 694
580 694
575 693
581 693
576 692
577 692
582 692
578 712
579 712
580 712
575 713
576 713
577 713
581 713
576 714
577 714
578 714
579 715
577 718
578 718
579 718
574 719
578 719
580 719
580 716
577 717
581 717
575 707
576 707
577 707
580 707
581 707
575 706
577 706
580 706
581 706
575 704
576 704
577 704
580 704
575 705
576 705
580 705
582 705
576 708
577 708
580 708
576 709
577 709
580 709
576 710
579 710
580 710
581 710
575 711
577 711
579 711
581 711
590 110
592 110
593 110
594 110
595 110
595 111
590 109
594 109
592 108
593 108
594 108
591 107
592 107
590 106
593 106
591 105
592 104
592 103
593 103
594 103
588 102
591 102
593 102
589 101
593 101
594 101
594 100
588 97
589 97
592 97
594 97
589 96
593 96
594 96
590 98
592 98
593 98
594 98
589 99
589 127
593 127
591 126
592 126
595 126
591 124
592 124
593 124
590 123
591 123
592 123
594 123
592 122
593 122
594 122
589 121
592 121
593 121
594 121
590 120
591 120
592 120
593 120
592 116
593 116
594 116
589 117
593 117
594 117
589 119
591 119
595 118
589 115
592 115
594 115
591 114
592 114
594 114
595 114
590 113
592 113
594 113
589 89
592 89
594 89
588 88
589 88
590 88
588 91
589 91
591 91
594 91
594 90
590 94
591 94
592 94
594 94
591 95
592 95
593 95
594 95
593 92
594 92
589 93
592 93
594 93
588 81
589 81
591 81
593 81
588 80
589 80
593 80
595 80
590 82
592 82
593 82
594 82
595 82
589 83
591 83
591 84
593 84
594 84
590 85
593 85
591 86
592 87
594 87
588 79
589 79
593 79
590 78
591 78
593 78
594 78
593 77
588 76
589 76
589 75
593 75
594 75
589 74
591 74
592 74
593 74
590 72
591 72
592 72
593 72
594 72
589 73
592 73
593 73
587 65
588 65
590 65
591 65
593 65
590 64
591 64
593 64
587 66
592 66
594 66
588 67
592 70
593 70
591 71
592 71
590 69
591 69
589 68
590 68
591 68
593 68
595 68
587 50
588 50
592 50
593 50
590 51
591 51
594 51
589 49
590 49
591 49
593 49
589 48
592 48
588 55
589 55
590 55
591 55
592 55
593 55
590 52
591 52
592 52
588 53
590 53
592 53
590 63
593 63
594 63
589 62
590 62
591 62
592 62
594 62
588 61
590 61
591 61
593 61
588 60
592 60
593 60
594 60
595 60
587 59
591 59
594 59
591 58
593 58
594 58
587 56
588 56
589 56
590 56
591 56
591 57
587 38
588 38
589 38
590 38
592 38
593 38
587 39
592 39
593 39
589 37
590 37
592 37
588 36
590 36
591 36
593 36
587 33
589 33
591 33
593 33
589 32
590 32
591 32
593 32
594 32
588 35
589 35
592 35
588 34
591 34
588 46
589 46
591 46
592 46
593 46
589 47
591 47
592 47
594 47
590 44
591 44
592 44
593 44
589 45
591 45
592 45
593 45
589 41
591 41
590 40
591 40
592 42
593 43
588 26
589 26
591 26
587 27
590 27
591 27
592 27
587 24
588 24
589 24
593 24
594 24
587 25
588 25
590 25
593 25
588 30
589 30
590 30
591 30
593 30
588 31
589 31
588 29
592 29
589 28
591 28
588 18
589 18
590 18
591 18
588 19
590 19
592 19
594 19
588 17
589 17
587 16
589 16
590 16
591 16
589 21
593 21
587 20
589 20
591 20
592 20
593 20
587 23
588 23
589 23
592 23
593 23
591 22
592 22
588 11
589 11
590 11
591 11
594 11
589 10
591 10
592 10
587 9
590 9
592 9
587 8
591 8
592 8
587 15
588 15
591 15
592 15
587 14
589 14
590 14
591 14
588 13
589 13
590 13
588 12
589 12
590 12
591 12
592 12
593 12
587 4
588 4
589 4
591 4
593 4
587 5
588 5
590 5
592 5
593 5
587 6
589 6
590 6
593 7
586 1
587 1
589 1
590 1
591 1
586 0
588 0
590 0
587 2
588 2
589 2
590 2
592 2
587 3
588 3
589 3
592 3
593 3
591 206
592 206
593 206
594 206
595 206
592 207
597 207
592 205
593 205
596 205
591 204
594 204
595 204
591 201
592 201
595 201
596 201
595 200
592 202
593 202
591 203
592 203
594 203
595 203
592 194
594 194
591 195
593 193
594 193
592 192
593 192
594 192
593 198
594 198
591 199
592 199
596 199
591 197
592 197
594 197
595 197
595 196
594 209
595 209
596 209
591 208
592 208
593 208
594 208
591 210
595 210
596 210
591 213
594 213
595 213
593 212
596 212
592 215
596 215
591 214
593 214
591 219
592 219
594 219
591 218
592 218
591 217
593 217
595 217
596 217
595 216
591 223
592 223
595 223
597 223
592 222
594 222
591 221
594 221
594 220
598 220
595 239
596 239
594 238
596 238
597 238
592 237
594 237
595 237
596 237
592 236
593 236
595 236
1179 236
592 232
594 232
595 232
590 233
592 233
593 233
594 233
595 233
596 233
595 234
594 235
597 235
593 231
594 231
594 229
596 229
592 228
593 228
594 228
596 228
591 226
593 226
595 226
591 227
594 227
591 225
592 224
593 224
594 224
595 224
593 242
594 242
595 242
593 243
595 241
596 241
593 240
594 240
592 246
595 246
593 245
595 245
596 245
593 244
592 255
593 255
597 255
594 252
596 252
593 253
594 253
595 253
592 250
595 250
596 250
593 251
594 251
592 249
593 249
595 249
596 249
597 249
594 248
590 173
593 173
596 173
591 172
593 172
594 172
591 174
592 174
593 174
594 174
595 174
596 175
591 168
594 168
595 168
593 169
595 169
595 171
595 170
591 166
592 166
594 166
595 166
590 167
593 167
592 165
593 165
594 165
591 164
593 164
594 164
589 160
590 160
591 160
592 160
593 160
595 160
590 161
591 161
594 161
595 161
590 163
591 163
595 163
591 162
590 178
591 178
592 178
595 178
590 179
591 179
592 179
594 179
590 177
592 177
593 177
594 177
591 176
594 176
595 176
591 181
592 181
593 181
595 181
590 180
591 180
592 180
594 180
596 182
590 186
592 186
594 186
595 186
591 187
592 187
595 187
591 185
592 185
593 185
594 185
594 184
595 184
591 188
593 188
594 188
591 189
592 189
593 189
591 190
593 190
595 190
590 145
593 145
590 144
592 144
593 144
590 146
591 146
594 146
595 146
593 147
595 147
590 151
591 151
593 151
595 151
588 150
590 150
592 150
594 150
589 148
592 148
593 148
590 149
594 149
595 149
589 154
590 154
591 154
592 154
593 154
592 155
594 155
592 152
593 152
592 153
593 153
591 156
593 156
595 156
591 157
592 157
594 157
595 157
590 159
592 159
595 159
590 158
593 158
590 128
592 128
593 128
594 128
589 129
590 129
591 129
594 129
590 131
590 130
591 130
594 130
592 135
593 135
594 134
590 132
589 133
592 133
594 133
590 139
592 139
594 139
595 139
590 138
591 138
593 138
589 136
591 136
593 136
594 136
592 137
595 137
593 142
591 143
593 143
594 143
590 140
592 140
593 140
594 140
590 141
591 141
592 141
593 141
594 315
597 315
598 315
593 314
597 313
594 312
595 312
597 312
593 318
595 318
596 318
594 319
595 319
596 319
598 319
595 317
597 317
594 316
594 306
595 306
597 306
598 306
596 307
597 307
593 305
594 310
595 310
594 311
595 311
596 308
596 309
595 291
597 291
596 288
598 294
594 295
597 295
593 292
594 292
595 292
596 292
596 293
592 297
595 297
597 297
593 296
594 296
596 296
593 298
595 298
597 299
593 303
594 303
597 303
595 301
597 301
595 259
596 259
593 258
594 258
593 257
595 257
592 256
593 261
594 261
595 261
596 261
596 260
595 262
596 262
592 263
593 263
594 263
593 264
595 264
595 266
592 268
594 268
596 268
597 268
592 269
594 270
592 277
594 277
595 277
597 276
598 276
593 279
594 279
594 278
595 278
597 278
593 272
597 272
598 272
593 273
594 273
592 275
593 275
595 275
597 275
593 274
595 281
597 281
592 280
593 280
594 280
596 280
597 280
593 283
596 283
597 283
596 282
594 285
596 285
597 285
594 284
597 284
594 287
595 287
597 287
593 286
594 333
595 333
596 333
597 333
598 332
595 334
596 334
597 334
597 335
598 328
595 330
595 323
598 323
593 322
594 322
597 322
598 322
594 320
595 320
594 321
595 321
598 321
595 326
597 326
595 327
598 327
593 324
596 324
597 324
594 325
592 338
594 338
596 338
597 338
598 338
596 339
594 336
595 336
597 336
595 343
597 343
598 342
595 341
598 341
596 340
595 351
596 351
599 351
596 350
595 348
596 348
594 346
597 346
596 344
595 357
598 357
595 356
596 356
598 356
594 358
595 358
596 358
597 358
597 359
596 355
598 355
594 354
595 354
598 354
595 352
598 352
595 353
597 353
598 353
595 367
596 367
598 366
599 364
596 362
598 362
599 362
595 363
599 363
595 360
596 360
594 361
596 361
593 377
594 377
595 377
596 377
597 377
598 377
599 377
600 377
594 376
595 376
597 376
596 379
597 378
595 382
600 382
597 383
601 383
595 381
602 381
595 380
596 380
594 373
597 373
599 373
600 372
595 375
595 374
602 374
594 369
595 368
596 368
595 370
595 392
599 392
601 392
596 393
598 393
599 393
594 395
598 395
593 394
596 394
595 399
598 399
599 399
595 397
597 397
598 397
599 397
596 396
599 396
601 396
596 388
598 388
602 388
594 389
600 389
597 391
598 391
600 391
598 390
596 386
597 386
598 386
599 386
595 387
597 387
593 385
596 385
601 385
591 384
593 384
594 384
600 384
602 384
596 406
600 406
595 407
598 407
599 407
601 404
596 405
597 405
598 405
599 401
601 401
595 400
597 400
601 400
592 403
597 403
599 403
596 408
600 408
598 409
595 410
599 410
595 415
596 415
597 415
596 412
595 437
598 437
595 436
597 436
597 438
599 438
595 439
598 439
596 432
598 432
595 433
596 433
597 434
595 445
598 445
595 444
597 447
594 440
597 440
598 440
597 441
598 441
595 442
596 425
595 424
594 428
597 428
598 428
596 431
597 431
595 430
597 419
598 419
598 416
594 420
596 420
597 420
598 420
591 471
591 470
593 470
594 470
593 468
594 468
594 465
595 465
594 464
596 464
593 466
595 466
592 475
591 474
592 474
593 472
590 473
592 473
589 479
588 478
590 478
589 476
590 476
591 476
598 455
594 454
597 454
598 454
595 452
596 452
598 452
596 453
594 451
595 451
597 451
594 448
598 448
594 459
595 458
594 456
596 456
595 463
596 463
596 462
594 461
595 461
595 460
576 508
577 508
579 508
580 508
581 508
576 509
579 510
581 510
582 510
577 511
580 511
582 511
584 511
579 506
580 506
581 506
578 507
579 507
578 504
580 504
577 505
578 505
580 505
578 497
579 497
582 497
577 499
582 499
579 498
578 500
580 500
581 500
578 501
582 501
578 502
578 495
578 494
580 494
577 493
579 493
583 488
583 489
585 486
581 487
582 487
584 487
586 484
586 485
585 483
587 483
588 482
586 481
588 481
589 481
578 580
578 581
578 583
576 576
582 576
579 577
580 579
582 579
577 578
579 588
580 588
583 588
576 590
580 590
582 591
580 584
576 599
581 599
583 599
576 598
577 598
579 598
578 593
579 593
581 595
576 594
578 600
579 600
582 600
577 601
578 607
579 607
581 607
576 604
579 605
578 635
581 635
581 632
577 633
576 638
579 638
581 639
577 636
582 627
577 626
580 626
582 626
581 624
579 631
582 631
579 628
580 629
577 616
579 616
581 619
578 618
580 618
574 623
576 623
579 623
580 623
577 622
578 614
581 614
578 613
578 608
579 608
575 610
582 610
578 518
580 518
583 518
580 519
577 516
578 516
582 516
578 517
580 517
578 514
580 514
582 514
581 513
583 513
581 512
575 526
581 526
579 527
577 524
579 524
581 525
578 521
580 521
577 520
579 520
577 522
578 522
581 522
581 523
583 523
577 537
578 537
580 537
581 537
578 536
580 536
581 536
577 538
579 538
580 538
581 540
578 543
581 543
582 543
579 535
581 535
582 535
577 534
581 534
578 532
581 532
580 533
578 529
582 529
576 530
577 560
583 560
580 563
578 564
581 564
580 565
581 565
576 567
579 566
580 566
578 574
580 575
578 572
579 572
580 572
582 572
578 570
581 570
580 569
580 545
581 545
577 544
577 546
577 551
579 550
578 557
580 557
582 556
578 558
579 558
578 559
577 553
579 553
501 552
580 552
581 552
581 555
581 650
576 651
577 649
581 649
578 648
582 648
579 655
581 655
577 653
580 653
579 647
581 647
576 646
575 644
579 644
580 644
577 641
581 641
579 640
577 642
578 663
579 663
581 663
581 656
581 658
576 668
578 668
577 669
578 670
579 664
580 677
581 677
577 676
578 676
579 672
577 675
577 684
580 684
577 685
579 685
578 686
577 687
575 682
576 683
580 680
577 697
580 697
578 696
575 698
576 698
577 698
577 699
577 700
578 700
579 700
576 701
580 701
577 702
580 702
578 692
581 692
576 694
581 694
575 689
576 719
578 716
581 715
578 713
575 710
580 711
575 709
578 709
581 708
577 705
578 705
578 704
579 706
589 102
592 102
590 103
591 100
588 96
590 96
590 99
592 106
589 105
593 105
590 104
588 108
591 108
589 123
591 122
590 121
595 120
592 127
594 127
594 126
590 124
595 124
592 125
590 112
591 112
592 118
591 117
594 83
592 80
594 81
589 84
592 84
588 93
592 92
589 94
589 95
592 88
593 88
593 89
589 69
592 69
594 69
588 70
589 70
590 70
589 66
594 67
588 64
594 65
590 74
594 74
588 72
589 72
595 73
590 77
591 77
592 76
588 52
593 52
592 51
591 50
594 50
591 48
594 48
589 63
593 62
589 61
588 58
592 58
589 57
592 56
589 34
590 34
593 34
591 35
593 35
588 33
588 32
589 39
592 36
589 40
592 40
588 41
590 46
589 25
591 24
587 26
588 28
593 28
587 29
591 31
592 31
587 30
588 22
589 22
591 23
586 18
592 18
587 10
588 10
592 11
593 11
589 9
595 208
592 209
592 210
591 211
595 211
596 211
588 212
591 212
594 212
595 212
596 213
595 214
591 216
592 216
593 219
595 219
596 219
594 218
596 223
591 222
593 222
596 222
593 221
592 220
593 203
591 202
592 200
596 206
595 207
594 196
593 197
593 194
596 195
595 192
596 224
594 225
592 227
595 227
597 227
592 226
592 230
593 230
595 230
596 230
596 231
591 228
595 228
595 229
596 236
593 238
595 238
593 239
592 234
594 234
596 234
592 235
593 235
591 233
594 255
594 254
596 254
592 248
593 248
594 249
596 251
593 246
594 246
596 247
596 242
595 243
591 182
592 182
595 182
594 183
595 183
594 181
594 178
593 191
595 188
591 186
596 186
592 163
593 163
590 162
595 162
593 161
596 161
590 165
595 167
595 172
595 173
591 170
591 171
593 171
590 142
591 142
592 142
590 143
593 137
594 137
590 136
589 132
592 132
593 132
594 132
591 133
591 134
593 134
591 135
594 131
589 130
591 128
591 144
594 144
593 146
595 150
594 148
594 153
590 152
591 152
595 152
590 155
591 155
591 159
594 159
592 158
593 157
590 156
594 308
593 309
595 309
597 309
593 304
595 304
597 304
596 306
595 307
596 316
597 316
594 317
598 317
595 314
593 290
594 290
595 290
596 290
593 291
593 288
595 288
594 289
595 289
596 289
597 292
596 294
593 300
594 302
595 302
597 302
593 297
597 296
598 296
594 298
596 298
596 256
592 260
593 260
594 260
595 260
595 263
596 263
597 263
593 262
594 262
593 271
596 270
595 268
597 269
592 266
592 267
595 267
596 267
597 267
593 265
594 265
596 265
594 264
597 277
594 276
595 276
596 276
593 278
596 278
596 279
597 279
594 272
597 273
596 275
594 274
593 285
595 285
594 286
595 286
596 286
598 286
593 282
598 282
594 332
594 330
596 331
595 328
596 329
596 326
598 326
597 327
595 325
595 324
597 323
595 322
594 349
596 349
597 349
598 350
595 347
596 347
599 347
595 346
598 346
598 344
596 345
594 341
596 341
597 340
596 343
598 343
595 338
593 339
594 337
598 336
597 357
598 358
599 358
595 359
598 359
599 359
595 355
594 353
595 362
597 362
594 363
596 363
597 363
590 360
597 360
599 360
595 361
597 361
600 361
596 366
597 366
598 367
594 364
595 364
597 364
600 365
593 382
594 382
596 382
597 382
599 382
594 383
598 383
599 383
594 381
596 381
597 381
600 381
597 380
596 378
598 378
596 376
600 376
594 374
596 374
597 374
599 374
596 375
598 375
599 375
595 372
596 372
597 372
599 372
598 373
596 371
597 371
600 371
596 370
598 370
594 368
597 368
599 368
599 369
600 369
597 396
598 396
596 398
597 398
598 398
601 398
597 399
600 399
594 394
595 394
599 394
595 395
596 395
597 392
600 392
601 393
595 391
599 391
593 390
595 390
599 390
600 390
594 388
600 388
595 389
598 387
591 386
594 386
595 386
600 386
601 386
595 384
598 384
601 384
597 385
598 385
599 385
602 385
594 401
597 401
598 401
593 400
596 400
599 400
600 400
596 403
598 403
595 402
598 402
599 402
601 402
594 404
596 404
599 404
600 404
595 405
599 405
600 405
597 407
600 407
599 406
596 411
597 411
598 411
597 410
595 409
597 409
599 408
595 413
596 413
597 413
599 413
595 412
597 412
598 412
599 412
596 414
598 414
599 414
594 435
595 434
598 434
597 433
599 432
596 439
595 438
598 438
597 437
595 440
594 442
596 442
597 442
598 442
595 443
596 443
594 444
597 444
599 444
594 445
597 445
594 446
595 446
596 446
598 446
594 447
595 428
596 428
596 429
597 429
594 431
598 431
596 430
597 424
595 425
597 425
594 426
595 426
598 426
596 427
597 427
598 427
595 416
599 416
597 417
599 417
595 418
597 418
599 418
596 419
594 422
597 422
595 423
596 423
595 421
595 449
596 449
596 448
595 450
596 450
597 450
598 450
595 453
597 453
594 452
593 455
595 455
596 455
597 455
596 454
595 456
594 457
597 457
593 462
595 462
594 463
591 473
593 473
592 472
590 479
588 477
590 477
594 466
596 466
595 467
596 465
594 469
595 468
593 471
580 497
584 497
580 496
578 498
581 498
582 498
579 499
579 502
581 502
578 503
580 503
580 501
581 501
582 500
576 510
583 510
578 511
581 511
577 509
580 509
581 509
582 509
578 508
579 504
582 504
581 505
578 493
581 493
582 493
579 492
582 494
579 495
576 488
579 488
580 488
581 488
578 489
579 489
580 491
581 491
580 490
586 482
587 482
587 480
585 484
587 484
585 485
584 486
586 486
578 587
579 587
580 587
579 585
580 585
581 584
579 589
581 589
577 588
578 588
577 583
579 583
582 583
577 582
579 582
580 582
579 581
580 581
582 581
577 580
582 580
577 576
578 576
579 576
580 576
577 577
580 577
581 577
577 579
577 593
580 593
582 593
580 592
579 595
578 594
579 594
579 596
580 596
581 596
578 597
578 598
580 598
582 598
580 605
581 605
580 604
578 606
579 606
580 606
577 607
576 602
577 602
578 602
581 602
582 602
577 603
579 603
580 603
581 603
579 601
580 601
577 600
580 600
578 610
577 611
578 611
579 611
581 611
582 611
576 609
577 609
580 609
582 608
577 613
580 613
581 613
582 613
577 612
578 612
580 612
579 614
577 615
578 615
579 615
581 615
579 619
582 619
581 616
582 616
581 621
582 621
577 620
578 620
578 623
581 623
582 623
575 622
578 622
579 637
580 637
581 637
579 636
577 639
578 639
579 639
578 638
581 638
578 633
579 633
582 633
579 632
580 632
576 634
576 635
582 635
579 624
580 624
580 625
578 626
579 626
581 626
576 627
578 627
581 627
577 629
578 629
582 629
577 628
580 628
582 628
576 631
581 631
577 630
579 630
580 630
576 516
581 516
577 517
581 517
582 517
577 519
582 519
576 514
583 514
577 515
578 515
582 515
577 513
584 513
577 512
579 526
582 526
580 527
582 527
587 527
577 525
582 525
576 524
577 523
578 523
576 520
580 520
581 521
581 541
582 541
579 542
576 539
579 539
581 539
578 538
577 535
578 535
579 534
582 534
583 534
578 533
581 533
577 532
581 531
578 530
581 530
582 530
578 528
579 528
581 528
583 528
577 529
579 529
578 549
580 549
582 549
577 548
578 548
580 548
581 551
577 550
580 547
582 546
582 544
578 553
576 552
581 554
584 554
579 557
582 565
576 564
579 564
577 567
579 567
580 567
582 566
577 561
579 561
582 561
581 560
582 560
577 562
578 562
580 562
578 563
579 563
577 570
582 570
577 571
357 568
579 568
580 568
581 568
582 568
579 569
576 573
577 573
580 573
581 573
581 572
576 575
578 575
580 574
581 574
577 695
578 695
579 695
575 694
582 694
576 693
577 693
578 693
579 693
580 693
580 692
575 691
576 691
575 690
579 690
579 689
581 689
577 703
581 703
578 702
577 701
578 701
581 696
576 699
581 699
578 679
579 679
581 679
576 676
579 676
575 675
581 675
581 674
581 673
577 672
576 684
579 684
581 685
578 687
576 681
578 681
581 681
581 683
578 659
580 659
576 658
577 658
576 657
577 657
580 657
576 656
580 656
576 661
577 661
579 661
576 660
581 660
578 662
579 662
576 663
578 669
579 669
580 669
581 669
575 670
576 670
576 667
577 667
581 667
576 665
580 665
578 644
581 644
577 645
579 645
580 645
577 647
582 647
578 646
581 646
578 643
579 643
575 642
578 642
576 640
580 640
581 640
576 641
578 641
580 641
577 648
579 648
580 648
578 649
582 649
577 650
579 650
581 651
576 653
578 653
577 652
579 652
576 654
580 654
581 654
577 655
575 715
576 715
577 715
578 715
580 715
575 714
579 714
580 714
579 713
580 713
575 712
576 712
577 712
575 717
576 717
578 717
580 717
577 716
579 716
576 718
580 718
581 718
575 719
577 719
579 709
582 709
575 708
578 708
574 710
577 710
578 710
576 711
578 711
578 707
579 707
578 706
579 705
590 111
593 111
594 111
589 110
591 110
589 108
590 108
589 109
591 109
592 109
593 109
589 104
591 104
593 104
590 105
592 105
589 107
594 106
591 101
592 101
589 100
590 100
592 100
593 100
589 103
591 103
591 99
593 99
594 99
589 98
591 96
590 97
591 97
589 118
590 118
593 118
594 118
590 119
593 119
594 119
590 116
591 116
590 117
592 117
592 112
593 112
594 112
589 113
593 113
589 114
593 114
591 115
589 126
590 126
593 126
591 127
589 125
590 125
591 125
594 125
594 124
591 121
596 121
594 120
593 123
590 122
595 122
590 81
592 81
590 80
594 80
588 83
590 83
592 83
593 83
589 82
591 82
589 86
590 86
592 86
594 86
589 87
590 87
591 87
591 85
594 85
588 84
590 84
589 90
590 90
592 90
593 90
590 91
593 91
594 88
590 89
591 89
590 92
591 92
590 93
593 93
588 68
592 68
588 69
593 69
589 71
590 71
592 65
587 64
589 64
592 64
589 67
590 67
593 67
597 67
588 66
590 66
591 66
593 66
588 78
589 78
592 78
590 79
591 79
592 79
137 76
593 76
589 77
592 77
587 75
590 75
595 75
588 73
590 73
591 73
591 29
592 28
592 30
590 31
590 26
592 26
593 26
589 27
592 25
590 24
592 24
588 21
590 21
591 21
588 20
590 22
590 23
588 16
592 16
590 17
587 19
593 18
587 0
589 0
591 0
592 0
588 1
592 1
591 3
591 2
591 6
592 6
587 7
588 7
589 7
590 7
591 7
592 7
590 4
592 4
589 5
591 5
590 8
588 9
591 9
587 11
593 10
588 14
589 15
593 15
591 13
592 13
586 56
588 57
590 57
593 57
589 59
590 60
591 60
594 61
592 63
587 62
589 54
590 54
592 54
593 54
589 53
587 52
589 50
587 51
588 51
588 48
590 48
593 48
588 49
588 44
588 45
588 47
590 47
593 47
590 43
592 43
588 42
589 42
590 42
593 42
588 40
594 40
590 41
592 41
589 36
588 37
588 39
591 39
591 38
590 33
592 32
590 35
592 34
594 202
595 202
596 202
591 200
593 200
596 200
597 200
593 201
591 207
593 207
594 207
594 205
591 196
592 196
596 196
593 199
595 198
591 193
592 193
595 193
596 193
591 192
593 195
595 195
591 194
595 194
596 194
591 215
594 215
595 215
596 214
597 214
590 212
592 213
594 211
590 210
594 210
593 209
591 220
595 220
596 220
592 221
593 223
595 222
597 222
592 217
594 217
593 216
595 218
596 218
592 244
594 244
596 244
594 245
594 247
596 246
594 243
597 242
596 240
592 241
594 241
592 252
593 252
595 252
593 254
593 250
597 250
595 251
596 248
592 225
593 225
596 225
591 229
593 229
592 231
595 231
593 237
592 239
596 235
591 232
593 232
593 180
595 180
590 182
593 182
593 179
595 179
593 178
591 177
590 176
592 176
593 176
594 190
592 191
596 189
592 188
593 184
595 185
593 186
592 171
594 171
594 170
590 168
592 168
591 169
592 169
592 173
590 172
592 172
590 174
591 175
594 175
595 175
590 166
593 166
592 167
594 167
590 164
592 164
591 165
595 165
593 162
594 163
592 161
592 143
595 143
589 140
591 140
594 141
595 141
592 136
590 137
589 138
594 138
595 138
591 139
593 139
597 139
589 134
592 134
589 135
594 135
595 135
593 133
595 133
589 128
595 128
592 130
591 131
593 131
595 144
592 146
593 150
592 151
594 151
592 149
593 149
591 148
595 148
590 153
591 153
595 153
596 153
593 159
591 158
590 157
594 305
595 305
594 307
593 310
597 310
597 311
593 308
594 309
594 318
597 318
598 318
597 319
595 313
594 314
595 315
596 315
594 288
597 288
593 289
597 289
594 291
596 291
597 290
595 295
596 295
593 294
594 294
597 294
593 293
594 293
597 293
595 296
594 297
598 297
593 299
596 301
595 303
596 303
594 257
596 257
593 256
594 256
595 258
597 258
597 259
594 266
596 266
593 267
596 264
597 264
595 270
595 269
592 274
595 274
597 274
595 272
595 273
592 279
593 277
592 284
595 284
596 284
597 286
595 282
597 282
595 283
596 281
595 332
596 332
597 332
594 335
595 335
598 335
594 334
594 328
596 328
597 328
597 331
596 327
594 326
598 324
596 325
596 321
597 321
596 320
597 320
593 323
594 344
595 344
597 344
594 345
597 345
598 345
596 346
598 347
597 351
597 348
598 348
598 349
594 340
599 343
595 342
597 339
594 367
600 367
598 364
594 365
596 365
599 361
598 363
600 362
594 352
599 357
599 356
596 359
594 378
595 378
599 378
595 379
597 379
598 379
601 379
602 379
598 376
599 376
602 377
594 380
598 381
599 381
593 383
596 383
594 370
597 370
600 370
595 371
598 371
596 369
595 373
598 374
596 390
597 390
601 390
592 388
593 388
599 388
596 389
596 384
599 387
593 386
600 396
602 396
601 397
595 398
594 399
596 399
593 392
598 392
603 392
597 393
600 395
595 404
597 404
598 404
595 406
601 406
594 407
601 407
594 402
594 403
595 403
594 400
602 400
596 401
594 409
596 409
600 409
598 408
594 410
598 410
600 410
596 445
599 445
593 446
596 440
599 440
594 443
599 442
594 434
595 435
596 435
596 438
593 439
594 439
597 439
595 417
596 417
598 417
598 418
595 419
595 422
598 422
598 421
594 429
598 429
599 431
592 476
587 479
588 479
589 478
590 474
593 474
593 469
592 470
594 471
593 464
593 465
592 466
593 467
596 459
597 459
593 456
597 456
596 457
596 461
594 450
599 450
593 448
594 449
597 449
598 449
599 449
597 452
595 454
594 455
579 494
580 495
580 492
576 489
581 489
574 488
584 484
584 485
577 487
586 483
588 483
588 480
578 509
579 509
583 509
577 510
580 510
582 506
581 497
579 496
581 496
580 498
578 499
581 499
577 502
580 502
582 502
579 503
579 500
578 590
579 590
582 589
576 588
577 584
581 586
580 578
581 578
581 582
580 583
577 581
581 600
578 601
582 601
576 592
579 592
580 594
582 594
577 597
576 612
576 613
579 613
580 614
576 610
575 609
576 608
580 616
585 617
581 622
578 621
580 620
575 625
579 625
582 625
577 631
578 631
580 631
581 628
577 635
579 635
577 634
578 634
576 632
578 632
583 632
584 632
576 633
578 513
580 513
574 512
575 512
581 515
574 514
575 514
577 518
579 518
582 518
584 518
576 517
583 517
584 517
585 516
581 524
582 524
584 524
577 526
578 526
580 526
575 521
577 521
581 520
575 522
583 522
582 523
579 536
582 536
583 536
582 537
583 538
584 538
583 539
577 541
579 541
577 540
580 542
582 542
584 528
583 531
576 533
577 533
583 533
584 534
577 549
581 549
576 548
578 550
582 551
578 544
579 544
576 545
581 546
577 547
582 555
583 555
576 554
578 554
582 554
582 553
580 556
577 557
581 557
576 559
579 559
580 559
581 559
575 558
576 558
579 562
578 560
580 560
578 565
577 564
577 566
583 566
582 567
579 574
577 575
581 575
582 575
579 573
577 572
583 568
576 649
577 651
582 654
576 645
578 645
577 644
582 644
577 643
576 642
580 642
581 642
578 664
575 665
577 665
561 666
576 666
577 671
578 671
576 659
581 657
581 662
575 678
576 678
577 678
580 678
582 678
577 679
575 677
577 673
580 674
580 685
581 684
576 686
580 687
577 681
576 682
581 682
580 698
575 699
576 697
576 700
581 700
575 701
575 702
575 692
576 695
577 690
581 690
581 688
575 718
574 717
579 717
575 716
576 716
574 712
581 712
574 715
582 706
581 705
581 704
590 107
589 106
594 104
594 105
589 111
591 111
589 116
595 116
589 112
588 113
590 115
588 114
589 120
589 122
588 123
594 79
588 77
588 75
595 74
589 65
594 70
594 68
595 92
595 84
588 59
593 56
594 56
595 56
588 63
593 53
587 54
588 54
587 32
587 36
594 39
587 43
585 45
593 31
593 22
593 19
593 13
596 13
594 7
596 204
591 205
590 201
596 198
597 196
596 216
597 210
592 253
590 254
680 171
591 191
596 184
589 147
589 131
593 319
599 319
592 261
593 352
593 372
594 393
607 395
592 394
592 397
574 584
598 380
579 600
592 474
579 588
597 400
590 40
579 566
592 160
597 386
581 536
591 70
579 654
596 437
591 18
579 530
591 40
580 504
591 59
594 126
583 488
593 224
579 506
594 164
592 141
581 592
597 402
593 106
591 50
581 550
594 157
591 176
581 658
594 213
580 536
578 697
592 128
579 572
580 532
580 590
578 616
590 56
580 569
577 706
597 358
598 353
581 506
595 457
591 44
593 158
594 182
581 564
578 552
579 533
581 604
580 626
582 626
579 680
576 674
579 672
579 688
579 664
596 319
596 277
597 394
599 396
597 426
595 430
581 508
596 452
593 152
593 175
591 186
595 186
593 192
593 198
591 20
592 8
590 46
592 46
591 57
592 62
593 98
591 108
592 76
580 554
579 550
580 522
579 514
579 617
579 623
580 612
579 598
578 600
580 579
579 644
580 647
579 640
577 670
580 670
580 671
577 669
578 656
577 694
579 694
577 698
578 698
576 673
577 687
578 686
580 684
580 716
576 719
578 714
594 280
596 287
596 258
594 269
596 296
596 292
595 308
595 310
593 304
596 314
596 362
596 361
596 380
598 382
597 376
598 372
595 348
598 350
597 346
596 340
596 336
597 326
593 324
594 324
596 324
597 322
596 323
597 335
596 330
598 401
599 402
598 406
596 405
597 408
598 413
597 412
596 394
595 388
597 388
598 388
597 384
599 384
597 424
598 426
596 420
597 446
588 478
590 478
591 476
593 466
595 464
594 461
594 460
580 506
578 502
582 490
581 494
592 36
591 37
587 38
588 38
590 38
588 34
589 34
591 34
591 35
588 32
588 33
590 44
590 45
589 46
589 40
591 56
591 58
592 58
593 58
591 62
592 60
590 61
591 49
591 48
592 48
592 50
591 55
592 53
593 52
588 12
591 12
592 12
588 8
590 8
590 9
587 10
588 10
591 11
587 2
590 2
587 3
588 3
592 3
588 6
590 6
592 6
588 4
591 4
587 29
590 29
588 28
590 28
591 26
588 24
588 17
589 16
588 18
590 18
590 19
588 22
592 22
591 23
589 20
589 80
591 80
592 80
593 80
590 82
593 82
589 83
591 86
593 86
590 85
592 84
592 92
591 95
589 88
590 88
593 88
591 90
594 90
589 75
592 75
590 74
590 78
591 78
593 78
589 79
593 79
591 76
589 69
590 70
592 70
590 65
590 64
589 96
590 96
592 96
594 96
590 98
591 100
593 101
592 102
592 104
593 105
590 106
592 108
593 108
590 110
591 114
594 114
590 112
591 112
592 118
591 119
592 125
590 124
593 124
592 127
593 127
591 122
594 122
592 123
594 123
590 120
592 120
590 121
592 170
595 170
591 171
593 168
592 174
594 174
591 172
591 161
593 161
591 160
592 163
591 162
592 166
594 166
591 164
593 185
595 184
592 186
596 186
594 187
591 189
594 189
591 188
595 188
595 191
591 190
595 182
591 183
591 180
592 180
594 180
592 181
593 181
592 178
594 178
592 179
593 177
594 177
595 176
590 150
591 150
594 150
592 148
594 148
590 146
593 146
594 146
591 145
592 145
593 145
594 145
591 144
592 157
593 157
595 157
591 156
592 156
593 156
594 156
590 158
594 158
590 159
592 154
593 154
594 155
592 153
594 153
590 134
591 134
593 134
594 134
591 135
593 135
591 132
593 132
592 133
590 129
592 129
594 129
590 128
591 128
590 130
590 142
591 142
593 142
594 142
591 143
590 140
592 140
594 140
593 137
589 136
591 136
594 136
590 138
591 138
593 138
591 216
592 216
594 216
595 216
593 217
592 218
594 218
595 219
594 220
593 221
594 221
596 223
592 222
593 222
594 222
594 214
595 214
596 215
593 212
595 212
596 212
593 213
595 213
592 210
595 210
596 210
593 211
591 208
592 208
593 208
594 208
595 208
592 209
595 209
592 204
593 204
594 204
595 204
593 205
591 206
592 206
593 206
594 206
595 206
592 202
593 202
595 202
593 203
592 200
594 200
595 200
591 201
592 201
595 201
592 192
594 192
595 192
596 195
592 198
594 198
594 196
591 197
595 197
592 247
595 247
593 244
595 244
592 245
592 242
593 242
594 242
595 243
593 240
594 240
595 241
596 241
593 255
594 255
596 255
594 254
595 254
596 254
594 252
596 252
593 253
596 251
592 250
594 248
595 248
593 249
596 249
597 249
593 238
594 238
595 238
593 239
594 239
595 239
596 239
592 236
593 236
594 236
595 236
596 237
592 234
593 234
594 234
595 234
596 234
592 235
593 235
594 232
595 232
596 232
597 232
591 233
595 233
595 225
591 224
592 224
594 224
596 224
592 227
594 227
595 227
592 226
596 226
592 228
593 228
594 228
595 228
596 228
592 229
594 229
592 230
593 230
594 230
595 230
596 230
577 637
578 637
581 637
579 636
581 636
579 639
581 639
577 638
580 638
579 634
581 634
582 635
581 632
582 632
578 633
579 633
580 633
582 633
576 628
577 628
578 628
582 628
579 629
580 629
578 630
579 631
578 625
581 625
578 624
579 624
578 626
581 626
580 617
577 616
579 616
577 618
579 618
580 618
582 618
583 618
581 619
583 619
579 621
581 621
582 621
579 620
575 622
578 622
579 622
580 622
577 623
578 623
577 608
578 608
579 608
581 608
577 610
579 610
580 610
577 611
576 614
577 614
578 614
582 614
576 615
577 615
581 615
577 612
579 612
581 612
582 612
578 613
581 613
577 580
578 580
580 580
581 580
582 580
581 581
577 582
578 582
579 582
580 582
577 583
582 583
578 578
579 578
577 579
579 579
576 576
577 576
579 576
580 576
582 577
581 587
582 587
577 586
579 586
580 586
578 584
579 584
580 584
577 588
580 589
577 590
581 590
577 591
580 591
577 593
578 593
579 593
581 593
578 592
580 592
582 592
578 595
576 594
577 594
578 594
579 594
578 596
579 596
582 596
578 597
580 597
582 597
578 599
579 599
581 599
582 599
577 598
578 598
581 598
577 602
579 602
580 602
581 602
582 602
577 603
578 603
581 603
579 601
580 601
580 600
576 607
577 607
578 607
579 607
581 607
577 606
578 606
579 606
581 606
576 604
577 604
579 604
580 604
582 604
576 605
577 605
578 605
580 605
581 605
578 566
580 566
581 566
576 567
581 567
578 564
579 564
580 564
582 564
577 565
579 565
577 562
581 562
582 562
580 563
581 563
580 561
581 561
579 560
577 570
578 570
579 570
582 570
578 571
580 571
581 571
578 569
581 569
583 569
577 568
578 568
579 568
581 568
578 575
579 575
577 574
582 574
576 572
583 572
580 544
581 544
582 544
577 545
578 545
579 545
580 545
582 545
577 546
578 546
579 546
580 546
581 547
577 551
578 551
579 551
580 550
583 550
579 548
581 548
582 548
578 549
579 549
578 558
579 558
580 558
581 558
582 558
577 559
578 559
577 556
578 556
579 556
581 556
582 556
578 557
580 557
582 557
576 552
579 552
580 552
581 552
582 552
577 553
580 553
581 553
577 554
579 554
578 555
579 555
580 555
581 555
578 523
579 523
580 523
581 523
577 522
578 522
581 522
577 520
579 520
580 520
582 520
583 520
578 521
579 521
581 521
582 521
577 524
578 524
579 524
580 524
577 525
578 525
579 525
580 525
582 525
576 526
581 526
583 526
579 527
582 527
577 516
579 516
580 516
581 516
584 516
578 517
579 517
580 517
581 517
578 518
580 518
581 518
583 518
576 519
577 519
578 519
579 519
583 519
577 514
578 514
580 514
581 514
582 514
583 514
580 515
577 512
578 512
579 512
580 512
581 512
582 512
577 513
579 513
581 513
583 513
579 535
580 535
581 535
582 535
578 534
580 534
581 534
583 534
577 532
578 532
579 532
581 532
582 532
578 533
582 533
578 529
580 529
581 529
582 529
577 528
579 528
582 528
577 530
580 530
583 530
578 531
579 531
580 531
582 531
577 538
579 538
580 538
582 538
576 539
577 539
578 539
580 539
578 537
580 537
581 537
577 536
578 536
578 542
581 542
583 542
577 543
580 543
581 543
582 543
578 540
579 540
580 540
581 540
582 540
578 541
580 541
577 645
580 645
581 645
580 644
576 647
578 647
579 647
577 646
579 646
580 646
577 642
579 642
580 643
576 640
577 640
578 640
580 640
581 640
576 641
577 641
580 641
581 641
577 649
579 649
581 649
582 649
578 648
579 648
580 648
581 648
576 650
577 650
578 650
580 650
581 650
582 650
575 651
576 651
578 651
579 651
580 651
582 651
577 655
579 655
580 655
581 655
576 654
577 654
578 654
581 654
576 652
578 652
580 652
581 652
576 653
579 653
581 653
576 664
577 664
580 664
578 665
579 665
581 665
577 666
578 666
579 666
580 666
581 666
577 667
578 667
580 667
576 668
577 668
578 668
580 668
581 668
576 669
579 669
575 670
578 670
579 670
581 670
579 671
581 671
575 661
578 661
580 661
581 661
576 660
577 660
578 660
580 660
575 663
576 663
577 663
578 663
579 663
580 663
581 663
576 662
577 662
580 662
582 662
575 658
579 658
580 658
577 659
579 659
581 659
577 656
579 656
581 656
577 657
578 657
579 657
575 689
577 689
580 689
581 689
575 688
576 688
577 688
578 688
580 688
575 690
576 690
578 690
580 690
575 691
578 691
579 691
580 691
575 694
576 694
578 694
580 694
581 694
582 694
578 695
580 695
576 692
577 692
578 692
579 692
580 692
582 692
575 693
576 693
578 693
579 693
576 702
577 702
578 702
579 702
580 702
581 702
578 703
579 703
580 703
575 700
577 700
578 700
579 700
580 700
578 701
575 698
576 698
579 698
576 699
577 699
578 699
579 699
580 699
575 696
576 696
577 696
579 696
580 696
581 696
579 697
580 697
577 674
578 674
579 674
575 675
576 675
577 675
579 675
581 675
575 673
578 673
579 673
580 673
581 673
576 672
577 672
578 672
580 672
581 672
578 678
579 678
581 678
576 679
580 679
577 676
578 676
579 676
580 676
581 676
