582 575
579 554
581 554
581 552
580 556
579 558
582 558
578 551
579 550
581 546
576 654
577 655
579 653
577 648
579 648
576 651
578 644
579 645
580 645
578 646
580 640
581 640
578 642
576 670
577 670
579 669
576 664
577 663
576 660
577 660
578 660
581 660
580 657
577 658
578 682
580 682
577 684
580 684
578 687
578 686
580 674
579 676
580 690
575 689
579 689
580 692
579 693
575 694
578 700
577 701
578 701
577 702
581 702
576 698
577 698
575 708
577 708
581 708
578 709
582 709
578 710
578 707
581 704
579 713
576 712
575 715
579 714
576 719
580 718
579 716
591 108
592 108
592 111
591 110
590 106
591 100
590 124
594 124
590 120
590 86
593 86
592 80
593 89
590 90
593 90
589 91
592 94
594 94
592 77
588 78
590 78
594 78
589 70
590 68
593 67
593 65
587 38
592 38
591 34
589 40
591 41
590 42
590 46
592 58
593 58
592 56
593 63
590 48
590 30
592 30
587 29
588 19
589 19
589 16
592 20
587 10
589 10
588 11
590 9
588 12
591 12
590 13
587 6
590 6
587 5
588 4
589 4
588 3
588 2
590 2
589 0
595 234
596 234
593 226
593 248
595 250
596 254
596 242
594 218
594 216
595 209
597 214
595 192
592 198
593 204
593 205
595 207
590 158
594 158
592 142
594 134
590 129
591 161
595 184
594 281
597 281
594 280
596 280
592 284
595 285
595 286
596 286
596 277
594 279
596 275
597 275
592 272
592 266
592 268
594 270
593 271
593 262
594 306
593 304
594 310
595 309
594 318
595 318
596 314
593 297
595 297
594 298
596 298
595 301
596 303
595 302
595 288
596 288
597 288
596 289
595 290
596 290
597 334
595 328
593 322
598 322
597 323
598 326
597 346
598 350
596 349
595 336
595 338
598 338
595 341
594 358
595 358
598 358
597 357
595 356
596 352
595 353
595 354
596 367
598 367
600 366
600 365
595 362
598 362
599 362
597 361
596 374
596 368
597 368
596 370
597 376
595 377
598 377
597 378
597 380
596 435
596 439
597 437
597 440
595 442
594 445
595 445
597 445
597 444
597 446
598 426
596 427
598 427
596 419
597 418
597 417
595 421
599 396
601 396
598 399
599 399
597 398
598 398
596 392
597 392
599 392
599 393
595 394
596 394
594 386
596 386
598 386
597 390
596 415
596 412
597 412
597 413
598 409
599 408
594 401
598 401
595 400
599 402
596 405
600 407
579 510
582 510
578 511
583 511
576 509
578 505
580 506
579 507
578 502
580 502
578 501
582 487
585 484
585 485
588 482
583 489
580 494
581 494
593 466
595 466
594 464
593 470
593 468
591 476
588 478
589 478
592 473
591 474
596 460
596 462
595 452
598 452
594 448
596 449
577 579
581 582
581 580
580 587
581 587
578 584
577 590
576 604
577 604
580 604
577 606
579 603
579 599
581 598
580 597
579 618
581 612
576 615
581 608
582 625
577 626
578 630
579 636
578 534
582 538
582 543
578 540
579 526
580 526
583 520
577 514
575 512
579 512
577 559
581 558
582 568
579 570
579 575
577 564
576 650
579 650
576 649
580 652
578 654
576 641
578 641
580 641
581 641
579 640
577 643
580 642
577 644
579 644
577 666
577 665
578 668
580 668
577 661
579 658
579 657
577 656
578 676
580 676
579 672
576 673
578 674
579 674
578 685
577 686
576 680
580 700
578 702
580 702
577 696
577 688
579 691
577 692
576 706
579 707
580 707
577 709
576 708
578 708
579 710
581 710
577 711
577 712
577 713
580 713
577 714
578 715
580 715
576 716
576 718
579 718
589 110
590 110
594 110
593 111
589 108
590 108
593 108
591 104
593 104
592 105
593 105
591 106
594 106
592 107
591 96
591 97
590 98
591 99
593 99
592 102
589 103
591 103
591 101
589 100
590 100
593 124
590 125
594 125
589 126
590 126
593 126
589 127
592 120
594 120
591 121
594 121
590 122
593 122
590 123
593 123
591 116
595 116
592 117
589 118
590 118
591 118
590 119
594 119
593 113
591 112
592 112
594 112
591 115
592 81
592 83
593 83
589 82
590 82
592 82
595 82
591 85
590 84
592 84
589 87
590 87
591 87
589 88
594 88
591 89
589 90
594 90
593 93
592 92
589 94
590 94
593 94
591 95
589 78
588 79
592 79
593 79
591 76
588 77
589 77
591 77
590 74
593 74
590 72
590 73
589 71
590 71
593 71
594 70
593 69
589 65
591 65
592 65
588 66
589 66
590 66
591 66
589 67
591 57
588 56
588 58
590 58
589 60
590 60
591 60
590 61
592 63
587 62
588 62
589 50
591 50
592 50
593 50
591 48
594 48
592 49
593 54
592 52
588 42
589 42
592 42
590 43
592 43
591 44
593 44
591 46
593 47
589 39
591 39
594 39
589 38
590 36
592 36
588 37
593 37
588 32
590 32
591 32
592 32
590 33
589 34
592 34
588 35
589 35
590 35
591 35
589 26
592 26
589 27
588 25
589 25
591 25
592 24
590 31
591 31
592 31
588 28
590 28
592 28
589 29
587 16
591 16
592 16
588 17
591 17
587 18
588 18
587 19
590 19
587 20
590 20
591 20
590 21
591 21
594 21
591 23
587 11
590 11
591 11
591 9
592 9
588 14
589 15
590 15
591 15
592 15
589 12
590 12
587 13
592 13
587 1
588 1
587 0
588 0
592 0
589 2
591 3
591 6
592 6
587 7
588 7
589 7
592 7
587 4
590 4
591 4
592 4
591 5
595 233
591 232
592 235
596 235
592 234
594 234
592 236
594 236
595 236
594 230
596 230
592 228
596 228
592 226
592 227
595 227
592 224
596 224
595 225
592 250
593 250
594 250
596 250
595 248
596 248
593 249
592 254
593 254
595 254
593 252
594 252
595 252
594 247
596 244
595 243
594 240
591 208
592 208
594 208
592 209
593 209
592 210
596 210
595 212
593 213
594 215
595 215
592 214
596 214
595 223
592 222
593 222
594 222
597 222
596 220
597 220
592 221
594 221
596 218
592 217
593 217
592 206
593 206
595 206
590 207
591 207
593 207
594 207
596 207
594 205
591 204
591 200
592 200
595 200
592 201
593 201
595 201
591 202
592 202
593 202
593 203
590 198
594 198
591 196
591 194
595 195
591 193
592 193
595 193
591 192
591 175
593 175
595 175
591 174
591 172
595 172
590 173
591 173
592 173
592 168
595 168
591 169
592 171
593 171
594 171
591 170
594 170
591 163
593 163
591 162
592 162
594 166
593 164
595 176
591 177
593 179
594 179
590 182
591 182
595 182
594 180
595 180
595 181
592 191
591 188
595 188
591 189
594 187
592 184
591 159
593 159
592 158
592 156
594 156
593 152
590 153
592 153
591 148
594 148
592 149
593 149
594 151
593 146
589 147
591 145
594 145
593 133
594 133
593 132
591 135
593 135
594 135
596 135
593 134
592 131
594 131
589 130
593 130
588 136
589 136
591 136
590 137
591 138
592 138
593 138
591 139
593 139
595 139
595 141
591 140
594 140
592 143
595 304
597 304
594 305
596 305
593 306
596 306
593 310
596 310
597 310
594 311
595 311
595 308
597 316
598 317
597 318
596 312
593 296
597 296
594 297
593 298
596 299
595 303
594 301
592 300
594 300
596 295
595 294
597 294
594 293
595 293
593 292
594 292
597 292
593 291
595 291
594 290
594 260
592 261
594 262
593 263
592 256
593 256
594 257
595 258
596 258
597 258
594 259
594 266
595 266
596 266
594 264
595 265
597 270
594 271
595 271
595 282
595 283
593 281
594 284
595 284
596 284
596 285
595 274
596 274
594 275
597 273
595 278
595 279
594 276
595 276
596 276
594 330
596 330
597 330
594 331
597 331
596 329
593 334
594 334
598 334
595 335
598 335
597 332
598 333
596 321
594 320
596 320
595 322
594 323
596 327
594 326
594 324
595 324
596 343
598 343
596 342
594 340
595 340
598 340
596 341
597 341
594 338
598 339
595 337
594 348
595 348
596 348
595 351
597 351
595 350
597 344
597 347
594 362
596 362
597 362
594 363
595 363
596 363
597 363
597 360
594 361
594 366
596 366
594 367
595 367
595 364
598 364
596 358
594 359
595 359
596 359
598 359
596 356
597 356
598 356
599 357
594 353
596 354
599 354
597 355
596 376
599 376
600 376
597 377
601 377
598 379
599 379
600 379
595 378
596 378
599 378
601 378
593 380
595 380
596 380
599 380
594 381
596 381
599 381
593 382
599 382
593 383
595 383
593 370
598 370
594 371
595 371
598 371
596 369
598 369
598 368
594 372
595 372
595 373
596 373
598 373
597 375
598 375
593 374
594 374
595 393
596 393
601 393
594 392
595 392
598 392
602 392
596 395
598 395
599 395
601 395
593 394
598 394
594 396
595 396
595 397
596 397
597 397
599 397
597 399
600 399
594 398
595 398
600 398
601 398
591 384
595 384
596 384
597 384
601 384
602 384
594 385
597 385
598 385
602 385
593 387
594 387
596 387
597 387
598 387
595 386
597 386
602 386
595 391
597 391
599 391
600 391
592 390
594 390
596 390
600 390
595 389
596 389
598 389
599 389
593 388
594 388
595 388
599 388
602 388
595 404
596 404
598 404
600 404
601 404
594 405
600 405
595 406
598 406
599 406
600 406
596 407
597 407
595 402
598 402
595 403
597 403
600 403
598 400
599 400
600 400
595 414
598 414
599 414
598 412
599 412
597 410
600 410
597 411
599 411
594 409
595 409
596 409
597 409
599 409
595 408
596 408
597 408
598 408
594 446
595 446
596 446
599 447
596 445
598 445
594 444
596 443
597 443
598 443
594 442
596 442
598 442
599 442
595 441
594 440
594 434
595 434
598 434
594 435
595 432
598 432
596 433
594 438
596 438
598 438
594 439
599 439
594 436
596 436
597 436
598 436
598 437
596 423
597 423
595 422
596 422
597 422
598 422
595 420
597 420
594 421
596 421
596 416
597 416
598 416
599 416
598 417
598 418
597 419
594 431
598 431
597 430
598 430
596 429
598 429
596 428
597 428
595 426
596 426
597 427
595 425
597 425
594 424
596 424
598 424
589 476
592 476
588 477
590 477
591 477
587 479
589 479
591 478
592 472
593 472
591 473
593 473
589 474
590 474
590 475
592 475
592 468
594 468
595 468
593 469
591 471
591 470
592 470
594 467
595 467
594 466
595 464
596 464
595 453
597 453
594 452
594 454
595 454
596 454
597 454
593 455
594 455
595 455
596 450
597 450
598 450
599 450
596 451
597 451
596 448
598 448
597 449
594 461
596 461
595 460
597 460
594 463
595 463
596 463
592 462
593 462
594 462
595 462
593 456
594 456
595 456
597 456
596 457
597 457
593 458
595 458
594 459
596 459
576 488
580 488
584 488
568 489
580 489
582 489
579 491
580 491
582 491
580 490
581 490
579 494
582 494
579 492
580 492
581 492
579 493
580 493
581 493
586 484
587 484
586 485
583 487
587 480
589 480
587 481
585 483
588 483
586 482
587 482
577 509
578 509
579 509
580 509
582 509
583 509
576 508
577 508
578 508
579 508
582 508
576 511
579 511
581 511
576 510
577 510
578 510
581 510
583 510
578 504
581 504
581 505
577 506
582 506
579 500
582 500
581 501
579 503
578 498
579 498
581 498
582 498
579 499
578 496
579 496
581 497
577 577
580 577
577 576
578 576
580 576
578 578
580 578
581 578
581 579
580 582
582 582
577 583
578 583
581 583
582 583
577 580
578 580
579 580
579 581
582 581
577 588
580 589
581 589
582 589
578 590
579 590
577 586
579 587
577 585
579 585
580 585
581 585
577 584
580 584
578 599
581 599
577 598
578 598
580 598
582 598
583 598
578 596
580 596
581 596
576 597
578 597
582 597
577 592
578 593
580 593
581 593
582 593
579 595
580 595
576 594
580 594
578 604
579 604
579 605
581 605
577 607
579 607
581 607
578 606
579 606
580 606
581 606
578 601
579 601
580 600
581 600
577 603
580 603
581 603
578 602
579 602
581 602
582 602
577 610
578 610
578 611
579 611
581 611
577 609
580 609
582 608
577 615
578 615
579 615
581 615
580 614
582 614
577 613
578 613
581 613
577 612
581 621
577 620
580 620
582 620
575 622
578 622
580 622
577 623
581 623
582 623
579 617
582 617
577 616
579 616
577 618
581 618
577 619
581 619
577 638
577 639
578 639
579 639
580 636
581 636
582 636
579 637
580 637
581 637
576 632
578 632
580 632
582 632
578 633
579 633
576 635
581 635
576 634
577 634
576 628
580 628
581 628
577 629
578 629
579 629
580 629
582 629
577 630
579 630
580 630
577 631
579 631
580 631
581 631
579 626
581 626
580 627
581 627
580 624
580 625
581 514
584 515
577 513
580 513
581 513
582 513
583 513
581 512
578 517
581 517
582 517
577 519
577 518
578 518
580 518
582 518
577 523
580 523
581 523
577 522
581 522
582 520
578 521
581 521
579 527
580 527
581 527
582 527
583 527
581 526
577 525
580 525
582 525
580 524
581 524
579 540
580 540
581 540
578 541
579 541
581 543
583 543
577 537
578 537
581 537
578 536
582 536
577 538
579 538
580 538
581 538
576 539
580 539
581 539
582 539
579 534
580 534
581 534
582 534
578 535
579 535
580 535
581 535
582 535
576 532
581 532
583 532
578 533
578 530
579 530
580 530
582 530
577 567
579 567
580 567
581 567
582 567
581 566
582 565
583 565
582 564
578 563
579 563
580 563
582 563
581 562
578 561
582 561
581 560
577 570
578 570
580 570
581 570
576 571
577 571
581 571
577 568
578 568
580 568
577 569
579 569
580 572
581 572
576 575
577 575
578 575
582 574
579 555
581 555
582 555
578 554
582 554
576 553
577 553
580 553
576 552
580 552
578 556
582 556
583 556
577 557
578 557
580 557
581 557
579 559
582 550
583 550
577 551
580 551
581 551
577 549
578 549
580 549
582 549
580 548
579 546
580 546
582 546
577 547
579 547
580 547
578 545
580 545
583 545
578 544
582 544
577 650
578 650
580 650
581 650
577 651
582 651
577 649
578 649
579 649
582 649
578 648
581 648
581 655
577 654
576 653
578 653
576 652
579 652
576 646
579 646
580 646
579 647
580 647
582 647
580 644
581 644
577 645
581 645
576 642
577 642
578 643
579 643
577 641
580 658
581 658
579 659
576 657
577 657
578 657
576 656
579 656
579 662
580 662
576 663
578 663
580 663
581 663
580 660
582 660
576 661
576 665
578 665
577 664
578 666
579 666
576 667
578 667
581 667
575 670
578 670
580 670
579 671
581 671
578 669
580 669
581 669
577 674
575 675
577 675
576 672
578 672
580 672
577 673
579 673
581 673
576 678
581 678
583 678
576 679
578 679
575 677
581 677
577 676
581 676
579 682
576 683
580 683
581 683
576 681
577 681
579 681
581 681
577 680
578 680
576 684
578 684
579 684
576 686
579 686
577 687
579 687
576 702
576 703
577 703
578 703
581 703
575 700
576 700
581 701
575 698
578 698
579 698
576 699
578 699
581 699
578 696
579 696
580 696
577 697
578 692
582 692
576 693
577 693
578 694
579 694
580 694
582 694
576 695
577 690
578 690
579 690
581 690
576 691
578 688
577 689
578 689
576 704
577 704
580 704
575 707
576 707
577 707
581 707
579 706
580 706
574 710
576 710
577 710
580 710
576 711
578 711
579 711
579 708
580 708
575 709
577 716
580 716
575 717
576 717
577 717
579 717
580 717
575 719
576 714
579 715
576 713
575 712
579 712
580 712
589 104
590 104
594 104
590 105
591 105
589 107
593 107
589 106
588 108
594 108
589 109
590 109
593 109
594 109
593 110
590 111
594 111
588 98
589 98
591 98
592 98
594 98
589 99
594 99
592 97
594 97
594 96
592 100
593 100
589 101
590 101
592 101
593 101
590 102
593 102
590 103
592 103
593 103
590 127
591 127
592 127
595 127
591 126
592 126
595 126
589 125
591 125
592 125
593 125
589 124
591 124
592 124
591 122
592 122
595 122
591 123
592 123
590 121
592 121
589 120
593 120
589 116
590 116
589 117
590 117
591 117
592 118
593 118
594 118
589 119
591 119
589 112
593 112
595 112
588 113
591 113
592 113
589 115
590 115
592 115
593 115
588 114
590 114
591 114
595 114
588 82
591 82
594 82
588 83
589 83
590 83
588 80
590 80
594 80
588 81
589 81
590 81
591 81
592 87
593 87
594 87
589 86
591 86
594 86
588 84
589 84
591 84
593 84
594 84
589 85
593 85
590 91
591 91
593 91
591 90
592 90
588 88
590 88
591 88
593 88
589 89
592 89
588 92
589 92
591 92
593 92
594 92
588 93
591 93
592 93
588 95
590 95
592 95
594 95
588 94
590 79
591 79
594 79
592 78
588 76
589 76
590 76
593 76
590 77
593 77
594 77
588 74
589 74
592 74
594 74
589 75
590 75
593 75
594 75
595 75
588 73
594 73
589 72
592 72
593 72
588 68
591 68
593 68
588 69
590 69
591 69
590 70
591 70
592 70
593 70
595 70
591 71
590 67
591 67
592 67
587 66
592 66
593 66
594 66
588 64
589 64
590 64
591 64
593 64
587 65
588 65
588 57
589 57
590 57
592 57
593 57
590 56
593 56
589 58
588 59
591 59
593 59
587 63
588 63
589 63
590 63
591 63
594 63
590 62
591 62
593 62
588 60
592 60
595 60
588 61
589 61
592 61
593 61
594 61
589 53
591 53
592 53
589 52
590 52
593 52
587 54
588 54
589 54
591 54
589 55
591 55
592 55
593 55
588 48
593 48
588 49
589 49
593 49
589 51
590 51
593 51
594 50
588 38
590 38
591 38
593 38
588 39
590 39
592 39
593 39
587 36
589 36
591 36
594 36
589 37
590 37
591 37
587 34
588 34
590 34
593 34
592 35
593 35
588 33
589 33
587 32
589 32
587 45
588 45
591 45
593 45
587 44
588 44
589 44
590 44
592 44
588 47
589 47
590 47
594 47
587 46
588 46
589 46
592 46
593 46
588 40
591 40
593 40
594 40
588 41
589 41
592 41
593 41
591 42
593 42
587 43
588 43
586 18
590 18
592 18
593 18
591 19
592 19
593 19
587 17
590 17
592 17
588 16
590 16
588 22
589 22
590 22
591 22
592 22
593 22
588 23
589 23
590 23
592 23
593 23
589 21
592 21
589 20
593 20
588 29
590 29
592 29
587 28
589 28
591 28
593 28
587 30
589 30
591 30
593 30
588 31
589 31
593 31
587 26
588 26
590 26
591 26
587 27
588 27
590 27
591 27
592 27
587 25
590 25
592 25
587 24
589 24
590 24
591 24
593 24
594 24
587 2
591 2
592 2
587 3
589 3
590 0
591 0
589 1
591 1
588 5
589 5
590 5
592 5
593 5
593 4
588 6
589 6
591 7
593 7
590 10
591 10
592 10
589 11
593 11
588 8
590 8
588 9
588 13
589 13
591 13
587 12
587 15
588 15
587 14
589 14
591 14
592 14
591 199
592 199
594 199
595 199
596 199
591 198
590 196
594 196
596 196
591 197
595 197
591 195
592 195
594 195
596 195
592 194
594 194
596 194
593 193
594 193
590 204
592 204
594 204
595 204
596 204
591 205
591 206
594 206
592 207
597 207
595 202
596 202
592 203
594 203
595 203
593 200
596 200
591 220
592 220
595 220
591 221
595 221
597 221
590 223
591 223
592 223
594 223
596 223
591 222
595 222
592 216
593 216
596 216
591 217
594 217
595 217
596 217
591 219
592 219
593 219
594 219
595 219
596 219
591 218
593 218
595 218
590 210
591 210
594 210
597 210
592 211
593 211
594 211
595 211
596 211
593 208
595 208
596 208
591 209
596 209
591 212
592 212
592 213
594 213
595 213
591 214
593 214
594 214
595 214
593 215
596 215
593 231
594 231
595 231
596 231
591 230
592 230
595 230
597 230
591 229
594 229
595 229
596 229
593 228
595 228
591 225
593 225
594 225
596 225
593 224
593 227
594 227
596 227
597 227
594 226
595 226
596 226
590 233
591 233
594 233
590 232
594 232
596 232
593 235
594 235
595 235
597 235
592 238
594 238
595 238
597 238
592 239
593 239
595 239
596 239
594 237
596 237
593 236
593 255
594 255
595 255
596 255
597 255
594 254
592 253
593 253
596 253
592 251
593 251
594 251
595 251
596 251
592 248
595 249
596 249
597 249
592 244
593 244
594 244
592 245
593 245
594 245
590 246
592 246
593 246
594 246
595 246
596 246
592 247
595 247
592 241
593 241
594 241
595 241
596 241
591 240
592 240
596 240
594 243
596 243
592 242
595 242
597 242
589 160
590 160
593 160
594 160
595 160
593 161
594 161
595 161
590 163
592 163
593 162
590 167
591 167
592 167
594 167
590 166
591 166
592 166
593 166
595 166
591 165
592 165
594 165
595 165
590 164
591 164
592 164
590 168
591 168
593 168
590 169
594 169
592 170
593 170
595 170
595 171
593 174
594 174
592 175
594 175
593 173
595 173
596 173
592 172
593 172
590 177
592 177
593 177
594 177
595 177
592 176
593 176
592 178
594 178
592 179
596 179
592 183
593 183
592 182
593 182
594 182
590 180
593 180
590 181
592 181
593 181
594 181
592 188
596 188
592 189
593 189
594 189
595 189
596 189
591 190
593 190
594 190
595 190
595 191
590 186
592 186
593 186
594 186
591 187
592 187
595 187
591 185
592 185
591 184
593 184
594 184
596 184
591 158
595 158
592 159
595 159
590 156
591 156
593 156
595 156
590 157
591 157
593 157
590 155
592 155
593 155
594 155
591 154
593 154
594 154
595 154
591 152
592 152
594 152
595 152
591 153
593 153
594 153
595 153
596 153
592 151
593 151
595 151
590 150
591 150
593 150
589 148
590 148
592 148
593 148
594 149
590 147
591 147
593 147
594 147
595 147
590 146
591 146
592 146
594 146
595 146
590 144
591 144
592 144
593 144
589 145
590 145
592 145
593 145
591 143
593 143
590 142
593 142
594 142
595 142
590 140
592 140
593 140
595 140
590 141
591 141
593 141
594 141
592 137
593 137
594 137
595 137
592 136
593 136
594 136
595 136
590 139
592 139
594 139
590 138
594 138
595 138
589 128
590 128
591 128
593 128
594 128
589 129
591 129
592 129
593 129
594 129
590 130
591 130
592 130
594 130
589 131
590 131
593 131
595 131
589 132
590 132
591 132
592 132
594 132
595 132
590 133
591 133
592 133
590 134
591 134
592 134
595 134
589 135
590 135
592 135
595 135
597 311
598 311
595 310
596 308
597 308
594 309
594 307
596 307
595 306
597 306
596 304
595 305
593 314
595 314
597 314
595 315
596 315
594 313
595 313
596 313
593 312
594 316
595 316
595 317
596 318
599 318
597 319
598 319
593 289
595 289
597 289
592 291
596 291
597 291
597 290
593 293
597 293
593 295
595 295
594 294
595 298
597 298
595 296
598 296
593 302
596 302
593 303
597 303
593 301
595 301
595 300
596 300
597 300
592 260
593 261
594 261
595 263
596 262
594 256
595 256
592 258
593 258
594 258
597 259
593 267
594 267
596 267
593 266
595 264
596 264
597 265
593 269
594 269
596 269
593 268
593 270
595 270
596 278
593 276
597 276
594 277
595 277
597 277
595 273
596 273
593 272
596 272
594 274
593 287
594 287
594 286
597 286
593 284
597 285
592 280
596 281
597 282
593 283
597 283
598 283
596 335
595 332
596 332
598 332
599 333
595 330
598 330
595 331
594 328
596 328
597 328
594 325
595 325
593 324
594 327
597 327
598 327
596 326
597 326
593 323
595 323
596 323
596 322
597 320
595 321
599 342
597 343
598 341
596 340
595 336
596 336
596 337
597 337
598 337
594 339
595 339
597 339
593 338
596 338
595 345
596 345
597 345
598 345
595 344
596 344
598 347
595 346
597 350
594 351
596 351
599 351
598 348
594 360
595 361
598 361
599 361
594 364
596 364
597 364
601 364
602 364
594 365
595 365
596 365
597 365
598 365
599 366
597 367
594 354
597 354
594 355
596 355
597 352
598 353
597 358
594 383
596 383
597 383
598 383
599 383
595 382
598 382
593 381
598 381
598 380
594 378
598 378
600 378
596 379
597 379
594 377
596 377
598 376
594 370
599 370
597 369
599 369
596 372
598 372
597 373
595 374
595 375
600 375
599 386
603 386
599 387
600 387
599 384
593 385
596 385
602 390
597 388
598 388
594 389
597 394
600 394
597 395
597 396
598 397
600 397
594 399
595 399
596 399
596 398
599 398
594 404
597 404
599 404
597 405
596 406
597 406
594 407
597 402
601 402
596 403
595 401
596 401
600 401
601 401
597 400
596 410
598 410
600 408
597 414
595 415
598 415
599 415
595 413
598 413
597 421
598 421
596 420
598 423
598 419
599 419
595 431
596 431
597 431
595 429
597 429
598 428
594 425
597 426
594 427
595 427
596 440
597 440
598 440
596 441
594 443
595 443
595 447
596 447
598 446
595 444
596 444
598 444
597 438
599 438
597 439
598 439
595 436
599 436
596 437
594 432
596 432
597 432
598 433
597 435
598 435
589 475
591 475
593 475
590 472
591 472
588 479
590 478
593 465
594 465
595 465
592 464
593 464
592 471
593 470
594 470
592 469
595 448
597 448
598 449
594 450
595 450
595 451
596 453
596 452
597 452
598 455
594 458
597 458
595 459
597 459
594 457
595 457
596 456
593 463
594 460
571 488
582 488
583 488
576 489
581 489
583 489
579 490
582 490
581 495
582 495
583 486
585 486
582 485
584 485
584 484
586 483
588 480
586 481
588 481
589 481
581 502
581 503
579 501
580 501
580 500
579 497
579 505
580 505
582 505
580 504
578 506
579 506
581 506
581 507
577 511
580 511
579 510
580 508
581 508
576 576
581 576
582 576
578 577
582 577
579 578
582 578
578 579
579 579
582 579
579 583
577 582
578 582
579 582
576 581
577 581
578 581
581 581
582 580
577 589
578 589
579 589
578 588
580 588
581 588
577 591
578 591
580 591
581 591
576 590
576 587
577 587
578 587
582 587
578 586
579 586
580 586
578 585
576 584
579 584
581 584
577 601
580 601
581 601
578 600
579 600
577 602
580 602
578 603
582 603
581 604
582 604
577 605
578 605
582 605
576 606
582 606
576 607
580 607
582 607
577 594
578 594
579 594
581 594
582 594
577 595
578 592
579 592
580 592
581 592
582 592
577 593
579 593
577 599
580 599
582 599
579 598
576 596
577 596
579 596
582 596
577 597
579 597
581 597
577 611
580 611
582 611
576 610
579 610
581 610
578 609
579 609
581 609
577 608
578 608
579 608
576 612
578 612
580 612
582 612
576 613
579 613
583 613
580 615
582 615
578 614
579 614
581 614
576 616
578 616
580 616
581 616
582 616
578 617
580 617
581 617
578 619
579 619
580 619
576 618
580 618
576 622
577 622
579 622
581 622
580 623
576 621
577 621
578 621
580 621
578 620
579 620
581 620
578 627
579 627
583 627
577 626
580 626
582 626
577 625
578 625
579 625
581 625
577 624
578 624
579 624
576 631
578 631
582 631
576 630
581 630
582 630
576 629
581 629
578 628
578 638
580 638
581 638
580 639
581 639
577 637
578 637
577 636
578 636
577 635
578 635
579 635
580 635
578 634
579 634
580 634
581 634
582 634
576 633
577 633
580 633
581 633
577 632
576 517
577 517
579 517
580 517
583 517
576 516
577 516
578 516
579 516
580 516
581 516
583 516
585 516
576 519
578 519
579 519
580 519
581 519
582 519
576 518
579 518
581 518
583 518
577 512
580 512
582 512
584 512
578 513
574 515
577 515
578 515
579 515
580 515
581 515
582 515
583 515
578 514
579 514
580 514
577 521
579 521
583 521
576 520
577 520
578 520
579 520
580 520
581 520
578 522
579 522
580 522
582 522
584 522
579 523
576 524
578 524
579 524
583 524
578 525
579 525
577 526
578 526
582 526
583 526
577 527
578 527
578 539
578 538
579 537
580 537
582 537
577 536
579 536
580 536
581 536
583 536
578 542
579 542
580 542
581 542
582 542
578 543
579 543
580 543
577 540
583 540
577 541
580 541
577 534
583 534
578 532
579 532
580 532
577 533
579 533
581 533
582 533
578 529
579 529
580 529
581 529
582 529
584 529
579 528
580 528
581 528
577 530
581 530
574 531
577 531
578 531
579 531
580 531
582 531
584 531
577 566
578 566
579 566
582 566
578 567
577 565
578 565
579 565
580 565
578 564
581 564
577 562
578 562
579 562
580 562
577 563
581 563
576 561
577 561
579 561
580 561
581 561
577 560
578 560
579 560
582 560
576 573
577 573
578 573
579 573
580 573
581 573
582 573
576 572
577 572
579 572
582 572
578 574
579 574
581 574
580 575
581 575
580 569
581 569
582 569
579 568
581 568
582 570
583 570
578 571
579 571
582 571
577 558
578 558
579 558
580 558
576 559
580 559
582 559
577 556
579 556
580 556
581 553
582 553
577 552
578 552
579 552
581 552
582 552
577 555
580 555
577 554
579 554
580 554
578 546
578 547
577 545
579 545
581 545
582 545
584 545
577 544
579 544
580 544
581 544
577 550
578 550
580 550
581 550
578 551
579 551
576 548
578 548
579 548
581 548
582 548
583 548
584 548
579 549
581 549
580 649
581 649
577 648
579 648
580 648
575 651
576 651
578 651
579 651
580 651
581 651
582 650
575 655
576 655
577 655
578 655
579 655
580 655
575 654
576 654
579 654
580 654
581 654
577 653
580 653
581 653
577 652
578 652
581 652
582 652
581 643
578 642
579 642
581 642
577 640
578 640
580 640
576 641
579 641
576 645
579 645
580 645
578 644
582 644
578 647
581 647
577 646
578 646
581 646
576 659
577 659
580 659
581 659
576 658
577 658
578 658
580 657
581 657
578 656
581 656
576 662
581 662
577 663
579 663
582 663
575 661
577 661
578 661
580 661
581 661
582 661
576 660
578 660
579 660
581 660
578 671
580 671
577 670
579 670
581 670
577 669
579 669
576 668
577 668
581 668
578 664
579 664
581 664
579 665
581 665
576 666
580 666
581 666
577 667
579 667
580 667
575 679
577 679
580 679
577 678
578 678
579 678
576 677
577 677
578 677
579 676
576 675
578 675
580 675
576 674
582 674
577 672
581 672
576 673
578 673
580 673
577 683
578 683
579 683
582 683
577 682
578 682
581 682
579 680
580 680
575 681
580 681
578 687
580 687
580 686
577 684
581 684
576 685
577 685
579 685
580 685
575 699
577 699
579 699
580 699
576 698
577 698
580 698
581 698
581 696
578 697
579 697
579 703
577 702
578 702
579 702
581 702
577 700
578 700
579 700
576 701
578 701
576 688
579 688
580 688
581 688
576 689
579 689
581 689
578 691
581 691
580 690
575 695
577 695
579 695
580 695
575 694
576 694
577 694
581 694
578 693
579 693
581 693
576 692
579 692
580 692
581 692
577 719
579 719
581 719
577 718
580 718
578 717
578 716
579 716
576 712
578 712
575 713
578 713
579 713
581 713
577 714
578 714
579 714
580 714
575 715
577 715
578 715
576 705
578 705
580 705
581 705
575 704
581 704
575 706
577 706
578 706
581 706
578 707
575 711
580 711
575 710
578 710
576 709
578 709
580 709
582 709
575 708
589 102
591 102
594 102
591 100
594 100
591 101
590 99
592 99
593 98
590 96
591 96
592 96
589 97
590 97
593 97
591 107
594 107
592 106
593 106
589 105
592 104
593 104
591 111
589 110
590 110
591 110
592 110
591 109
592 109
593 121
590 120
591 120
589 122
593 122
594 122
593 123
594 124
595 124
590 125
593 127
594 127
588 117
593 117
594 117
593 116
594 116
592 119
595 119
594 115
592 114
594 114
596 114
590 113
593 113
594 113
590 112
589 80
593 80
595 80
592 81
593 81
594 81
593 82
590 86
592 86
590 85
591 85
592 85
594 85
591 94
592 94
589 95
593 95
589 93
590 93
594 93
590 92
594 89
592 88
592 91
594 91
588 72
591 72
594 72
589 73
591 73
592 73
593 73
591 74
591 75
588 78
589 78
591 78
593 78
589 79
592 76
592 77
592 71
588 70
589 68
592 68
594 68
595 68
589 69
594 69
590 65
592 65
593 65
594 65
587 64
592 64
588 67
593 67
589 48
590 48
592 48
590 49
591 49
588 51
591 51
592 51
594 51
592 50
588 55
590 55
590 53
587 52
588 52
591 52
589 62
592 62
594 62
593 60
589 56
591 56
587 58
591 58
592 58
594 58
589 59
590 59
592 59
592 37
594 37
588 36
593 36
587 33
593 33
593 32
590 43
591 43
593 43
589 42
590 41
589 40
590 40
592 40
591 47
592 47
593 47
589 45
590 45
591 44
588 24
590 30
587 29
591 29
589 17
589 16
594 16
589 18
591 18
588 20
588 21
591 21
590 3
592 3
593 3
590 2
587 1
590 1
592 1
589 0
589 4
592 7
587 9
589 9
590 9
587 8
589 8
591 8
592 8
588 10
589 10
593 10
590 11
592 11
590 14
588 12
591 12
592 12
594 202
597 202
594 200
591 201
594 201
596 201
593 207
595 207
592 205
594 205
593 197
594 197
593 196
595 196
593 198
595 198
592 192
593 192
594 192
596 193
593 195
595 195
590 212
593 212
596 212
596 213
592 215
594 215
593 210
595 210
594 209
595 209
592 218
591 216
595 216
593 220
594 220
593 221
593 223
597 223
596 222
591 224
594 224
595 224
592 225
591 226
592 228
594 228
592 229
593 229
593 230
592 231
594 239
593 238
596 238
596 236
592 237
593 237
592 232
593 232
595 232
597 232
593 234
595 234
593 248
594 248
592 249
594 249
595 250
596 250
592 252
596 252
594 253
595 253
592 255
596 254
595 245
596 245
594 247
596 247
591 246
593 242
594 242
593 243
597 243
593 240
595 240
590 176
591 176
594 176
590 178
591 178
590 179
591 179
591 181
591 180
592 180
590 183
591 183
594 183
597 184
593 185
595 185
593 187
596 187
591 186
595 186
593 188
594 188
591 191
593 191
594 191
594 168
592 169
593 169
595 169
591 171
594 171
590 174
592 174
595 174
590 175
591 175
596 175
594 173
594 172
590 165
593 165
596 165
594 164
595 164
593 167
595 167
595 163
590 162
594 162
590 161
591 161
592 161
591 160
592 160
592 150
594 150
591 151
590 149
591 149
593 149
595 149
594 144
589 146
590 154
592 154
591 155
595 155
590 159
594 159
590 158
593 158
592 157
594 157
595 157
590 136
591 137
594 143
591 142
592 141
589 134
594 134
589 133
595 133
590 129
592 128
591 131
594 315
597 315
594 314
597 313
594 312
595 312
597 312
593 319
594 319
595 319
596 319
595 318
597 317
596 316
593 305
598 305
593 304
595 307
597 307
594 306
594 310
595 309
596 309
595 292
596 292
593 294
596 294
598 294
594 295
597 295
593 288
594 288
595 288
596 288
597 288
594 289
596 289
598 291
595 290
596 290
596 301
597 301
594 303
594 302
595 302
597 302
594 296
596 296
595 297
597 297
594 299
597 299
596 298
594 263
595 262
595 261
595 260
596 260
593 259
595 259
593 257
595 257
596 256
593 271
596 271
594 270
592 268
594 268
595 268
596 268
592 269
594 265
596 265
593 264
592 266
592 267
595 267
597 267
592 275
593 275
595 275
596 275
597 275
593 274
594 272
595 272
597 272
593 273
594 273
593 279
594 279
596 279
593 278
594 278
592 277
593 277
596 283
593 282
594 282
596 282
598 282
593 280
594 280
595 280
596 280
597 280
595 281
597 281
593 285
594 285
592 284
597 284
592 287
595 287
593 286
595 286
595 328
598 328
595 329
597 329
597 335
595 334
596 334
597 334
594 333
596 333
597 333
594 332
594 321
598 321
595 320
593 322
594 322
597 322
598 322
597 323
598 323
595 326
598 326
595 327
596 324
597 324
597 325
594 337
597 336
598 336
596 339
595 338
597 338
598 338
597 342
598 342
595 343
597 340
594 346
596 346
597 346
595 347
596 347
598 344
594 350
596 350
598 350
598 351
595 349
596 349
598 349
597 348
598 362
599 362
598 363
599 363
595 360
596 360
596 361
597 361
598 366
590 367
596 367
598 367
599 364
597 359
594 358
595 358
598 358
595 356
596 357
596 352
598 352
595 353
597 353
595 355
595 354
598 354
597 372
599 372
600 372
594 373
599 373
596 374
598 374
599 374
594 369
600 369
595 368
596 368
597 368
599 368
600 368
595 370
596 370
597 370
600 370
597 371
599 371
594 376
595 376
597 376
595 377
599 377
600 377
594 379
595 379
597 378
594 382
596 382
597 382
600 382
601 383
595 381
597 381
597 380
594 395
600 395
602 395
595 394
596 394
599 394
601 394
597 393
598 393
599 393
600 393
597 392
599 392
601 392
594 397
601 397
596 396
598 396
599 396
600 396
601 396
593 399
598 399
599 399
597 398
598 398
596 388
600 388
600 389
596 391
598 391
601 391
605 391
597 390
599 390
593 384
594 384
598 384
600 384
595 385
599 385
594 386
596 386
598 386
600 386
595 387
602 387
598 403
599 403
596 402
599 402
600 402
594 401
598 401
599 401
593 400
595 400
596 400
595 407
598 407
600 407
595 405
596 405
598 405
599 405
598 409
599 408
