598 428
598 431
596 439
597 439
595 438
596 437
597 437
596 436
596 435
598 434
597 433
595 442
596 442
596 443
597 440
594 445
597 445
594 446
595 446
596 446
598 449
594 448
598 448
595 451
595 452
596 452
597 453
597 454
596 462
594 463
594 461
594 456
594 457
590 476
591 476
591 477
588 478
590 478
593 472
592 473
590 474
591 474
593 470
593 468
594 468
594 469
594 464
595 466
595 467
582 487
585 484
585 485
588 482
587 483
587 480
578 489
583 489
580 488
581 488
580 491
580 494
578 493
579 493
579 492
579 510
582 510
577 511
578 511
581 511
582 511
576 509
580 509
578 508
579 508
578 505
581 505
578 504
580 504
579 507
578 501
581 501
581 500
582 500
578 502
577 603
579 603
581 603
581 602
578 600
579 604
580 605
577 607
579 607
581 607
579 606
577 598
579 598
582 598
577 593
578 593
579 593
579 594
579 595
577 588
582 589
578 584
581 584
577 582
579 582
580 582
581 582
583 582
577 583
577 580
577 576
580 576
581 577
577 579
580 579
581 578
580 618
581 618
582 618
579 617
578 622
579 622
580 622
578 623
581 623
581 621
577 612
580 612
578 613
581 613
577 615
578 615
579 615
578 608
577 609
577 611
581 611
578 610
578 639
579 639
581 639
581 637
579 636
578 633
579 633
580 632
580 629
580 628
581 631
577 630
579 630
580 630
577 626
579 626
580 626
581 626
580 624
580 625
578 540
581 540
578 542
580 543
582 543
578 536
579 536
578 537
581 537
578 533
580 532
581 534
580 513
583 513
578 514
578 517
580 517
581 516
576 519
578 518
579 524
582 525
579 526
581 526
581 522
579 520
580 520
578 521
581 521
578 546
580 546
581 546
582 546
582 544
577 551
581 550
578 549
582 549
577 553
578 553
581 553
579 552
581 552
580 555
579 558
580 556
580 569
581 569
578 571
580 564
578 563
580 563
577 701
578 701
580 700
578 702
575 703
575 698
577 696
576 693
579 693
577 694
581 689
579 686
579 682
577 676
581 676
581 677
577 672
578 672
577 674
575 675
577 666
581 666
577 664
576 670
577 670
576 668
579 669
577 660
577 661
576 663
580 656
577 657
577 645
580 645
580 644
576 641
577 641
578 641
580 641
580 640
577 643
581 655
579 653
576 649
578 649
576 648
577 650
577 708
578 708
579 708
578 710
578 704
579 707
576 718
579 718
574 719
576 717
579 717
577 714
579 714
577 712
580 713
593 105
589 96
594 96
591 97
589 103
591 103
591 114
593 112
593 113
591 119
591 127
592 120
592 88
789 88
591 85
594 86
591 76
593 67
591 70
590 71
591 34
588 37
591 37
588 38
593 47
593 54
594 54
591 55
591 50
591 62
592 63
586 56
591 11
591 9
588 6
590 6
587 7
587 5
587 3
588 3
591 0
592 31
590 29
591 29
590 28
590 27
588 24
594 23
590 21
591 21
591 20
592 201
592 202
593 206
591 207
594 204
595 204
593 205
593 194
596 194
595 211
592 210
595 213
594 215
595 222
593 223
595 220
595 218
595 231
594 230
593 229
595 229
595 228
593 225
593 232
595 232
594 234
593 239
593 236
594 236
594 243
592 242
594 247
596 251
591 171
593 168
594 173
592 175
591 160
592 162
593 162
592 166
590 164
595 180
594 181
591 183
592 183
592 182
595 179
592 177
590 176
593 187
594 187
593 186
591 184
592 184
593 184
595 188
591 191
592 191
595 191
591 190
591 150
590 148
590 146
589 147
592 145
594 145
594 158
595 158
590 159
593 159
592 156
594 155
590 138
594 137
594 142
590 128
595 128
589 129
594 129
593 131
593 130
591 135
590 134
591 132
592 132
596 319
595 316
594 313
596 313
597 315
593 314
597 314
593 310
596 310
593 308
594 305
596 304
594 307
596 295
595 294
596 294
597 294
594 293
595 293
596 290
598 290
593 288
596 288
595 289
594 297
596 297
593 296
595 296
593 298
596 299
595 303
593 302
596 302
594 300
597 300
593 301
594 301
592 256
593 256
593 258
595 258
594 259
593 262
594 262
595 262
593 263
595 263
592 260
595 265
596 265
594 266
595 266
596 266
592 267
593 267
593 269
596 269
597 269
597 270
593 271
595 271
593 278
595 278
594 279
595 279
596 279
591 276
596 276
594 275
597 275
595 274
598 274
596 273
594 281
595 281
593 280
595 280
595 283
596 285
597 284
593 287
595 287
596 287
596 320
597 320
595 322
599 322
594 323
593 324
594 324
595 324
594 327
594 326
594 331
597 331
594 330
597 330
595 329
596 329
595 328
595 335
596 335
598 335
598 334
596 333
598 333
597 332
596 346
598 346
595 347
596 347
597 347
598 347
596 344
597 344
598 344
597 345
598 345
595 351
597 351
597 350
596 348
595 343
598 343
597 342
598 342
595 340
598 340
597 341
597 339
598 339
594 337
595 337
594 336
596 358
594 359
595 359
596 359
596 356
597 356
596 354
597 354
598 354
595 355
597 355
599 352
595 367
600 367
594 366
599 366
594 364
598 364
595 365
594 360
596 360
594 361
594 362
595 362
599 362
591 363
595 378
599 378
600 378
597 379
599 379
600 379
595 377
592 376
593 376
601 376
594 383
595 383
598 383
593 380
599 380
598 381
599 381
594 374
598 374
598 375
602 375
596 373
597 373
594 372
598 372
594 371
595 371
597 371
598 371
600 371
598 370
594 368
595 368
598 368
596 369
597 369
598 369
595 393
596 393
597 393
595 392
596 392
598 392
602 392
605 392
597 395
598 395
600 395
601 395
598 394
600 394
597 396
598 396
605 396
592 397
594 397
597 397
599 397
593 399
597 399
594 398
595 398
601 398
595 389
596 389
599 389
596 388
602 388
592 390
594 390
595 390
596 390
600 390
599 391
600 391
594 385
597 385
596 384
597 384
595 386
596 387
599 387
595 413
598 413
599 413
595 412
597 415
597 414
597 411
598 411
599 411
594 410
597 410
598 410
596 409
597 409
599 409
600 409
595 408
596 408
598 408
596 400
600 400
595 402
597 402
595 403
597 403
600 403
595 404
598 404
601 404
595 405
599 405
596 407
600 406
595 432
597 432
598 432
596 433
594 434
595 434
598 435
594 438
596 438
598 438
594 439
595 439
598 439
598 437
597 436
595 443
597 443
594 442
598 442
594 440
595 440
599 440
595 441
594 444
595 444
598 445
597 446
598 446
595 447
596 447
595 428
596 428
595 429
598 429
594 431
595 431
596 430
598 430
595 424
596 424
597 425
594 426
596 426
597 427
598 418
597 419
596 417
598 417
596 416
597 416
595 422
596 422
598 422
595 423
597 423
596 421
598 421
595 420
597 420
595 449
596 449
597 449
595 448
597 448
595 450
596 450
597 450
599 450
596 451
595 454
596 454
594 455
595 455
595 453
596 453
597 452
592 462
593 462
594 462
595 462
595 463
596 463
593 461
596 461
595 460
595 458
597 458
596 459
595 456
595 457
596 457
593 469
592 468
592 470
594 466
593 467
593 465
596 465
596 464
589 476
590 477
591 473
589 475
590 475
591 475
592 475
593 475
579 495
580 495
581 495
579 494
581 494
871 494
580 493
581 493
580 492
581 492
576 488
582 488
584 488
581 489
582 489
579 490
580 490
585 483
586 483
586 482
587 482
587 481
589 481
586 484
587 484
586 485
583 487
584 487
582 486
578 499
579 499
581 499
579 498
578 497
581 497
577 496
578 496
579 496
579 500
582 501
579 502
581 502
578 503
579 503
577 510
580 510
581 510
583 510
579 511
580 511
578 509
579 509
581 509
581 508
582 508
581 504
582 504
579 505
580 505
577 507
578 507
580 507
582 507
577 506
580 506
581 506
582 506
577 581
580 581
582 581
578 580
581 580
578 583
582 583
580 577
582 577
578 576
581 576
579 579
581 579
580 578
576 587
578 587
579 587
581 587
582 587
579 586
577 585
578 585
581 585
576 584
577 584
579 589
581 589
577 591
578 591
580 591
578 590
581 590
582 590
580 600
581 600
578 601
580 603
576 605
577 605
579 605
581 605
578 604
581 604
582 604
580 606
581 606
580 607
578 599
579 599
580 599
581 599
579 597
580 597
582 597
579 596
582 596
581 593
582 593
579 592
580 592
581 592
577 594
580 594
581 594
582 594
578 595
582 595
576 614
577 614
580 614
576 615
580 615
581 615
582 615
577 613
578 612
579 612
582 612
577 608
581 608
582 608
579 609
581 609
582 609
579 611
580 611
582 611
579 610
581 610
577 619
579 619
577 616
578 616
579 616
578 617
580 617
470 623
582 623
577 622
581 622
582 622
577 620
580 620
582 620
576 621
577 621
579 621
580 621
576 631
577 631
578 631
579 631
580 631
576 629
582 629
578 628
581 628
579 627
580 627
581 627
583 627
576 625
577 625
578 625
581 625
577 624
578 624
577 635
579 635
580 635
581 635
577 634
581 634
578 632
582 632
580 633
577 639
580 639
576 638
578 638
577 637
579 637
580 637
578 636
577 519
578 519
579 519
581 519
582 519
579 518
580 518
581 518
582 518
583 518
851 518
576 516
579 516
576 517
577 517
579 517
581 517
582 517
583 517
577 515
578 515
579 515
580 515
581 515
582 515
579 514
581 514
577 513
582 513
575 512
577 512
580 512
581 512
582 512
584 512
577 523
578 523
582 523
579 522
579 521
582 521
576 520
577 527
579 527
582 527
583 527
578 526
580 526
582 526
583 526
580 524
581 524
577 525
578 525
579 525
576 539
578 539
580 539
581 539
582 539
578 538
581 538
577 536
580 536
582 536
582 537
578 543
579 543
581 543
579 542
580 542
581 542
579 541
580 541
582 541
579 533
581 533
576 532
579 535
581 535
582 535
579 534
578 529
579 529
581 529
577 528
581 528
577 530
578 530
581 530
582 530
582 531
579 574
582 574
578 575
576 573
577 573
579 573
581 573
582 572
578 568
580 568
577 569
579 569
582 569
579 570
580 570
581 570
582 570
581 571
576 564
581 564
582 564
578 565
579 565
582 565
577 567
579 567
580 567
577 566
581 566
578 560
579 560
581 560
577 561
579 561
581 561
582 561
579 563
579 562
577 557
580 557
581 557
575 556
582 556
583 556
580 558
581 558
582 558
583 558
578 559
579 559
580 552
580 553
579 555
581 555
582 555
583 555
577 554
578 554
582 554
577 549
579 549
580 549
581 549
580 548
578 551
580 551
581 551
577 550
578 550
579 550
582 550
583 550
576 545
577 545
578 545
579 545
580 545
583 545
578 544
580 544
581 544
577 547
579 547
576 650
579 650
580 650
576 651
577 651
579 651
580 649
581 649
583 649
577 655
580 655
577 654
578 654
581 654
576 652
578 652
579 652
581 652
582 652
579 643
576 642
581 641
578 640
576 646
577 646
579 646
580 646
576 647
578 647
579 647
582 644
581 645
576 662
581 662
580 663
581 663
575 661
576 661
580 661
581 661
578 660
581 660
575 658
576 658
576 659
577 659
579 659
580 659
581 659
578 657
579 657
580 657
576 656
577 656
578 656
579 656
578 664
580 664
581 664
576 665
577 665
579 665
576 667
580 667
579 666
577 671
578 671
579 671
580 671
575 670
581 670
577 669
578 669
577 668
578 683
581 683
578 682
575 681
577 681
579 681
580 681
581 681
577 680
578 680
579 680
580 680
576 685
579 685
580 685
578 684
580 684
581 684
576 686
579 687
580 687
576 675
577 675
580 675
576 674
575 673
576 673
577 673
581 673
581 672
578 676
579 676
575 677
576 677
577 679
578 679
580 679
581 678
579 691
576 690
577 690
578 690
580 690
576 688
579 688
579 689
576 695
580 695
580 694
582 694
576 692
577 692
578 692
580 692
578 697
578 696
576 698
577 698
578 698
580 698
576 699
577 699
580 699
581 699
576 703
578 703
579 703
580 703
581 703
575 702
580 702
583 700
581 701
575 716
577 716
578 716
579 716
580 716
575 717
577 717
578 717
575 719
578 719
577 718
574 715
578 714
575 712
577 713
576 711
577 711
578 711
579 710
580 710
575 709
576 709
576 708
575 707
576 707
577 706
575 705
582 705
575 704
577 704
589 81
592 81
593 81
593 80
594 80
588 83
590 83
591 83
593 83
588 82
590 82
593 82
590 84
590 85
592 85
587 87
589 87
590 87
593 87
589 86
591 86
592 86
590 94
592 94
590 95
593 95
594 95
591 93
590 91
589 90
594 90
589 88
590 88
591 88
500 89
589 89
592 89
589 77
593 77
594 77
590 76
593 76
589 79
590 79
592 79
594 79
588 78
588 73
594 73
589 72
591 75
593 75
589 74
592 74
594 74
588 68
591 68
592 68
594 68
590 69
592 69
593 71
592 70
590 64
592 64
594 64
588 65
589 65
591 65
592 67
591 101
589 100
594 100
590 102
593 102
592 103
593 103
592 97
593 97
590 96
592 96
592 99
590 98
592 98
593 98
590 110
591 110
592 110
591 111
594 111
589 109
593 109
593 108
594 108
589 107
593 106
592 104
589 120
590 120
593 120
592 121
594 121
588 123
589 122
591 125
594 125
591 124
593 124
591 126
590 127
589 117
590 117
591 117
592 117
594 117
589 118
592 119
593 119
589 112
595 112
591 113
592 113
591 115
593 115
590 114
592 114
590 35
591 35
588 34
587 33
588 33
589 36
590 36
589 37
590 38
593 39
589 44
591 44
592 44
590 45
591 45
588 46
589 46
592 46
589 47
588 40
591 40
590 41
592 41
587 43
588 43
588 42
590 49
591 49
592 49
588 48
592 48
593 48
592 50
593 50
589 51
590 51
593 51
590 52
591 52
592 52
592 53
587 54
588 54
592 54
592 55
589 61
590 61
594 61
590 62
592 62
593 62
588 63
590 63
588 58
591 58
594 58
589 59
591 59
594 59
591 57
592 57
593 57
588 56
590 56
591 56
589 4
592 4
588 5
589 5
590 5
591 7
592 7
587 6
589 6
590 2
591 2
589 3
590 3
591 1
590 0
590 8
592 8
587 9
588 9
590 11
589 10
588 13
591 12
592 12
589 25
592 25
587 24
590 24
593 24
588 27
589 27
592 27
588 26
590 26
591 26
589 31
591 31
588 29
592 29
587 19
591 19
592 19
588 18
591 18
587 17
588 17
590 17
591 17
592 17
503 16
588 16
589 16
591 16
592 16
592 21
592 22
593 22
589 23
590 23
593 23
592 213
594 213
593 210
595 210
596 210
592 211
594 211
591 209
593 209
592 208
596 208
592 221
594 221
594 220
594 223
592 222
594 216
595 216
595 217
596 217
591 219
595 219
596 219
592 218
593 207
591 206
591 203
593 202
595 202
593 200
594 200
595 200
595 201
594 195
595 195
594 194
592 192
593 192
594 192
592 196
592 199
595 199
596 199
592 198
593 198
592 227
594 227
596 227
592 224
593 224
592 225
596 231
593 230
592 229
594 228
592 239
595 236
594 233
595 233
596 232
593 234
593 245
594 245
595 244
595 247
592 246
592 241
593 241
592 240
593 240
592 243
596 243
593 242
594 242
594 252
596 252
592 250
595 248
591 188
594 188
591 189
593 189
594 186
591 187
592 187
591 185
592 185
593 185
591 176
593 183
591 181
590 180
594 180
592 174
595 174
593 175
593 173
595 173
591 172
592 171
593 171
592 170
590 169
592 169
594 169
595 168
591 161
592 161
594 161
590 163
594 163
592 165
595 165
593 166
155 157
591 157
594 157
595 157
593 156
593 158
592 159
594 152
594 153
591 154
592 154
593 154
595 155
592 149
594 149
592 148
592 151
594 151
593 150
594 150
591 144
589 145
590 145
591 145
594 147
589 146
592 146
593 133
595 133
591 134
592 134
594 134
590 135
592 135
593 135
590 129
591 129
592 129
593 129
592 128
590 130
592 130
592 143
593 143
592 141
594 141
594 140
591 139
591 138
594 138
592 136
595 136
594 315
596 315
595 313
597 313
598 313
594 312
595 312
597 312
594 317
595 317
595 318
595 319
595 305
594 306
595 306
597 306
595 310
597 311
597 308
167 309
593 294
594 294
593 295
594 295
593 293
595 292
596 292
597 289
597 288
596 291
597 291
597 290
595 300
596 300
598 300
595 301
595 298
598 298
593 299
596 296
595 297
598 297
595 264
596 264
597 264
592 265
594 267
595 267
592 268
593 268
596 268
594 269
596 271
597 271
595 270
594 258
596 258
593 259
596 256
593 257
594 257
596 262
595 261
594 277
597 277
593 276
593 279
593 273
595 273
593 272
597 272
592 275
595 275
593 274
593 284
595 285
597 285
594 286
594 287
594 280
596 281
597 281
598 281
597 283
593 322
596 322
597 322
595 323
597 323
598 320
593 321
598 321
555 326
595 326
597 326
596 327
593 325
597 324
596 332
598 332
597 335
593 334
594 329
597 329
598 329
594 328
596 328
597 328
595 330
594 350
599 350
594 351
596 351
599 351
595 348
595 344
595 345
594 346
597 346
595 336
596 336
597 336
595 338
596 338
597 338
593 339
595 339
596 339
596 343
597 343
596 342
596 340
594 365
596 365
597 365
596 364
599 364
602 364
600 366
596 367
600 362
599 363
598 361
598 353
593 352
596 352
594 354
595 358
597 358
597 359
596 357
595 356
598 356
595 382
596 382
598 382
600 382
602 383
597 380
598 380
594 381
601 381
597 376
598 376
596 377
598 377
594 378
597 378
598 378
602 378
594 379
593 370
600 370
590 374
591 374
596 374
600 374
593 375
600 375
595 373
599 373
596 372
595 394
597 394
599 394
596 395
593 393
599 393
599 392
594 399
595 399
596 399
598 399
599 399
600 399
596 398
599 396
601 396
600 397
593 387
594 387
595 387
600 387
602 387
597 386
598 386
599 386
601 386
593 385
591 384
593 384
595 384
598 388
599 388
598 389
602 389
598 390
593 391
601 391
361 401
594 401
596 401
598 401
595 400
597 400
601 400
602 400
592 403
598 403
599 403
593 406
596 406
598 406
595 407
597 404
599 404
596 405
595 415
598 415
599 415
596 414
596 412
598 409
600 411
596 410
599 410
597 444
598 444
595 445
597 445
597 447
598 447
593 443
594 443
598 443
595 442
599 442
596 440
597 440
598 441
596 435
597 435
594 432
599 432
597 433
598 433
658 433
599 436
596 437
597 437
597 438
597 439
595 430
597 430
596 429
597 429
598 428
594 425
596 425
594 424
597 426
591 418
597 418
599 418
596 419
598 419
597 417
599 417
594 422
597 422
594 421
597 421
596 420
598 420
594 458
595 459
597 459
594 457
597 457
593 456
596 456
594 460
596 460
597 461
596 462
598 455
597 453
597 451
593 448
594 448
596 448
599 448
598 449
591 472
592 472
592 474
588 479
589 479
589 478
591 477
590 476
592 476
592 471
593 471
591 470
593 470
594 470
594 465
594 464
595 464
593 466
595 466
582 490
579 491
581 488
583 488
578 489
583 489
578 493
578 492
584 485
584 484
577 487
582 487
586 481
588 480
588 482
587 483
581 496
582 496
579 497
582 497
578 501
579 501
580 501
581 503
577 502
578 502
578 510
579 510
582 510
577 511
582 511
583 511
580 508
1136 505
578 506
579 506
576 507
577 586
580 586
581 586
580 587
578 588
579 588
580 588
582 588
580 589
581 591
577 590
579 590
580 590
577 580
580 580
578 581
581 581
577 583
579 583
577 582
578 582
579 582
580 582
577 578
578 578
579 578
582 578
577 576
579 576
580 576
579 577
577 600
579 600
577 601
580 601
577 602
578 602
580 602
581 602
577 603
578 603
581 603
582 603
577 606
578 607
579 607
581 607
582 607
578 605
580 605
577 604
580 604
577 597
578 597
576 596
578 596
581 596
579 598
581 598
582 598
579 593
582 592
578 594
576 610
577 610
580 610
582 610
577 611
578 608
579 608
578 609
579 613
580 613
581 613
580 612
581 612
579 614
577 615
579 615
578 620
579 620
578 621
581 621
577 623
578 623
579 623
581 623
576 622
578 622
577 618
578 618
579 618
580 618
576 619
578 619
581 617
582 617
581 616
582 616
577 638
579 638
580 638
581 638
581 639
578 637
579 636
581 636
578 634
579 634
576 633
579 633
581 633
581 632
576 628
579 628
583 628
579 629
580 629
576 630
577 630
578 630
580 630
581 630
582 630
579 624
581 624
575 625
577 626
580 626
581 626
582 626
578 627
577 516
580 516
583 516
578 517
580 517
580 519
583 519
577 518
583 515
578 514
580 514
716 514
578 512
579 512
580 513
583 513
578 522
580 522
581 522
583 522
579 523
580 523
577 520
579 520
581 520
582 520
578 524
582 524
580 525
581 526
579 531
580 531
581 531
579 530
580 530
578 528
579 528
580 528
582 528
580 529
582 529
580 535
577 534
581 534
577 533
578 533
580 533
582 533
577 532
578 532
581 532
578 536
581 536
578 537
579 537
580 537
581 537
577 539
1016 539
577 538
580 538
582 538
579 540
580 540
581 540
577 541
580 543
582 543
577 568
579 568
581 568
582 568
578 569
583 569
580 571
578 574
580 574
581 574
583 574
577 575
579 575
580 575
576 572
577 572
578 572
579 572
580 572
578 573
580 573
582 573
577 560
582 560
580 561
580 563
581 563
582 563
578 562
580 562
581 562
582 562
579 566
580 566
582 566
581 567
577 564
578 564
579 564
577 565
580 565
576 554
579 554
580 554
581 554
577 555
577 552
578 552
582 552
577 553
578 553
582 553
577 556
578 556
578 557
577 559
578 558
579 558
577 551
579 551
580 550
578 548
579 548
581 548
578 549
582 549
578 547
583 547
579 546
580 546
582 546
582 545
582 544
583 544
577 658
578 658
579 658
580 658
581 658
578 659
577 657
581 657
577 663
579 663
579 662
580 662
582 662
579 660
580 660
582 660
577 661
578 661
578 670
579 670
580 670
576 668
578 668
580 668
581 668
576 664
579 664
576 666
580 666
581 666
204 667
578 667
579 667
577 648
578 648
579 648
580 648
581 648
578 649
579 649
578 650
581 650
580 651
582 651
577 653
580 653
581 653
575 652
577 652
575 655
576 655
579 655
581 655
576 654
579 654
580 654
575 646
578 646
581 646
577 645
578 645
579 645
580 645
578 644
579 644
580 644
581 644
577 640
579 640
581 640
577 642
578 642
579 642
580 642
576 702
577 702
578 702
579 702
581 702
575 701
576 701
578 701
580 701
577 700
578 700
579 700
577 697
579 697
579 696
580 696
579 698
578 699
318 692
579 692
581 692
582 692
576 693
578 693
579 693
580 693
576 694
578 694
578 691
580 691
579 690
581 690
575 689
577 689
580 689
581 689
577 688
580 688
581 688
575 675
578 675
579 675
578 674
579 674
580 674
578 673
579 673
580 673
579 672
580 672
576 679
575 678
577 678
578 678
579 678
577 677
579 677
580 677
581 677
576 676
577 676
580 676
578 685
581 685
577 684
579 684
577 687
578 687
578 686
579 686
576 680
581 680
577 683
577 682
580 682
581 682
582 682
576 718
578 718
580 718
576 719
577 719
579 719
580 719
576 716
579 717
575 713
579 713
580 713
576 712
579 712
580 712
581 712
576 714
577 714
579 714
580 714
578 715
579 715
580 715
578 705
478 704
576 704
580 704
575 706
576 706
578 706
580 706
577 707
578 707
579 707
580 707
581 707
577 709
578 709
582 709
577 708
578 708
580 708
575 710
576 710
577 710
578 710
579 711
580 711
591 122
592 122
593 122
594 122
590 123
592 123
593 123
594 123
793 123
591 120
594 120
589 121
590 121
593 121
587 126
593 126
594 126
947 126
591 127
592 127
593 127
594 127
590 124
592 125
595 125
590 112
591 112
592 112
590 113
593 113
589 115
590 115
592 115
594 114
588 117
593 117
593 116
594 116
590 118
591 118
592 118
593 118
590 119
594 119
591 107
594 107
590 106
591 106
592 106
594 106
593 105
594 105
589 104
590 104
591 104
593 104
590 108
591 108
592 108
592 109
589 111
592 111
595 111
593 110
594 110
588 100
590 100
591 100
593 100
589 101
590 101
592 101
593 101
589 102
592 102
591 103
594 103
591 96
593 96
588 97
591 97
595 97
763 97
594 98
589 99
591 99
593 99
589 73
592 73
593 73
590 72
593 72
588 74
590 74
591 74
593 74
589 75
592 75
592 76
590 77
591 77
592 77
590 78
591 78
593 78
591 79
593 79
587 66
588 66
589 66
590 66
592 66
589 67
593 67
586 65
590 65
593 65
591 64
589 68
590 68
593 68
595 68
589 69
593 69
588 71
590 71
592 71
589 70
590 70
591 70
588 80
589 80
592 80
595 80
590 81
591 81
589 82
591 82
592 82
589 83
589 84
592 84
589 85
591 85
593 85
591 87
594 87
590 86
593 86
594 86
590 92
591 92
592 92
593 92
589 93
590 93
592 93
593 93
588 95
589 95
591 95
593 94
590 90
591 90
592 90
593 90
589 91
595 91
593 88
591 89
593 89
593 55
590 54
591 54
589 53
590 53
587 52
588 52
589 52
589 49
589 48
590 48
591 48
591 51
592 51
594 51
587 50
588 50
589 50
588 61
591 61
593 61
588 60
589 60
590 60
591 60
592 60
589 63
593 63
589 62
590 58
592 58
593 58
590 59
587 56
589 56
592 56
529 57
588 41
589 41
591 41
589 40
590 40
590 43
591 43
593 43
589 42
590 42
591 42
592 42
588 44
590 44
589 45
593 45
587 46
590 46
591 46
593 47
588 32
589 32
590 32
591 32
592 32
590 33
1062 33
589 34
590 34
592 34
589 35
589 39
591 39
592 39
594 39
587 38
589 38
591 38
592 38
588 36
591 36
592 36
588 37
592 37
587 4
588 4
590 4
591 4
591 6
592 6
587 7
588 7
589 7
587 2
588 2
589 2
592 2
592 3
589 0
590 1
588 14
590 14
591 14
592 14
587 15
589 15
590 15
591 15
588 12
589 12
590 12
587 13
590 13
587 8
588 8
589 8
591 8
589 9
590 9
591 9
592 9
587 10
588 10
590 10
592 10
588 11
589 11
591 11
592 11
588 25
590 25
591 25
941 25
591 24
592 24
589 26
590 30
591 30
592 30
590 31
588 28
589 28
591 28
592 28
989 28
587 29
591 29
589 18
590 18
592 18
588 19
589 19
590 19
590 16
587 21
588 21
590 21
591 21
588 20
589 20
591 20
592 20
588 22
589 22
590 22
588 23
591 23
591 208
593 208
594 208
595 208
595 209
788 209
593 211
592 210
594 210
591 212
594 212
595 212
596 212
593 213
594 215
595 215
596 215
592 214
594 214
595 214
593 217
594 217
592 216
592 219
593 219
594 218
839 218
593 222
594 222
596 222
596 223
593 221
593 220
595 220
592 203
593 203
594 202
590 201
591 201
594 201
592 200
592 206
594 206
595 206
592 204
593 204
594 205
591 197
594 197
595 197
591 196
594 196
591 198
594 199
595 192
595 193
593 195
591 194
594 234
595 234
596 234
592 235
593 235
775 235
590 232
594 232
597 232
591 233
592 238
593 238
594 238
595 238
596 238
594 239
595 239
592 236
596 236
596 237
592 226
593 226
596 226
595 227
597 227
591 224
594 224
595 224
596 224
852 224
595 225
592 228
593 228
596 228
535 229
594 229
592 230
595 230
596 230
767 230
592 244
593 244
594 244
596 244
595 245
592 247
594 247
593 246
596 242
593 243
595 243
595 241
596 241
594 240
595 240
593 254
594 254
595 254
596 254
592 255
594 255
596 255
593 253
595 253
593 248
594 248
593 249
594 249
596 249
594 250
595 250
596 250
594 251
592 160
593 160
590 161
591 163
592 163
593 163
590 162
591 162
594 166
591 167
593 165
594 165
591 164
593 164
594 164
591 174
593 174
594 174
596 174
594 175
595 175
593 172
594 172
595 172
590 173
592 173
593 169
1158 169
591 168
592 168
594 168
591 170
594 170
595 170
591 171
595 171
591 177
593 177
594 177
595 177
590 176
594 176
595 176
591 178
594 178
591 179
592 179
594 179
594 182
595 182
592 181
593 181
595 181
591 180
592 180
593 180
595 180
591 186
592 186
595 186
591 184
595 184
594 185
592 191
593 191
594 191
593 190
594 190
593 188
595 188
594 189
595 189
592 155
590 154
592 152
593 152
595 152
592 153
590 156
591 156
594 156
592 157
593 157
590 158
591 158
592 158
594 159
591 151
590 150
592 150
591 149
589 148
591 148
593 146
594 146
593 147
593 145
592 144
593 144
594 144
590 140
591 140
592 140
593 140
591 141
593 141
590 142
591 142
592 142
593 142
643 142
591 143
594 143
589 136
591 136
593 136
594 136
593 137
593 138
590 139
594 139
588 130
591 130
593 130
594 130
591 131
594 131
591 128
594 128
589 133
591 133
592 133
594 133
590 132
593 132
589 134
593 134
589 135
591 135
594 311
595 311
593 310
594 310
597 310
595 309
596 309
594 308
595 308
596 308
593 307
595 307
596 307
597 307
596 306
593 304
595 304
597 304
596 305
597 305
594 316
596 316
597 316
316 317
597 317
594 318
596 318
597 318
596 312
594 313
594 314
595 314
596 314
595 315
594 289
596 289
595 288
596 288
592 291
595 291
594 290
595 290
593 292
594 292
594 293
595 295
597 295
593 303
594 303
596 303
597 303
594 302
595 302
596 301
592 300
594 298
596 298
597 298
594 299
597 299
594 296
597 296
598 296
593 297
596 297
593 270
594 270
596 270
592 271
594 271
594 268
597 269
597 266
592 267
596 267
594 265
593 264
592 259
596 259
447 257
595 256
497 260
594 260
592 263
595 263
596 263
594 276
595 276
597 276
593 277
595 277
594 278
596 278
592 279
594 279
594 273
594 272
595 272
596 272
593 275
596 275
594 274
596 274
595 284
596 284
597 284
593 286
595 286
596 286
595 287
593 282
595 282
596 282
597 282
596 283
598 283
592 280
596 280
595 281
598 348
596 349
595 350
596 350
598 350
598 351
596 347
598 347
599 347
593 346
596 345
598 345
594 344
598 338
597 339
594 337
595 337
598 337
595 341
594 340
597 340
598 342
596 334
597 334
594 332
595 332
594 333
597 333
596 330
598 330
597 331
595 328
598 323
594 322
598 322
594 321
596 321
595 320
597 320
596 324
594 325
594 327
597 327
596 326
598 326
594 358
598 358
599 358
598 359
594 357
597 357
599 356
594 355
596 355
595 354
598 354
598 352
595 353
596 366
597 366
598 366
597 367
598 367
594 364
595 364
597 364
600 365
595 361
596 361
597 361
596 360
597 360
596 362
597 362
598 362
599 362
596 363
597 363
595 381
596 381
597 381
598 381
595 380
596 380
599 382
593 383
595 383
597 383
599 383
895 383
595 377
599 377
594 376
595 376
596 376
599 376
600 376
596 378
1057 378
597 379
598 379
601 379
595 372
597 372
599 372
591 373
597 373
598 373
594 374
595 374
597 374
598 374
599 374
595 368
596 368
597 368
599 368
593 369
595 369
597 369
599 369
600 369
595 370
596 370
599 371
598 384
599 384
601 384
602 384
595 385
598 385
600 385
593 386
594 386
596 386
600 386
603 386
597 387
598 387
599 387
595 388
597 388
600 388
595 390
597 390
599 390
601 390
602 390
595 391
597 391
233 393
597 393
600 393
601 393
594 392
597 392
593 394
594 394
596 394
601 394
595 395
599 395
600 395
597 398
598 398
600 398
594 397
595 397
594 396
596 396
598 396
600 396
594 406
597 406
599 406
598 407
600 407
601 407
594 405
600 405
592 404
594 404
596 404
600 404
596 400
598 400
599 400
601 401
596 403
595 402
599 402
601 402
596 415
595 414
598 414
599 414
597 412
598 412
599 412
597 413
597 408
599 408
600 408
595 409
596 411
598 411
596 443
596 442
595 440
598 440
593 441
596 441
597 441
594 445
599 445
596 444
593 446
594 446
595 446
596 446
599 446
597 434
598 434
594 435
1173 433
596 432
595 438
596 439
598 439
595 436
596 436
594 437
593 426
594 426
595 426
598 426
596 427
598 427
595 425
598 425
595 424
597 424
598 424
595 431
596 431
598 431
595 428
597 428
594 416
595 416
598 416
599 416
12 417
595 417
600 417
599 419
595 423
596 423
595 421
598 421
594 420
589 476
591 476
588 478
590 478
590 473
592 473
593 472
442 474
590 474
591 474
593 468
594 468
594 469
592 466
593 467
595 467
592 464
593 464
974 464
593 465
594 454
597 454
597 455
595 452
596 452
598 452
225 453
516 453
594 453
595 451
598 448
595 449
596 449
593 461
594 461
595 461
596 461
597 460
594 463
594 456
597 456
596 458
594 459
580 491
582 491
578 490
461 488
579 488
580 488
580 489
580 494
581 494
428 495
577 495
580 495
582 495
579 492
577 493
579 493
585 484
585 485
583 486
584 487
588 481
587 480
589 480
585 482
1002 482
586 483
580 502
268 503
576 503
581 501
578 500
580 500
581 500
582 500
983 500
578 498
580 498
581 498
578 499
223 497
580 497
578 504
580 504
582 504
578 505
581 505
582 505
579 507
581 507
580 506
581 506
577 508
578 508
579 508
581 508
583 508
576 509
577 509
580 509
578 511
581 511
576 510
576 604
578 604
579 604
149 605
579 605
578 606
579 606
577 607
578 600
579 601
579 602
579 603
577 593
578 593
580 593
576 592
577 592
578 592
580 592
577 595
579 595
580 595
581 595
579 594
576 597
581 597
577 596
579 596
580 596
577 599
582 599
577 598
578 598
580 598
577 588
578 589
578 584
579 584
580 584
581 584
579 585
581 585
582 585
578 586
577 587
579 587
577 579
580 579
581 579
581 578
578 577
581 577
578 576
581 582
581 583
582 583
578 580
579 580
582 580
579 581
582 581
578 610
576 611
578 611
579 611
581 611
577 609
580 609
580 608
581 608
582 608
576 612
577 612
578 613
342 614
578 614
581 614
578 615
579 622
544 623
582 623
582 621
580 620
581 620
577 616
580 616
579 617
580 617
581 619
583 619
576 618
581 618
577 639
578 639
579 639
576 637
581 637
577 636
580 636
578 633
577 632
579 632
580 632
578 635
581 635
578 629
581 629
577 628
580 628
581 631
579 630
21 625
579 625
580 625
582 625
394 624
580 624
578 626
579 626
580 627
576 516
578 516
581 516
582 516
584 516
581 517
578 518
576 519
577 514
582 514
583 514
577 513
578 513
579 513
581 513
582 513
576 524
577 524
579 524
580 524
584 524
1186 524
581 525
582 525
576 526
577 526
579 526
578 527
580 527
582 527
580 520
576 521
578 521
581 521
583 521
577 523
581 523
577 522
578 534
580 534
582 534
582 535
579 532
580 532
582 532
583 530
583 528
579 536
579 538
581 538
676 538
576 539
581 539
582 539
578 541
578 540
582 540
583 540
444 543
578 542
577 563
578 563
577 562
582 561
580 560
578 567
579 567
580 567
582 567
578 566
401 565
580 564
1210 564
576 571
577 571
582 571
577 570
578 570
580 569
580 568
581 572
577 574
578 575
581 575
580 559
581 559
577 558
580 556
581 556
577 557
579 557
579 552
581 552
579 553
578 555
580 555
579 544
581 544
576 545
577 546
578 546
581 546
583 546
580 547
581 547
581 550
582 550
580 551
581 551
577 548
580 548
582 548
580 549
577 662
578 662
1278 662
575 663
576 663
578 663
576 660
577 660
578 660
581 660
576 661
580 656
581 656
576 670
577 670
581 671
576 669
578 669
579 669
581 669
579 668
259 666
577 666
578 666
577 667
581 667
576 665
578 665
581 665
577 664
576 640
580 640
576 641
577 641
578 641
579 641
580 641
577 643
578 643
579 643
580 643
581 643
797 643
581 642
577 644
580 647
576 652
578 652
580 652
576 653
578 653
579 653
575 651
576 651
578 651
577 650
579 650
580 650
582 650
576 649
577 649
576 672
577 672
578 672
576 673
577 674
581 674
578 679
579 679
581 679
580 678
1094 677
581 676
575 686
576 686
577 686
580 686
758 686
577 685
579 685
576 684
576 683
580 683
576 682
578 682
579 682
577 680
576 681
578 681
581 681
575 694
577 694
579 694
581 694
577 695
578 695
579 695
580 692
578 688
579 689
576 691
577 691
581 691
580 690
432 700
575 700
576 700
580 700
581 700
577 703
581 703
845 703
575 699
579 699
575 698
576 696
577 696
581 696
576 697
580 697
576 713
578 713
577 712
578 712
577 715
581 715
575 714
575 717
576 717
580 717
579 716
580 716
579 718
574 719
578 704
579 704
581 704
582 704
576 705
577 705
579 705
580 705
579 706
581 706
575 708
579 708
581 708
579 709
580 710
581 710
589 114
591 114
593 114
593 112
594 112
589 116
590 116
591 116
591 119
589 126
590 126
592 126
592 124
594 124
590 125
593 125
590 122
589 123
591 123
592 120
595 120
591 121
589 103
590 103
588 102
594 101
592 100
589 97
590 97
343 96
589 96
589 98
591 98
590 99
594 99
589 106
590 107
592 107
593 107
590 105
592 105
594 104
589 109
591 109
594 109
588 108
589 108
593 111
589 110
591 110
594 81
591 80
591 83
592 83
593 83
588 82
593 82
591 84
593 84
594 84
590 87
592 87
592 86
589 94
591 94
594 94
592 95
589 92
594 93
591 91
592 91
593 91
592 88
590 73
591 73
588 72
589 72
591 72
592 72
594 72
588 75
590 75
588 76
589 76
591 76
589 77
588 78
589 78
588 79
590 79
592 79
588 67
590 67
591 67
594 67
591 66
587 64
588 64
593 64
592 65
588 70
593 70
883 70
589 71
591 71
546 69
591 69
592 69
588 31
592 31
589 30
587 28
590 28
593 28
590 29
589 24
587 25
590 27
591 27
592 26
590 20
589 21
592 23
591 22
587 16
591 16
664 17
587 1
589 1
587 0
588 0
591 0
592 0
587 3
588 3
591 3
590 2
588 6
590 6
590 7
593 7
587 5
591 5
592 5
593 5
589 4
1186 4
589 14
588 15
592 15
589 13
591 13
592 13
589 10
591 10
590 11
590 8
592 63
588 62
591 62
594 62
592 61
594 61
612 61
593 60
589 58
592 59
593 59
588 57
589 57
590 57
586 56
590 56
732 56
590 50
591 50
592 50
594 50
587 51
588 51
117 48
594 48
588 49
591 49
782 49
589 55
590 55
591 55
589 54
593 54
594 54
592 52
593 52
591 53
588 47
590 47
592 47
594 47
493 46
593 46
591 44
593 44
588 45
589 43
592 43
588 42
593 42
592 40
588 39
590 39
588 38
587 36
590 36
593 36
590 37
591 37
588 35
590 35
592 35
591 34
589 33
591 33
593 33
591 214
593 214
335 215
592 215
593 215
592 212
593 212
595 213
592 209
594 209
596 209
591 211
595 211
596 210
591 218
592 218
593 218
595 218
596 218
594 219
591 216
593 216
596 216
592 217
592 220
596 220
597 220
594 221
591 222
595 222
597 222
592 223
593 223
595 223
592 207
594 207
595 207
596 207
593 206
596 206
592 205
593 205
595 205
591 204
594 204
595 204
594 203
596 203
591 202
592 202
592 201
593 201
591 200
593 200
595 200
596 200
446 193
591 193
592 193
593 193
594 193
591 192
592 194
593 194
595 194
596 194
592 195
595 195
596 195
593 196
595 196
592 197
593 197
591 199
593 199
594 198
595 198
591 225
593 225
594 225
596 225
594 226
595 226
593 227
593 229
595 229
595 228
593 231
594 231
595 231
596 231
594 230
936 230
593 239
596 239
593 237
594 237
595 237
593 236
594 236
591 232
592 232
593 232
595 232
432 233
592 233
595 233
592 234
594 235
595 235
596 235
594 246
595 246
596 246
596 247
592 245
594 243
592 242
595 242
592 250
593 250
593 251
596 251
592 248
596 248
592 249
595 249
597 249
594 253
596 253
593 252
595 252
596 252
593 255
595 255
590 167
592 167
594 167
590 166
591 166
592 166
595 166
470 164
590 164
590 165
591 165
593 162
594 162
595 162
593 161
591 160
594 160
595 160
1068 160
591 175
592 175
591 173
594 173
592 172
590 168
593 168
595 168
591 169
595 169
593 171
594 171
593 170
592 178
595 178
593 179
595 179
590 177
592 177
592 176
593 176
591 183
592 183
593 183
594 183
590 182
591 182
592 182
593 182
594 181
591 191
595 191
591 190
592 190
595 190
706 190
592 188
596 188
593 187
594 187
595 187
593 186
1184 186
592 184
593 184
594 184
594 135
590 134
592 134
594 134
588 132
589 132
591 132
592 132
594 132
590 133
593 133
589 129
594 129
589 128
590 128
593 128
595 128
592 131
593 131
589 130
590 138
592 138
592 139
593 139
595 139
590 137
591 137
592 137
594 137
595 137
590 136
592 136
595 141
594 142
465 143
589 147
590 147
591 147
595 147
590 146
592 146
590 144
592 145
594 145
593 149
590 148
593 148
594 148
592 151
593 151
594 151
591 150
590 153
591 153
593 153
595 153
590 152
591 152
590 155
591 155
593 155
594 155
591 154
594 154
590 159
591 159
593 159
595 159
594 158
595 158
592 156
595 156
593 319
594 319
596 319
597 319
598 319
593 318
598 318
598 316
596 317
598 317
597 315
593 314
597 314
385 312
593 312
596 313
559 309
593 309
594 309
597 309
598 309
1277 309
593 308
596 311
597 311
598 311
596 310
593 305
594 305
594 304
593 306
594 307
592 290
593 290
596 290
597 290
598 290
353 291
593 291
594 291
596 291
598 291
593 288
594 288
597 288
593 289
595 289
595 294
596 294
597 294
594 295
596 295
597 292
592 293
595 293
596 293
597 293
593 296
595 296
594 297
595 297
597 297
593 298
596 299
594 301
597 301
593 300
594 300
597 300
595 303
593 302
596 302
597 302
594 275
597 275
592 274
595 274
597 274
598 274
592 272
599 272
595 273
597 273
594 277
596 277
596 276
598 276
593 278
595 278
597 278
595 279
596 279
597 279
592 284
594 284
593 285
594 285
596 285
594 286
597 286
598 286
20 287
593 287
596 287
597 287
594 283
595 283
594 282
598 282
593 280
595 280
593 281
594 281
596 281
593 265
595 265
596 265
594 264
595 264
530 266
592 266
593 266
594 266
595 266
596 266
593 267
597 267
593 271
595 271
1004 271
595 270
597 270
595 268
597 268
593 269
596 269
592 260
593 260
595 260
596 260
593 261
594 261
596 261
331 262
593 262
594 262
595 262
593 263
594 263
597 263
592 256
593 256
596 256
593 257
595 257
596 257
593 258
594 258
595 258
597 258
1134 258
460 259
594 259
595 259
594 331
595 331
596 331
594 330
595 330
597 330
595 329
596 329
919 329
594 328
596 328
597 328
595 335
596 335
598 335
787 335
594 334
595 334
598 334
595 333
596 333
598 333
596 332
597 332
593 324
594 324
595 324
598 324
599 324
595 325
597 325
595 327
594 326
594 320
596 320
595 321
597 321
594 323
596 323
595 322
285 349
594 349
595 349
597 349
598 349
594 348
596 348
597 348
595 351
597 351
597 350
594 345
597 345
595 344
596 344
597 344
598 344
1137 344
594 346
595 346
596 346
598 346
595 347
597 347
305 336
430 336
593 336
594 336
595 336
598 336
596 337
597 337
593 338
594 338
596 338
597 338
1035 338
594 339
598 339
594 343
595 343
598 343
595 342
597 342
594 341
596 341
597 341
598 341
595 340
598 340
594 361
599 361
594 360
595 360
598 360
599 360
594 363
595 363
606 363
594 362
595 362
601 362
595 365
598 365
599 365
598 364
599 364
594 367
595 367
594 366
595 366
599 366
595 355
597 355
598 355
594 354
596 354
597 354
599 354
596 353
597 353
595 352
597 352
599 352
595 356
596 356
597 356
595 357
951 357
596 358
594 359
595 359
596 359
597 359
599 359
594 383
596 383
598 383
600 383
593 382
594 382
597 382
601 382
593 381
599 381
600 381
602 381
594 380
599 380
600 380
597 377
601 377
973 377
592 376
595 379
596 379
599 379
600 379
589 378
594 378
595 378
599 378
600 378
594 370
597 370
598 370
599 370
323 371
594 371
595 371
597 371
598 371
593 368
594 368
598 368
600 368
596 369
598 369
601 369
595 375
596 375
597 375
598 375
599 375
592 374
602 374
594 372
598 372
600 372
594 373
596 373
599 373
596 391
599 391
600 391
227 390
592 390
594 390
596 390
600 390
595 389
596 389
597 389
599 389
600 389
593 388
594 388
596 388
602 388
594 385
596 385
597 385
599 385
601 385
602 385
603 385
594 384
596 384
597 384
600 384
595 387
596 387
1160 387
1275 387
595 386
602 386
596 397
597 397
598 397
599 397
593 396
595 396
597 396
602 396
593 399
594 399
596 399
597 399
598 399
599 399
601 399
593 398
594 398
595 398
599 398
601 398
593 392
595 392
596 392
598 392
600 392
601 392
602 392
605 392
595 393
596 393
598 393
602 393
594 395
597 395
598 395
601 395
595 394
598 394
599 394
600 394
734 394
594 410
597 410
597 411
599 411
594 409
596 409
597 409
598 409
599 409
600 409
594 408
595 408
596 408
598 408
595 413
598 413
599 413
595 412
596 412
597 414
593 400
594 400
600 400
857 400
593 401
598 401
599 401
600 401
593 402
594 402
596 402
597 402
598 402
600 402
595 403
597 403
600 403
595 405
597 405
599 405
595 404
598 404
601 404
404 406
595 406
600 406
601 406
589 407
595 407
596 407
597 407
599 407
594 442
597 442
598 442
667 442
594 443
595 443
597 443
594 440
596 440
597 440
599 440
594 447
595 447
596 447
599 447
597 446
598 446
596 445
598 445
594 444
595 444
594 433
595 433
596 433
595 432
597 432
598 432
593 434
594 434
595 434
596 434
595 435
598 435
595 437
598 437
594 436
597 436
598 436
345 438
594 438
596 438
598 438
594 439
597 439
599 439
596 417
598 417
1183 417
558 416
596 416
597 416
596 418
598 418
595 419
597 419
598 419
594 423
597 423
598 423
78 422
595 422
596 422
598 422
673 422
596 421
256 420
595 420
596 420
597 420
598 420
596 425
597 425
596 424
596 426
594 427
595 427
597 427
594 431
597 431
476 430
598 430
575 428
596 428
598 428
595 429
598 429
591 473
593 473
627 473
590 472
589 475
590 475
591 475
592 475
593 475
593 474
587 479
590 479
591 478
588 477
589 477
590 477
591 477
594 467
596 466
592 465
595 465
596 465
596 464
592 469
593 469
592 468
595 468
591 471
592 470
593 470
594 450
595 450
596 450
597 450
598 450
596 451
598 451
595 448
597 448
594 449
597 449
598 449
130 454
595 454
596 454
593 455
594 455
595 455
596 455
1119 455
597 452
595 453
596 453
598 453
594 457
595 457
596 457
1156 457
595 456
1266 456
593 458
595 458
597 458
596 459
593 463
595 463
596 463
592 462
593 462
594 462
595 462
596 462
595 460
580 493
581 493
580 492
581 492
577 494
578 494
579 494
582 494
578 495
579 495
581 495
579 490
580 490
581 490
581 491
568 489
576 489
581 489
582 489
583 489
576 488
582 488
584 488
574 487
583 487
585 487
584 486
585 486
586 484
587 484
584 485
586 485
587 485
586 482
587 482
585 483
588 483
724 483
1032 483
587 481
589 481
588 480
578 509
579 509
581 509
582 509
583 509
576 508
582 508
575 511
576 511
579 511
580 511
582 511
577 510
579 510
580 510
581 510
583 510
577 507
578 507
580 507
582 507
577 506
582 506
579 504
581 504
577 505
579 505
580 505
578 502
579 502
581 502
582 502
578 503
579 503
580 503
579 500
582 501
578 497
581 497
577 496
578 496
579 496
580 496
579 499
580 499
581 499
582 499
579 498
582 498
577 605
581 605
582 605
582 604
580 606
581 606
576 607
579 607
580 607
578 601
581 601
582 601
580 600
581 600
582 600
580 603
582 602
578 599
579 599
580 599
581 599
579 597
580 597
582 597
579 592
581 592
581 593
582 593
578 595
582 595
1142 595
576 594
577 594
580 594
581 594
582 594
576 587
578 587
581 587
582 587
579 586
582 586
577 585
578 585
580 585
576 584
577 584
577 591
578 591
579 591
580 591
582 591
763 591
578 590
581 590
582 590
579 589
581 589
582 589
105 588
578 588
581 588
578 583
579 583
580 583
577 582
580 582
582 582
583 582
577 581
580 581
125 580
369 580
581 580
577 577
580 577
582 577
576 576
581 576
66 578
580 578
572 579
578 579
576 615
579 615
580 615
581 615
582 615
577 614
579 614
580 614
582 614
578 612
579 612
582 612
631 612
577 613
579 613
582 613
575 609
579 609
581 609
582 609
577 608
577 611
580 611
582 611
579 610
581 610
583 610
577 620
582 620
576 621
577 621
579 621
580 621
581 621
577 622
580 622
581 622
582 622
576 623
580 623
577 619
579 619
580 619
582 618
583 618
576 616
579 616
577 617
578 617
576 629
577 629
580 629
582 629
578 628
581 628
582 628
576 631
577 631
578 631
579 631
580 631
576 627
577 627
579 627
581 627
582 627
583 627
577 626
576 624
578 624
576 625
577 625
578 625
581 625
576 634
577 634
578 634
580 634
581 634
576 635
577 635
579 635
580 635
578 632
581 632
582 632
577 633
579 633
580 633
582 633
577 637
579 637
580 637
575 636
578 636
582 636
578 638
660 638
580 639
755 639
576 518
579 518
580 518
581 518
582 518
583 518
577 519
578 519
581 519
582 519
584 519
576 517
577 517
578 517
579 517
582 517
583 517
1025 517
579 516
577 515
578 515
579 515
580 515
581 515
582 515
576 514
579 514
580 514
581 514
574 512
575 512
577 512
580 512
581 512
582 512
583 512
584 512
580 513
577 527
579 527
581 527
583 527
575 526
578 526
580 526
582 526
576 525
577 525
578 525
579 525
751 525
1015 525
568 524
581 524
178 520
576 520
579 520
583 520
579 521
582 521
578 523
582 523
579 522
582 522
177 536
577 536
580 536
582 536
794 536
577 537
580 537
582 537
578 538
580 538
578 539
579 539
580 539
583 539
577 543
578 543
579 543
581 543
583 543
577 542
579 542
580 542
581 542
582 542
577 540
581 540
579 541
580 541
581 541
579 533
581 533
578 532
581 532
583 532
950 532
450 535
578 535
579 535
581 535
579 534
577 529
578 529
579 529
580 529
581 529
577 528
581 528
577 531
578 531
576 530
577 530
578 530
581 530
582 530
577 561
578 561
579 561
581 561
578 560
579 560
581 560
582 560
576 563
579 563
579 562
576 564
578 564
581 564
582 564
802 564
578 565
579 565
581 565
582 565
583 565
577 567
584 567
577 566
581 566
576 573
577 573
579 573
581 573
582 572
583 572
576 574
579 574
582 574
582 575
578 571
579 571
581 571
576 570
580 570
581 570
582 570
583 570
576 569
577 569
579 569
581 569
582 569
578 568
583 568
580 557
581 557
582 557
575 556
579 556
582 556
583 556
578 559
579 559
582 559
575 558
578 558
580 558
581 558
582 558
580 552
583 552
578 553
580 553
581 553
576 555
579 555
581 555
582 555
583 555
577 554
578 554
580 554
582 554
577 545
578 545
579 545
580 545
581 545
583 545
578 544
580 544
582 544
577 547
579 547
580 546
582 546
577 551
578 551
577 550
578 550
579 550
583 550
231 548
583 548
882 548
577 549
579 549
581 549
576 645
581 645
576 644
580 644
582 644
576 647
578 647
579 647
581 647
582 647
577 646
579 646
580 646
581 641
582 641
578 640
576 642
577 651
579 651
581 651
576 650
580 649
581 649
582 649
576 648
577 648
582 648
575 654
577 654
578 654
581 654
1166 654
577 655
578 655
580 655
581 655
579 652
581 652
582 652
575 661
577 661
579 661
580 661
581 661
338 660
579 663
580 663
581 663
582 663
576 662
581 662
576 659
577 659
579 659
580 659
581 659
582 659
576 658
576 656
577 656
578 656
579 656
577 657
578 657
579 657
580 657
577 665
579 665
580 665
578 664
580 664
581 664
576 667
580 667
579 666
577 669
580 669
364 668
577 668
148 670
575 670
581 670
575 671
577 671
578 671
579 671
580 671
578 676
579 676
575 677
576 677
578 677
577 679
580 679
576 678
581 678
582 678
576 674
576 675
577 675
580 675
581 675
575 673
577 673
581 673
581 672
578 680
579 680
580 680
575 681
577 681
579 681
580 681
578 683
579 683
581 683
575 682
576 685
580 685
575 684
578 684
579 684
580 684
579 687
580 687
579 686
577 701
579 701
581 701
583 701
948 701
575 703
576 703
578 703
579 703
580 703
650 703
575 702
578 702
579 702
580 702
576 699
577 699
580 699
581 699
576 698
577 698
578 698
580 698
575 696
694 696
514 697
578 697
640 697
577 693
579 693
580 693
581 693
575 692
576 692
577 692
578 692
575 695
576 695
580 695
580 694
576 688
579 688
576 689
578 689
579 691
1019 691
575 690
576 690
577 690
578 690
583 690
574 712
575 712
576 712
580 712
577 713
579 713
581 713
578 714
574 715
576 715
575 716
577 716
578 716
581 716
577 717
578 717
575 718
576 718
577 718
581 718
575 719
578 719
575 707
576 707
578 707
577 706
575 705
581 705
575 704
577 704
575 709
576 709
580 709
576 708
432 711
576 711
577 711
578 711
575 710
579 710
377 111
590 111
591 111
594 111
590 110
595 110
590 109
593 109
593 108
594 108
595 108
592 104
593 104
588 105
589 105
591 105
589 107
593 106
595 106
591 101
589 100
594 100
550 103
592 103
593 103
33 102
590 102
591 102
593 102
594 102
173 98
588 98
590 98
592 98
593 98
592 99
590 96
594 96
905 96
592 97
593 97
594 97
591 115
593 115
594 115
588 114
590 114
588 113
589 113
591 113
592 113
594 113
589 112
589 117
590 117
591 117
592 117
594 117
592 116
595 116
589 118
594 118
590 119
592 119
593 119
595 119
596 119
589 120
590 120
593 120
892 120
594 121
585 123
588 123
593 123
596 123
589 122
593 122
595 122
589 125
591 125
594 125
589 124
591 124
593 124
1007 124
591 126
593 126
595 126
589 127
590 127
591 127
595 127
184 81
589 81
592 81
593 81
587 80
590 80
593 80
594 80
797 80
588 83
590 83
595 83
100 82
589 82
590 82
594 82
590 84
595 84
590 85
591 85
592 85
761 85
589 87
593 87
589 86
591 86
590 91
594 91
512 90
589 90
594 90
588 88
589 88
590 88
591 88
594 88
589 89
590 89
592 89
588 94
592 94
590 95
594 95
588 93
591 93
594 92
590 76
593 76
587 77
588 77
592 77
593 77
592 78
594 78
589 79
594 79
589 74
592 74
594 74
621 74
591 75
593 75
594 75
595 75
770 72
588 73
594 73
595 73
589 64
592 64
588 65
589 65
591 65
594 65
593 66
594 66
592 67
127 71
590 71
593 71
594 71
592 70
594 70
588 68
591 68
592 68
588 69
590 69
594 69
595 69
591 57
592 57
593 57
588 56
591 56
593 56
594 56
588 59
589 59
591 59
594 59
354 58
588 58
591 58
594 58
765 58
587 62
592 62
593 62
588 63
590 63
591 63
594 63
589 61
595 61
594 60
595 60
590 52
834 52
588 53
592 53
593 53
587 54
588 54
592 54
588 55
592 55
594 55
588 48
592 48
593 48
583 49
590 49
592 49
593 49
593 50
589 51
590 51
593 51
587 47
589 47
591 47
372 46
588 46
589 46
592 46
595 46
775 46
590 45
591 45
592 45
594 45
587 44
589 44
588 40
591 40
593 40
594 40
695 40
590 41
592 41
593 41
784 41
587 42
775 42
587 43
588 43
844 43
587 34
588 34
593 34
591 35
593 35
68 32
326 32
587 32
587 33
588 33
590 33
596 33
590 38
593 38
595 38
593 39
584 36
589 36
594 36
589 37
587 24
588 24
590 24
594 24
589 25
592 25
587 26
588 26
590 26
593 26
587 27
588 27
589 27
588 30
593 30
220 31
591 31
593 31
588 29
589 29
592 29
593 29
1124 29
908 28
214 21
592 21
1275 21
475 20
587 20
593 20
587 23
589 23
590 23
594 23
592 22
593 22
587 17
588 17
589 17
590 17
591 17
592 17
593 17
758 17
588 16
589 16
592 16
594 16
586 18
588 18
591 18
593 18
594 18
1213 18
587 19
592 19
593 19
696 19
1063 19
586 1
588 1
591 1
592 1
589 0
590 0
591 2
593 2
589 3
590 3
591 7
592 7
587 6
588 5
589 5
594 5
592 4
591 12
592 12
588 13
587 14
594 14
595 14
1015 15
81 11
587 11
593 11
862 11
593 10
588 9
592 8
595 202
596 202
597 202
590 203
591 203
595 203
595 201
596 201
597 200
593 207
591 206
591 205
592 199
595 199
596 199
590 198
596 198
596 196
592 192
594 192
596 193
591 195
441 194
594 194
592 208
596 208
591 209
593 209
592 211
596 211
1082 211
181 210
590 210
591 210
593 210
595 210
597 210
591 213
592 213
596 213
590 212
623 212
596 214
597 214
591 215
597 215
389 219
591 219
596 219
591 217
596 217
597 217
591 220
598 220
179 221
591 221
592 221
595 221
598 221
592 222
591 223
597 223
289 237
592 237
591 236
595 236
591 238
597 238
590 239
591 239
592 239
597 239
593 233
596 233
53 232
596 232
591 234
204 230
597 230
1100 230
592 231
591 228
591 229
596 229
591 227
592 227
596 227
586 226
591 226
597 226
592 225
590 224
592 224
593 245
594 245
596 245
49 247
593 247
591 246
592 246
592 241
593 241
774 241
591 240
592 240
596 240
927 240
34 242
591 242
593 242
597 242
244 243
445 243
596 243
674 243
592 251
595 251
592 252
592 253
597 253
592 254
591 161
592 161
595 161
597 161
590 160
595 163
596 162
1233 162
1255 162
81 164
592 164
586 165
595 165
595 167
634 171
1113 169
586 174
590 174
1211 174
590 175
596 175
590 172
591 172
595 173
596 173
591 189
592 189
596 189
590 188
633 188
590 190
212 185
595 185
596 184
590 186
596 186
599 186
596 187
595 183
596 180
590 181
591 181
590 178
593 178
596 178
589 179
180 153
596 153
617 152
590 157
596 158
585 147
591 146
595 146
589 145
590 145
595 144
610 150
590 151
595 148
595 132
595 134
595 135
596 135
590 131
595 131
590 141
685 141
589 140
595 140
1262 143
595 142
293 139
847 139
595 138
351 136
1082 136
596 137
1030 317
661 318
1179 319
872 313
598 315
598 314
599 306
409 307
520 307
598 310
593 293
590 294
862 294
58 288
99 288
598 288
593 301
495 302
592 268
598 269
121 270
104 264
597 265
601 266
890 266
377 257
610 261
597 260
598 272
1222 272
592 277
592 276
706 286
659 287
598 285
598 284
625 282
796 283
592 347
46 345
1130 348
250 341
1118 341
748 324
42 321
608 380
604 377
757 375
884 371
594 369
604 368
599 367
715 352
592 397
592 391
602 391
606 389
1055 384
351 404
694 400
441 403
964 403
613 408
76 415
792 415
528 414
956 413
146 439
983 439
1227 439
1207 437
671 443
232 425
943 417
239 416
622 418
951 418
447 478
299 476
591 465
1108 466
1265 469
549 468
590 471
949 471
632 459
273 457
116 463
122 463
1164 462
196 460
748 453
587 493
944 493
719 480
360 483
580 487
405 509
378 585
1147 587
886 579
365 602
472 600
943 594
1213 592
256 609
1151 612
787 613
753 620
1136 639
753 636
545 632
569 631
843 631
491 630
144 626
295 626
5 625
318 516
887 516
1157 516
684 518
1101 521
370 531
301 532
199 545
669 545
113 553
1163 659
919 680
511 681
486 700
2 697
109 688
695 689
400 714
891 709
633 103
1125 103
878 65
591 70
75 72
512 8
590 8
1094 11
175 34
346 60
590 56
861 128
1183 145
1073 184
57 199
594 212
1105 423
949 438
597 400
596 306
118 578
868 526
580 532
65 568
581 550
42 51
598 380
591 44
596 281
592 160
594 182
579 600
590 40
580 504
594 272
579 690
579 506
579 530
592 474
591 50
598 384
580 617
598 381
579 588
592 75
577 670
1025 495
581 544
581 604
581 658
579 654
596 437
116 469
594 218
592 200
594 164
592 80
592 90
593 90
580 569
578 552
580 590
580 620
580 716
577 694
576 673
597 408
599 406
597 388
597 394
595 284
598 373
1235 343
581 536
579 566
1243 598
593 204
596 242
591 49
594 126
590 81
598 401
599 384
596 452
583 488
594 260
596 264
596 286
596 328
598 359
579 664
577 672
578 696
580 690
591 92
935 87
591 20
588 8
1039 8
594 214
595 220
593 200
593 224
595 225
594 254
594 189
594 190
591 186
595 186
593 175
592 170
592 163
592 134
592 141
593 152
592 157
594 157
595 276
597 316
595 314
596 314
595 308
595 305
597 328
593 324
598 353
596 362
596 361
596 380
581 508
581 506
581 494
590 478
594 466
597 426
597 424
596 394
597 386
595 388
598 406
596 404
598 410
598 414
580 658
579 669
578 668
580 670
576 666
580 650
578 652
577 642
579 642
579 640
576 676
579 672
578 674
577 680
577 687
576 694
580 692
575 689
576 710
577 710
580 710
579 590
580 579
580 580
579 603
578 602
578 600
579 604
579 596
579 598
580 592
577 593
577 616
578 616
583 619
579 622
580 626
582 626
578 630
578 637
579 634
578 534
580 535
578 528
579 536
577 538
582 538
578 540
580 522
580 523
580 520
579 512
577 516
577 518
581 554
581 552
578 556
579 575
580 566
592 76
590 78
593 78
589 75
589 69
590 90
591 90
593 88
590 92
590 86
593 86
593 82
593 100
590 101
589 96
591 108
591 110
592 110
593 118
590 112
593 112
594 114
592 125
590 124
592 120
590 121
594 123
594 122
1225 55
593 54
588 52
592 52
593 52
592 50
592 58
593 58
589 60
592 60
587 38
592 38
592 39
590 36
592 36
589 34
588 32
590 44
590 46
589 40
590 42
591 42
591 43
106 10
588 10
590 11
591 11
589 9
590 9
587 8
588 12
588 4
589 4
590 4
591 4
587 2
590 2
592 30
592 31
593 28
587 29
588 22
590 22
392 18
590 18
590 19
591 16
594 211
596 210
595 208
595 209
593 213
594 213
596 212
595 215
595 214
592 218
594 216
595 216
593 221
594 221
594 220
596 223
596 222
594 202
591 201
593 192
595 192
592 198
593 198
594 196
593 248
592 250
596 251
593 254
595 254
596 254
594 255
596 252
592 247
595 247
594 244
593 240
594 240
596 241
594 242
593 238
595 238
593 239
593 234
596 234
593 235
595 233
597 232
592 229
594 228
592 230
593 230
596 230
591 224
594 224
590 142
591 142
593 142
591 143
590 140
592 140
589 136
592 136
594 136
593 137
594 138
590 128
592 128
592 129
592 130
593 131
589 134
591 134
594 134
591 135
593 135
422 155
592 155
592 153
594 153
590 158
592 158
593 158
595 158
594 156
593 157
595 157
591 148
592 148
594 148
590 150
593 150
594 150
591 145
594 146
591 176
595 176
593 177
594 177
594 178
592 179
595 182
592 183
592 181
593 181
591 180
592 180
593 180
592 186
595 184
593 185
591 188
594 188
595 188
594 191
593 163
591 162
593 161
591 167
590 166
593 166
594 166
591 164
592 168
595 168
592 169
594 170
595 170
591 171
592 175
594 175
595 175
591 174
592 174
594 174
595 174
594 258
596 258
594 257
593 263
594 269
593 268
594 270
593 271
595 266
596 266
596 267
594 265
595 264
594 277
593 276
597 276
594 279
593 275
596 275
596 274
596 273
597 272
594 286
595 286
594 287
595 285
593 284
596 284
597 284
592 280
594 280
596 280
593 282
595 282
596 282
598 282
596 283
596 312
597 312
594 315
596 319
594 318
594 316
595 316
595 317
597 317
593 304
595 304
596 304
597 304
593 306
595 306
597 306
595 307
597 307
594 310
595 310
597 310
594 311
595 311
595 309
593 308
593 291
595 291
596 291
596 290
597 290
594 289
596 289
210 288
593 288
594 288
595 288
596 288
597 288
594 294
593 295
594 295
593 292
594 292
596 292
594 293
595 293
33 300
595 300
596 300
596 301
252 303
594 303
596 303
593 296
596 296
597 296
598 296
971 296
595 297
596 297
594 298
595 298
596 298
597 298
594 299
597 299
595 348
598 348
596 349
595 350
598 350
596 351
597 346
598 346
596 347
594 344
595 344
598 344
596 345
598 345
596 338
597 338
598 338
595 336
596 336
594 340
596 340
595 330
596 330
594 331
129 328
594 328
595 328
597 329
597 335
595 332
596 332
598 332
596 324
597 324
595 326
597 326
598 326
596 327
597 327
66 322
593 322
594 322
595 322
596 322
597 322
597 323
596 321
595 320
597 320
594 364
595 364
596 364
597 365
600 365
596 366
598 366
596 367
597 367
598 367
119 362
597 362
599 362
1048 362
596 363
597 363
595 361
597 361
596 360
597 360
213 358
594 358
595 358
597 358
598 358
599 358
597 359
597 357
1074 357
1138 357
595 356
598 356
595 353
596 352
598 352
595 354
598 354
595 376
596 376
597 376
598 376
599 376
595 377
598 377
599 377
1151 377
594 378
595 378
596 378
597 378
1153 378
597 379
598 379
594 382
595 382
596 382
597 382
598 382
599 382
600 382
593 383
594 383
595 383
593 381
597 380
598 374
599 374
602 374
595 373
597 373
595 372
597 372
593 370
595 370
596 370
600 370
595 368
596 368
597 368
599 368
597 369
599 369
593 466
595 467
593 464
594 464
595 464
594 465
591 470
593 470
594 470
593 468
594 468
595 468
594 469
588 478
589 478
589 476
591 476
591 477
591 472
593 472
592 473
590 474
591 474
594 461
596 461
594 460
596 460
597 460
594 463
593 462
596 462
594 456
596 456
597 456
594 457
595 457
597 457
594 458
594 459
594 448
598 448
595 449
596 449
598 449
595 451
595 452
598 452
597 454
579 490
582 490
579 491
580 491
582 491
580 488
583 489
579 492
579 493
581 493
580 494
580 495
582 495
587 480
589 480
586 481
588 482
586 483
582 487
584 487
583 486
584 484
585 484
587 484
585 485
580 506
579 507
580 507
581 507
578 505
581 505
578 504
1001 504
578 511
581 511
576 510
578 510
579 510
582 510
577 508
578 508
579 508
580 508
583 508
576 509
577 509
580 509
580 500
581 500
582 500
578 501
579 501
581 501
578 502
580 502
579 497
582 497
582 496
595 400
596 400
599 400
595 402
597 402
598 402
599 402
596 403
598 403
596 406
598 407
600 407
595 405
596 405
600 405
597 404
599 404
600 404
595 414
596 415
596 412
597 412
599 412
595 413
597 413
599 408
595 409
596 409
598 409
596 411
598 411
599 410
594 396
598 396
599 396
600 396
601 396
596 398
597 398
598 398
593 399
595 399
596 399
598 399
599 399
600 399
594 392
597 392
599 392
602 392
597 393
601 393
593 394
594 394
595 394
599 395
600 395
601 395
598 388
599 388
600 388
595 389
598 389
599 389
595 390
597 390
599 390
600 390
601 390
602 390
600 391
594 386
598 386
599 386
600 386
601 386
603 386
595 387
597 387
598 387
599 387
595 384
602 384
598 385
595 430
597 430
594 431
595 431
598 431
595 428
598 428
593 426
594 426
595 426
598 426
596 427
598 427
594 424
595 424
598 424
594 425
595 425
596 425
597 425
596 420
598 420
595 421
596 421
598 421
595 423
596 423
597 422
597 418
599 418
596 419
597 419
598 419
599 419
153 416
599 416
597 417
599 417
594 445
595 445
597 445
598 444
599 444
69 446
594 446
595 446
596 446
598 446
598 447
595 440
597 440
595 441
596 441
594 442
595 442
596 442
597 442
599 442
595 443
596 443
598 443
596 436
597 437
598 437
594 438
595 438
597 438
594 439
596 439
597 439
598 439
596 435
597 435
598 434
597 433
598 433
594 432
596 432
577 586
580 586
581 586
582 586
577 587
579 587
580 587
578 584
580 584
581 584
577 590
578 590
581 590
577 588
580 588
578 589
580 589
577 582
579 582
580 582
581 582
577 583
581 583
582 583
578 580
579 580
581 581
582 581
186 577
578 577
579 577
581 577
577 576
578 576
579 576
580 576
577 578
578 578
579 578
581 578
577 579
579 579
581 579
576 596
578 596
580 596
581 596
582 596
578 597
578 598
582 599
578 594
579 594
72 595
579 595
580 595
581 592
582 592
578 593
579 593
578 606
579 606
577 607
578 607
579 607
581 607
580 604
576 605
578 605
579 605
580 605
581 605
577 600
580 600
577 601
578 601
579 601
580 601
577 602
579 602
580 602
581 602
582 602
578 603
581 603
686 603
579 620
1067 620
578 621
581 621
582 621
577 623
578 623
579 623
581 623
582 623
578 622
579 617
582 617
579 616
580 616
576 618
580 618
581 618
581 619
577 612
580 612
581 612
578 613
579 613
580 613
581 613
582 613
577 615
578 615
581 615
576 614
580 614
578 608
581 608
582 608
577 609
578 609
577 610
578 610
580 610
582 610
579 611
581 611
579 628
580 628
578 629
579 629
580 629
581 629
582 629
577 630
579 630
580 630
582 630
577 631
581 631
577 626
579 626
581 626
578 627
580 627
577 624
579 624
580 624
581 624
580 625
576 638
579 638
577 639
578 639
579 639
581 639
576 637
581 637
579 636
580 636
577 632
579 632
580 632
578 633
579 633
582 633
578 635
581 635
577 520
579 520
581 520
582 520
576 521
578 521
581 521
583 521
577 523
579 523
581 523
582 523
577 522
581 522
576 524
578 524
579 524
580 524
580 525
581 525
582 525
577 526
581 526
580 527
582 527
576 516
580 516
581 516
578 517
580 517
581 517
578 518
576 519
577 519
579 519
583 519
578 514
580 514
582 514
583 514
583 515
577 513
578 513
580 513
582 513
583 513
577 532
582 532
577 533
578 533
580 533
582 533
581 535
582 535
580 534
581 534
582 534
580 530
583 530
579 531
580 531
581 531
579 528
582 528
583 528
582 529
580 543
582 543
578 542
579 540
581 540
583 540
578 536
578 537
581 537
576 539
577 539
581 539
582 539
579 538
581 538
577 546
578 546
579 546
580 546
578 547
581 547
576 545
582 545
578 548
579 548
581 548
582 548
578 549
577 551
579 551
581 551
582 550
580 556
577 557
578 557
577 558
579 558
580 559
582 552
577 553
582 553
579 554
15 555
580 555
580 564
577 565
578 567
579 567
580 567
581 567
580 562
581 562
578 563
580 563
581 563
580 561
582 561
576 572
577 572
579 572
578 573
580 573
582 573
577 575
578 575
578 574
581 574
582 574
579 570
582 570
577 571
580 571
582 571
578 569
583 569
577 568
580 568
581 568
582 568
575 670
579 670
581 671
576 668
580 668
581 668
576 669
577 669
578 669
581 669
576 664
577 664
576 665
580 666
581 666
577 667
578 667
577 660
579 660
580 660
578 661
580 661
575 663
576 663
577 663
578 663
579 663
579 662
577 657
581 657
579 658
578 648
580 648
581 648
576 649
578 649
579 649
575 651
580 651
577 650
578 650
579 650
581 650
581 655
576 654
576 653
581 653
576 652
577 652
577 640
580 640
576 641
577 641
578 641
579 641
580 641
577 643
579 643
581 643
576 642
579 644
580 644
581 644
577 645
580 645
576 686
578 686
578 687
577 685
578 685
579 685
581 685
576 684
577 684
581 684
577 682
580 682
576 683
577 683
581 683
581 680
576 681
577 681
581 681
578 673
581 673
577 674
579 674
575 675
579 675
579 678
576 679
578 679
577 676
579 676
577 677
579 677
581 677
576 693
578 693
579 693
578 694
577 695
578 695
579 695
577 689
580 689
581 689
575 688
580 691
581 691
577 690
576 698
579 699
577 696
579 696
581 696
576 697
577 697
579 697
575 702
578 702
581 703
580 700
576 701
578 701
580 701
577 719
576 718
578 718
579 716
575 717
576 717
579 717
580 717
575 715
577 715
578 715
579 715
580 715
577 714
579 714
576 712
577 712
578 712
575 713
576 713
580 713
576 705
578 705
580 704
575 706
580 706
581 706
579 707
575 708
578 708
579 708
580 708
578 709
578 710
581 710
579 711
593 89
988 90
590 91
592 91
588 95
589 95
591 95
589 94
594 94
589 92
589 93
592 93
590 87
594 87
594 86
589 84
594 84
589 85
593 85
593 83
592 82
591 81
595 80
589 78
590 79
592 79
593 79
589 77
590 77
590 74
590 75
589 72
593 72
589 73
590 73
592 73
593 73
295 69
591 69
592 69
593 69
590 68
591 70
590 70
593 70
589 71
591 71
592 71
592 65
590 64
588 67
589 67
593 67
587 66
592 100
589 102
589 103
591 103
589 97
591 97
591 99
594 98
591 106
592 106
591 107
589 104
590 104
593 105
594 105
593 110
589 109
594 109
588 108
589 108
592 112
590 113
593 113
590 115
592 115
592 114
591 118
592 118
590 116
588 117
593 117
590 122
589 120
592 121
589 126
594 124
593 125
593 55
589 53
590 53
589 52
591 52
591 51
592 51
594 51
589 49
592 49
592 56
589 57
588 58
589 63
592 63
590 62
588 61
590 61
591 61
592 61
593 61
594 61
588 44
589 44
592 44
591 46
588 47
593 47
593 42
589 43
592 43
589 41
590 35
590 32
591 33
588 37
590 37
589 39
591 39
592 10
591 9
592 9
587 13
591 13
587 15
590 15
588 14
272 5
587 5
590 5
593 5
587 4
592 4
593 7
591 3
589 2
592 2
587 0
592 27
592 24
587 25
590 25
589 31
590 31
591 29
591 23
593 23
590 21
591 21
589 19
591 19
593 206
594 207
592 201
591 202
593 203
594 195
595 195
596 195
591 194
595 198
592 219
595 219
592 217
594 217
596 216
594 223
595 220
596 209
592 210
593 215
594 215
594 239
595 239
594 237
593 236
594 233
595 232
596 231
596 225
593 227
594 227
595 248
594 249
593 250
594 251
595 255
594 247
596 246
595 243
590 180
592 182
593 183
593 179
590 176
591 184
591 185
592 185
594 185
594 186
591 187
592 187
591 191
592 191
591 169
593 169
594 169
593 170
592 171
593 171
591 173
592 173
593 173
591 175
591 165
592 165
593 165
594 165
592 167
594 160
218 161
594 161
594 163
591 144
593 144
590 147
594 147
593 148
592 149
594 149
591 151
592 151
594 151
595 151
591 156
591 157
592 159
595 159
594 152
590 153
595 153
591 136
595 136
592 138
591 139
591 140
594 141
592 143
593 143
594 143
590 129
593 129
593 130
589 133
593 133
590 135
592 135
595 305
597 308
594 309
597 309
598 309
594 312
594 313
595 313
597 313
595 315
596 315
595 319
597 319
597 291
598 291
597 295
597 303
593 259
595 259
596 259
595 263
593 261
594 261
595 261
594 271
596 268
594 267
596 264
592 265
593 279
595 277
596 272
594 273
595 273
593 281
597 283
594 282
593 286
597 286
597 285
598 323
593 324
595 324
597 331
598 329
594 332
594 333
595 333
593 339
594 339
595 339
596 339
597 339
595 338
596 337
596 343
597 343
599 350
594 351
595 349
597 347
598 347
599 347
594 365
596 365
598 361
598 353
596 353
596 357
598 370
599 370
600 369
596 372
597 375
598 380
598 381
598 378
594 379
596 377
595 396
600 397
594 399
595 393
600 393
596 394
597 394
594 387
593 385
599 384
601 391
596 401
600 401
597 400
599 403
595 415
598 415
600 408
597 447
594 443
598 441
596 437
595 427
597 426
595 429
596 429
597 429
594 422
597 421
596 417
593 467
594 467
591 471
592 471
592 469
590 473
593 473
592 474
588 479
595 459
593 463
597 451
598 451
576 489
583 488
584 485
578 499
581 503
581 508
579 506
581 506
580 504
581 591
580 590
579 588
578 604
579 600
579 596
580 592
577 616
580 617
580 620
578 637
579 634
580 519
577 516
580 522
579 530
580 532
581 536
580 551
581 550
578 552
578 553
582 559
580 569
577 569
579 566
576 655
579 654
580 653
580 650
579 640
576 661
581 658
577 670
580 669
579 664
578 675
576 673
577 672
577 687
576 699
580 702
577 694
579 690
580 690
576 710
580 710
580 716
589 107
591 110
594 122
594 126
594 114
591 83
593 82
592 80
592 90
593 90
591 92
590 40
589 36
590 56
590 50
592 50
593 52
588 21
591 20
591 18
591 16
590 2
588 8
590 11
594 213
594 211
595 217
595 216
592 218
594 218
594 220
593 192
593 198
593 200
592 255
594 254
593 242
594 242
593 224
593 234
591 186
595 186
593 189
592 160
592 163
594 164
592 174
592 157
594 157
593 158
593 152
593 150
592 148
132 145
592 141
592 136
592 134
595 295
594 294
596 291
596 306
595 310
597 316
595 284
594 286
596 281
595 276
594 277
594 272
597 272
595 264
596 362
596 361
598 359
596 380
595 382
595 344
596 328
597 388
598 388
597 386
596 404
597 404
598 406
599 406
590 478
598 449
596 452
581 494
580 626
582 626
579 622
578 595
579 604
579 590
580 580
580 520
577 518
578 534
581 544
580 566
578 652
577 642
579 642
580 664
576 666
578 668
580 680
576 676
579 672
578 674
580 692
576 694
575 689
590 81
593 86
589 69
592 76
589 75
592 75
590 124
592 125
590 121
590 101
591 108
591 49
593 58
590 46
592 46
590 45
589 40
588 22
592 22
588 16
590 18
590 19
590 8
590 9
588 12
588 4
594 212
596 212
595 208
594 202
595 202
592 200
593 230
596 230
594 228
593 238
596 232
596 242
597 242
593 240
594 240
596 241
596 252
593 166
594 166
591 167
595 168
592 169
591 188
594 189
594 190
593 185
591 176
593 177
594 182
595 182
592 128
591 134
593 135
590 150
594 150
590 158
593 157
596 292
596 290
597 290
596 296
595 298
597 306
596 319
594 287
596 286
596 280
597 276
594 279
152 270
597 346
598 350
596 340
596 338
595 336
595 326
597 326
593 322
594 328
597 328
594 358
595 356
595 353
596 367
594 378
598 373
596 460
591 476
593 468
578 501
578 502
582 487
583 489
598 384
595 388
596 399
598 414
596 405
598 428
596 420
597 439
580 579
578 600
577 593
579 593
579 598
578 630
581 608
579 613
577 538
582 538
578 540
578 528
581 552
581 553
581 554
579 575
577 706
578 698
576 674
577 680
579 644
593 118
590 112
592 120
593 100
590 92
590 90
591 90
593 88
590 86
591 80
592 68
590 78
588 52
592 52
592 54
592 58
589 60
588 32
589 34
587 38
592 36
591 44
589 46
590 42
591 42
587 8
589 9
591 11
588 10
589 4
590 4
591 4
590 0
587 29
590 22
594 214
595 214
596 210
595 209
593 221
594 221
596 222
591 201
593 204
595 192
594 196
595 238
593 235
595 233
594 224
596 254
594 255
593 248
592 250
594 244
591 162
594 174
595 175
594 170
591 180
592 180
593 180
594 177
595 176
592 179
594 191
592 186
592 153
594 153
595 158
590 140
592 140
590 142
591 142
593 142
591 143
589 136
594 136
593 137
594 138
592 130
589 134
594 134
594 315
595 314
596 314
596 312
595 317
594 316
594 318
593 304
595 304
597 307
595 308
595 309
597 310
593 292
594 295
595 288
597 288
594 289
596 289
593 291
594 303
596 303
596 301
594 298
596 298
597 296
596 267
595 266
596 266
594 270
593 271
594 269
594 258
594 257
594 260
597 284
595 285
595 286
594 280
593 282
595 282
596 275
596 324
598 326
594 322
595 322
597 322
597 323
596 321
595 330
595 328
597 335
595 332
596 332
598 338
596 351
596 349
595 348
598 348
598 344
596 376
597 376
599 376
595 377
597 378
597 382
600 382
595 373
597 372
599 374
596 370
599 369
596 368
597 368
599 368
596 352
598 352
595 354
595 358
597 358
598 358
597 359
597 357
596 366
598 366
598 367
594 364
595 364
600 365
597 362
599 362
595 361
597 361
597 360
598 399
599 399
596 398
599 396
601 396
595 394
599 392
597 393
595 387
598 387
598 386
596 415
596 412
597 412
597 413
597 408
599 408
599 410
597 402
599 402
596 403
598 403
595 400
600 407
600 404
596 435
597 433
595 438
597 440
595 442
594 445
595 445
597 445
594 446
595 446
597 424
596 425
598 426
596 427
598 427
598 431
596 419
598 419
597 418
599 418
597 417
598 420
595 421
588 478
589 478
592 473
593 472
590 474
591 474
594 468
595 468
593 470
594 464
595 467
595 452
598 452
597 454
594 448
598 448
596 449
595 451
594 456
595 457
597 457
594 461
594 463
593 462
596 462
582 490
580 491
580 488
580 494
579 492
588 482
587 480
585 484
587 484
585 485
580 502
581 501
581 500
582 500
580 506
579 507
578 505
581 505
578 504
578 510
579 510
582 510
578 511
581 511
578 508
579 508
576 509
580 509
577 588
578 584
580 584
581 584
580 586
580 587
577 582
579 582
580 582
577 583
577 576
578 576
579 576
580 576
581 577
577 579
579 603
581 603
577 602
581 602
582 602
579 601
580 601
577 600
580 600
580 604
580 605
578 606
579 606
577 607
578 607
579 607
581 607
578 598
578 597
578 594
579 594
581 592
578 593
580 618
583 619
578 622
580 622
578 623
581 623
582 623
581 621
582 621
580 612
580 613
581 613
580 614
577 615
578 615
578 608
582 608
581 639
581 637
579 636
579 633
579 632
579 624
580 624
577 626
579 626
581 626
578 629
580 629
580 628
581 631
577 630
580 630
580 513
583 513
579 512
578 514
580 514
582 514
583 514
578 517
580 517
581 516
578 518
581 523
577 522
581 522
579 520
581 521
579 524
582 525
581 526
582 530
582 529
579 528
583 528
580 534
581 534
577 532
578 536
579 536
578 537
581 537
576 539
581 540
580 543
582 543
579 554
580 554
577 553
579 558
578 556
580 556
580 546
578 544
578 549
579 548
577 551
581 570
578 571
581 568
579 572
580 573
578 575
581 566
578 563
580 563
577 710
578 709
578 708
579 707
577 714
579 714
575 715
578 715
576 712
577 712
580 713
576 717
579 717
579 716
576 718
581 666
577 667
576 665
580 670
576 668
577 669
579 669
581 669
580 658
577 657
580 656
577 663
578 663
579 663
580 661
577 645
580 645
580 644
576 641
577 641
580 641
580 640
577 643
576 648
578 648
580 648
582 648
576 649
578 649
577 650
581 655
576 654
576 653
577 652
576 693
578 693
579 693
575 692
578 695
578 701
578 702
581 696
581 678
581 677
577 676
579 676
577 684
580 684
577 685
579 685
578 687
575 682
589 96
590 96
594 102
589 103
593 106
595 106
595 108
594 123
594 124
593 112
593 113
593 114
595 116
592 118
591 86
594 86
595 83
589 88
589 78
593 78
594 78
595 73
592 65
594 65
592 64
593 67
591 70
589 71
592 69
593 69
594 69
590 38
592 38
591 39
592 39
590 36
587 44
590 44
591 40
594 40
591 43
592 43
593 54
592 53
590 52
591 50
592 49
591 56
594 56
591 59
592 60
592 62
592 63
587 2
593 2
591 3
587 6
592 4
588 14
591 9
592 31
592 30
593 28
588 29
591 29
588 24
590 26
594 16
588 17
590 21
596 223
595 220
594 216
594 215
595 215
597 214
593 213
590 212
597 200
596 202
591 206
592 192
593 194
592 198
592 254
593 254
595 254
596 251
592 247
592 242
596 234
597 232
593 239
595 236
595 225
592 230
593 163
593 161
590 166
591 164
590 174
591 174
592 175
593 175
594 175
590 172
595 170
591 171
592 168
595 184
596 184
595 188
591 189
592 191
594 178
592 181
593 181
592 183
592 158
594 156
592 155
594 146
591 145
592 145
591 148
594 148
592 149
593 131
590 128
591 135
596 135
595 141
592 142
595 142
593 296
598 296
595 297
596 297
594 299
597 299
597 298
595 300
593 301
595 291
593 288
594 288
596 288
594 292
594 293
595 293
594 311
595 311
594 310
593 308
595 307
593 306
596 304
597 304
597 317
593 312
596 282
598 282
596 283
592 280
596 284
596 287
593 275
596 274
1062 274
594 265
598 269
593 268
593 263
596 258
596 323
595 320
597 320
596 327
597 327
594 324
597 324
594 331
597 331
596 330
596 347
598 346
596 345
598 345
594 344
595 350
594 340
597 338
596 336
596 363
597 363
596 360
597 365
598 354
599 358
595 378
596 378
597 379
598 379
595 376
599 377
596 382
599 382
593 383
594 383
595 383
593 381
597 380
595 372
597 373
598 374
602 374
595 368
600 368
597 369
595 370
597 398
598 398
600 399
594 396
598 396
600 396
592 397
601 393
594 392
597 392
601 392
602 392
599 395
600 395
601 395
593 394
594 394
594 386
600 386
601 386
603 386
597 387
599 387
594 384
595 384
597 384
602 384
598 385
595 389
598 389
599 389
599 388
600 388
600 391
595 390
597 390
599 390
600 390
601 390
595 405
600 405
599 404
598 407
595 402
598 402
596 400
599 400
598 401
599 412
588 413
589 413
591 413
592 413
593 413
599 413
605 413
606 413
607 413
596 292
593 294
595 294
593 295
597 295
593 303
595 303
596 303
594 300
597 300
593 296
595 296
596 296
594 297
595 298
597 298
596 299
