585 57
591 57
598 56
590 56
591 56
586 44
595 44
591 44
596 45
590 45
584 47
596 46
600 46
592 46
595 43
591 43
586 42
597 42
574 41
590 41
591 40
593 35
596 35
591 32
584 37
595 37
591 37
596 36
592 36
581 38
595 27
585 26
596 26
597 26
590 26
591 26
584 24
585 24
590 24
584 25
585 25
593 25
596 25
585 29
586 29
591 29
590 28
581 31
595 31
591 31
583 30
590 30
585 20
596 20
591 20
588 21
595 21
590 21
581 22
599 22
585 23
596 23
584 17
594 17
596 17
590 17
589 16
591 16
587 19
589 19
591 19
591 18
584 3
585 3
595 3
589 3
582 1
594 1
595 1
597 0
593 5
595 5
596 5
602 5
595 4
588 4
589 4
591 4
592 4
585 7
589 6
591 6
592 6
584 8
585 8
595 8
588 8
590 8
592 8
582 9
603 9
589 9
590 9
591 9
584 11
590 11
591 11
593 10
589 10
593 15
595 15
591 15
597 14
591 14
597 13
591 13
589 12
591 12
592 12
589 222
593 222
596 223
595 220
585 218
593 218
588 216
589 216
594 216
588 215
591 215
587 214
589 214
591 214
599 214
598 213
593 213
594 213
587 212
593 212
594 212
595 212
588 208
599 208
592 208
594 208
587 211
593 211
594 211
593 210
588 195
589 194
593 194
594 194
593 192
594 192
597 197
598 197
599 197
594 197
599 196
594 196
588 198
592 198
593 206
594 206
593 207
594 207
589 205
597 205
592 205
595 205
582 203
588 203
600 203
599 202
593 202
595 202
592 200
593 200
594 200
595 200
595 201
589 227
598 227
599 227
597 226
600 226
599 225
595 225
592 224
593 224
594 224
599 231
589 230
592 230
594 230
598 228
594 228
608 228
592 229
594 229
590 236
594 236
595 236
587 237
589 237
594 239
595 238
596 238
595 232
595 233
593 234
590 252
596 252
601 253
594 253
595 253
590 255
594 255
577 254
595 254
592 251
590 250
593 250
590 248
594 248
595 248
599 240
594 240
595 240
599 241
601 241
596 241
589 243
592 242
594 242
589 244
595 244
588 245
590 245
595 245
585 247
599 247
594 247
595 247
595 246
594 172
592 173
592 175
593 175
592 174
593 174
594 174
595 174
586 171
587 171
588 171
589 171
591 171
593 171
609 171
597 170
592 170
582 168
593 168
594 168
595 168
592 169
593 169
587 163
588 162
593 162
594 162
587 161
591 161
593 161
591 160
592 160
593 160
588 167
597 167
594 166
593 165
594 165
590 164
593 164
586 181
587 181
588 181
592 181
593 181
594 180
594 182
595 182
591 183
592 183
594 183
597 178
603 178
592 178
594 178
588 179
591 179
594 179
597 177
593 177
594 177
590 176
591 176
592 176
594 176
376 187
592 187
593 186
594 186
595 186
596 186
586 184
594 184
593 185
589 191
598 191
592 191
593 191
594 191
595 191
591 188
593 188
594 188
595 188
595 189
588 153
598 153
592 153
593 153
611 153
597 152
592 152
595 152
600 154
590 154
593 154
594 154
591 155
592 155
599 156
592 156
593 156
594 156
595 156
591 157
595 157
587 158
593 158
590 159
592 159
593 159
594 159
585 144
592 144
593 144
594 144
591 145
592 145
593 145
594 145
598 147
592 147
594 147
590 146
592 146
593 146
587 150
600 150
590 150
592 150
593 150
591 151
590 148
591 148
592 148
594 148
592 149
593 149
585 142
598 142
591 142
592 142
594 142
591 143
593 143
594 143
587 140
591 140
592 140
593 140
594 140
591 141
593 141
587 138
599 138
591 138
592 138
593 138
591 139
592 139
586 137
587 137
591 136
592 136
593 136
575 131
592 131
593 131
593 130
594 130
589 129
590 129
592 129
593 129
590 128
591 128
593 128
587 135
590 135
591 135
592 135
590 134
592 134
593 134
594 134
596 134
600 132
591 132
593 132
590 133
592 133
594 305
595 305
596 305
597 305
600 304
593 304
596 304
597 304
593 306
594 306
595 306
596 306
597 306
594 307
595 307
596 307
595 308
596 308
595 309
597 309
593 310
595 310
596 310
595 311
597 311
595 316
596 316
593 317
594 317
595 317
597 317
595 318
596 318
597 318
595 319
590 313
594 313
596 313
597 313
597 312
600 315
594 315
596 315
594 314
596 314
597 314
593 295
594 295
595 295
597 295
625 295
594 294
595 294
597 294
593 292
595 292
596 292
597 292
594 293
595 293
596 293
593 288
594 288
596 288
588 289
594 289
595 289
597 289
594 290
596 290
597 290
596 291
597 291
593 296
596 296
598 296
594 297
595 297
596 297
597 297
592 298
593 298
595 298
597 298
594 299
595 299
596 299
591 303
594 303
593 302
594 302
597 302
594 300
596 300
597 300
594 301
595 301
593 258
594 258
595 258
596 258
594 259
595 259
591 256
595 256
596 256
593 257
596 257
594 261
595 261
596 261
592 260
594 260
595 260
596 260
593 262
596 262
597 262
593 263
594 263
595 263
596 263
597 263
592 266
593 266
594 266
596 266
593 267
594 267
595 267
597 267
593 264
594 264
595 264
596 264
592 265
594 265
595 265
573 271
594 271
595 271
596 271
597 271
593 270
595 270
597 270
598 270
599 270
577 269
597 269
598 269
593 268
594 268
595 268
596 268
597 268
592 272
594 272
597 272
592 273
593 273
594 273
596 273
597 273
593 274
594 274
595 274
597 274
594 275
593 278
596 278
592 279
594 279
597 279
591 276
593 276
594 276
593 277
594 277
596 277
597 277
593 287
594 287
595 287
596 287
597 287
598 287
593 286
594 286
596 286
593 284
597 284
598 284
593 285
594 285
592 280
594 280
594 281
596 281
597 281
598 281
611 281
594 283
596 283
594 282
569 335
595 335
596 335
598 335
594 334
595 334
596 334
598 334
592 333
593 333
594 333
597 333
598 333
599 333
594 332
597 332
598 332
595 330
596 330
597 330
598 330
594 331
596 331
597 331
594 328
596 328
597 328
599 328
595 329
596 329
597 329
598 329
594 326
595 326
596 326
593 324
594 324
595 324
597 324
599 324
594 325
595 325
596 325
593 323
594 323
595 323
596 323
598 323
596 322
597 322
598 322
599 322
597 320
598 320
597 321
590 341
594 341
595 341
596 341
597 341
598 341
594 340
595 340
596 340
598 340
599 340
595 342
597 342
594 343
597 343
599 343
594 338
595 338
596 338
597 338
598 338
595 339
596 339
597 339
598 339
599 339
595 336
596 336
593 337
594 337
595 337
597 347
598 347
599 347
595 346
596 346
597 346
599 346
595 345
597 345
598 345
594 344
595 344
598 344
595 349
597 349
598 349
593 348
594 348
596 348
599 348
594 350
595 350
596 350
597 350
599 350
593 351
594 351
594 354
595 354
596 354
597 354
598 354
599 354
600 354
597 355
598 355
599 355
594 353
595 353
596 353
597 353
598 352
599 352
593 356
597 356
598 356
600 356
596 357
598 357
596 359
597 359
600 359
594 358
595 358
600 358
586 365
595 365
596 365
597 365
598 365
599 365
613 365
592 364
594 364
596 364
597 364
599 364
600 364
601 364
590 366
594 366
599 366
600 366
590 367
596 367
597 367
590 362
594 362
595 362
598 362
599 362
601 362
595 363
598 363
599 363
591 360
594 360
595 360
596 360
592 361
598 361
599 361
591 383
594 383
595 383
596 383
597 383
601 383
606 383
592 382
593 382
594 382
595 382
597 382
598 382
607 382
588 380
590 380
592 380
593 380
595 380
599 380
600 380
605 380
606 380
611 380
589 381
593 381
594 381
595 381
598 381
599 381
600 381
601 381
605 381
592 377
594 377
595 377
599 377
602 377
605 377
588 376
592 376
593 376
594 376
595 376
598 376
600 376
601 376
602 376
603 376
605 376
588 378
589 378
590 378
592 378
594 378
595 378
597 378
599 378
600 378
601 378
602 378
603 378
591 379
592 379
594 379
595 379
596 379
599 379
601 379
602 379
603 379
590 373
591 373
594 373
596 373
598 373
600 373
603 373
604 373
587 372
589 372
590 372
594 372
597 372
598 372
599 372
600 372
601 372
602 372
589 374
590 374
591 374
592 374
593 374
594 374
595 374
596 374
597 374
599 374
600 374
590 375
592 375
593 375
596 375
600 375
601 375
602 375
591 369
596 369
597 369
598 369
602 369
603 369
588 368
592 368
593 368
594 368
595 368
598 368
599 368
601 368
590 371
594 371
596 371
600 371
601 371
602 371
593 370
594 370
599 370
600 370
601 370
590 396
591 396
596 396
597 396
600 396
602 396
603 396
604 396
589 397
592 397
593 397
594 397
596 397
598 397
600 397
605 397
593 398
594 398
601 398
602 398
593 399
596 399
598 399
599 399
600 399
602 399
603 399
593 394
594 394
597 394
600 394
602 394
603 394
605 394
593 395
594 395
598 395
601 395
604 395
605 395
607 395
591 392
593 392
597 392
598 392
599 392
603 392
604 392
605 392
606 392
590 393
591 393
593 393
595 393
596 393
598 393
600 393
590 390
592 390
594 390
595 390
596 390
597 390
598 390
602 390
603 390
605 390
593 391
594 391
595 391
596 391
598 391
599 391
601 391
605 391
591 389
592 389
594 389
596 389
598 389
600 389
601 389
603 389
604 389
589 388
590 388
592 388
593 388
595 388
598 388
599 388
601 388
602 388
603 388
604 388
586 387
590 387
591 387
593 387
594 387
595 387
596 387
599 387
602 387
603 387
604 387
585 386
594 386
595 386
596 386
599 386
602 386
603 386
607 386
591 385
593 385
594 385
595 385
596 385
597 385
601 385
604 385
608 385
587 384
588 384
590 384
591 384
593 384
595 384
596 384
597 384
598 384
600 384
603 384
606 384
593 407
594 407
595 407
596 407
599 407
602 407
593 406
595 406
596 406
597 406
598 406
599 406
601 406
603 406
590 405
591 405
595 405
596 405
597 405
598 405
601 405
593 404
597 404
598 404
599 404
593 403
599 403
600 403
606 403
592 402
593 402
594 402
595 402
596 402
597 402
600 402
601 402
603 402
591 400
592 400
594 400
597 400
598 400
601 400
602 400
592 401
593 401
594 401
595 401
598 401
599 401
602 401
593 410
594 410
595 410
596 410
599 410
600 410
599 411
600 411
594 408
595 408
598 408
600 408
601 408
602 408
603 408
594 409
598 409
599 409
600 409
594 413
595 413
598 413
600 413
594 412
600 412
601 412
602 412
596 414
597 414
600 414
601 414
595 415
596 415
599 415
600 415
592 419
594 419
598 419
599 419
600 419
601 419
590 418
596 418
598 418
594 416
597 416
598 416
600 416
595 417
598 417
600 417
593 420
594 420
595 420
596 420
598 420
599 420
593 421
594 421
596 421
597 421
599 421
593 422
595 422
598 422
593 423
594 423
597 423
593 428
596 428
597 428
598 428
599 428
598 429
599 429
594 430
596 430
597 430
598 430
596 431
597 431
599 431
593 426
597 426
599 426
593 427
594 427
595 427
599 427
596 424
598 424
593 425
594 425
595 425
596 425
594 436
595 436
597 436
599 436
594 437
595 437
596 437
593 438
594 438
596 438
597 438
598 438
599 438
593 439
594 439
595 439
597 439
598 439
599 439
592 432
594 432
596 432
597 432
595 433
598 433
595 435
596 435
597 435
598 435
599 435
593 434
600 434
592 444
593 444
594 444
595 444
596 444
598 444
599 444
592 445
593 445
595 445
599 445
592 446
593 446
597 446
599 446
594 447
595 447
596 447
597 447
599 447
600 447
593 440
594 440
596 440
597 440
598 440
593 441
595 441
596 441
597 441
598 441
592 443
597 443
594 442
597 442
598 442
599 442
600 442
587 478
589 478
590 478
591 478
587 479
590 479
591 479
591 476
591 477
592 477
590 472
591 472
594 472
589 473
590 473
591 473
594 473
589 475
590 475
591 475
592 475
593 475
588 474
589 474
590 474
571 464
592 464
593 464
595 464
596 464
593 465
594 465
595 465
593 466
594 466
595 466
591 467
593 470
593 471
594 471
592 468
593 468
595 468
596 468
593 455
594 455
595 455
598 455
593 454
595 454
596 454
598 454
599 454
593 452
594 452
596 452
597 452
593 453
594 453
595 453
596 453
598 453
592 451
594 451
596 451
597 451
599 451
601 451
593 450
594 450
595 450
599 450
600 450
595 449
597 449
598 449
600 449
593 448
597 448
599 448
592 458
593 458
594 458
595 458
596 458
597 458
598 458
593 459
597 459
598 459
593 457
594 457
595 457
596 457
593 456
598 456
592 460
593 460
594 460
595 460
597 460
598 460
592 461
593 461
595 461
593 463
595 463
597 463
591 462
592 462
597 462
565 490
567 490
569 490
572 490
573 490
575 490
577 490
578 490
579 490
580 490
581 490
582 490
583 490
584 490
582 491
562 488
563 488
564 488
565 488
566 488
569 488
570 488
571 488
572 488
573 488
574 488
575 488
576 488
577 488
578 488
579 488
581 488
584 488
585 488
567 489
568 489
576 489
577 489
579 489
580 489
582 489
583 489
584 489
577 493
578 493
580 493
581 493
577 492
578 492
579 492
580 492
581 492
576 494
577 494
578 494
581 494
583 494
576 495
577 495
580 495
581 495
582 495
584 495
569 483
570 483
571 483
572 483
574 483
575 483
576 483
577 483
578 483
584 483
588 483
566 482
569 482
575 482
586 482
588 482
589 482
560 481
585 481
586 481
587 481
588 481
589 481
586 480
588 480
590 480
591 480
568 486
570 486
571 486
573 486
574 486
575 486
576 486
579 486
580 486
581 486
582 486
583 486
584 486
585 486
563 487
567 487
569 487
571 487
572 487
573 487
576 487
577 487
579 487
580 487
583 487
585 487
569 484
581 484
582 484
583 484
584 484
586 484
588 484
568 485
569 485
572 485
576 485
579 485
580 485
581 485
582 485
583 485
586 485
587 485
573 508
574 508
575 508
576 508
577 508
581 508
582 508
583 508
585 508
588 508
573 509
574 509
575 509
578 509
579 509
583 509
584 509
585 509
586 509
573 510
575 510
579 510
581 510
584 510
585 510
587 510
570 511
575 511
576 511
577 511
578 511
579 511
580 511
582 511
583 511
584 511
586 511
575 506
577 506
581 506
582 506
583 506
585 506
586 506
587 506
574 507
575 507
576 507
577 507
578 507
580 507
582 507
584 507
585 507
589 507
579 505
580 505
583 505
577 504
580 504
581 504
582 504
583 504
585 504
577 502
578 502
580 502
583 502
576 503
577 503
580 503
582 503
583 503
584 503
577 501
578 501
579 501
582 501
583 501
577 500
578 500
579 500
580 500
577 498
578 498
581 498
563 499
576 499
577 499
584 499
577 496
578 496
581 496
582 496
583 496
578 497
582 497
575 587
576 587
577 587
582 587
583 587
576 586
577 586
578 586
579 586
581 586
582 586
529 584
575 584
576 584
577 584
578 584
579 584
582 584
583 584
584 584
575 585
576 585
578 585
583 585
584 585
575 588
576 588
577 588
579 588
580 588
581 588
582 588
576 589
578 589
580 589
583 589
575 591
576 591
579 591
580 591
581 591
583 591
584 591
575 590
576 590
578 590
581 590
582 590
583 590
576 579
578 579
579 579
580 579
582 579
583 579
574 578
575 578
576 578
578 578
580 578
582 578
583 578
584 578
582 576
584 576
574 577
575 577
576 577
577 577
578 577
579 577
582 577
583 577
574 583
575 583
576 583
577 583
582 583
583 583
574 582
575 582
576 582
577 582
578 582
580 582
583 582
574 580
575 580
576 580
580 580
581 580
583 580
566 581
574 581
576 581
577 581
578 581
580 581
581 581
582 581
583 581
574 600
575 600
576 600
578 600
582 600
583 600
584 600
578 601
579 601
580 601
581 601
583 601
584 601
576 602
577 602
578 602
579 602
583 602
575 603
576 603
578 603
581 603
582 603
583 603
587 603
576 607
579 607
580 607
582 607
583 607
584 607
657 607
574 606
576 606
577 606
582 606
584 606
574 604
575 604
576 604
577 604
579 604
581 604
582 604
584 604
574 605
575 605
576 605
578 605
579 605
582 605
583 605
584 605
585 605
575 594
576 594
577 594
579 594
580 594
581 594
582 594
583 594
575 595
576 595
577 595
578 595
581 595
582 595
583 595
575 592
576 592
579 592
580 592
581 592
582 592
583 592
576 593
577 593
579 593
574 596
576 596
578 596
579 596
582 596
583 596
574 597
575 597
576 597
577 597
579 597
580 597
581 597
583 597
584 597
576 599
577 599
578 599
579 599
580 599
581 599
582 599
583 599
584 599
574 598
575 598
576 598
579 598
583 598
584 598
585 598
575 612
576 612
577 612
580 612
581 612
582 612
583 612
680 612
575 613
576 613
578 613
579 613
583 613
574 614
576 614
581 614
582 614
583 614
576 615
580 615
581 615
583 615
585 615
574 608
575 608
576 608
577 608
578 608
579 608
580 608
581 608
584 608
574 609
575 609
578 609
581 609
582 609
583 609
585 609
572 610
574 610
575 610
576 610
577 610
580 610
581 610
582 610
583 610
573 611
574 611
577 611
582 611
583 611
584 611
574 623
576 623
577 623
578 623
579 623
580 623
583 623
576 622
577 622
580 622
583 622
576 621
578 621
579 621
580 621
581 621
582 621
583 621
584 621
586 621
575 620
576 620
579 620
580 620
581 620
583 620
574 617
575 617
577 617
578 617
580 617
581 617
582 617
583 617
575 616
576 616
577 616
579 616
580 616
581 616
583 616
576 619
578 619
580 619
583 619
584 619
575 618
576 618
579 618
580 618
582 618
583 618
584 618
574 635
578 635
579 635
580 635
582 635
583 635
575 634
577 634
578 634
580 634
581 634
582 634
583 634
575 633
576 633
577 633
579 633
580 633
581 633
582 633
583 633
585 633
575 632
577 632
578 632
582 632
584 632
585 632
575 637
576 637
577 637
578 637
581 637
582 637
583 637
575 636
577 636
578 636
579 636
581 636
582 636
583 636
575 638
576 638
577 638
579 638
581 638
582 638
576 639
580 639
581 639
582 639
572 626
575 626
576 626
577 626
580 626
583 626
575 627
577 627
578 627
579 627
574 624
575 624
576 624
577 624
578 624
579 624
580 624
581 624
582 624
583 624
586 624
575 625
576 625
577 625
578 625
582 625
583 625
563 630
575 630
576 630
578 630
581 630
582 630
575 631
576 631
577 631
578 631
580 631
582 631
583 631
575 629
576 629
578 629
579 629
580 629
581 629
583 629
575 628
576 628
577 628
578 628
579 628
581 628
583 628
573 516
574 516
575 516
577 516
578 516
579 516
580 516
581 516
582 516
583 516
584 516
585 516
574 517
575 517
576 517
579 517
581 517
584 517
585 517
586 517
574 518
579 518
581 518
583 518
584 518
585 518
586 518
587 518
589 518
575 519
576 519
577 519
578 519
579 519
580 519
581 519
583 519
584 519
585 519
590 519
575 515
576 515
579 515
580 515
581 515
583 515
584 515
585 515
586 515
589 515
572 514
573 514
574 514
576 514
577 514
578 514
579 514
581 514
585 514
586 514
573 512
575 512
578 512
579 512
580 512
581 512
583 512
584 512
585 512
597 512
574 513
575 513
576 513
579 513
583 513
584 513
585 513
586 513
573 520
575 520
576 520
577 520
579 520
580 520
581 520
582 520
583 520
584 520
585 520
586 520
575 521
576 521
580 521
582 521
583 521
585 521
574 523
576 523
579 523
580 523
581 523
582 523
584 523
586 523
574 522
579 522
582 522
583 522
584 522
586 522
573 525
574 525
576 525
578 525
579 525
580 525
581 525
583 525
584 525
585 525
575 524
576 524
578 524
579 524
581 524
583 524
571 526
574 526
575 526
576 526
577 526
578 526
580 526
582 526
583 526
584 526
585 526
586 526
588 526
569 527
573 527
574 527
576 527
577 527
578 527
579 527
582 527
583 527
584 527
585 527
586 527
575 534
576 534
578 534
581 534
583 534
584 534
575 535
576 535
577 535
583 535
584 535
573 533
574 533
575 533
576 533
577 533
578 533
580 533
582 533
584 533
574 532
575 532
576 532
578 532
579 532
582 532
583 532
584 532
585 532
575 528
576 528
578 528
580 528
581 528
583 528
584 528
585 528
586 528
574 529
576 529
577 529
580 529
581 529
582 529
583 529
584 529
585 529
572 530
575 530
576 530
577 530
580 530
582 530
584 530
586 530
573 531
575 531
576 531
577 531
578 531
579 531
580 531
581 531
582 531
584 531
585 531
575 543
576 543
577 543
578 543
579 543
581 543
582 543
583 543
584 543
585 543
575 542
576 542
577 542
578 542
580 542
581 542
582 542
583 542
584 542
576 540
580 540
581 540
582 540
583 540
584 540
586 540
572 541
575 541
576 541
577 541
580 541
581 541
583 541
584 541
585 541
575 536
576 536
577 536
578 536
580 536
581 536
584 536
575 537
576 537
578 537
579 537
580 537
581 537
583 537
575 538
576 538
580 538
582 538
583 538
584 538
586 538
577 539
579 539
580 539
583 539
584 539
601 539
575 561
576 561
580 561
581 561
583 561
585 561
576 560
577 560
581 560
582 560
575 562
576 562
578 562
579 562
581 562
582 562
583 562
