581 658
562 663
577 663
581 660
577 661
583 677
9 676
576 676
576 674
577 672
579 672
579 680
580 680
577 682
578 682
578 686
577 687
580 684
576 694
577 694
583 694
578 695
573 693
579 692
580 692
580 690
583 690
568 688
579 688
575 689
579 689
578 697
581 702
579 703
572 716
580 716
576 719
578 714
579 713
578 704
578 705
577 706
576 710
577 708
582 709
593 114
591 119
594 123
593 122
594 122
590 120
595 120
574 126
586 101
591 100
593 100
596 97
590 98
593 98
590 110
591 110
590 108
594 106
592 104
585 94
589 90
594 90
592 88
591 89
589 84
590 85
593 82
593 75
588 78
595 78
591 76
592 77
591 70
592 70
589 68
591 18
590 17
589 16
592 22
591 20
590 30
588 30
605 30
590 28
590 24
640 12
590 8
592 8
589 9
591 11
590 0
591 0
590 2
589 6
589 4
590 41
586 41
591 40
590 43
595 43
591 44
589 46
591 33
589 32
588 34
589 36
591 37
592 48
591 49
592 50
592 54
591 55
592 52
591 57
584 57
590 56
592 62
590 60
591 60
573 201
591 201
593 200
594 200
595 200
595 202
593 204
593 194
592 198
587 215
594 214
591 212
594 212
594 213
592 208
594 208
592 218
594 218
591 216
594 216
595 220
593 223
596 232
597 232
596 234
593 229
593 226
596 226
592 250
617 250
594 252
594 254
596 242
597 242
593 240
594 244
595 173
595 168
595 167
590 164
594 164
591 160
592 160
591 161
599 191
400 189
593 184
592 186
594 181
595 179
586 145
591 150
593 150
594 153
591 154
592 156
592 157
592 128
595 128
