582 631
578 636
577 639
578 635
580 635
579 634
581 633
580 519
581 519
583 516
579 515
583 515
582 513
576 512
581 527
580 522
579 522
578 520
580 521
583 534
579 533
581 531
582 539
582 537
580 536
581 536
578 543
579 543
582 572
582 571
580 569
581 564
578 567
578 561
580 561
582 561
577 557
578 557
580 559
582 559
576 553
578 553
578 552
577 549
583 549
579 550
581 550
582 550
578 547
580 669
580 671
579 664
580 664
576 661
575 659
581 658
577 642
581 647
580 653
575 655
576 655
579 654
577 679
578 675
576 673
579 680
580 680
581 686
577 687
576 687
581 691
581 693
577 694
578 697
576 705
576 709
580 709
577 710
580 710
575 713
578 718
581 719
580 716
593 106
589 109
590 96
590 117
594 117
594 114
590 120
594 122
594 126
592 76
593 82
592 80
592 86
593 86
590 90
592 90
593 90
594 90
591 92
590 63
592 62
591 57
593 57
591 56
