1187 697
21 148
117 596
77 643
39 91
23 63
404 333
27 294
1250 684
65 624
14 57
1265 642
1198 678
54 80
55 169
1 255
116 553
13 570
1267 546
29 63
562 311
49 705
1143 122
581 646
155 312
39 626
56 696
945 511
1259 684
31 380
10 458
82 62
4 483
15 435
99 714
795 450
93 711
615 352
7 177
302 310
12 483
899 339
22 575
59 615
72 589
4 45
1252 702
30 568
13 462
13 169
1097 457
31 100
37 652
59 66
1145 327
508 399
1275 659
727 629
7 113
15 598
24 620
15 234
75 71
94 699
22 465
1 105
59 75
4 315
107 703
12 631
14 282
369 263
30 696
16 15
43 30
6 336
8 268
45 40
10 211
406 124
75 13
24 533
167 481
54 679
9 473
958 358
20 244
11 188
62 116
76 70
10 259
