715 718
1066 140
284 290
964 77
177 280
518 103
845 530
1084 657
331 337
768 384
1181 483
760 292
884 404
1208 411
397 169
1080 451
384 449
1006 122
850 117
343 374
655 180
988 65
733 387
578 199
288 31
772 300
924 112
580 409
1026 61
407 227
964 425
946 150
1055 133
812 95
879 2
933 97
1102 157
813 99
911 130
1031 172
442 324
374 16
642 69
661 46
1051 174
672 313
513 313
436 239
761 634
1023 163
574 197
617 305
438 301
130 605
391 169
933 163
602 406
456 230
1078 187
1150 153
1078 79
853 368
1051 14
449 488
773 629
879 112
184 29
153 590
707 706
903 57
1038 146
747 717
376 171
465 261
527 19
888 717
506 312
979 176
738 658
240 16
369 351
719 233
768 622
611 322
381 370
953 412
713 484
454 49
918 443
713 311
839 205
95 253
906 540
365 252
875 127
980 288
1049 638
329 270
1028 49
656 266
169 59
793 119
886 510
426 380
1039 248
591 460
900 710
703 426
530 719
474 214
492 133
1033 484
1026 439
710 173
827 491
768 97
501 164
1089 81
157 199
1191 339
406 136
1120 610
1204 242
828 134
609 390
1070 499
676 468
914 87
503 249
1095 593
566 331
163 539
1004 498
1055 271
1014 99
635 172
243 17
426 341
703 19
1016 545
864 71
206 74
910 57
529 351
736 72
1130 147
790 635
706 340
256 71
814 145
866 20
378 141
857 3
338 455
821 79
472 719
1030 487
1033 46
961 44
908 146
681 300
745 529
943 494
987 147
311 400
1025 174
1100 181
157 207
614 467
709 82
1103 227
513 111
763 598
796 98
395 264
1031 166
586 352
493 92
989 150
749 26
503 442
433 333
450 40
1265 619
839 709
508 300
630 654
835 669
868 388
1064 17
870 48
522 317
435 322
702 35
812 73
1024 179
290 28
832 550
474 327
413 478
824 44
1033 190
667 66
827 603
787 148
872 664
934 151
328 431
508 180
877 84
773 77
218 223
357 29
1108 107
1068 366
851 654
361 534
768 652
873 150
875 311
1147 155
363 354
865 297
220 255
551 585
1046 290
357 291
824 567
907 39
947 275
543 40
655 83
595 46
308 47
893 54
806 88
914 628
820 210
929 154
625 55
1114 153
596 269
1018 124
826 119
120 318
1026 117
531 583
821 74
82 331
724 128
957 147
782 26
749 376
1019 480
960 166
1228 576
312 9
1005 510
666 85
519 301
977 34
980 31
862 27
1072 580
858 145
1113 98
802 41
783 29
635 143
73 354
746 2
290 454
448 355
807 342
681 19
871 700
897 451
692 261
983 151
125 351
451 98
335 450
1066 601
810 106
900 95
987 150
1098 441
195 191
718 110
679 23
417 408
341 347
587 479
601 233
575 366
327 397
475 256
916 120
1058 42
397 368
1087 578
689 16
983 76
1116 151
214 32
321 557
558 438
957 515
495 245
563 506
1132 240
1208 300
896 432
925 452
1034 42
689 20
81 405
831 521
625 398
1035 155
1057 359
864 584
352 461
693 384
565 456
1138 183
1063 577
795 293
716 475
968 17
733 718
761 305
835 249
671 338
895 128
836 650
684 39
545 341
1046 429
942 682
1080 312
848 640
814 4
564 6
510 256
336 436
807 487
1071 552
553 177
904 602
490 356
151 217
831 450
330 428
1166 181
503 290
948 334
715 40
378 60
1012 136
799 216
1045 165
636 181
1081 459
1215 346
992 104
682 690
734 299
1218 357
1175 299
694 710
888 52
429 350
1007 26
1074 367
782 443
163 373
408 152
885 43
190 662
560 22
833 127
999 171
1149 129
1023 26
973 57
285 499
917 303
1064 158
920 62
416 121
274 435
1016 299
792 60
683 195
768 458
404 31
103 336
979 166
1096 125
592 69
1009 151
690 36
700 406
573 516
919 450
1187 188
818 130
144 523
372 436
144 633
976 93
948 36
1070 189
666 428
856 70
994 1
496 494
1083 90
516 471
798 618
347 169
515 480
461 272
1121 121
590 498
1066 534
846 127
875 431
252 6
1157 163
588 121
409 346
414 491
770 244
536 468
814 199
601 135
83 412
989 16
484 333
930 138
999 496
432 212
482 140
335 69
1086 514
1100 175
609 81
795 195
780 375
1055 637
470 473
813 100
874 100
451 40
1000 58
994 162
742 97
957 351
383 133
606 176
768 398
512 347
343 54
910 343
416 123
352 318
848 361
935 418
1019 443
689 557
857 612
686 283
1046 171
1129 482
974 125
365 249
664 262
965 332
1081 423
768 267
386 406
403 334
732 18
874 492
1004 482
896 206
573 444
570 416
866 191
1054 457
1011 485
367 16
834 355
730 543
197 5
116 122
553 350
393 499
746 130
334 171
1107 65
220 691
928 51
474 276
794 584
365 522
1137 141
917 90
689 401
1057 669
633 307
878 426
55 596
465 398
97 260
898 475
978 32
932 80
704 597
529 2
275 12
977 43
463 115
497 319
1033 72
608 181
921 446
1201 275
1087 311
371 359
992 132
1011 132
415 491
1074 303
471 209
204 233
642 290
668 75
878 92
1050 578
157 178
1038 104
1112 147
324 300
179 63
1107 359
326 200
404 163
401 373
1029 534
960 122
783 186
1105 64
658 377
665 357
1033 455
1024 601
331 216
373 509
808 77
701 32
950 278
920 233
1176 502
678 52
788 335
657 48
358 7
1087 150
1117 100
1212 307
772 485
870 1
248 182
550 399
1113 146
941 217
686 17
717 76
744 87
1136 192
739 116
1073 158
640 195
836 589
615 76
534 326
375 302
886 10
397 537
161 299
608 213
790 45
910 84
701 86
714 0
1004 144
778 391
619 77
779 57
490 271
683 302
733 126
481 438
852 650
1037 443
547 500
699 66
779 393
997 59
865 459
792 64
1000 11
877 17
1122 201
959 165
451 411
413 164
1011 72
940 161
912 146
928 117
1046 166
370 355
500 392
411 360
99 337
652 508
653 41
687 431
842 23
779 71
1081 118
643 86
976 163
807 74
928 33
480 204
92 460
417 544
458 282
1029 121
681 25
995 18
175 195
1176 200
952 47
1165 203
392 172
1126 164
690 531
886 700
817 31
584 245
660 371
845 615
690 467
725 123
375 378
992 11
853 691
683 27
1051 285
945 619
895 59
1186 501
1081 551
348 463
770 462
662 42
375 145
112 494
419 401
355 498
143 284
1047 196
261 190
107 316
775 103
756 25
1142 133
801 76
730 341
544 263
86 446
818 338
991 24
864 80
258 181
678 53
892 574
773 225
791 256
975 171
872 41
1008 106
369 371
854 123
769 125
881 478
1080 59
508 337
863 4
421 29
1065 141
930 28
862 64
735 73
886 124
957 107
676 47
684 42
1031 35
236 543
829 94
810 76
1149 171
750 7
948 548
1087 144
1032 148
832 615
1043 64
909 84
588 456
713 709
291 27
792 374
135 291
1015 137
882 128
755 34
203 492
622 81
94 331
797 61
1020 114
635 35
954 148
933 411
778 6
101 444
1092 86
750 654
157 293
385 157
1015 178
688 240
873 376
927 96
683 11
1167 162
668 49
766 84
852 90
1146 123
175 235
833 114
184 222
915 147
1032 171
100 335
1109 110
1075 468
733 283
1089 207
616 66
941 140
922 126
914 52
719 20
489 399
1084 171
1000 146
797 27
857 23
812 75
827 144
690 41
804 78
737 115
485 489
918 116
1158 165
800 16
1153 123
175 269
1150 211
878 461
830 121
650 52
363 239
912 112
699 43
909 83
830 76
831 56
997 707
967 121
1062 410
823 52
195 54
894 100
682 428
692 40
1135 192
1081 48
815 569
699 338
607 115
1137 436
255 202
1184 514
800 32
419 519
717 538
1066 150
965 4
753 97
1083 189
1093 178
163 277
786 51
847 208
980 21
598 326
609 561
56 40
706 52
739 2
117 542
839 139
924 139
1043 102
707 59
913 16
237 606
201 262
1115 88
729 127
763 68
550 0
1026 467
1069 165
1074 182
488 274
829 70
996 120
920 158
651 82
690 4
138 322
1006 143
646 131
598 255
691 15
458 465
431 42
359 351
662 84
460 464
916 57
273 189
857 453
901 83
782 263
385 153
209 87
171 225
1076 77
782 584
756 70
569 230
690 45
679 56
931 7
1079 184
1044 149
825 12
78 361
894 577
636 180
934 36
681 41
536 4
811 79
1039 142
139 276
936 166
764 126
721 705
413 322
759 621
1082 179
908 101
838 15
693 16
1071 185
745 343
915 61
755 267
688 45
690 101
684 409
691 46
1046 183
141 628
898 435
1098 503
906 100
895 146
1084 636
986 124
1059 59
904 43
768 141
661 214
1069 159
671 703
653 301
982 93
811 202
376 412
792 99
388 41
1088 183
973 48
798 114
617 592
749 120
413 483
952 6
731 292
778 100
868 413
312 715
1057 149
1126 108
1093 124
1055 105
940 137
916 53
774 263
792 70
999 382
895 203
922 533
253 21
1101 176
629 537
363 303
1124 105
1076 102
129 592
664 708
338 55
562 319
764 84
1151 199
547 564
858 607
472 367
888 150
346 102
442 35
203 245
355 458
635 58
541 189
162 305
581 327
910 103
938 552
853 119
1109 119
812 125
988 168
946 133
954 544
870 99
614 77
113 215
532 27
917 384
397 319
785 653
965 3
917 145
626 465
983 389
911 589
903 143
1203 309
306 38
509 386
1002 88
651 140
744 365
650 375
1166 195
994 411
1083 103
100 278
124 298
913 160
755 295
980 105
1114 109
738 332
884 81
811 437
201 237
479 194
152 320
715 317
626 52
879 504
346 191
796 659
1094 321
772 395
800 94
1101 103
927 154
673 43
1134 197
946 560
1071 144
668 66
492 350
814 320
158 628
1129 204
1005 346
800 33
827 138
1092 138
936 106
1149 180
996 24
1011 117
947 464
376 381
783 35
1049 155
1029 11
273 52
1022 177
924 15
1020 42
1120 178
969 73
981 139
1151 125
628 268
1060 75
506 512
1155 141
518 482
547 362
601 524
1066 144
953 526
346 491
425 31
677 98
824 145
772 38
662 39
422 187
674 28
440 114
452 321
788 79
516 509
908 239
721 226
339 457
1127 125
855 138
377 311
91 336
661 325
802 73
612 190
826 416
342 130
1014 49
394 602
944 67
208 24
996 26
445 2
894 526
1106 190
488 51
621 476
710 387
892 120
849 147
940 32
671 24
1145 149
1030 35
224 192
502 192
747 274
984 141
104 227
725 363
343 131
445 3
384 219
1141 108
464 359
677 11
359 191
757 613
512 253
812 500
480 244
284 9
712 375
398 365
665 48
319 78
592 482
916 133
847 481
510 228
702 355
426 204
823 123
367 15
856 74
754 477
797 643
1024 186
767 564
415 352
426 132
391 31
690 104
1123 121
806 459
199 213
223 213
1172 258
560 173
706 306
674 24
1000 129
147 289
750 424
232 56
450 232
614 424
442 118
346 264
90 387
567 378
724 9
949 269
852 490
1140 170
761 253
122 285
982 270
1138 712
851 533
780 115
1005 180
1079 180
473 305
91 365
1127 73
773 566
928 491
553 429
579 357
274 50
174 250
942 154
790 136
785 587
769 35
449 376
865 105
914 297
1071 554
1088 54
824 461
1088 58
827 43
131 286
558 180
1154 299
673 407
441 365
1021 152
124 217
525 196
715 495
711 396
391 4
793 72
623 280
481 387
442 238
457 306
569 69
517 129
924 470
980 55
930 24
1034 623
914 68
472 365
313 236
1155 185
897 445
972 148
900 528
739 256
682 692
163 219
562 476
855 52
634 94
161 272
352 260
917 41
1106 164
840 478
230 712
729 64
818 78
567 307
115 237
787 89
545 280
836 97
761 102
1182 520
319 36
784 137
602 170
230 27
1030 102
1150 262
1050 61
545 175
1154 165
1051 73
1033 45
528 183
834 669
595 414
700 555
763 566
892 119
269 27
1144 131
793 84
1172 195
1039 48
990 169
726 484
728 9
967 259
344 420
481 122
874 391
1127 92
848 215
791 251
890 494
448 148
217 718
908 37
394 16
188 62
432 314
857 231
920 166
751 545
554 265
930 598
941 20
537 319
557 445
1019 474
406 369
1122 69
500 106
604 104
545 273
678 59
259 31
382 696
888 227
562 26
627 223
619 295
744 520
388 135
622 468
354 333
1076 608
356 373
1189 427
237 501
897 295
702 20
792 346
267 38
761 312
746 274
125 319
290 438
638 77
555 414
603 694
1012 435
733 299
549 334
336 76
433 346
308 441
355 387
862 392
956 56
674 371
1196 342
449 316
915 109
973 123
935 131
327 27
699 390
524 102
240 62
894 63
642 172
427 241
649 90
561 361
923 353
759 14
142 216
1093 179
930 108
523 447
909 598
908 663
1160 662
1097 351
622 251
384 156
120 115
554 63
812 592
656 43
1024 290
641 44
784 176
729 97
674 450
792 463
1041 85
512 130
962 502
1036 520
759 633
636 270
748 243
460 362
436 123
1035 392
1084 397
407 242
670 449
737 234
1068 556
814 182
904 592
720 592
534 137
851 671
542 489
831 50
833 260
1019 136
1056 437
991 433
1056 674
564 412
520 249
952 691
491 313
372 229
337 189
1180 242
657 57
1001 108
928 36
489 346
943 562
1061 482
475 465
625 390
523 259
198 114
560 141
747 450
394 450
464 131
401 16
400 397
205 46
472 270
908 44
591 191
721 452
857 513
909 560
429 65
706 23
974 466
1053 151
1007 163
969 463
290 518
1048 94
513 495
735 199
799 240
1205 167
937 235
165 61
374 485
414 387
353 191
782 231
416 136
481 471
586 209
723 494
727 384
343 499
999 433
793 552
272 275
588 592
1002 273
483 411
287 75
431 81
852 580
802 95
177 38
599 258
953 420
491 387
652 236
879 382
581 383
337 404
714 416
373 444
386 181
1098 334
290 390
747 218
386 432
971 369
448 474
646 232
436 404
1102 484
415 27
559 237
822 362
869 523
744 45
1192 249
323 396
513 82
401 197
631 152
476 401
986 129
544 358
756 103
998 529
806 324
818 101
109 160
76 158
341 197
1066 269
854 386
890 365
556 436
428 161
265 411
785 489
376 408
613 239
763 588
923 338
833 421
468 512
533 194
397 137
1079 371
486 93
914 542
583 102
422 289
404 130
736 334
479 261
223 20
424 332
846 236
995 425
1025 107
960 479
381 429
665 196
442 503
397 131
823 113
709 528
663 432
806 654
1036 58
267 33
845 214
301 719
805 639
654 430
620 456
1149 607
618 172
964 236
559 128
468 185
1059 427
142 694
803 666
343 369
1224 307
493 428
520 465
915 578
389 457
789 324
482 472
425 226
1025 389
584 461
901 99
473 73
1044 131
884 498
406 416
837 571
781 129
1170 265
741 553
994 366
756 603
564 295
348 221
414 507
847 288
417 234
688 367
471 706
715 268
1023 259
474 325
634 54
373 384
914 529
873 652
1084 45
706 571
689 156
569 248
833 301
429 299
1129 138
444 345
1158 181
844 713
690 521
936 8
324 546
679 547
113 252
382 473
625 70
866 93
570 510
1037 480
1017 142
181 304
516 368
928 554
1072 176
498 149
610 234
726 118
722 31
886 47
1184 303
741 249
821 65
579 254
480 328
457 694
1155 190
654 26
901 132
1129 151
1074 444
948 119
603 473
894 420
862 38
1030 0
536 229
382 171
681 450
1028 111
728 68
1017 115
381 499
938 117
328 382
727 357
834 527
538 531
897 153
753 111
718 69
902 373
412 42
1008 324
937 614
698 191
828 48
703 414
774 446
396 352
264 698
985 167
441 122
689 537
725 233
850 553
669 390
468 591
654 190
843 126
343 394
347 182
827 471
1076 535
1035 411
394 25
345 491
918 61
619 71
1143 209
264 198
892 125
1037 78
865 626
1108 620
1044 114
523 717
186 34
1019 279
535 188
484 343
802 611
766 637
793 93
323 36
544 202
785 41
991 67
873 41
665 518
511 442
1179 256
820 134
383 438
508 378
613 40
975 161
818 66
418 19
1037 50
759 223
880 8
914 341
1067 235
510 534
621 166
899 103
528 417
667 499
849 618
607 24
629 514
918 71
252 14
1004 79
807 121
920 88
1081 336
116 328
787 9
668 60
820 16
178 639
991 175
245 637
1102 168
1005 70
719 698
927 111
252 704
670 41
932 126
156 637
633 70
801 47
520 271
702 0
978 8
1040 69
1038 143
1054 24
940 104
854 335
422 364
985 163
1081 73
701 36
1168 184
926 120
987 9
1055 187
1038 134
946 113
978 5
1067 145
566 260
1047 182
879 41
1034 105
769 316
1111 165
1103 323
238 189
983 0
1121 97
1073 125
702 408
936 41
666 13
706 2
1059 152
1139 152
790 129
689 18
824 418
390 224
959 116
448 646
990 56
1136 178
792 33
838 219
359 266
819 465
766 655
648 79
915 99
578 396
740 384
906 448
752 210
1015 173
464 319
384 12
1096 137
812 56
825 382
753 551
415 458
902 72
357 391
691 67
1038 122
972 59
769 65
509 363
758 412
1116 171
679 467
648 40
183 587
749 236
774 634
968 706
1094 573
559 576
796 293
1113 91
714 27
260 23
701 493
987 148
853 282
579 500
914 76
1140 102
632 50
497 116
716 260
403 279
393 213
467 243
714 596
881 344
1100 92
726 449
454 446
576 408
225 110
314 205
765 8
830 583
920 375
928 481
790 483
190 653
662 153
1191 303
850 45
96 339
678 65
567 575
1135 171
1139 142
552 31
755 59
1006 10
650 72
262 176
990 40
997 13
1089 74
1094 482
1017 175
688 76
170 647
1008 107
749 71
1047 195
952 124
796 92
839 242
892 23
182 436
514 269
379 157
1112 623
923 108
733 20
879 103
866 88
999 523
1092 100
81 261
939 529
1050 173
725 451
903 145
996 496
1147 576
1149 170
1126 199
104 329
574 439
679 451
1058 611
787 58
1063 124
981 89
641 88
1088 211
896 33
1153 192
901 273
683 715
152 233
702 501
472 361
648 507
939 111
1125 193
1095 77
565 486
685 14
1060 643
834 592
739 112
1021 298
906 244
829 204
765 273
702 703
1052 176
242 8
799 141
865 120
1220 639
854 5
174 239
845 90
736 115
973 110
756 95
4 163
493 500
980 45
932 41
77 356
1112 112
958 19
479 532
868 28
1083 118
1027 8
619 165
893 94
905 139
985 100
719 64
101 308
1035 308
161 81
630 149
653 469
414 436
741 19
940 143
846 326
956 67
949 11
1065 17
889 68
879 59
805 137
949 34
759 85
480 504
761 260
436 361
707 74
832 12
939 11
946 160
1068 380
1001 248
144 589
683 60
764 587
570 348
864 306
973 23
989 157
951 65
1062 134
795 58
808 55
884 133
1037 146
659 30
714 117
645 231
770 204
993 69
746 125
1092 402
779 108
954 65
256 49
1032 2
755 121
540 488
1041 75
723 117
964 168
720 8
457 133
1123 112
777 69
355 499
945 85
724 300
763 97
555 305
785 633
994 260
1020 82
1041 417
952 112
458 453
896 236
314 14
796 417
927 257
941 152
920 41
1030 115
1229 307
551 563
775 216
862 533
836 147
127 116
998 357
368 243
910 227
358 151
813 150
778 5
349 30
1028 44
951 81
1096 99
814 528
476 475
414 467
684 281
234 80
1049 2
370 6
1028 6
217 53
925 249
599 281
417 502
394 0
650 447
398 204
787 557
932 536
256 205
1016 142
272 696
887 388
784 5
619 383
743 133
1109 185
546 277
646 305
364 137
371 311
544 441
965 159
999 28
859 81
783 628
343 89
401 345
305 63
1040 568
379 8
820 394
532 470
428 30
1134 154
1019 398
778 68
487 114
306 451
761 311
817 662
280 707
796 93
948 421
333 430
73 348
827 454
410 209
464 385
389 39
184 237
719 568
804 555
1103 603
490 421
446 414
611 523
308 10
430 335
541 208
773 487
473 361
256 8
821 42
426 150
1023 570
839 664
1057 404
404 416
1049 509
715 318
676 371
419 237
1159 205
1106 66
265 35
812 190
695 309
361 401
1019 77
808 588
309 110
1080 369
759 568
910 428
571 580
378 465
591 333
1056 426
713 224
1034 493
670 39
750 617
1018 335
386 145
547 120
337 449
548 458
1058 671
937 294
775 568
716 476
494 354
669 534
966 272
825 598
923 159
384 276
211 27
480 122
915 29
279 32
476 185
990 568
393 94
273 238
1203 257
753 259
426 292
826 211
733 545
501 522
351 287
1096 191
687 447
612 415
348 24
525 447
388 149
798 149
484 544
1023 535
1045 427
693 340
386 134
583 374
196 96
650 230
609 494
718 259
536 518
1139 518
946 175
390 158
961 469
636 408
804 571
265 15
410 457
1135 342
671 384
684 702
510 304
328 455
382 567
577 165
764 228
369 391
358 340
537 712
629 310
808 315
921 622
387 329
538 464
285 125
607 362
732 545
687 527
567 239
521 100
365 5
738 287
800 107
848 80
445 398
400 465
380 162
1083 113
818 290
520 419
826 544
529 476
714 519
841 627
387 14
439 401
302 323
375 717
396 217
1039 578
466 246
868 626
352 268
895 341
843 548
638 354
624 519
672 412
724 581
835 579
996 249
663 193
570 135
660 161
734 333
1175 304
756 88
422 41
857 374
859 370
675 434
369 281
368 42
512 91
723 415
620 462
604 118
727 358
733 436
516 410
776 78
413 380
285 469
421 91
258 39
854 397
824 126
378 405
190 53
469 399
909 484
347 196
401 448
351 69
169 45
554 291
403 325
774 457
1185 470
1040 518
1070 365
313 43
256 27
705 332
573 277
526 274
773 631
474 85
473 197
144 249
826 249
394 403
104 335
971 620
1081 606
797 116
435 38
383 18
639 361
1214 240
600 313
843 602
1024 545
858 23
370 708
1199 275
176 252
1055 522
808 138
403 54
794 611
670 530
340 218
183 103
771 391
570 284
653 197
529 265
358 469
1093 32
791 483
1134 248
469 161
938 375
247 9
692 466
610 335
934 596
1091 177
392 140
559 143
382 31
907 705
764 614
371 570
580 275
1175 305
967 326
475 321
1037 218
759 168
792 524
703 706
341 262
982 256
1170 300
463 345
947 487
935 494
452 433
84 392
377 393
907 678
926 667
630 549
955 591
300 15
278 28
630 193
1148 303
1048 360
819 707
1012 388
303 502
524 91
691 383
439 108
893 355
1175 220
501 101
105 145
606 210
351 444
339 1
726 368
224 45
754 470
593 151
819 660
1122 423
386 495
758 501
349 571
915 508
905 523
551 173
317 194
446 197
983 489
457 341
945 36
504 489
556 374
669 147
589 101
954 561
333 189
602 315
1085 149
832 179
777 596
355 552
368 458
485 458
690 430
768 247
739 271
997 538
1201 417
731 327
483 331
429 36
847 225
448 445
491 277
416 713
497 73
412 181
403 368
880 323
681 489
376 189
975 388
1069 598
729 420
353 485
902 247
593 246
807 492
1070 340
345 171
1161 354
489 53
812 457
166 97
877 425
142 269
1022 386
273 701
544 147
957 93
719 497
851 558
437 392
331 472
937 159
358 397
854 105
544 272
1079 478
375 251
1209 442
781 644
895 384
816 387
941 430
898 706
1001 285
475 496
920 89
1093 396
874 338
693 263
1017 313
1153 202
861 289
339 44
656 392
461 165
1036 404
756 301
1019 426
892 348
888 644
550 113
1068 658
870 340
894 680
1208 248
473 173
857 624
837 259
906 491
911 472
571 394
722 589
355 260
251 28
1034 118
999 532
1054 182
429 115
1084 100
308 90
748 374
512 458
299 24
776 565
719 261
992 320
1109 355
167 97
837 496
426 434
912 428
427 318
877 520
379 446
1171 296
946 265
1044 387
409 197
1207 437
1072 396
576 432
515 491
423 36
938 248
771 212
683 214
436 138
903 144
612 481
780 325
392 206
486 206
420 209
250 44
651 30
1073 520
497 419
498 441
390 449
877 475
359 177
918 242
334 33
950 616
731 358
972 425
338 509
251 38
878 60
468 275
382 439
520 439
1009 493
464 129
319 691
1095 457
532 335
355 247
1048 244
1161 300
808 594
1101 322
869 30
777 674
480 406
1097 149
761 47
509 302
957 283
378 373
849 541
835 202
381 7
1200 412
568 548
279 34
512 362
412 335
290 706
865 474
717 334
952 629
239 16
576 209
860 637
885 465
457 41
932 406
797 654
675 445
485 142
939 426
685 271
850 541
981 0
744 317
1025 35
790 371
490 112
507 438
87 325
790 368
463 130
338 447
660 72
819 647
956 413
823 571
340 298
508 115
899 521
488 178
818 556
1088 505
1095 309
1064 593
834 676
548 502
696 463
973 226
487 129
392 164
608 525
860 245
758 444
1094 480
1015 459
304 686
818 177
389 422
428 415
1214 355
697 370
800 350
905 594
362 26
348 294
632 293
960 393
1050 440
533 508
1017 568
805 702
391 276
433 327
837 345
952 397
1071 426
721 232
643 518
564 537
967 712
1180 304
666 460
929 479
382 396
422 24
279 71
483 253
304 246
1022 229
830 195
403 192
356 198
724 548
868 526
969 583
829 682
867 700
573 371
398 325
552 351
871 318
721 312
855 411
1007 407
320 404
77 401
340 429
333 190
473 225
778 237
807 222
465 85
491 533
524 527
724 513
1083 602
1095 576
391 589
836 664
710 695
536 502
410 500
586 473
568 464
779 434
484 438
668 431
1073 405
1175 403
700 413
457 289
801 292
1042 262
735 331
624 322
509 342
988 359
1060 379
720 382
799 42
242 46
236 32
280 50
243 14
528 6
184 23
377 65
530 131
626 186
578 179
665 167
846 234
527 238
369 197
777 513
439 517
1002 526
997 527
694 543
924 529
689 570
492 565
822 610
841 655
347 716
391 406
552 433
586 469
649 469
470 465
663 457
882 486
904 497
394 503
495 301
708 291
346 259
755 263
526 371
883 368
889 382
361 320
530 82
187 81
714 122
393 8
284 36
396 38
183 49
443 176
382 170
1188 252
990 227
669 220
726 596
760 608
458 516
488 520
851 646
781 653
888 692
511 458
847 463
700 472
322 464
1049 499
592 504
551 436
544 442
933 442
347 420
1015 424
989 384
523 415
423 335
428 326
992 346
374 372
639 383
447 378
1047 360
1222 362
513 309
693 297
676 291
599 262
543 261
383 273
616 121
471 120
549 118
464 56
249 47
427 25
379 18
895 220
853 205
463 199
691 235
351 231
832 251
593 185
575 173
437 152
882 664
1052 561
720 558
622 515
1201 512
550 524
784 524
470 530
979 537
947 612
751 619
793 617
1113 605
746 440
552 443
576 427
919 402
903 413
557 393
877 388
680 484
806 481
851 501
409 449
1218 328
679 331
899 338
582 347
375 353
1184 278
466 277
802 306
555 311
837 289
505 295
374 301
837 296
773 223
415 219
330 211
400 242
385 164
198 15
350 12
329 23
528 531
852 541
880 590
383 690
795 642
1028 668
567 714
501 705
711 267
1050 275
1082 279
691 284
553 281
879 356
513 332
610 386
957 387
439 399
498 413
454 466
660 503
477 480
569 227
423 231
632 122
348 29
768 29
695 538
752 591
810 618
322 410
461 362
579 137
573 129
622 157
346 195
730 251
1006 226
937 98
242 124
328 15
781 612
737 318
175 43
1072 34
622 181
799 623
1203 546
354 349
1204 330
448 440
877 274
545 272
736 560
741 585
377 390
1216 381
493 289
507 532
503 478
561 465
403 50
988 586
663 427
523 526
674 159
322 499
390 215
1054 164
136 255
444 225
554 457
444 254
340 249
514 394
390 459
748 539
964 690
382 347
1023 661
1061 481
1124 508
929 508
625 341
1131 514
826 176
809 533
412 96
711 575
372 717
1096 555
458 101
450 315
663 55
885 668
872 653
940 467
422 35
551 568
851 665
259 66
450 118
791 411
974 46
458 52
1057 251
1052 415
1110 188
878 308
784 96
634 218
1040 473
809 602
1104 110
285 467
788 229
454 290
641 279
1033 254
709 397
520 346
982 450
417 694
437 61
803 353
666 545
1090 242
475 718
729 237
377 700
333 383
367 103
957 336
465 96
511 369
995 324
767 231
523 249
1019 267
724 392
712 516
531 161
429 274
724 556
342 30
504 309
990 714
947 485
942 213
204 40
300 22
714 495
450 342
229 43
887 489
384 706
497 354
1003 528
403 265
480 460
446 423
428 183
353 389
703 502
589 247
654 256
515 316
487 329
1042 246
403 319
882 431
482 517
994 704
386 335
533 359
1128 276
1057 715
823 713
794 605
450 210
594 201
422 198
369 20
305 17
379 17
297 24
697 363
498 352
903 456
669 475
612 498
1009 447
908 390
935 571
385 563
1005 543
830 651
974 710
553 189
539 173
734 171
863 252
354 15
364 47
388 74
1215 333
1123 326
280 309
510 450
367 472
344 473
560 490
396 492
370 510
938 422
1195 391
819 668
811 705
776 530
617 574
526 613
902 138
317 217
541 114
319 54
455 344
601 366
509 364
792 281
359 317
512 471
400 474
927 473
892 455
669 452
274 496
949 500
737 501
847 439
1141 431
705 421
1172 534
799 573
832 664
797 193
480 210
837 218
400 172
640 183
211 132
582 150
135 96
309 113
374 82
630 70
269 6
421 59
342 275
1002 261
470 299
1072 319
1082 353
682 369
983 410
576 412
399 400
381 407
298 420
370 427
516 445
583 441
1112 476
847 464
1008 451
750 454
990 489
409 485
823 484
798 516
999 524
826 539
344 571
731 564
854 609
1133 591
794 657
818 668
827 641
828 689
868 204
494 221
760 209
320 242
793 255
455 228
344 187
328 191
337 31
417 24
269 18
227 17
186 22
220 22
335 14
278 50
218 71
142 65
462 76
290 82
543 118
542 125
365 307
962 306
379 317
604 313
619 289
1162 268
1199 261
1201 263
849 276
310 320
785 334
830 351
1016 345
1181 354
456 353
1007 358
358 360
636 381
570 383
845 375
773 372
895 392
558 394
956 386
1203 414
632 400
492 403
387 438
418 438
678 439
687 440
955 441
1169 444
602 418
745 418
867 417
709 422
856 421
768 466
563 465
573 471
624 470
618 469
414 476
694 479
575 478
689 448
391 460
586 495
1007 495
444 505
1028 510
560 511
461 499
770 521
614 522
627 518
404 534
1175 531
1110 529
989 543
565 540
1115 546
996 552
388 555
765 558
780 562
602 571
1082 570
807 581
1116 579
494 576
845 591
811 586
826 601
851 603
975 608
880 705
394 719
960 679
174 702
1071 641
511 217
457 218
535 208
402 194
827 200
543 207
763 230
971 229
603 228
341 225
744 224
459 248
439 253
363 161
1021 162
395 169
381 188
556 185
595 141
530 147
351 33
291 34
285 50
357 30
256 28
321 16
1004 15
218 6
254 78
186 70
391 68
521 113
857 118
175 125
370 97
403 100
439 111
618 329
479 330
520 334
1201 321
779 340
526 336
393 344
1237 344
1169 353
864 358
706 373
681 369
705 369
518 382
716 380
905 377
564 272
730 287
397 258
895 294
820 290
498 289
799 296
936 300
471 305
397 308
604 310
826 411
393 410
506 405
549 405
685 399
812 443
1143 443
832 440
530 441
786 438
849 437
349 425
476 417
978 495
466 481
632 480
613 507
391 511
540 500
574 450
983 455
826 461
699 475
400 469
293 468
771 589
787 591
874 583
1093 580
851 601
1121 626
811 637
646 517
730 522
883 531
316 530
676 534
901 571
987 565
993 550
1000 554
347 708
788 701
1078 679
851 655
451 216
599 212
378 225
329 233
464 239
653 252
350 170
785 171
756 175
456 184
1115 133
581 143
415 144
408 147
220 36
159 52
633 27
448 76
925 76
251 70
434 116
415 120
310 98
383 290
716 302
1179 283
751 287
856 364
1120 375
1108 374
619 338
515 347
444 321
638 321
672 447
921 445
736 417
603 391
544 388
437 406
948 411
512 481
438 509
505 479
572 478
885 452
301 450
810 603
967 527
669 512
1176 534
926 531
374 546
1085 571
816 693
708 32
320 38
789 186
617 237
572 276
952 293
614 308
768 320
483 362
349 372
594 395
314 698
781 619
835 507
479 471
818 122
378 368
370 412
375 415
422 57
189 84
1122 505
1005 473
1211 225
546 291
1126 474
938 146
1004 685
459 479
900 155
579 455
678 34
341 253
600 209
623 421
963 352
348 38
813 620
376 452
891 718
448 438
659 320
1138 235
383 462
495 222
415 268
15 428
988 345
690 495
1103 365
962 299
774 298
781 274
1053 283
1027 149
518 416
987 107
678 27
92 511
943 451
862 573
454 256
894 347
959 497
189 64
467 229
838 638
424 37
381 6
1079 423
886 309
559 534
1199 325
833 317
459 64
539 363
705 4
406 536
397 347
877 97
573 370
490 318
513 506
505 222
865 219
884 703
336 11
561 443
784 652
873 472
678 153
536 497
216 66
492 501
451 287
44 651
1096 597
413 404
563 300
374 164
510 374
912 496
772 347
822 113
484 593
1041 138
839 717
515 290
970 170
414 198
659 465
805 66
378 359
230 40
704 527
720 515
819 284
1084 245
275 293
787 387
455 574
800 95
795 557
837 540
512 398
337 426
234 49
461 306
700 354
911 202
841 226
393 247
496 223
376 173
616 419
979 206
991 550
963 469
1108 632
965 303
727 73
687 459
974 430
613 106
769 524
768 404
723 270
905 691
313 36
950 380
776 54
1016 523
378 493
1125 112
767 434
859 418
608 470
825 665
296 391
912 575
913 117
1138 117
854 144
796 480
438 139
652 161
17 400
990 471
563 266
501 408
679 521
771 266
1137 583
557 266
436 390
653 52
722 717
400 70
1076 572
336 51
1236 371
971 31
778 239
179 681
903 97
422 305
622 555
452 59
737 398
401 325
116 322
197 221
949 371
648 34
709 445
891 5
1073 614
710 460
268 65
1046 148
1150 523
828 145
540 397
1073 680
257 95
943 553
1005 20
333 65
151 287
920 60
693 350
833 137
847 530
1104 165
740 136
1068 286
994 4
272 79
856 506
223 14
389 440
346 405
836 469
716 361
513 338
805 661
1023 237
390 394
606 240
912 25
912 694
1105 341
442 13
362 45
802 37
431 235
1111 163
646 72
637 209
870 640
361 451
978 255
921 63
348 228
1104 73
884 551
1107 575
696 363
1063 108
922 54
1001 531
913 309
126 291
1105 483
645 648
1006 159
1098 94
664 232
400 178
248 46
1081 127
518 304
786 122
920 242
999 56
377 232
990 174
348 441
893 104
804 394
529 214
674 708
663 94
737 356
882 85
413 538
968 138
413 331
851 389
525 284
819 401
669 470
226 4
100 326
776 135
551 340
743 521
168 54
999 118
245 636
995 89
692 166
1004 58
661 89
819 103
740 51
371 383
1097 587
1088 85
192 28
1080 131
950 87
200 40
371 82
1186 214
563 275
1110 235
645 71
765 546
589 543
941 161
499 280
1148 163
307 697
444 82
726 531
435 147
942 152
343 344
1058 130
396 25
1036 406
790 606
703 27
944 94
1041 77
1139 161
699 260
941 2
692 14
521 421
996 168
790 80
1042 83
1114 146
855 103
814 135
429 42
1089 14
72 353
996 158
202 32
990 20
379 556
448 7
1058 124
1129 150
355 165
1047 359
813 69
820 64
1082 180
233 187
737 497
667 30
828 544
139 310
708 366
893 673
938 120
1031 150
721 125
1091 194
775 8
683 89
992 186
1055 125
216 42
770 619
735 115
910 142
429 255
1104 166
780 87
793 692
1071 152
616 64
401 185
513 291
824 28
363 165
1117 170
986 543
1116 576
447 45
684 87
975 43
134 331
774 71
879 130
498 120
1127 187
637 417
1025 161
361 402
1052 15
1121 152
1046 74
662 189
322 48
924 155
1063 155
429 240
754 24
321 46
622 279
54 602
514 410
428 252
488 470
1164 146
1098 99
492 343
674 455
609 383
751 3
990 264
174 40
1068 124
971 360
539 427
811 314
39 115
1069 519
575 472
783 57
852 65
964 463
595 390
1003 288
1141 218
481 193
823 127
687 80
126 410
1127 168
1068 167
376 149
590 491
275 711
910 552
829 86
1005 163
790 78
915 95
638 67
931 409
1001 459
444 154
485 397
700 526
906 95
483 410
350 446
976 126
375 410
929 713
417 235
304 425
464 256
772 321
484 145
853 143
438 122
462 192
1078 188
1040 121
1016 158
934 518
537 307
533 489
697 17
884 126
624 344
70 345
1192 541
803 453
142 313
917 55
732 398
908 93
1086 129
981 704
417 293
410 12
933 44
774 391
1174 312
725 452
341 211
690 427
716 412
884 478
1019 76
617 414
828 95
636 323
1052 127
1128 483
739 100
654 143
779 22
902 544
1107 96
529 364
1089 39
967 90
762 31
689 26
651 43
1126 127
60 338
823 138
549 171
808 54
359 482
430 241
624 425
887 154
944 154
206 608
358 472
980 244
146 443
86 452
722 429
807 111
689 243
705 499
541 17
833 40
443 40
510 140
746 12
326 231
184 664
775 136
610 404
726 400
682 517
654 366
677 466
1212 341
951 64
102 342
714 447
1103 143
412 443
1197 267
1114 131
463 317
1068 171
395 370
1072 89
441 327
956 479
373 330
1141 649
585 452
1160 165
547 411
405 440
763 14
1209 352
994 259
469 187
612 257
605 72
1168 194
402 470
1144 117
886 198
781 199
480 330
1029 153
796 636
191 24
360 539
384 309
1051 420
1005 113
75 338
652 404
1033 50
943 291
521 326
516 86
688 351
802 103
1068 185
693 14
747 567
1100 358
470 158
344 426
741 175
1097 107
961 49
853 125
941 5
430 482
955 226
476 97
1104 45
1114 149
931 106
724 41
692 704
780 143
760 516
427 150
802 56
802 49
222 522
1026 167
177 233
1111 350
1027 52
737 24
193 39
989 49
826 100
374 429
1069 163
808 140
1138 120
896 10
347 377
974 83
663 712
791 59
907 673
275 42
832 91
624 75
1010 480
941 131
418 124
949 26
123 324
872 14
736 489
886 697
747 516
1200 10
760 23
715 1
682 12
869 84
103 309
1249 78
319 189
1042 512
150 264
737 14
276 189
722 507
703 38
631 363
155 299
600 547
391 292
384 710
517 419
648 45
710 537
1018 9
1187 254
661 463
609 502
904 112
1092 112
611 210
99 476
859 708
1091 333
518 444
483 262
947 581
899 10
785 444
792 116
912 162
963 149
765 523
999 172
421 581
1156 534
1006 67
1110 160
441 502
1136 140
422 434
1065 104
404 117
1054 174
215 9
955 129
969 155
714 407
1127 319
716 40
764 132
1124 496
315 286
834 455
480 236
741 113
629 179
352 428
199 48
907 142
725 326
1102 50
592 603
170 238
181 669
917 338
797 95
996 72
215 219
437 136
322 408
989 57
539 117
372 200
760 16
493 103
538 443
437 404
1003 61
1064 78
912 532
868 31
585 444
1205 107
1119 468
880 202
407 351
778 48
351 309
287 65
538 476
1051 155
856 561
914 151
944 99
454 46
597 436
603 389
860 211
656 253
76 309
766 226
663 69
227 26
643 373
1191 281
484 154
470 367
858 93
1062 170
637 68
216 15
872 120
862 363
783 522
783 94
666 25
1105 180
582 172
846 651
638 80
660 162
942 247
808 122
798 71
788 38
1026 30
873 117
461 241
456 311
1031 413
1100 492
890 145
760 97
472 444
951 146
762 562
850 17
398 260
721 118
744 91
153 212
180 53
752 600
1124 115
589 318
657 70
1012 64
1050 133
1088 142
820 573
558 495
777 26
373 362
693 421
1077 590
919 9
1080 70
672 22
884 275
727 487
1165 554
534 420
714 187
1041 21
367 227
650 67
1008 245
567 458
751 278
914 17
1080 120
574 58
953 341
114 336
1016 161
1092 497
75 343
854 231
491 444
85 306
1010 118
949 66
916 93
455 7
86 479
713 84
810 18
671 36
705 465
1061 49
946 306
659 54
783 27
581 24
1057 104
1045 171
1124 388
884 130
205 220
830 33
373 367
817 8
989 303
811 29
199 404
101 489
586 466
586 363
758 428
797 22
116 304
864 138
935 86
608 534
869 79
1097 150
200 89
1053 197
1029 181
804 403
547 435
177 626
1168 185
908 76
93 438
931 154
173 47
97 264
183 425
695 43
440 708
871 78
1014 28
249 713
631 281
498 316
1122 308
643 511
729 384
807 37
889 0
788 547
491 476
320 425
921 117
527 193
641 270
855 678
1122 174
999 165
957 167
796 326
715 73
1077 358
172 659
694 19
826 107
426 515
748 118
506 505
123 349
850 396
749 209
697 351
695 13
858 352
1075 30
1122 154
746 187
834 642
953 5
845 2
655 688
700 478
957 141
874 292
1079 458
899 695
701 305
639 172
1118 143
304 459
1147 194
497 422
1103 47
327 16
194 41
649 85
740 131
444 315
332 489
895 104
550 357
1020 702
189 628
180 204
496 199
415 480
748 716
371 37
540 435
683 360
899 151
1093 147
1129 193
1130 339
1035 129
736 487
350 716
822 642
916 572
1186 256
894 330
510 513
180 70
988 118
88 318
993 40
317 36
1035 50
644 51
1037 253
1024 55
954 362
995 42
874 434
927 12
392 487
892 97
934 138
906 92
389 125
871 16
606 159
404 294
751 113
1103 139
886 304
1029 163
649 46
1049 95
768 421
1072 127
601 491
1067 189
542 18
157 375
1116 117
1025 60
1091 347
737 73
967 2
767 528
404 481
771 132
945 369
1073 188
1071 131
353 170
664 193
500 454
1132 127
680 40
1015 468
885 80
761 566
491 487
1150 187
1107 145
907 143
976 157
1028 154
818 41
539 385
1022 9
914 24
387 526
1077 152
370 443
898 43
690 16
1053 22
124 305
947 159
652 684
987 55
1148 171
359 299
339 30
409 51
568 311
714 39
1012 37
1166 147
711 437
391 341
886 65
940 80
465 622
859 655
790 466
1133 329
306 7
795 641
785 196
795 196
525 517
685 63
634 66
195 633
489 168
448 434
176 576
655 128
996 237
625 27
647 78
1001 156
1166 188
504 305
368 187
1118 96
984 485
544 126
731 223
706 33
912 141
835 123
685 27
137 645
426 430
382 570
745 457
678 359
696 518
1034 251
1013 178
97 221
1085 337
455 128
988 483
801 19
555 307
457 178
1100 66
1129 327
1070 147
677 519
786 77
348 273
959 101
1097 384
824 580
583 365
438 325
831 104
1070 152
809 543
375 39
982 283
1016 115
938 88
642 652
380 273
1011 121
1076 121
841 99
917 97
663 22
899 73
849 142
95 489
261 95
135 292
607 521
1107 174
980 290
891 133
1113 202
608 372
422 707
240 707
664 710
1081 166
815 187
273 84
745 358
1165 282
877 80
730 19
674 88
911 74
415 140
697 85
970 137
385 344
684 65
1021 65
943 68
617 70
900 105
892 251
1102 160
798 125
925 499
761 32
634 69
593 315
707 35
714 126
183 391
893 382
743 136
1150 136
349 495
729 14
953 23
627 164
1048 21
779 250
982 118
674 707
1140 131
469 235
1074 139
1043 98
1038 38
857 286
383 424
774 248
677 61
735 9
727 493
910 15
1138 159
1166 173
759 138
1135 137
1064 82
265 43
1019 119
680 24
966 324
886 88
841 268
108 307
563 262
691 8
896 77
1082 564
648 48
972 109
1042 550
489 307
1059 106
897 114
630 344
810 47
282 71
908 128
1040 32
267 32
1042 125
1060 13
174 242
772 128
879 57
928 120
1002 131
823 31
1056 83
571 274
570 119
1114 110
983 481
1036 643
1061 383
906 4
703 383
1046 154
1033 138
1041 183
672 703
228 222
951 160
1010 81
419 551
741 217
698 42
790 14
359 163
614 73
930 111
898 148
608 14
887 158
740 113
928 147
683 62
454 117
329 219
871 343
945 153
823 12
408 457
961 13
836 102
848 112
321 192
426 407
822 79
887 155
1087 166
1109 126
806 22
996 160
725 105
1075 60
714 11
895 12
694 35
896 26
659 53
785 126
872 98
1133 203
887 29
903 92
946 31
684 26
1099 128
682 51
888 137
1158 297
805 117
100 334
1155 177
511 315
696 312
861 101
720 131
648 60
911 134
120 242
668 39
869 37
1088 168
817 42
945 0
743 11
887 96
1146 198
1125 169
771 145
1057 276
677 55
1032 37
142 602
812 31
779 129
632 71
279 171
929 658
111 342
78 24
653 58
894 109
773 137
668 67
128 516
951 109
915 10
671 23
642 657
922 97
655 45
847 130
915 31
357 260
879 94
930 75
1002 173
1115 192
747 25
340 216
962 65
1066 157
647 711
228 446
1069 138
789 19
775 35
137 271
797 123
1129 130
132 375
1093 152
963 167
459 421
941 76
980 123
686 24
738 6
946 91
946 2
542 461
771 10
1002 167
759 27
865 685
1124 197
478 276
800 68
392 23
696 13
1079 131
892 156
967 140
1157 259
694 20
653 65
138 417
508 250
575 233
698 370
1005 54
946 41
477 357
1002 172
663 65
678 718
1126 107
1088 55
1111 169
834 317
718 444
721 374
1123 523
1133 189
686 97
84 306
710 46
771 50
452 385
1159 180
1006 85
549 230
214 707
565 461
945 91
1139 101
899 138
710 0
908 96
245 181
771 19
512 419
896 46
787 118
1125 118
927 472
126 274
1057 159
62 67
451 2
743 558
1011 4
114 363
491 326
1004 18
707 112
818 626
994 168
747 296
956 159
861 123
308 563
1064 21
767 191
777 104
920 134
1143 152
370 688
1065 159
807 699
993 383
625 383
1068 141
1022 50
383 160
690 472
1016 100
730 15
386 273
1059 122
878 94
846 198
912 111
684 30
866 688
239 21
743 135
960 332
1023 140
920 597
165 219
216 621
434 117
748 26
1039 19
546 110
451 158
93 390
214 13
931 47
709 33
759 21
713 696
222 19
948 46
1069 5
174 260
757 128
605 565
439 515
1108 164
188 83
195 578
628 533
1053 183
641 60
658 26
201 639
591 307
549 604
876 139
338 188
511 418
809 119
1007 474
1038 13
175 539
876 33
222 6
939 163
745 23
886 158
877 99
460 513
1103 182
190 60
616 80
750 390
143 197
951 126
734 13
968 108
868 550
662 482
481 454
535 186
707 16
937 88
1097 51
969 64
1036 42
700 81
783 122
917 8
736 135
1067 186
1092 46
769 134
1097 163
905 108
782 177
543 189
903 100
991 102
717 367
768 89
819 144
741 78
849 313
389 27
699 14
1041 177
781 308
922 104
786 34
513 211
1020 128
679 675
213 559
982 139
785 105
744 313
792 441
661 33
758 599
773 74
773 193
623 60
1138 200
867 16
1005 16
904 141
710 39
1088 41
768 4
1188 510
1097 195
1199 250
371 163
804 469
919 136
898 125
907 8
1170 458
646 465
12 80
1064 178
956 133
879 56
204 194
817 286
1065 64
616 203
481 156
531 32
882 481
1041 157
263 197
708 449
500 362
193 203
175 217
1134 170
1006 130
968 134
1141 123
834 54
105 347
791 49
982 74
962 165
960 129
905 489
995 307
588 256
826 87
1023 479
388 36
793 140
1073 147
498 362
140 288
723 112
854 122
891 85
916 135
154 274
808 71
959 24
1087 96
216 598
702 25
1111 139
915 17
463 273
772 74
1121 151
376 310
756 53
1108 464
183 549
108 300
130 240
899 24
879 154
390 536
382 378
858 1
783 66
192 599
666 710
1062 103
125 396
1146 172
1087 115
541 288
155 350
148 283
971 50
1077 178
845 345
1118 597
905 684
537 541
995 80
490 524
360 411
844 58
635 418
954 38
373 6
591 427
892 80
283 104
893 48
827 643
1023 185
593 154
184 275
534 395
584 296
351 355
591 429
518 271
898 116
1022 150
409 372
365 172
196 29
669 441
1158 204
335 198
836 59
466 388
386 424
299 634
842 304
799 652
214 572
505 364
561 193
646 312
479 172
362 392
640 335
701 255
380 26
676 143
104 539
1064 404
712 546
1054 63
587 278
1109 87
321 6
1162 213
806 530
636 524
348 15
495 545
1009 154
805 570
377 386
792 311
440 574
718 19
882 19
246 7
828 185
723 343
1169 485
910 457
497 522
1109 603
698 536
815 80
813 125
1127 314
669 541
567 4
368 332
493 188
216 41
1171 180
552 368
613 413
960 37
137 313
1011 129
247 22
694 709
1067 301
992 280
502 98
984 161
1060 395
790 568
657 262
664 47
636 466
415 25
679 18
1105 60
467 244
971 608
815 89
876 38
776 482
674 6
463 254
1081 105
380 56
784 56
453 243
1016 440
987 444
653 154
412 244
1043 408
679 65
710 700
388 234
423 439
989 437
880 539
479 552
874 575
1040 564
374 150
809 28
890 77
1035 406
547 5
956 176
868 328
798 59
807 2
774 96
627 53
785 336
1005 248
625 444
401 187
1163 187
933 464
876 23
373 407
429 514
908 688
822 285
1124 337
1108 117
872 72
1182 197
976 566
120 294
313 388
151 194
964 167
976 116
419 418
820 233
914 326
817 144
1054 634
389 496
809 129
193 83
697 180
807 416
686 427
316 366
734 585
972 164
495 615
614 452
424 35
346 458
366 115
233 195
409 160
838 111
768 287
750 22
730 574
995 75
1003 423
476 45
488 458
393 229
1045 83
219 237
1109 121
566 349
1093 261
85 283
987 416
584 20
837 699
402 227
157 274
1055 472
733 380
822 307
572 313
1067 95
1160 292
225 24
495 173
893 152
408 268
1097 114
597 402
470 350
850 22
1061 176
227 46
970 536
473 453
843 403
732 260
891 232
766 94
463 347
772 171
622 495
1204 297
678 372
1011 11
736 430
963 79
883 664
747 108
1239 108
689 3
438 113
571 370
787 99
1008 171
133 296
680 23
730 344
1174 200
426 468
1109 311
383 297
908 136
1032 176
415 358
873 75
960 107
805 132
705 19
659 337
711 378
380 424
483 550
903 29
518 262
385 62
271 691
110 339
839 599
874 94
936 232
1123 454
585 512
853 434
825 434
624 427
433 431
1035 47
1015 706
489 70
102 301
1055 162
592 557
776 74
764 502
707 120
680 65
708 701
730 392
706 70
741 96
422 152
935 5
180 644
644 242
779 587
1027 107
754 719
493 84
430 400
497 187
892 13
931 96
561 283
645 316
801 58
787 102
939 437
1049 148
925 11
492 282
953 400
738 490
638 179
447 277
629 79
848 555
1075 80
766 32
1209 405
105 301
1055 145
444 333
957 166
899 94
501 117
1120 151
381 423
347 402
1013 154
410 66
822 555
806 40
76 354
1093 98
816 579
689 441
785 75
934 426
755 621
906 124
8 54
626 228
1063 148
771 221
952 123
918 490
1024 45
691 378
743 714
964 21
652 713
1008 174
892 116
607 14
1039 162
707 36
956 146
806 192
440 377
423 382
387 506
8 135
981 297
1096 153
1029 113
826 149
803 70
740 77
711 93
380 455
496 409
841 44
564 395
818 45
919 24
1018 293
771 173
983 47
589 479
1173 175
210 646
168 124
1045 74
512 259
511 299
867 291
713 28
790 132
501 498
854 398
697 30
777 235
857 82
1071 288
1109 167
726 163
964 607
244 44
491 431
835 618
368 207
776 584
759 217
764 40
589 179
527 446
278 281
558 266
896 539
785 610
658 300
1140 146
311 452
384 520
968 115
596 588
772 572
1051 77
593 376
778 637
508 183
152 266
897 141
533 566
426 254
703 314
500 484
162 124
479 383
421 36
656 433
469 323
565 508
303 20
926 130
923 60
809 78
905 197
642 55
733 384
474 250
1043 298
235 40
780 686
464 274
756 267
1052 173
689 394
524 449
447 139
1143 134
840 356
537 463
413 416
981 31
1062 101
1093 122
612 384
432 50
338 9
750 253
364 428
1092 575
260 60
371 206
1121 100
825 445
223 64
360 419
867 485
645 387
654 520
816 210
799 503
799 209
770 303
1185 217
1109 464
477 347
634 225
345 21
372 437
339 260
392 151
892 533
463 413
502 454
769 408
394 498
668 245
598 481
878 440
757 285
1062 94
896 555
420 438
690 487
748 278
540 309
223 19
413 216
828 257
928 453
955 497
487 718
695 207
474 113
459 50
714 552
717 69
1070 158
336 25
808 121
285 24
362 275
291 42
854 631
267 7
1120 663
517 253
121 260
218 4
625 480
343 322
295 16
970 422
205 32
407 236
963 236
1140 252
360 414
642 371
1076 119
553 348
1092 320
402 31
586 482
735 440
753 459
663 85
1040 63
678 20
920 471
786 284
876 480
1177 308
401 372
906 321
608 231
1147 185
595 550
1015 439
563 440
834 715
403 51
362 152
790 516
397 19
699 561
701 368
363 393
360 47
1155 398
899 166
328 290
840 429
507 59
480 255
845 330
459 63
628 226
977 606
803 327
339 476
1149 252
517 422
791 110
955 307
343 408
815 413
851 328
1121 683
468 428
536 198
170 63
1258 332
420 320
689 436
801 88
735 302
614 335
765 203
846 614
335 11
374 412
358 169
1072 43
670 474
437 228
1152 364
359 420
835 645
574 519
607 398
117 467
463 312
196 1
223 9
731 238
594 198
788 650
275 4
182 39
686 514
487 286
812 502
1089 357
212 631
661 50
1162 552
986 511
860 266
460 521
512 403
223 713
367 150
1114 365
467 294
702 461
728 535
608 229
554 485
914 138
369 363
389 47
315 101
636 483
900 415
659 388
496 399
393 251
527 311
545 191
1140 346
508 229
492 362
462 222
350 231
776 435
166 68
610 188
926 336
471 96
1113 492
654 375
711 282
1012 177
875 364
1075 377
376 129
988 532
564 303
469 92
843 535
844 461
551 426
575 106
959 671
490 497
565 484
597 385
1102 326
667 234
952 479
628 187
312 223
211 11
1075 501
1045 3
999 226
1103 597
767 400
365 397
1278 608
631 297
1064 174
365 20
1128 524
860 319
565 199
709 543
474 386
1151 310
412 229
943 479
1065 350
928 272
611 183
481 441
484 418
363 466
605 269
854 233
1083 163
1091 108
1166 356
428 478
569 521
911 575
839 339
429 121
539 254
720 386
845 563
1015 145
1059 410
472 335
1068 393
445 458
1200 274
336 257
623 236
354 474
594 472
981 135
916 445
320 42
691 666
470 450
1083 230
1039 503
847 691
568 239
668 136
866 631
400 152
783 632
613 216
943 149
1116 208
413 272
980 426
836 393
1043 561
891 23
567 171
567 303
742 309
391 367
650 506
313 377
1164 372
1043 600
1125 160
420 27
945 534
829 526
192 43
144 81
467 123
753 374
500 364
446 471
725 240
360 156
319 50
682 334
996 275
546 302
367 408
664 311
602 433
942 597
366 148
587 383
357 373
1047 619
966 389
29 580
440 478
585 179
730 521
863 610
351 105
395 440
844 577
1175 323
643 183
478 499
872 579
604 323
412 474
992 309
419 517
443 157
1078 277
858 347
707 559
592 264
326 692
969 143
861 372
409 28
938 75
1011 153
340 477
872 426
507 354
872 520
574 394
675 453
225 19
387 26
480 235
722 171
602 258
553 329
259 435
482 454
768 471
1104 483
746 494
440 36
581 246
1057 220
958 525
1014 561
308 696
1158 372
706 381
675 296
626 256
454 436
382 434
476 397
461 409
495 468
853 450
496 485
519 83
612 196
610 153
532 175
785 598
839 619
1082 535
354 523
412 346
441 345
756 337
409 338
862 364
1106 308
661 315
342 398
530 417
730 462
1102 483
182 68
233 24
210 36
612 173
978 566
384 575
681 528
902 538
854 518
697 577
731 589
714 652
813 382
427 374
696 340
461 320
921 288
766 446
714 442
650 421
553 385
834 504
1098 74
499 125
434 124
414 29
477 134
426 227
515 224
1231 240
600 517
712 359
722 271
567 412
491 502
937 502
788 281
403 374
417 320
898 113
810 211
574 480
253 24
692 546
415 298
398 718
769 636
776 399
182 33
285 68
1198 408
302 423
433 537
648 367
842 580
494 364
694 176
931 91
482 343
450 339
999 132
673 173
491 315
680 490
752 317
939 460
1180 410
558 227
739 329
102 588
927 407
770 420
806 542
898 611
427 384
369 154
521 93
900 504
354 149
897 380
666 531
774 333
552 113
186 465
258 60
440 369
399 289
901 43
432 440
1140 291
633 428
891 212
1010 340
230 24
661 69
596 361
521 406
339 168
1075 716
843 307
837 132
164 80
796 543
685 404
391 483
755 427
413 485
369 143
1115 602
414 240
492 566
783 499
259 26
877 394
508 526
389 396
526 467
855 482
851 312
328 208
578 163
383 519
770 649
563 97
1014 541
498 220
590 363
1115 162
224 53
707 563
530 240
769 394
802 213
591 370
833 122
941 656
719 296
428 247
386 119
785 173
564 325
516 449
881 678
354 367
403 506
320 193
453 114
801 680
402 293
967 426
370 14
441 352
389 708
668 710
550 189
801 496
962 59
429 380
704 571
486 453
753 360
777 599
913 573
948 339
486 407
1026 313
479 375
947 84
767 462
844 685
416 369
450 144
777 388
1107 552
936 491
1145 432
999 506
487 446
225 142
395 22
291 100
878 696
785 393
389 299
453 222
798 202
697 281
421 110
859 658
681 541
800 546
597 407
896 566
181 268
690 535
804 232
712 352
271 15
392 11
604 284
598 502
799 496
247 718
679 423
760 634
562 380
447 279
435 540
785 198
703 449
1021 505
599 228
407 509
832 511
555 121
438 108
754 626
895 706
817 268
825 506
639 520
1138 196
212 18
941 519
213 36
998 485
345 416
477 266
1065 609
1016 261
544 313
477 109
864 678
812 392
859 191
443 498
1079 614
555 376
853 463
462 492
900 387
621 218
800 206
604 337
1178 300
792 602
750 274
889 616
696 372
890 632
1110 461
328 13
352 22
787 72
1077 691
417 435
721 285
627 228
604 329
939 308
513 292
1137 623
354 362
696 380
420 332
618 501
29 505
836 423
752 249
705 340
618 160
520 211
668 525
705 265
724 588
302 82
495 518
586 453
588 551
789 482
426 129
935 557
581 183
839 69
920 56
385 455
200 108
1154 538
786 242
1123 453
407 320
941 124
465 268
670 515
189 13
372 13
618 284
475 131
866 277
1150 458
1029 294
819 644
1017 47
825 293
693 417
1085 336
817 199
449 120
589 448
1132 335
847 690
838 530
611 477
831 404
450 149
818 564
891 115
683 30
726 252
1075 643
954 79
269 695
473 447
1040 474
864 340
781 645
889 404
997 165
575 103
763 239
718 392
383 265
378 712
561 320
523 241
867 338
667 337
721 341
391 171
962 248
873 527
1046 293
701 388
310 27
590 303
615 246
1083 350
1152 411
707 580
794 145
643 55
514 143
469 190
1099 359
463 512
848 385
455 391
612 150
1209 245
741 596
285 22
831 453
931 553
422 241
370 9
1098 189
361 563
649 75
221 13
377 139
873 562
395 20
981 281
353 177
715 340
876 719
115 398
722 346
846 703
435 403
229 79
43 549
887 0
1073 434
754 21
383 717
442 443
736 415
706 718
870 366
783 598
457 215
610 198
354 688
886 61
909 72
809 298
812 54
1066 603
908 251
426 334
188 661
1006 331
396 169
384 287
1043 7
857 634
571 400
348 494
322 470
415 208
814 351
354 346
848 663
489 340
905 76
465 429
381 13
217 13
725 590
354 453
969 137
1016 548
579 458
1076 545
675 105
984 121
468 385
472 344
419 235
350 396
415 522
844 187
1037 28
287 19
696 573
953 433
434 123
801 185
513 357
429 397
631 305
1090 676
949 91
1076 455
472 296
787 290
861 645
1004 16
475 87
350 273
515 493
205 400
873 664
547 253
422 397
307 261
481 429
751 367
361 463
352 177
762 133
1012 129
1023 123
341 558
1015 54
789 129
1173 358
379 452
815 659
1142 207
508 462
340 393
199 252
948 534
339 100
591 237
911 3
538 126
1152 464
599 173
756 11
1020 119
431 441
366 192
535 393
703 475
540 366
575 459
745 230
199 615
1097 371
525 448
755 189
1208 216
790 108
646 123
488 127
1182 494
459 48
1134 104
358 165
466 492
320 91
1003 164
617 354
264 546
934 90
430 448
570 223
832 175
846 106
1110 536
844 519
590 501
971 112
364 184
829 659
1010 131
766 553
925 478
395 277
217 19
782 250
798 26
1136 134
1174 459
798 335
692 177
790 580
788 531
430 390
736 509
969 172
1133 172
772 490
413 30
882 10
924 124
352 295
917 439
1033 136
282 24
936 150
1139 102
965 168
465 243
1148 208
900 137
853 566
546 548
604 363
906 157
701 519
158 212
752 102
627 275
1051 313
791 682
928 130
653 70
737 595
910 101
753 27
907 153
1026 79
1030 111
974 128
1050 72
725 84
963 153
758 89
780 114
555 213
592 156
948 574
230 173
981 133
957 109
994 133
1060 238
931 141
969 294
1124 494
857 120
701 102
1021 178
628 79
587 124
360 173
1041 137
421 523
1060 99
1154 133
538 379
836 719
592 425
736 457
908 11
492 104
440 135
942 110
334 203
604 208
861 94
1020 136
180 45
424 455
1025 344
144 273
112 549
536 166
716 195
680 15
786 99
777 125
87 304
1096 68
420 358
731 707
409 429
463 376
781 643
754 10
912 40
799 76
461 117
1153 305
1046 80
817 249
495 498
765 78
1133 124
1100 199
176 626
684 534
796 579
870 351
695 2
156 62
742 101
1176 182
228 610
1044 3
1031 579
1097 97
987 409
1076 183
809 151
975 45
871 63
962 103
794 317
884 105
894 363
960 18
939 38
780 489
1087 123
517 317
330 16
954 112
334 403
778 450
873 44
829 142
1074 523
1044 33
684 59
392 357
1008 459
924 151
739 580
736 114
654 332
833 84
421 25
853 338
1122 268
1076 161
608 418
903 110
693 37
466 563
1106 188
972 1
945 77
353 173
302 17
924 464
672 209
1059 39
337 187
655 79
797 91
1193 363
604 485
821 26
802 455
111 360
1099 523
415 22
1116 348
379 102
80 284
522 86
637 449
955 445
563 98
194 584
643 134
600 274
436 293
838 629
372 179
851 418
797 638
512 329
1140 202
83 283
136 345
899 44
949 117
787 92
961 59
520 326
678 55
374 26
780 629
700 174
727 129
1016 31
1105 135
939 217
807 132
837 350
432 282
416 234
896 97
1019 157
697 25
725 2
445 112
487 90
582 437
951 119
644 81
1072 175
723 453
871 44
180 246
255 713
740 17
1172 180
878 445
215 181
578 479
1038 150
707 22
376 331
1128 68
629 550
137 606
852 41
930 58
795 132
599 271
941 171
915 90
999 531
192 11
1006 172
47 539
848 46
503 414
1025 3
924 181
748 129
1040 164
436 111
681 47
562 312
736 106
1007 36
851 122
876 64
470 489
990 509
896 8
933 91
890 56
810 35
985 109
652 46
829 71
448 469
925 104
941 416
427 44
141 95
980 94
869 71
1111 145
928 96
1034 19
904 605
920 257
117 389
317 182
324 415
795 118
109 326
1041 7
910 125
755 133
1026 140
313 37
816 259
907 46
830 64
919 134
986 1
947 135
615 463
138 227
844 633
706 10
676 54
753 250
623 286
297 11
696 30
1077 179
343 6
799 644
987 118
898 44
687 22
380 304
834 131
585 273
901 473
911 535
612 279
638 63
523 31
488 403
1046 196
227 209
643 14
886 296
1010 119
575 380
718 204
890 29
773 286
947 28
411 127
376 89
827 197
166 257
1033 149
1023 147
811 136
452 355
1087 310
842 567
1230 424
497 353
841 230
448 385
785 67
1037 124
663 95
454 507
357 432
555 175
1130 188
862 463
561 58
552 273
423 332
389 165
893 155
1076 596
123 288
184 79
490 223
87 302
1076 126
590 215
1028 155
927 547
375 337
1013 427
197 7
499 389
974 260
912 103
941 504
1020 483
248 4
522 471
105 322
464 90
547 1
310 457
743 116
369 251
882 312
1005 590
458 88
214 14
360 382
1040 147
540 254
888 103
400 702
670 55
184 120
525 490
1180 356
503 319
698 360
254 68
446 45
697 43
955 133
992 138
701 101
988 132
796 127
881 59
974 23
204 192
677 202
802 15
392 689
358 372
163 397
781 659
763 126
939 99
534 213
628 3
898 108
924 162
486 416
998 50
1008 111
345 180
931 137
1111 161
369 179
721 544
966 625
994 109
452 312
332 355
318 466
1107 166
713 703
1103 62
703 65
740 272
992 58
1013 80
574 363
1140 212
1034 172
1136 149
979 338
893 39
838 7
967 133
1103 152
457 558
548 222
687 485
1081 169
1149 186
691 84
766 242
699 35
1119 194
903 19
673 710
835 81
918 152
1148 189
874 573
947 165
916 151
255 0
1048 145
1039 34
840 436
680 25
946 596
915 426
631 494
475 394
865 144
1046 159
557 370
1011 50
245 57
682 354
967 512
864 92
870 54
1002 333
586 244
1157 150
488 355
399 349
255 597
353 14
937 156
848 297
1069 250
1124 201
257 20
156 269
154 235
885 710
477 287
702 59
649 243
1141 172
682 482
809 399
720 6
753 118
490 517
259 16
566 127
1133 188
613 274
456 365
585 408
916 47
361 694
904 44
248 704
186 38
794 230
1012 162
1092 600
438 355
1015 82
1020 174
487 252
1126 134
709 155
380 284
957 111
143 486
1109 68
789 17
727 712
1047 547
781 686
830 596
223 71
818 402
738 578
1127 81
709 44
1055 464
806 203
347 560
134 350
409 58
980 156
1073 46
595 478
544 443
384 395
375 181
677 502
356 160
805 76
948 120
567 510
538 563
405 438
300 432
1056 579
718 529
924 678
419 320
825 65
1045 86
775 352
718 545
907 452
710 247
922 507
675 409
717 301
866 15
625 159
1147 325
1188 527
1034 386
848 415
417 366
736 237
940 268
719 376
919 635
524 89
392 326
229 28
1003 69
1120 197
1000 490
909 596
354 19
765 621
597 102
766 294
504 138
928 161
464 291
1046 136
495 407
703 22
493 447
772 311
768 279
801 90
679 13
603 207
612 466
240 46
1082 45
1051 33
571 193
916 279
316 384
661 369
1139 525
194 44
324 368
500 537
819 139
1060 185
1106 68
1173 512
541 500
947 107
682 16
719 57
881 402
208 45
998 153
639 182
296 30
537 483
523 374
710 15
675 100
943 111
918 139
211 24
739 24
575 484
428 370
159 58
591 439
371 344
1000 245
398 33
575 573
798 656
478 71
634 61
641 45
667 32
560 220
694 386
1051 474
815 254
782 22
637 33
946 141
1021 136
1088 172
803 135
938 3
831 605
621 473
283 24
792 27
316 307
738 344
1203 276
1048 526
411 338
894 148
1080 342
555 537
232 34
228 197
775 684
