837 532
219 259
291 579
444 143
200 555
1088 64
563 351
694 433
803 198
469 43
871 245
247 543
845 260
721 445
923 215
1065 36
235 575
209 578
887 218
809 108
130 533
888 171
985 38
835 514
810 420
1129 493
775 208
259 716
777 166
496 41
702 400
1125 125
591 395
279 627
208 659
133 621
889 105
773 540
200 620
972 347
871 92
269 472
815 182
954 490
838 246
906 607
741 191
951 605
1018 640
1105 135
776 235
892 98
589 121
796 564
908 257
152 475
755 419
1022 687
584 330
900 40
741 160
717 72
278 617
104 493
1111 499
905 608
1029 34
683 107
1096 110
910 156
924 661
778 232
1093 532
912 581
948 470
197 260
941 230
1115 463
1012 252
810 203
113 499
899 102
1160 146
742 404
881 168
215 476
1038 680
1079 694
950 184
255 450
767 525
952 1
890 192
1058 665
1136 507
563 396
966 56
992 8
782 496
1062 645
1147 468
1121 486
1082 677
1010 481
1097 306
1208 387
660 146
901 472
807 197
328 453
789 134
140 270
182 599
165 577
593 412
654 130
893 216
942 600
1025 106
858 175
712 154
909 232
1105 495
823 225
769 217
947 167
1073 115
250 521
98 546
137 580
815 201
1036 153
908 56
636 111
216 512
1030 24
660 466
816 153
107 502
120 506
241 485
245 448
153 496
786 562
943 185
1090 41
921 226
980 21
948 197
296 206
872 165
315 263
1023 42
366 483
1130 470
196 546
196 211
915 235
1013 89
1052 134
1053 152
298 488
853 54
245 537
289 454
831 24
606 71
1044 91
919 124
873 527
968 527
678 366
606 42
740 168
849 66
832 114
764 107
1047 673
906 49
1006 344
812 118
1004 411
864 195
814 22
1081 15
976 83
1101 120
244 496
1007 104
320 257
184 693
312 232
847 243
844 160
969 159
939 209
757 194
939 24
853 506
879 182
924 277
232 610
254 538
1089 48
800 237
989 208
1194 533
1017 93
251 566
997 42
1040 397
1074 73
696 156
1176 173
1012 166
781 1
868 66
744 393
218 489
898 111
300 447
1036 169
1061 693
885 276
852 231
1025 58
173 493
743 182
964 108
951 577
1017 135
627 40
746 108
162 230
146 516
792 167
864 11
914 81
285 505
713 151
314 259
863 117
740 165
293 565
155 226
991 64
862 554
974 241
248 546
808 193
895 237
1064 200
1015 178
1059 22
1032 106
865 254
842 182
1020 201
1059 679
818 25
206 531
178 244
665 353
229 595
766 183
813 204
1075 189
259 487
540 41
221 513
442 7
266 595
165 558
891 144
131 464
1109 69
975 161
1030 179
1143 442
326 452
979 124
815 230
153 537
964 195
619 426
941 169
279 535
506 288
222 488
144 548
954 95
887 131
908 159
619 74
1036 181
824 142
218 456
927 267
543 81
696 128
1066 102
701 162
912 17
834 107
737 230
904 87
953 450
890 32
852 197
262 540
247 211
253 475
166 280
161 642
1083 611
937 222
763 69
776 77
853 36
1043 36
238 595
961 75
250 606
200 513
710 173
730 186
1000 9
1070 9
891 101
117 427
315 623
292 459
1156 116
880 283
270 504
801 198
93 517
913 32
144 432
1068 142
961 165
872 147
178 314
886 195
298 530
856 146
196 480
1070 73
852 130
1074 709
625 458
688 154
147 479
707 102
968 63
848 112
368 418
245 526
751 169
268 593
155 234
840 111
917 153
1038 685
174 461
267 403
1060 8
1166 542
738 193
996 717
208 428
1047 719
253 580
1100 96
910 31
958 49
1075 71
1059 415
1026 47
723 101
1183 498
241 563
928 52
1019 73
871 50
918 115
486 349
1126 126
1012 54
152 226
887 220
219 605
160 411
1014 636
907 112
639 395
809 236
876 235
222 386
345 263
800 571
760 474
836 244
1083 663
842 240
929 502
885 196
1205 503
741 168
1031 610
1095 361
268 546
231 588
947 514
931 342
964 617
826 56
211 542
651 404
626 416
233 153
116 494
947 540
1060 81
1117 522
581 299
235 619
847 103
1006 4
173 498
273 190
943 202
953 403
917 214
713 9
139 458
909 503
837 149
852 38
285 718
516 63
907 25
1108 139
988 152
686 426
263 524
187 511
853 174
990 43
689 146
1158 506
834 461
742 97
1203 358
1110 588
1083 466
943 505
831 150
226 459
915 83
105 495
823 600
559 522
737 184
119 445
920 133
888 129
585 393
191 373
870 636
961 27
923 493
725 444
129 228
807 201
1071 696
138 457
895 265
1199 491
895 105
1026 138
975 149
957 195
446 245
1187 519
978 130
649 438
970 196
898 48
567 413
277 545
249 593
1014 150
238 666
283 439
975 566
357 341
750 405
910 405
153 451
1022 137
598 314
1085 179
236 536
915 134
1128 71
997 648
1092 447
1015 631
697 410
870 582
789 194
620 367
144 477
793 0
169 517
1000 69
358 534
1084 91
923 176
85 499
887 487
952 113
779 176
959 568
1099 92
1001 38
1184 455
1073 157
847 521
955 511
969 198
831 133
736 140
569 25
986 31
802 29
887 273
1086 462
1104 519
259 93
954 181
1192 471
1055 251
306 557
823 103
314 466
1075 129
196 288
714 470
845 79
426 476
968 177
921 228
751 71
136 549
876 104
973 90
1047 27
337 166
1171 343
961 649
1023 81
250 685
843 81
1119 372
1062 153
937 202
882 596
1084 116
1010 112
1068 689
676 384
589 375
243 595
1011 621
638 157
1165 544
200 460
894 220
127 569
66 390
764 69
773 112
211 662
1022 109
1032 81
857 85
260 423
880 241
819 228
1148 563
184 409
266 462
194 494
953 153
1077 84
929 114
273 441
242 549
935 164
912 220
935 32
160 413
790 413
882 80
219 513
587 45
109 346
889 214
190 449
733 233
1163 617
993 161
1130 674
873 77
673 164
1021 108
975 169
667 692
949 85
898 96
117 500
179 516
946 200
741 37
604 18
1120 170
918 149
981 76
225 494
1125 135
1053 5
821 210
294 454
152 624
947 22
907 239
1074 32
1010 40
284 424
803 90
292 577
1024 97
1056 87
792 173
610 122
280 588
1132 84
728 91
928 231
1128 68
199 482
676 175
991 59
303 437
237 557
856 194
816 109
711 221
936 259
1027 195
252 437
807 112
1006 252
233 511
213 307
874 226
920 136
1070 21
1070 3
701 71
908 108
867 246
721 419
840 215
257 506
973 245
1080 706
182 16
1042 110
249 519
1086 457
820 175
1066 33
825 247
1129 157
125 472
926 83
1037 113
744 201
1040 79
730 195
907 251
802 14
445 488
1099 39
705 99
847 271
987 157
165 479
586 78
906 219
1072 691
300 478
195 545
1037 57
346 483
1201 250
191 614
927 6
869 84
145 559
124 337
988 493
626 40
999 18
904 22
954 108
747 125
980 43
77 457
780 520
152 581
910 222
1045 675
869 271
742 176
284 477
953 441
860 139
172 527
173 283
793 239
961 50
1141 95
127 500
1033 135
953 159
877 98
1037 101
683 112
763 242
485 174
800 153
372 68
305 480
972 58
193 497
762 189
907 102
1137 102
274 494
208 514
277 550
863 0
901 157
788 228
172 499
117 431
1022 72
992 109
730 160
700 190
973 137
888 213
270 458
948 77
1076 81
1049 39
959 54
1044 3
950 209
898 176
1171 147
246 708
1006 106
1152 104
760 115
643 121
185 192
809 255
963 167
210 628
1104 622
553 281
848 268
1158 139
135 243
982 55
1146 549
1094 554
214 501
790 163
149 164
1040 220
113 454
150 601
795 214
966 13
1107 93
118 400
182 561
1006 70
472 39
1070 37
700 232
957 220
1035 160
145 453
290 450
248 556
173 541
1022 50
632 58
772 115
846 240
861 202
272 437
1076 52
159 247
1102 128
1046 89
1090 102
1022 101
821 181
907 187
937 173
1067 169
180 296
993 124
1010 33
983 63
265 199
878 159
923 135
699 165
886 184
235 427
1034 279
940 25
1089 52
1023 229
903 233
269 203
928 175
981 143
224 687
211 544
113 540
145 426
773 106
857 105
1027 109
897 64
927 166
935 167
1022 131
223 458
936 7
188 628
919 221
939 202
286 671
587 112
492 259
730 259
203 470
823 220
960 46
227 597
118 496
189 423
231 165
230 498
202 475
936 183
295 542
904 207
1109 70
755 185
701 140
213 143
280 541
1083 487
1013 120
969 163
128 362
1112 100
920 174
294 457
1120 88
753 109
1096 55
804 29
175 440
866 237
126 475
849 586
977 23
187 493
858 165
744 48
232 580
964 140
808 153
1023 194
743 153
147 581
890 33
799 82
925 269
570 39
900 124
1138 81
122 522
194 602
906 76
901 179
203 334
853 454
139 359
834 133
746 217
849 195
1021 113
1087 41
911 56
868 122
1092 117
291 540
830 67
1069 122
246 437
855 265
233 570
163 530
590 118
135 445
783 87
1099 87
1029 100
253 635
858 170
1105 37
519 117
897 44
221 665
168 511
385 409
1032 114
1046 698
790 266
862 347
663 19
1050 51
802 132
193 330
216 479
1001 97
1066 159
158 248
1006 232
946 53
1071 45
889 171
117 216
264 465
779 164
742 172
822 158
843 72
1008 188
807 152
779 59
828 59
917 186
1054 29
224 503
651 116
943 169
771 85
716 95
1049 184
840 152
165 670
972 103
740 180
974 158
91 422
215 672
601 123
802 101
948 62
904 177
959 250
850 7
777 139
892 265
979 113
889 144
948 183
779 192
1012 60
951 269
113 482
254 483
893 160
853 245
725 227
170 590
723 108
715 147
341 265
907 178
1003 205
935 21
259 432
314 401
116 506
1112 91
265 530
1076 48
1000 167
646 631
708 118
811 155
842 3
617 69
753 138
246 530
1122 64
713 95
93 306
762 13
691 117
954 25
767 117
899 139
988 190
1006 164
221 541
160 314
867 201
1075 193
1083 176
936 161
675 134
665 140
1004 76
500 52
886 15
196 621
295 487
161 478
146 425
275 430
916 256
951 213
804 240
885 148
899 120
835 104
974 39
1008 32
299 670
1104 90
577 76
1108 98
266 505
136 510
128 484
236 408
156 267
172 672
189 545
1083 190
294 160
940 160
833 234
691 198
889 196
789 216
498 27
1010 27
1010 57
1111 57
886 63
860 34
1141 110
927 79
1105 94
1095 17
845 191
914 188
882 189
883 158
978 151
913 129
1066 204
806 195
218 717
853 266
312 508
255 486
293 116
604 126
801 126
986 85
1073 42
562 32
771 171
207 160
1091 145
263 617
119 488
856 51
489 22
689 125
904 117
874 239
812 148
763 157
318 541
251 534
109 360
1103 44
508 3
883 119
904 103
988 187
1042 161
934 136
414 213
202 637
1001 8
896 84
977 149
992 145
911 230
902 202
261 502
143 503
119 429
260 603
242 605
261 529
1005 77
847 127
1101 97
1148 97
1072 29
822 28
763 6
439 0
949 40
989 185
727 177
970 148
969 150
727 237
116 244
280 639
233 519
229 514
122 526
190 520
215 679
1043 98
733 123
869 79
658 75
845 75
1090 95
650 61
579 41
1052 35
945 162
1104 163
738 169
756 143
929 130
851 258
937 256
828 261
173 362
268 501
209 421
140 531
263 517
709 513
1030 207
1019 134
849 142
847 158
683 147
905 12
1012 21
1035 52
967 105
930 75
86 455
152 426
108 316
999 259
324 262
250 526
119 573
954 32
1004 8
1001 109
941 245
813 255
910 226
820 215
183 217
800 217
762 174
726 180
690 181
732 152
722 149
270 680
143 653
177 631
151 539
522 38
930 32
655 117
663 121
893 124
641 97
236 200
849 185
905 187
856 266
269 607
973 703
1099 57
150 349
843 213
152 570
511 32
1033 84
1213 313
876 282
206 556
298 123
263 552
991 139
757 20
138 249
568 60
783 135
948 218
693 35
856 70
855 152
994 133
205 471
863 222
1004 102
871 169
180 487
874 131
222 484
997 123
840 109
1051 138
248 702
706 182
82 499
525 64
916 115
1066 135
225 612
660 79
893 212
815 135
228 541
952 125
977 147
318 519
206 695
1024 121
1064 6
1036 192
164 454
860 250
733 182
1061 166
82 402
953 133
865 265
759 28
850 54
488 162
598 125
671 54
914 60
213 523
979 153
836 200
230 538
1069 200
795 172
137 592
172 446
1076 127
823 219
992 228
1067 128
793 222
147 296
714 155
893 187
832 221
765 37
1106 97
442 24
986 5
167 546
863 34
817 200
837 237
907 67
624 95
814 115
958 202
820 237
1064 139
962 161
283 692
208 684
1020 40
1023 98
69 444
146 527
1103 76
1085 115
896 79
1124 173
755 146
868 146
716 132
333 658
120 597
140 489
734 38
780 38
546 93
856 72
944 189
1094 205
832 545
1089 18
986 29
839 126
962 90
1094 90
960 283
950 143
942 154
706 171
83 477
221 447
308 423
1122 71
948 192
172 490
80 472
813 86
963 101
558 37
1005 169
697 104
1068 87
739 111
487 40
632 19
139 449
1075 127
775 162
834 257
889 205
868 225
684 157
1015 83
252 209
1106 107
248 563
689 35
273 523
793 241
197 672
121 508
887 199
727 608
867 164
711 414
115 250
202 522
696 199
807 74
890 28
754 116
744 101
823 241
170 581
949 135
993 216
889 70
916 555
921 25
1082 24
597 27
305 441
842 18
921 11
1140 90
157 534
116 439
913 66
976 66
215 415
956 632
901 250
1002 114
960 605
961 78
1090 64
91 505
885 75
615 99
1153 122
877 192
707 143
869 89
768 30
1060 502
574 61
632 42
845 113
267 502
1037 14
945 30
860 259
172 451
820 93
1184 204
390 117
155 520
825 175
1184 539
977 170
1059 53
998 281
241 540
953 264
200 706
259 243
790 85
976 94
924 74
1076 109
874 43
246 533
1016 37
113 378
230 448
931 167
877 254
969 227
259 572
558 323
956 176
1006 152
121 529
673 127
737 191
823 148
268 539
879 27
850 246
730 14
857 247
1148 117
1110 114
875 151
772 193
739 126
849 271
224 472
1082 150
790 507
913 172
800 12
812 20
174 649
274 526
1067 107
1066 169
1004 123
909 592
162 504
854 143
111 528
983 219
971 173
194 595
766 443
981 133
890 247
864 217
942 477
934 215
802 130
1044 106
985 128
1053 140
954 8
1113 107
1025 61
786 204
890 112
791 45
879 167
1092 174
660 400
1028 9
116 498
963 49
129 555
204 638
867 206
1079 141
842 98
876 102
221 414
811 174
1003 150
1020 112
704 174
376 423
1102 69
608 41
944 255
917 79
914 473
855 272
914 238
975 106
221 497
958 55
902 127
929 30
760 135
979 50
909 168
918 100
218 622
169 664
1006 44
913 210
1046 73
709 512
191 217
161 200
184 263
1044 141
741 232
599 18
1192 432
894 141
842 132
1104 54
782 200
875 219
999 125
853 526
235 497
226 519
806 71
1111 643
583 118
245 485
858 197
1177 267
188 677
564 101
842 551
820 233
969 137
129 520
1075 112
1038 717
768 388
661 126
251 210
616 53
1108 522
825 354
1064 87
211 552
194 304
85 292
965 253
682 384
703 147
141 215
744 476
968 78
743 66
218 595
838 155
901 118
938 599
864 32
170 503
1009 699
663 376
203 650
895 114
1151 554
870 12
925 251
247 414
270 655
221 518
313 496
1035 125
801 501
378 431
810 486
1048 713
919 87
837 556
296 499
1086 704
177 209
1018 202
1042 8
770 456
257 540
453 123
1014 678
492 49
874 206
791 403
578 358
780 488
160 192
127 236
773 158
736 470
1085 80
1001 21
912 170
824 151
830 205
1093 574
1138 84
1086 679
684 417
1074 719
1149 593
844 435
1099 404
813 112
981 595
1003 630
1113 415
1106 141
1002 360
223 434
740 434
776 379
184 18
897 572
746 444
736 459
718 453
699 117
716 154
768 553
1154 442
633 121
868 234
705 413
819 481
693 414
369 464
661 714
507 351
1047 663
729 455
286 544
697 102
737 473
269 489
1072 644
1066 511
1049 415
211 422
724 436
1015 109
983 108
1041 656
705 418
828 418
1115 519
744 458
773 171
960 182
468 25
864 14
753 489
83 455
1043 700
1023 48
828 518
482 380
905 113
863 545
708 420
819 529
1018 698
169 207
1041 654
301 575
774 204
1059 608
1106 439
839 582
1203 405
1148 628
755 454
285 542
675 414
903 103
844 20
852 604
745 237
1060 684
837 160
1141 529
1008 448
1026 53
758 424
1079 422
485 51
1093 663
619 429
875 664
874 481
231 530
268 446
824 526
1088 33
139 478
951 108
98 456
939 36
711 471
795 149
971 183
1021 78
1124 151
892 232
785 240
768 408
711 440
1014 633
999 92
1137 462
1023 466
537 20
996 48
866 496
865 223
290 464
1109 521
1118 329
1020 95
685 176
807 361
109 298
818 118
789 181
567 59
1023 113
182 556
163 496
832 200
1024 669
948 163
233 447
899 189
566 489
671 154
986 18
1124 130
1068 21
994 109
1024 88
677 418
843 537
1016 103
924 650
1005 650
1110 607
1011 332
651 414
1154 330
998 197
1096 506
914 196
582 339
261 447
810 165
1147 431
845 62
798 480
679 461
1147 447
811 508
846 479
1078 498
1011 650
833 162
852 423
148 545
499 368
1073 67
887 548
675 2
955 608
1148 517
288 536
235 553
1119 102
955 385
240 555
896 588
774 718
842 394
1037 345
94 540
919 603
771 377
1014 101
215 694
678 192
1129 467
956 242
805 411
1097 88
642 407
789 494
231 585
1021 89
757 144
1160 496
968 92
891 12
807 229
844 405
1090 80
699 479
1043 27
961 587
649 307
965 307
907 227
214 541
1022 40
870 28
777 415
255 612
649 362
1071 565
931 95
1036 145
256 486
880 218
795 390
305 531
859 133
1101 95
693 399
704 485
668 492
740 370
1078 679
562 22
1070 85
938 47
1074 31
946 611
1172 575
992 666
261 704
805 234
174 260
1098 407
245 452
300 440
552 356
922 230
966 77
513 292
1158 617
707 447
561 360
683 428
249 210
213 629
838 623
859 4
773 483
852 548
471 330
930 127
888 176
1174 488
1033 704
246 429
1016 147
836 440
897 195
96 470
997 664
1150 116
828 420
1027 703
861 269
1032 673
1044 698
734 411
1111 578
665 398
900 455
602 433
1001 361
991 189
210 513
534 382
539 338
753 442
1068 695
1044 481
645 384
1181 333
1086 707
701 142
883 333
1085 448
934 308
763 484
238 497
811 348
633 385
805 477
1054 659
1200 498
1029 692
608 383
715 441
739 436
865 465
825 237
849 562
722 406
1012 487
914 8
544 656
1078 506
988 89
234 676
596 294
787 436
859 372
501 495
1134 512
261 565
1032 480
727 228
929 610
985 648
546 319
1080 660
900 238
1096 668
854 535
150 332
832 502
604 300
869 140
745 456
1127 638
627 392
867 179
1139 599
534 333
978 114
835 468
888 272
913 162
964 625
891 547
537 304
1139 554
728 542
1143 550
1076 660
930 499
938 589
879 333
1049 711
939 573
864 241
1090 491
557 536
762 405
1037 687
550 407
1050 712
711 412
1035 446
197 651
974 97
723 502
858 397
916 588
849 413
912 329
666 356
973 627
1042 125
229 552
985 330
1170 582
1132 589
1049 325
708 709
1085 655
847 414
718 467
828 443
552 385
641 378
1152 486
1158 474
1023 696
1156 601
926 379
541 384
626 445
756 204
596 362
1160 503
1175 590
1185 488
706 704
631 373
738 445
787 476
663 421
680 451
779 508
1036 719
644 414
872 192
839 495
836 443
1115 379
701 458
792 467
872 449
796 172
648 329
1137 520
226 514
1135 551
998 421
537 389
917 193
607 391
1082 391
718 428
1035 633
972 53
1138 705
920 580
738 455
1128 607
801 714
690 430
619 392
1012 167
776 184
960 622
867 403
911 481
863 80
903 108
1087 501
772 452
276 459
1066 67
1013 30
861 512
1164 571
125 268
193 414
780 516
901 233
988 645
209 591
659 127
731 530
954 99
1102 482
238 486
803 429
1043 42
805 83
1103 83
198 173
847 194
326 271
333 101
240 486
780 648
1121 571
971 601
950 170
156 564
1062 705
938 248
729 148
478 441
179 530
205 327
719 470
811 199
1179 354
1109 68
1120 199
831 194
1047 331
303 240
866 7
988 110
186 643
914 173
972 159
640 81
150 580
274 475
310 510
110 518
884 78
646 359
261 504
703 499
910 263
974 124
1133 100
346 494
1000 361
774 190
972 321
731 83
991 0
703 159
859 265
925 227
185 588
366 292
826 505
772 189
1070 468
744 478
916 525
1089 525
672 434
287 463
777 484
694 131
366 289
264 565
1064 481
1142 96
781 550
798 24
329 274
1049 154
924 99
224 432
539 157
260 471
899 39
868 136
838 451
637 92
193 418
863 401
831 468
821 151
277 444
1065 67
1069 701
163 513
1003 209
155 499
657 109
225 571
1043 148
926 232
424 14
1093 114
157 642
709 410
755 168
961 166
569 67
870 29
172 519
570 121
822 138
830 269
1099 175
970 106
151 279
1081 59
907 189
1211 379
817 92
715 79
984 643
879 0
1149 113
1012 73
1033 658
293 484
1009 181
1104 40
556 1
636 72
1100 447
1052 108
756 123
949 199
913 221
240 669
288 541
999 421
920 145
756 187
940 130
1117 117
1117 180
872 209
245 548
1074 93
706 168
291 479
194 420
639 174
1104 186
922 221
162 523
870 205
694 148
162 314
900 151
736 432
93 501
1129 71
843 31
956 71
956 488
709 147
279 519
865 43
253 596
1025 2
151 583
278 537
346 273
779 86
983 258
204 681
864 207
1177 369
772 160
980 0
1038 182
921 47
727 86
783 213
741 124
956 96
954 243
619 41
592 358
880 175
279 500
1086 218
281 560
146 504
904 257
893 181
165 606
1090 141
797 73
195 506
977 133
643 147
168 657
738 173
345 252
1134 91
666 95
229 532
232 488
1085 108
913 54
863 11
1008 183
974 151
188 255
799 253
994 211
386 509
270 482
383 368
605 79
598 81
914 125
526 47
903 244
850 186
261 518
272 529
840 508
448 73
957 82
910 120
588 122
1034 203
165 230
178 433
742 196
884 208
996 33
833 91
843 179
1047 167
883 173
177 574
204 678
1003 195
939 249
794 245
252 663
307 536
271 599
238 630
961 80
796 83
815 123
743 101
669 140
1103 190
268 239
736 238
720 232
223 361
135 305
149 301
239 506
273 467
165 562
104 569
177 675
804 8
853 11
1008 62
891 32
923 32
983 92
823 85
983 118
1042 132
772 130
1041 129
818 148
1008 153
717 171
867 174
848 228
774 226
722 234
1085 234
926 214
789 207
138 499
91 470
193 476
303 477
151 456
173 410
114 276
208 258
182 309
237 525
114 516
290 528
223 563
850 563
167 565
809 55
966 54
886 56
879 37
1056 35
855 42
1087 15
1023 31
836 27
1051 111
1124 111
1057 100
1099 91
959 89
726 83
938 81
1016 73
667 136
965 136
858 139
876 147
1073 146
1037 144
855 151
858 159
868 160
997 162
722 175
826 183
1066 176
970 244
813 231
240 210
928 196
886 197
767 192
876 205
240 453
227 467
314 478
154 493
314 445
235 425
214 648
196 650
239 671
230 700
285 716
272 535
223 534
248 523
305 572
156 546
134 549
214 594
867 598
122 586
175 633
137 615
475 107
983 109
952 114
589 115
875 119
1066 79
615 75
948 93
883 92
791 49
699 55
1073 59
1038 61
876 44
1004 43
1066 24
753 17
976 23
983 10
611 155
1009 152
624 151
863 136
1084 136
919 135
644 181
981 166
645 169
877 218
756 212
120 194
156 239
989 253
859 241
942 262
243 325
969 443
218 442
95 440
139 419
110 406
319 496
220 510
239 490
141 469
1074 691
218 536
289 512
254 587
203 630
979 105
1006 105
1117 106
1066 101
1091 102
1080 99
600 81
1028 83
1091 88
1104 77
832 57
486 59
765 51
749 160
1014 165
784 178
803 154
1138 154
858 152
762 133
1147 142
780 200
904 240
807 243
271 502
381 466
182 445
1007 373
945 269
920 272
167 628
159 520
876 107
598 99
879 98
671 73
880 78
997 66
1004 56
1112 164
872 184
308 240
927 247
746 198
296 440
735 443
258 414
90 474
179 487
290 532
278 589
1066 115
995 105
576 82
1053 82
660 95
1079 24
889 151
894 163
688 176
768 196
235 634
217 543
253 644
267 472
1026 291
909 76
711 119
1032 31
882 12
895 55
1105 58
806 201
881 222
791 237
824 239
797 238
822 253
810 181
228 548
92 530
954 121
819 125
945 118
958 101
1016 85
922 80
779 183
1030 131
910 157
1093 147
665 206
887 231
132 265
898 257
250 458
264 520
848 127
651 65
755 82
1025 45
588 142
1059 137
944 202
842 238
898 238
241 577
219 561
179 463
895 262
956 97
768 131
560 111
868 206
237 573
958 86
221 339
222 149
833 245
208 447
943 189
803 106
1044 230
260 472
142 233
1178 561
549 55
485 29
145 468
1124 105
307 252
200 522
603 104
118 286
129 263
180 561
706 106
745 143
151 477
399 47
744 189
176 514
956 133
1020 67
246 716
890 67
363 453
163 478
864 78
336 259
942 77
1038 62
875 61
1107 131
819 133
890 131
811 73
1070 142
601 119
405 429
156 561
145 571
748 173
145 451
106 406
203 327
660 68
898 268
247 562
221 380
912 169
846 112
871 24
942 153
1118 81
180 558
1011 19
172 263
885 38
925 253
944 219
1081 141
1031 74
193 676
823 224
944 59
244 571
894 110
800 189
1011 111
701 186
924 230
186 595
966 172
734 426
134 303
998 110
228 622
482 44
363 9
723 513
126 322
911 227
284 496
325 514
1074 120
184 274
229 461
744 53
1033 235
851 120
991 38
154 528
150 532
941 47
1001 169
798 189
758 162
1125 138
1046 98
953 53
1105 93
620 139
246 546
949 63
665 422
860 28
203 430
582 124
770 177
976 121
992 13
1042 107
1080 108
745 196
856 218
251 531
203 494
821 227
1118 95
909 254
486 110
690 163
660 46
786 395
648 57
806 167
807 171
1102 41
934 153
188 588
226 645
1033 21
1040 198
1009 194
1062 126
852 148
770 198
133 468
793 99
266 568
892 146
911 113
871 196
900 101
907 245
882 169
258 458
298 578
154 608
895 46
894 255
690 491
218 194
196 289
192 517
554 105
750 197
901 257
316 518
261 230
753 122
963 134
948 145
553 151
698 476
750 215
782 141
185 686
770 162
268 659
118 461
218 589
884 487
908 168
829 504
1028 45
793 231
1115 586
1118 229
1103 80
861 622
807 255
687 381
319 501
843 86
836 241
455 291
744 136
882 185
237 562
100 500
979 120
672 139
962 77
958 252
261 208
844 243
836 238
292 539
1027 127
856 261
599 50
962 207
523 20
1196 438
113 429
262 574
649 179
170 603
246 503
1055 672
184 479
856 3
291 259
264 482
866 126
1030 33
808 470
261 538
942 197
811 510
691 385
959 31
1026 461
865 631
897 163
960 15
1014 327
1032 139
1076 200
950 190
905 144
595 430
280 457
139 474
922 196
830 536
1130 76
1007 431
707 168
876 162
976 197
212 447
927 188
882 46
712 170
250 182
798 178
910 127
675 124
855 225
117 183
911 153
923 189
184 228
1116 113
1178 478
126 457
856 224
932 32
984 108
918 185
607 79
811 131
1036 135
168 203
1053 110
915 237
955 36
1001 77
978 622
141 509
277 508
176 560
244 531
934 250
852 115
816 162
945 88
564 102
946 139
1014 689
536 136
90 448
1080 73
1082 624
652 131
898 589
1012 127
978 100
1086 399
174 593
1030 138
233 456
1098 62
872 214
930 99
205 447
990 135
972 190
969 132
909 243
981 675
897 610
916 544
891 178
1130 490
912 426
866 86
866 42
1130 84
717 572
1078 456
916 240
920 68
350 141
215 539
987 154
952 156
1072 148
1088 32
984 104
1078 507
1074 403
1107 153
926 229
289 164
906 262
163 555
1066 55
268 540
372 442
1047 488
168 605
931 179
1053 184
790 123
831 254
249 628
821 203
254 480
256 454
149 487
839 419
239 516
299 537
904 33
899 437
891 352
122 318
805 104
997 39
261 330
1175 558
1136 639
708 465
84 430
733 145
1030 391
1127 399
1081 387
997 223
874 235
776 231
695 497
947 130
612 353
1043 120
934 636
836 545
150 574
660 325
157 503
760 47
182 482
884 48
653 115
810 444
763 463
236 544
908 109
139 497
1003 51
854 246
1139 453
902 183
932 217
1132 473
713 343
679 121
778 130
954 372
615 363
840 430
1157 594
787 225
249 504
1011 89
1077 426
1121 448
944 498
1017 116
965 147
1149 643
1020 130
586 56
227 545
1027 39
848 459
975 125
981 139
827 39
918 40
978 168
753 129
622 392
250 632
1103 250
1057 670
193 488
985 34
106 494
812 82
1063 103
811 461
617 159
245 509
192 463
844 248
993 217
761 150
832 136
905 228
816 139
994 132
921 182
921 102
939 220
959 107
783 88
1053 191
731 165
1153 558
1036 132
255 477
863 163
821 56
766 239
879 77
800 141
961 607
972 23
1091 125
958 179
946 72
945 166
875 117
793 154
987 667
839 272
885 275
1002 67
803 50
139 279
314 581
720 177
767 65
1115 494
829 159
780 224
662 119
641 197
134 245
1021 143
1155 438
731 160
1053 79
741 46
1076 126
647 110
1072 716
1029 76
1004 118
876 78
108 476
120 219
904 219
1125 120
775 114
970 52
1083 48
959 83
762 143
866 249
255 525
693 445
984 67
294 504
979 152
956 262
1107 70
952 458
1122 344
920 10
866 203
974 142
898 105
868 236
550 46
1097 77
928 113
246 472
1076 242
895 28
1184 424
1071 100
122 410
147 410
858 163
1181 206
1063 37
855 239
114 509
808 172
773 168
782 201
724 182
165 535
1167 188
1063 195
737 15
804 178
248 462
779 214
1096 32
833 437
150 273
456 28
958 92
985 45
196 552
1106 109
974 136
990 223
278 494
252 654
1073 56
1048 661
911 279
763 535
898 92
664 133
905 36
253 477
1207 325
133 575
875 257
1061 74
898 64
888 97
913 91
1077 194
203 469
566 58
1046 36
745 187
142 598
835 269
833 10
625 399
985 132
960 194
803 140
185 332
1005 132
242 428
875 150
1025 93
552 166
1093 660
197 412
232 594
710 84
857 73
968 139
769 192
905 168
942 89
982 47
988 3
258 517
145 225
908 59
701 172
964 68
261 431
247 201
224 648
797 57
889 249
843 154
1029 194
851 152
693 381
651 122
538 398
930 583
920 204
554 18
140 632
159 516
988 171
775 220
908 111
891 111
808 181
939 144
236 596
1118 229
180 533
501 42
685 447
960 180
198 661
193 428
219 461
928 138
919 203
868 118
255 691
1068 39
74 386
181 425
131 532
159 521
870 227
790 494
1073 597
1092 48
1034 93
144 326
925 190
780 252
107 473
937 558
919 122
1066 52
1103 52
239 480
800 33
1088 57
247 177
1133 537
169 401
864 230
1063 711
665 437
948 114
1117 419
856 431
1105 61
1131 632
786 492
1031 51
689 421
984 100
1197 497
1124 108
936 73
857 569
189 681
266 569
206 179
932 153
766 25
1138 171
1052 698
1005 122
828 379
761 148
780 8
117 447
557 47
1050 485
230 629
656 358
134 517
730 239
719 86
1082 594
692 397
809 561
846 161
833 147
510 705
784 485
923 251
1170 489
1026 673
1179 581
1121 404
633 456
1118 484
849 137
988 101
677 132
1178 476
743 161
962 516
916 497
961 53
830 455
587 522
717 547
890 605
1040 440
1075 707
763 476
821 507
902 243
1103 439
735 447
1125 109
761 128
220 631
648 428
910 523
1167 480
799 449
804 133
708 455
1151 642
984 513
1036 699
197 320
811 528
1100 611
1027 483
849 535
1061 413
989 401
630 402
1094 675
102 451
200 3
823 247
893 119
109 458
908 70
930 213
1043 680
699 396
799 209
705 434
492 689
1193 462
311 251
987 108
614 365
775 456
885 456
1032 675
752 485
1041 702
973 96
1163 612
842 213
817 189
1098 64
804 410
1049 436
916 600
1014 664
618 362
881 78
914 498
1112 362
796 475
779 476
743 472
662 361
781 188
715 174
158 593
1011 61
173 473
1048 452
862 116
638 38
1130 517
727 538
732 262
1055 682
633 396
807 490
814 485
877 466
1049 713
866 585
985 4
1184 558
607 309
266 430
1130 530
665 108
233 585
1092 30
1051 437
781 153
788 474
251 429
1080 97
677 388
217 526
100 484
1011 52
1025 695
1029 409
241 464
746 204
133 471
1025 183
883 282
706 577
975 78
206 535
803 508
924 578
920 110
935 466
244 676
744 170
995 412
971 331
1113 447
674 452
880 203
842 277
653 142
902 464
712 451
1074 647
1093 276
123 434
1021 667
871 330
1039 683
1076 684
1116 456
156 581
1159 353
1067 468
772 400
793 571
1078 673
483 343
676 121
750 533
966 581
706 481
159 613
1055 116
246 585
751 310
1105 672
1169 589
776 439
1046 351
1090 512
509 338
1030 204
998 646
893 24
580 708
246 587
664 342
1158 434
1178 514
765 457
903 429
1073 563
911 509
870 73
1094 504
872 414
1195 484
644 415
988 615
96 487
1087 477
943 86
479 577
1184 527
824 433
871 280
1003 677
745 462
1190 480
864 393
1048 463
1140 467
1026 498
780 113
919 493
879 263
559 380
1006 661
860 547
927 3
302 526
799 461
1069 585
1040 422
1051 645
504 307
1068 463
1073 481
1070 92
808 119
767 148
1128 450
1030 102
1086 658
1077 681
1170 412
1082 174
598 308
563 364
920 472
924 490
835 524
225 599
187 470
954 629
742 239
1014 123
716 480
1077 708
954 178
1110 477
798 513
921 0
751 181
442 223
978 62
1086 407
529 355
959 143
698 425
1110 497
375 713
1176 499
1036 626
1031 432
969 157
638 103
663 381
958 61
1084 597
728 417
955 177
946 545
1168 445
850 463
719 492
733 408
1012 664
1008 672
783 492
622 371
455 14
849 267
1140 693
112 529
883 59
556 366
130 358
868 46
1087 174
253 689
127 480
1063 380
668 431
1154 345
811 415
1115 356
812 219
939 525
894 29
880 129
719 51
981 51
748 190
168 450
919 118
858 613
1128 467
809 402
1133 371
272 482
940 511
824 126
787 109
900 573
262 444
887 226
1026 112
981 534
996 80
1052 585
782 226
903 576
656 378
961 431
1083 106
753 150
911 567
871 220
1021 686
942 545
977 118
1053 666
559 369
815 478
635 355
862 355
966 53
1014 159
895 257
765 514
864 70
915 608
84 473
794 393
732 59
925 384
554 298
644 435
1018 350
850 268
859 190
663 450
1141 496
679 436
880 31
984 215
678 470
675 405
762 482
312 438
701 477
759 477
548 355
248 489
1179 572
985 637
816 158
798 235
1056 37
878 474
1091 157
1028 649
235 678
888 163
856 560
779 367
1000 30
248 575
1117 647
933 193
881 159
793 189
897 186
725 199
1176 542
973 164
926 180
1059 589
915 182
268 692
234 403
92 291
987 68
774 175
615 341
633 186
735 147
672 140
797 436
1193 475
1183 438
950 14
957 119
318 455
244 440
677 147
148 503
225 175
288 453
1070 95
877 176
907 581
846 128
968 37
111 512
925 152
157 421
248 529
1056 94
667 127
780 417
839 515
902 475
761 118
146 550
1003 183
553 300
1067 485
952 32
1096 122
273 452
200 467
193 467
933 12
168 493
892 206
839 163
109 503
920 159
1042 20
949 61
920 196
1059 488
770 105
646 444
1138 425
815 191
159 211
1044 134
185 233
761 137
869 57
980 608
1004 88
875 286
926 205
1158 625
891 147
185 437
1075 42
914 191
863 273
194 431
921 26
993 645
982 118
748 41
1070 664
789 138
138 512
145 345
899 79
715 178
490 40
773 194
548 132
802 209
136 506
663 80
1051 28
986 52
87 367
637 167
94 547
928 23
337 425
231 438
293 634
88 446
641 147
180 255
827 182
1107 323
269 565
842 230
1063 20
1136 482
893 593
1144 101
163 596
248 486
884 89
309 458
903 601
87 429
953 119
1092 258
735 433
440 234
774 218
926 89
1015 27
1121 616
841 42
906 26
1046 31
988 10
988 99
853 271
663 106
756 468
968 75
991 217
847 93
205 540
965 171
862 138
845 271
682 265
298 448
126 557
1060 630
391 445
1048 56
900 230
901 95
1054 702
1068 115
911 221
615 407
902 163
913 207
1110 68
939 182
905 39
785 4
992 270
888 461
700 160
1018 177
1065 96
233 650
174 534
910 259
1155 135
680 158
1124 135
977 634
119 484
821 152
1106 119
903 222
799 83
981 650
639 44
166 497
1004 122
886 236
1010 668
834 394
839 488
898 204
799 110
1155 500
702 142
788 58
950 345
929 201
1071 458
980 81
939 127
858 206
214 341
856 18
138 635
770 113
1031 76
201 618
728 104
177 425
1083 443
208 710
908 141
264 517
748 191
174 653
145 578
995 135
922 205
913 220
936 210
1021 176
947 199
1046 152
1042 98
1141 91
256 635
1157 101
259 589
777 101
1065 101
982 78
895 154
667 374
989 198
219 546
978 94
772 111
682 494
1066 88
1060 116
229 303
296 565
246 570
229 515
272 680
949 68
294 563
650 70
772 142
88 528
951 126
217 535
361 489
184 213
720 135
1104 104
216 410
758 150
259 225
153 457
757 192
885 253
806 118
1028 11
1040 167
942 253
918 44
1165 471
607 149
135 628
756 163
185 247
235 494
300 464
888 235
1087 75
711 168
848 489
741 177
725 84
1070 135
1097 16
730 138
990 175
887 278
195 521
943 199
971 39
1016 135
549 9
1094 24
944 159
173 487
1021 425
180 283
598 53
742 130
915 147
697 170
640 129
842 157
948 125
677 103
248 510
121 506
1052 185
1009 115
992 43
201 709
974 28
859 551
134 581
1035 54
940 94
808 244
1004 30
142 558
142 332
523 165
683 141
909 28
153 636
164 577
215 280
1018 113
784 145
936 145
950 116
1044 34
203 303
182 484
780 208
808 146
901 224
702 75
135 511
925 156
368 144
690 130
719 99
1131 113
890 236
326 456
762 154
1040 145
713 152
156 425
824 30
71 463
296 438
850 256
1067 124
895 445
731 229
947 23
1010 82
865 260
487 22
1167 142
816 85
997 207
204 654
1080 138
710 70
508 9
598 27
1061 98
850 176
952 171
923 212
252 485
113 386
503 114
868 107
864 209
201 621
232 433
109 471
951 72
893 57
753 171
876 240
896 231
917 202
258 412
330 267
957 149
1052 158
1032 108
176 636
1117 210
880 280
1024 164
188 696
921 82
874 86
1105 86
112 220
595 125
878 164
434 481
158 619
274 508
1141 448
1036 46
192 337
1045 56
272 475
957 124
1014 148
276 690
1069 76
229 496
903 93
287 361
733 170
975 163
1173 559
313 577
692 183
899 250
1086 178
809 178
224 428
195 501
782 44
945 186
874 138
259 454
142 250
822 146
951 602
1070 500
594 78
1019 29
933 66
206 529
616 338
964 181
128 552
971 17
243 584
304 478
786 144
1156 364
916 29
681 173
892 231
894 146
166 249
884 464
776 132
171 506
236 433
696 169
626 119
181 430
1120 63
1065 11
148 546
235 651
1077 125
953 281
1102 137
968 100
164 463
896 255
100 351
459 127
808 53
886 211
698 133
283 535
588 94
661 163
127 528
1107 91
769 50
640 162
673 43
961 174
906 212
935 203
902 248
748 199
209 477
852 71
244 533
1165 170
909 167
772 213
766 108
843 124
158 519
784 538
866 154
962 17
612 130
829 211
301 623
204 698
923 93
909 238
211 583
924 45
793 636
824 198
790 165
946 256
761 185
285 485
1156 162
831 145
157 192
1037 181
896 181
231 283
785 223
936 146
1029 57
866 224
762 82
1057 117
648 75
1102 59
186 662
1027 139
896 121
985 199
805 259
276 458
600 102
925 107
1005 80
146 250
210 344
796 10
873 22
978 58
950 136
1087 71
863 275
905 162
191 221
953 616
625 96
207 538
940 173
569 200
1168 537
845 264
355 421
1098 75
918 226
176 425
116 264
785 16
114 535
821 142
759 130
169 623
278 631
1054 39
904 49
740 57
1011 92
984 107
864 233
1125 136
1114 385
870 24
950 132
929 247
842 200
756 19
761 204
757 219
1007 136
150 523
239 615
842 276
1050 158
932 52
94 309
906 228
1049 7
116 318
1070 60
146 220
760 183
947 88
157 286
186 465
888 223
1075 68
384 469
244 464
876 73
282 397
951 118
812 79
901 159
1083 57
1063 58
165 652
182 558
710 148
1144 156
1022 136
284 406
536 73
706 198
815 252
737 8
891 252
137 534
274 509
162 608
358 471
865 25
929 257
826 693
740 147
903 19
930 241
1008 88
837 209
1008 2
802 534
717 89
542 270
1076 70
209 558
892 222
914 225
1042 25
1107 90
943 122
1082 674
999 104
836 228
201 530
741 129
158 648
1098 106
1055 111
123 464
1143 507
1035 114
1020 96
153 433
296 573
201 577
1019 218
896 224
224 616
263 579
772 219
773 221
451 128
882 122
481 19
194 670
264 581
938 188
935 91
859 283
225 583
1019 63
994 20
946 107
959 577
889 112
1086 4
440 126
139 411
729 612
1003 18
984 10
914 263
864 203
756 86
797 128
1091 165
1010 80
202 174
900 469
850 127
685 117
1188 501
926 108
289 439
838 253
907 229
919 114
143 527
802 207
763 122
255 208
132 514
140 360
817 146
922 133
678 138
846 242
286 480
668 96
820 156
986 214
128 475
325 585
239 641
732 27
1083 84
374 420
581 336
790 152
241 465
1073 122
273 473
108 485
1057 73
291 493
824 34
1024 74
823 161
960 203
248 571
1105 79
1027 53
860 148
283 541
1079 118
878 282
880 462
568 406
1058 169
163 628
272 635
1153 493
853 265
735 151
1004 103
131 290
986 66
971 200
858 245
853 82
1041 58
154 391
818 152
287 217
740 129
668 112
222 568
927 168
145 418
749 176
328 488
183 325
654 157
943 191
891 254
757 243
743 136
561 114
109 591
101 418
1094 111
897 166
896 429
243 504
829 540
1118 72
825 15
881 285
930 215
685 142
952 159
869 125
1071 141
928 148
768 506
852 21
937 184
115 419
786 489
1067 508
753 85
290 524
748 110
689 143
866 153
979 9
933 0
1048 90
292 498
976 206
917 168
665 107
1114 120
1121 127
1040 233
911 194
813 164
1078 169
1091 57
486 323
1159 459
639 406
1080 127
173 419
891 96
204 535
612 325
108 484
164 228
160 555
1088 47
998 55
661 421
1017 149
1103 161
1099 143
292 550
131 261
242 571
816 523
733 91
825 167
918 78
847 225
941 85
1046 172
170 490
212 511
527 64
157 199
821 226
872 114
842 176
687 159
824 228
1097 57
282 453
706 480
728 190
918 19
941 159
954 403
933 43
674 137
1066 440
958 71
946 612
1009 84
850 451
295 204
1020 550
1024 714
726 178
584 167
1062 711
963 437
814 460
655 453
672 435
90 517
754 517
862 532
1052 489
230 542
194 578
813 596
926 488
1080 143
1074 15
1065 95
872 451
957 611
848 199
812 488
327 282
1143 590
829 251
1022 689
1069 132
1095 83
847 514
900 245
735 133
1166 562
1027 448
1015 411
1017 75
752 43
1097 76
697 218
616 377
1002 19
513 378
1023 449
217 621
596 342
753 649
532 26
988 76
1156 497
946 149
568 51
817 418
805 36
1122 536
1050 124
1072 32
1188 366
593 320
1112 640
234 343
744 121
818 61
966 202
955 69
285 508
158 523
1091 84
219 514
626 428
881 234
517 379
906 210
282 584
620 653
640 376
956 568
534 678
605 409
280 421
981 618
284 422
1024 461
851 540
917 204
1133 521
164 523
1174 572
1111 592
1001 140
1020 140
849 331
832 69
903 384
758 547
1138 93
1025 684
1092 659
840 371
1098 690
509 315
981 644
1074 456
613 379
921 596
1174 475
1001 625
917 374
279 501
860 537
994 323
969 635
989 424
150 264
1038 15
1061 120
997 133
920 27
654 406
846 237
135 353
523 39
522 61
643 403
957 202
858 625
541 16
823 457
215 455
999 9
829 346
912 202
1108 73
770 139
182 161
1091 46
1000 116
1000 642
1150 124
1090 104
1012 638
1021 655
1194 532
947 2
1133 636
218 512
997 678
949 23
155 542
987 229
1128 96
1140 313
1125 272
992 613
860 602
522 367
1086 147
999 142
131 446
1085 640
253 538
1172 474
258 521
942 567
1151 571
953 121
722 433
594 52
969 177
148 563
997 474
189 489
875 448
840 126
183 531
1134 625
875 540
1079 581
754 108
427 655
849 140
805 168
790 110
751 170
222 570
739 407
151 630
1051 395
855 162
778 11
182 634
939 93
941 192
945 192
1186 558
947 92
946 178
289 433
1105 525
854 173
1061 83
955 103
1109 106
952 132
597 113
771 124
920 219
1010 658
533 382
1148 354
935 23
169 610
456 329
1035 648
209 488
600 392
848 269
854 166
273 602
207 691
985 388
905 200
242 445
616 99
149 415
987 192
960 123
883 252
712 493
744 490
988 95
1012 151
1010 630
843 470
141 222
718 141
297 478
827 50
1152 361
974 4
1070 690
1100 657
1002 108
1030 695
1062 2
1136 478
639 65
727 136
609 412
1061 108
1068 145
802 458
832 231
826 523
999 226
879 110
740 204
1024 401
884 157
874 216
152 582
1030 686
578 672
1061 186
1191 470
948 537
1027 179
140 547
247 586
139 556
682 330
1193 519
996 151
752 158
622 417
926 636
901 640
1032 606
1046 379
143 457
898 182
822 532
192 694
807 394
1062 621
1145 439
741 435
159 454
1044 158
1199 374
1177 335
648 402
777 7
246 487
911 487
839 221
836 195
740 125
648 388
995 70
993 78
212 515
1105 413
728 426
827 415
340 496
646 419
149 492
675 176
698 154
933 159
477 112
200 511
183 611
746 187
187 478
996 120
1039 86
880 117
883 493
1097 167
1079 668
426 21
1062 426
882 263
846 122
1031 181
783 452
483 105
751 523
924 173
1012 70
1013 90
909 136
789 468
961 494
1167 590
849 525
555 710
997 65
986 425
945 99
987 654
1102 489
984 442
1070 718
889 145
857 110
649 391
1057 223
1060 657
548 284
749 45
829 57
1049 19
171 566
904 156
1015 671
1062 93
1032 416
999 635
259 626
1001 383
880 552
993 653
1167 367
1147 105
501 696
1143 536
1207 465
1145 326
1042 94
671 389
1149 471
874 700
774 449
568 402
762 410
828 13
858 403
881 145
965 638
745 424
1083 493
737 456
1062 555
115 428
1023 682
590 379
819 492
914 493
796 137
817 494
210 487
785 418
995 674
1070 442
1058 655
983 365
884 588
962 105
735 408
811 183
863 178
1028 680
1107 528
934 488
819 360
1017 424
926 22
1083 585
893 477
1156 557
943 50
812 237
922 231
285 437
1056 58
1133 705
1172 501
1084 71
271 510
1163 582
1124 634
918 602
142 586
893 412
736 548
363 291
1055 556
1039 412
814 480
1060 467
216 663
994 35
828 442
729 139
838 178
245 305
929 542
1086 589
735 713
1051 639
887 251
718 429
197 202
908 509
1169 421
233 641
969 109
698 216
915 596
1156 488
959 85
559 377
818 200
810 39
914 617
933 182
1116 511
937 525
1124 520
174 493
1081 420
1099 19
860 211
905 45
510 329
839 553
192 511
488 337
1051 626
158 463
1088 73
837 425
744 81
912 166
759 169
1018 389
553 340
665 448
240 515
734 484
475 321
1063 566
754 156
301 538
1026 96
909 170
838 130
723 105
1024 180
1000 142
1023 199
889 101
781 491
185 512
502 36
1062 156
1053 68
137 577
1137 523
707 198
549 297
811 236
808 78
1176 546
728 148
827 411
136 529
910 473
1106 485
745 389
1105 110
108 532
912 493
904 591
817 237
963 85
1201 462
233 719
834 24
1064 707
1044 53
1067 100
1052 466
647 369
315 409
1061 408
1048 712
833 494
667 437
856 101
958 207
706 487
1187 437
478 18
689 411
674 355
656 412
950 467
984 462
927 649
928 538
1048 384
974 646
778 173
269 229
942 206
857 235
1075 542
833 520
781 456
938 231
1153 596
850 144
946 271
334 492
1019 152
1092 580
823 190
1087 647
799 583
156 71
926 491
798 561
832 194
583 399
746 712
92 325
724 56
894 177
748 400
1003 599
844 123
1071 79
1029 684
274 471
1043 112
822 450
743 484
122 493
803 512
870 186
871 69
185 514
1060 156
992 569
1120 458
258 484
736 28
1094 457
1116 380
1084 490
927 464
742 178
708 511
1067 138
1086 151
1143 377
109 487
1034 40
784 493
838 503
587 437
645 391
1025 629
804 228
922 95
854 417
1094 485
624 425
1026 629
822 490
190 514
193 486
785 140
938 176
501 14
952 47
1020 17
1115 472
945 0
670 439
1019 27
943 173
898 87
844 149
180 483
793 223
1072 64
1113 515
1040 15
925 98
122 490
871 247
978 577
743 123
856 448
830 496
227 424
938 145
859 280
771 151
1107 631
957 88
1153 340
184 613
793 155
730 189
1071 683
178 515
708 132
847 188
548 146
1030 425
711 234
851 384
810 263
863 112
722 134
185 449
736 193
877 215
1027 110
115 466
235 558
936 162
1062 122
817 199
576 357
248 585
834 97
934 154
1061 635
138 335
181 403
152 234
741 83
885 232
774 30
670 444
1053 188
708 400
887 237
1180 464
954 174
1030 432
911 396
924 227
986 81
867 167
164 471
730 484
1071 525
174 504
865 222
851 279
884 138
1052 80
187 669
873 142
758 206
883 138
821 171
192 275
1116 507
1089 695
798 101
965 222
1033 160
951 106
894 169
775 134
690 488
1154 272
1091 673
793 224
145 551
965 128
1118 105
1043 432
129 509
1022 692
848 275
891 89
782 121
934 117
319 559
142 317
785 489
1019 48
659 390
250 471
839 236
1131 412
1002 60
1007 683
891 235
1110 478
134 182
506 94
1032 635
715 425
505 69
1026 115
790 203
1001 35
850 247
810 135
1062 76
748 150
529 33
662 401
896 246
210 640
802 235
747 468
1062 19
1133 448
1004 36
734 91
930 195
759 405
1166 444
341 468
893 203
228 443
1031 68
227 571
118 538
897 9
871 179
546 377
851 106
117 518
178 428
689 151
1083 127
549 99
898 486
1101 82
933 277
651 158
994 28
1135 635
966 44
1071 78
988 537
492 53
953 645
260 491
851 164
1001 50
236 676
257 535
1058 140
162 227
704 205
1084 38
921 55
1020 652
740 470
140 451
708 325
1068 661
316 346
1082 38
170 145
709 330
1021 710
869 463
1065 125
803 146
1005 96
908 224
773 517
1071 441
839 472
1031 200
172 520
265 497
728 399
1108 127
1138 423
1053 580
1015 90
111 404
1020 457
853 528
627 413
200 520
982 199
800 234
1112 541
1052 431
246 595
888 135
922 350
145 553
812 92
719 421
1080 680
1046 132
1076 686
1081 496
1040 627
896 425
916 196
97 487
766 492
201 461
804 85
854 180
217 684
1175 505
867 284
137 507
846 691
75 448
171 299
806 145
1134 123
931 146
155 603
1054 485
683 515
148 536
489 335
595 123
902 208
240 496
876 255
366 218
222 503
612 358
832 215
786 116
277 512
923 158
768 152
240 459
831 213
1090 425
1015 150
792 60
1115 646
836 94
874 246
911 116
753 227
855 245
738 215
196 536
110 497
1040 97
798 183
821 126
896 117
822 254
1016 215
264 524
865 80
944 211
1171 581
881 138
1038 623
951 45
990 11
788 102
1090 689
807 580
871 91
246 459
852 73
871 35
969 6
221 486
649 406
787 152
1051 199
994 114
940 138
681 352
714 398
813 240
850 445
981 47
275 621
954 186
229 410
925 205
728 122
653 619
752 193
758 112
897 11
1043 22
170 320
958 559
706 32
878 245
146 442
865 208
258 471
976 109
1041 78
173 407
129 493
319 407
1069 718
1076 112
776 39
886 191
945 170
870 80
294 235
615 178
953 157
197 569
963 94
225 503
1145 507
138 575
1051 51
242 419
304 453
764 31
774 149
274 434
904 574
183 534
140 490
278 522
829 247
970 95
845 129
186 423
268 529
850 98
1047 91
877 271
926 159
887 67
244 538
228 620
186 496
1065 189
872 213
187 471
658 416
904 169
1045 70
893 127
158 576
127 445
832 16
504 312
823 117
1012 147
1098 42
824 335
970 5
870 241
1037 440
1104 84
636 441
842 242
879 125
1054 126
691 138
1057 498
507 365
207 533
1034 186
958 266
535 320
823 506
1155 401
849 427
996 202
744 442
942 141
954 236
838 128
834 258
1051 63
1091 40
863 665
1176 545
877 227
879 64
928 617
1029 143
1052 98
693 161
1087 55
711 181
814 134
838 121
1062 151
1097 416
991 259
1018 168
989 77
927 156
910 230
786 19
920 489
537 263
635 19
736 103
231 714
1065 120
936 196
138 438
866 564
649 365
1090 660
885 231
307 519
942 75
999 175
1050 126
807 247
237 550
186 671
150 469
1088 167
