1009 352
942 259
843 23
599 195
1045 73
232 532
132 232
1027 105
770 450
927 212
114 312
932 50
151 549
851 5
1030 311
773 325
838 260
583 142
184 389
1138 145
1191 341
162 214
185 426
879 71
574 282
681 141
1053 345
695 188
917 405
1011 96
495 275
1129 393
439 557
1166 381
545 299
673 98
228 464
104 236
178 570
262 466
1070 132
876 327
715 203
1001 203
716 174
620 249
133 464
1131 216
862 398
958 370
826 406
1045 414
540 59
708 147
258 373
812 228
943 208
582 159
919 242
553 167
546 282
774 310
1047 97
605 322
237 338
901 478
1102 606
990 240
493 323
945 434
701 143
847 180
845 417
939 172
215 358
779 301
170 367
833 269
424 301
1140 448
935 295
1032 562
930 536
544 234
736 99
926 447
505 228
837 217
636 197
154 403
897 307
554 471
698 172
873 292
956 331
984 443
740 123
424 119
627 51
599 178
660 251
574 59
1096 303
602 318
1076 458
807 21
984 513
1031 592
1038 351
512 284
747 166
365 664
762 175
766 188
1015 449
799 382
855 170
704 280
533 113
663 48
871 53
948 316
520 635
1076 93
854 474
871 280
555 222
808 377
576 93
188 115
696 62
576 215
808 429
613 257
544 13
730 156
620 264
485 178
593 317
715 572
884 525
927 358
662 201
1055 225
745 319
743 489
630 206
237 412
1102 412
1155 347
115 262
700 129
853 398
841 282
621 56
1071 340
1044 355
578 66
801 316
578 60
1076 331
1011 564
512 126
244 7
659 61
849 234
856 300
908 274
1029 38
1041 274
957 171
1096 621
510 145
589 212
1048 346
493 76
596 212
608 187
495 282
515 138
841 441
990 385
601 222
615 295
951 98
586 173
922 276
1141 115
917 351
790 372
894 457
358 19
879 36
1015 73
990 177
936 205
1043 335
949 293
820 282
741 210
967 275
360 5
991 415
642 83
854 260
802 11
761 330
924 439
830 53
665 176
908 73
897 269
1147 440
920 460
562 85
1033 219
1103 81
676 245
831 257
650 167
1047 307
963 482
737 195
802 5
256 216
572 190
942 257
1065 124
744 178
899 42
1063 312
857 234
793 306
175 215
828 219
459 655
687 276
623 227
691 284
1009 317
1118 395
684 179
807 325
436 361
131 470
618 268
642 243
606 55
179 540
527 153
597 394
925 456
1014 345
1141 130
983 392
1082 221
233 402
606 29
768 266
961 335
456 263
555 167
158 210
691 259
900 493
996 279
1145 284
548 143
1154 396
1071 94
1108 272
108 370
565 171
619 195
670 350
656 205
911 294
873 234
667 145
714 153
1157 320
901 84
1163 221
713 202
670 230
281 3
707 137
647 157
960 352
623 189
1191 361
581 306
1163 453
670 151
621 82
552 245
1054 200
940 253
727 258
981 449
802 271
1197 381
259 3
938 351
664 176
858 385
604 155
814 328
1151 418
843 368
1136 114
852 184
910 495
223 208
822 30
580 330
860 50
1035 410
710 180
1063 522
894 417
673 189
123 521
1086 95
784 463
868 444
932 33
792 152
1114 444
982 280
1043 76
213 181
726 203
688 165
741 201
958 260
988 216
625 188
1126 432
900 158
834 295
309 333
829 249
895 411
1012 197
690 277
955 372
624 125
281 121
709 182
731 210
1098 254
507 117
924 380
908 295
605 301
589 259
1032 211
1186 395
944 246
1155 368
835 493
996 388
973 308
1043 401
670 193
936 259
682 71
771 263
927 217
672 143
529 376
761 157
278 113
799 4
118 364
743 217
953 272
757 142
611 234
422 301
1112 97
202 298
540 303
957 86
599 325
1153 156
1101 393
932 312
548 125
981 28
1174 319
957 98
1022 425
236 188
993 126
530 299
186 261
1080 433
968 387
580 243
550 240
807 413
850 185
578 37
813 380
1161 348
658 162
630 128
499 253
264 509
651 196
977 108
377 27
863 51
1151 440
925 376
603 311
911 372
685 142
503 215
792 279
905 446
814 224
1080 74
606 155
647 113
964 164
930 280
1078 424
500 67
1015 206
607 120
667 293
1044 235
602 159
491 223
974 327
861 300
930 302
1019 294
1143 299
784 323
768 357
318 0
653 84
953 33
668 303
649 207
697 190
597 49
1128 376
683 87
1001 163
962 184
198 264
929 434
1081 556
841 286
1122 409
769 295
823 35
592 581
886 349
858 27
779 122
191 253
787 197
1086 255
846 451
1056 235
693 144
947 275
661 60
1120 411
1096 511
664 23
661 194
526 151
706 322
936 355
989 376
791 294
943 88
659 188
690 252
873 338
547 91
657 170
532 37
638 394
807 141
949 305
641 300
1169 365
942 503
120 547
590 255
206 172
1126 415
742 251
937 394
1017 203
699 150
117 460
529 460
567 226
542 196
610 130
515 63
530 327
543 351
521 303
698 104
712 46
914 378
502 152
693 224
1052 425
550 0
117 256
891 49
647 192
1138 288
695 189
1012 354
902 277
814 397
969 373
1000 373
784 349
650 214
1050 268
1028 181
508 152
799 379
628 124
935 355
721 122
534 4
661 224
1049 509
518 108
1065 315
966 249
967 243
947 303
917 329
443 270
962 247
846 207
1143 383
1115 477
599 245
1134 294
1037 281
882 337
524 54
517 190
916 201
1026 576
1160 150
606 310
876 23
1005 315
705 110
1096 123
747 126
808 363
630 223
824 217
832 233
1147 149
466 182
619 182
888 477
292 17
845 216
1023 448
651 115
877 195
127 260
167 142
1122 312
951 417
134 282
1000 117
1050 315
543 342
524 77
578 119
797 35
626 26
1079 466
865 414
1013 387
268 491
729 159
1100 438
486 268
737 120
865 16
1156 227
809 238
1072 261
811 401
648 171
819 41
1168 425
1155 348
589 84
167 591
227 508
767 363
540 257
612 83
662 143
655 149
203 320
194 19
183 556
1045 186
1178 323
871 247
466 331
652 169
834 396
906 297
500 354
804 457
723 158
543 221
864 25
1099 214
595 338
963 425
826 204
542 269
911 77
1089 356
851 363
681 223
670 105
1022 372
937 272
607 220
887 253
703 186
823 253
835 385
1012 92
242 13
549 119
1149 256
476 103
549 247
1069 283
452 130
674 261
980 335
273 494
828 256
660 240
1056 341
588 177
947 369
1180 281
455 198
1113 301
1032 449
614 99
679 239
943 330
670 344
858 402
988 4
922 225
137 572
699 157
545 64
88 418
1076 318
205 554
867 378
541 287
987 375
572 319
594 202
537 55
1048 302
599 208
1106 101
775 135
862 52
1051 499
611 217
595 181
672 207
976 304
514 254
603 244
939 250
569 292
926 292
686 265
721 233
743 136
481 236
598 540
841 39
530 218
205 485
845 371
1055 194
1092 54
517 328
1093 426
604 291
1045 255
1129 353
641 256
290 158
563 332
1110 305
935 92
1148 253
804 330
578 279
718 270
1082 302
779 317
1125 248
989 361
705 230
904 53
638 204
1173 352
1064 69
939 228
589 107
888 163
1062 96
835 272
1180 373
475 274
806 1
834 372
160 369
593 309
1143 252
1082 488
351 499
573 159
207 543
873 182
238 427
162 560
717 273
997 43
774 327
872 263
945 356
549 171
870 80
296 9
109 331
1047 374
878 380
150 185
597 189
635 269
132 444
1115 402
601 181
241 516
1124 109
1117 300
176 499
1052 361
614 294
238 476
619 78
104 264
171 378
182 386
596 199
121 287
218 208
555 308
88 384
1003 434
645 159
144 580
628 42
545 229
1140 382
189 169
649 194
740 105
664 245
985 29
474 74
158 469
1006 346
95 260
799 489
887 173
762 407
672 232
165 314
1021 11
114 492
126 413
221 167
890 287
213 233
656 57
658 128
668 131
710 86
751 120
926 541
838 328
837 381
724 64
963 46
904 321
1188 359
1061 214
706 107
998 260
1009 100
1009 20
873 321
1083 213
563 247
1085 333
1105 139
1157 335
558 85
948 223
1074 297
1126 445
1175 411
1052 276
553 39
224 294
693 289
886 426
1136 111
679 368
619 178
708 178
886 319
774 173
917 271
676 266
951 319
844 333
1027 336
936 46
745 175
855 191
1109 268
780 44
1052 504
613 212
795 122
778 156
1036 420
838 214
754 311
344 96
1064 96
600 289
1119 353
995 76
540 342
245 548
1120 166
808 370
105 321
1040 314
1023 22
709 178
225 201
542 253
976 85
961 221
208 354
532 239
826 8
1127 162
1149 282
494 242
1072 126
985 65
590 217
912 6
693 120
182 365
554 365
1152 132
841 40
871 38
793 25
992 26
743 77
1132 114
963 488
971 54
1065 103
768 345
135 383
158 553
631 208
162 353
651 267
191 207
161 296
967 63
847 1
640 214
225 449
990 48
557 317
782 278
1101 158
853 52
1093 119
537 336
836 228
1024 122
1107 145
504 296
887 718
1071 341
892 195
858 80
226 514
1030 210
671 192
874 316
550 160
1095 420
792 274
784 254
259 134
1095 375
700 89
755 105
968 78
712 275
1124 268
1071 208
640 61
908 201
162 583
867 303
539 227
1149 384
154 535
637 249
664 230
679 160
1058 57
557 105
213 400
588 68
580 51
190 560
1058 126
1003 293
919 32
904 95
592 92
648 281
633 40
916 40
591 302
1024 128
126 450
144 411
870 291
992 108
250 425
911 23
1017 137
858 50
978 56
115 243
135 180
885 52
860 65
1126 133
288 405
1027 315
906 60
840 410
888 361
1105 116
1132 343
877 26
197 291
321 438
1030 106
134 262
976 118
852 36
666 104
946 59
276 123
642 152
1008 218
159 492
643 226
564 226
1004 5
1184 392
805 359
1063 40
900 77
949 377
1187 348
883 161
634 219
198 213
630 184
1121 258
199 556
169 223
959 86
312 508
1048 114
206 125
1059 131
637 38
826 169
177 123
178 497
210 176
752 129
125 521
843 285
1002 60
838 10
905 222
749 233
226 582
1004 177
1083 124
144 508
1015 237
189 251
318 199
465 89
141 508
129 550
149 301
178 536
841 4
989 93
269 173
960 12
561 174
1064 61
672 224
178 492
618 173
96 327
1011 125
253 413
1029 122
182 610
171 195
1022 364
995 122
940 250
918 55
1138 405
848 10
1079 221
749 3
1108 554
1104 201
892 354
880 64
1149 149
576 42
798 29
925 35
1027 112
615 440
125 166
1151 327
670 250
803 291
137 531
1018 95
168 566
733 190
1152 466
933 168
78 314
983 41
904 20
1200 343
881 342
223 444
941 88
181 500
1142 427
122 279
1096 119
937 60
890 49
977 2
832 211
287 147
971 283
952 294
538 344
1048 87
685 193
808 129
780 226
1082 191
807 9
1079 70
626 56
781 289
1174 350
998 315
916 205
658 35
908 239
1029 32
552 130
1018 109
1163 156
619 191
648 226
273 501
601 264
542 61
1100 81
901 325
1096 300
1008 329
1000 65
647 75
842 43
1080 242
1118 117
753 357
1102 365
202 226
756 374
1031 123
103 486
517 210
926 490
798 10
893 82
571 103
931 302
154 558
979 105
846 216
1012 251
687 139
151 492
140 209
230 483
970 344
933 295
120 294
986 240
620 214
646 264
1113 311
989 177
541 82
729 209
908 206
743 262
264 34
497 75
865 53
175 213
704 595
512 73
1162 350
630 169
904 297
861 241
1130 410
175 562
861 270
850 191
944 48
1188 415
839 287
836 424
165 565
923 10
859 719
981 7
754 169
705 149
817 211
1128 109
497 362
858 307
185 579
747 182
145 352
996 274
921 109
1130 107
1257 521
1099 135
1152 226
1108 77
714 212
877 38
810 33
942 376
1056 250
609 252
98 358
904 286
92 400
175 490
281 549
236 353
719 117
926 233
1078 36
100 519
985 414
140 327
976 105
168 220
215 325
869 67
888 6
1020 53
170 528
940 77
776 323
170 491
1005 73
143 481
969 34
134 251
109 399
691 90
729 185
971 237
227 168
754 176
1101 54
240 258
191 210
153 158
218 420
1094 259
907 250
1042 74
302 155
98 400
183 184
1148 315
1101 213
1022 23
998 39
1049 56
184 299
567 215
904 34
208 101
888 44
1011 12
192 310
934 64
827 45
1050 65
1052 426
884 41
604 79
1145 129
139 257
990 88
210 135
1148 128
364 159
163 327
896 354
226 372
1129 282
187 463
285 242
842 59
92 291
855 60
1053 61
1066 76
1058 104
860 49
1019 94
939 471
119 136
446 349
207 231
334 193
969 82
287 144
556 146
932 0
735 638
180 414
997 66
142 481
884 64
1106 151
310 547
1039 131
162 540
1016 109
986 49
1118 161
1277 539
86 259
942 25
1097 71
831 6
280 136
1029 124
102 253
120 336
207 531
668 290
332 113
995 113
955 28
811 357
190 178
870 59
954 8
823 25
128 549
735 629
1090 71
524 324
1080 108
182 408
1128 110
951 377
1047 146
933 286
1036 78
222 502
214 161
145 206
1117 119
118 269
683 135
278 396
807 20
858 60
151 580
142 406
177 406
945 328
613 297
196 274
1090 36
798 281
969 53
462 85
326 211
169 529
868 31
215 209
1152 164
845 12
978 92
254 444
933 1
104 501
171 310
200 445
559 16
174 252
1006 455
937 320
1153 123
1090 150
1124 136
226 540
865 69
1033 68
78 432
476 511
860 67
974 102
1020 102
226 232
1046 126
880 16
1015 84
147 551
232 552
1128 219
971 93
792 401
1049 119
839 36
709 262
241 359
1122 399
1181 353
926 99
993 100
1018 100
824 48
918 39
291 531
929 102
192 120
1073 120
115 241
897 188
1116 124
1056 105
249 343
870 275
942 86
817 260
162 309
927 188
1084 267
1079 310
952 43
1057 85
102 345
976 55
928 90
896 64
909 1
1061 125
279 367
909 71
235 216
191 203
930 243
95 249
185 505
515 101
1056 120
143 296
479 275
1136 146
600 171
889 33
214 558
104 256
945 203
798 35
1134 305
104 301
167 282
121 563
230 228
99 287
214 137
576 137
113 322
631 302
928 29
139 376
1037 118
809 348
571 225
312 713
949 94
936 5
188 149
1019 132
857 65
1050 55
611 248
878 310
1099 125
885 331
1085 105
559 158
169 547
994 449
1076 49
984 75
1098 153
144 529
859 41
1122 141
205 186
100 306
922 13
179 204
838 319
1088 98
106 289
824 27
371 436
919 4
1113 137
187 380
1130 159
1139 414
218 242
605 265
994 87
905 331
146 307
955 342
1029 49
885 28
222 242
183 400
163 286
174 259
817 201
1108 67
694 197
94 250
151 265
1108 65
1083 73
1147 150
915 72
775 343
1044 69
1129 244
123 213
181 134
222 154
998 14
116 546
858 389
931 12
112 330
918 78
864 309
854 327
820 15
468 0
553 246
118 589
612 190
947 231
1128 149
202 145
803 22
110 488
1013 56
159 563
922 46
209 355
993 108
168 282
1013 84
143 317
678 176
1024 111
531 92
691 263
1000 76
805 30
167 99
1104 152
975 457
222 206
911 9
160 351
1035 42
139 259
907 50
885 33
1045 183
127 407
111 288
538 216
962 27
874 34
1073 134
1112 264
1009 104
848 64
853 64
224 425
665 221
1110 68
138 281
794 7
82 311
176 311
1019 110
1136 284
1143 158
765 299
965 193
478 339
153 518
119 213
1066 123
719 307
368 97
801 28
1036 542
315 443
501 141
946 91
1021 14
225 407
913 7
1067 34
716 233
898 80
1054 70
802 40
901 194
214 96
1023 72
806 21
166 394
124 254
231 484
252 223
202 481
284 509
1124 107
880 31
101 392
916 52
831 33
123 390
882 70
568 220
1106 94
1136 154
305 337
1057 135
679 159
1073 131
760 169
1021 378
940 341
1068 49
891 84
971 39
1016 208
970 93
918 40
116 536
997 17
1025 359
1133 150
1064 44
265 163
1109 85
162 101
830 33
123 396
845 188
119 346
1023 200
1194 343
881 77
220 164
156 285
152 267
1002 6
587 138
264 488
303 439
804 316
934 347
878 350
980 380
1125 341
1057 124
968 50
192 366
1225 660
801 207
916 69
673 49
145 564
1028 277
1069 273
879 262
852 232
560 294
343 97
598 141
130 320
588 219
1125 128
1057 117
637 216
142 532
905 168
1188 336
865 169
573 258
819 51
1109 203
546 300
152 487
1066 433
850 184
876 368
1059 263
537 24
976 259
945 343
932 340
203 232
204 241
648 104
165 493
594 438
970 20
784 341
1023 339
751 129
1099 307
545 149
1082 103
982 46
714 47
925 284
900 257
979 315
922 449
609 138
570 183
613 172
1048 222
1158 253
888 380
428 614
1005 76
694 256
592 83
1121 261
274 273
1163 227
618 187
838 300
695 121
638 102
684 141
598 217
653 277
130 506
993 13
715 101
1090 519
1159 356
602 69
575 268
1046 125
645 74
1091 115
794 192
834 16
1159 148
249 532
465 206
1002 318
1168 410
569 125
792 377
613 184
855 309
662 235
1044 120
970 283
749 144
788 406
1184 221
647 28
1107 333
1085 47
527 251
604 230
921 14
966 231
507 118
53 51
277 18
836 249
722 147
996 247
1102 389
687 219
207 235
103 535
1119 86
963 102
816 331
1053 29
1094 506
1128 148
633 257
678 83
84 427
915 295
767 290
857 309
545 166
929 94
959 158
609 367
1115 342
1003 427
1080 134
919 452
590 226
904 77
239 207
100 280
1027 360
116 520
1044 79
987 76
1024 188
695 175
785 422
664 211
807 1
988 113
1175 314
919 347
198 378
708 226
675 55
903 74
1037 77
883 421
626 401
1058 125
1066 111
492 269
947 340
1097 262
749 204
817 354
698 340
789 389
206 501
1105 245
927 426
783 389
641 69
1060 131
705 195
829 44
919 166
302 435
875 332
670 47
489 132
1164 402
536 246
594 136
248 456
1068 523
998 266
981 87
861 324
1108 113
135 319
1101 247
1042 277
884 240
1135 405
1045 431
876 351
914 4
1116 159
576 250
976 321
591 221
560 220
956 209
715 609
501 245
586 99
171 247
865 230
1110 107
738 302
1050 532
1040 205
1110 253
942 94
1011 318
634 248
477 299
979 330
1123 73
979 224
457 87
665 150
118 202
792 133
866 412
146 389
1005 291
686 128
751 265
632 247
798 354
878 17
541 248
1111 319
579 163
568 202
928 282
748 125
604 150
673 164
1053 263
920 148
548 226
765 3
828 253
1061 362
1015 99
750 132
593 303
1158 215
1130 446
762 189
1163 272
1143 398
563 144
817 222
1026 53
841 239
968 192
663 97
660 247
860 186
890 248
936 0
1036 267
1025 289
535 160
1122 398
1060 259
1115 224
1006 380
860 244
583 119
1155 434
1170 365
133 279
702 135
455 660
1136 391
853 269
760 88
549 54
599 50
182 240
1044 243
507 227
640 89
636 241
479 269
457 256
630 279
1009 355
1152 374
738 329
832 213
812 127
955 274
1014 354
998 103
1028 402
1000 319
1079 52
1022 459
207 609
539 89
1025 361
1076 78
626 310
877 378
1139 132
874 172
1031 112
1030 93
970 36
1120 234
1068 415
811 108
993 294
967 82
1001 82
963 342
857 207
518 85
1097 85
520 174
695 186
1109 219
699 261
573 353
997 353
1191 332
1021 115
1136 364
851 322
597 142
657 73
233 216
924 276
689 124
1169 267
904 367
623 54
1005 310
891 304
471 309
128 543
152 218
103 342
551 189
170 526
189 479
867 70
572 130
838 207
604 321
930 85
953 208
266 466
1109 346
293 429
721 220
893 283
959 87
992 360
978 422
203 441
731 186
675 182
985 382
588 179
1043 50
1104 205
507 122
729 112
1017 342
705 43
145 293
233 127
1169 296
988 57
1072 124
742 227
984 565
1132 133
958 378
749 405
972 184
694 160
149 291
1107 147
595 148
1077 42
552 128
953 263
1113 371
972 253
847 13
1068 26
777 451
679 44
859 179
1158 438
566 28
692 226
182 207
832 223
1107 68
912 20
338 2
646 204
571 281
682 294
1022 312
873 44
567 95
785 401
646 180
539 101
1130 443
898 228
999 492
874 222
855 68
930 353
679 96
1173 473
119 396
1091 125
1053 79
724 202
1085 88
529 71
1012 19
411 347
166 587
117 408
710 235
177 316
738 252
199 550
895 71
1107 555
909 78
944 199
191 123
929 103
587 210
249 159
182 432
647 45
588 96
758 178
623 149
1123 135
274 669
902 207
994 241
1177 458
1132 290
119 467
510 225
1060 298
611 75
612 435
498 162
880 179
629 277
433 136
465 138
127 469
985 351
999 353
93 457
873 339
618 139
396 18
657 228
661 208
831 224
705 143
1139 363
613 294
141 584
229 171
809 440
187 217
1140 352
908 205
839 338
889 323
468 185
623 155
689 155
569 257
715 573
498 197
1142 367
1178 383
497 111
853 172
241 368
1183 305
665 104
490 73
202 565
858 294
894 31
1114 123
1005 371
784 443
710 309
234 541
1168 223
347 211
694 210
1114 508
728 436
428 649
584 124
619 270
1006 228
960 278
494 248
781 378
1018 431
1083 452
976 349
85 387
1123 282
831 339
698 189
1046 325
794 322
778 335
723 208
1084 254
877 318
877 290
596 329
536 180
839 180
1126 137
866 235
932 521
601 310
899 374
1158 476
766 418
694 174
546 139
718 150
758 114
668 28
940 257
331 280
814 279
118 429
1133 434
1010 220
861 232
489 236
844 368
787 309
625 187
556 188
716 225
1016 49
1171 290
1125 272
788 382
512 143
498 229
654 92
688 257
906 500
969 345
1005 294
1097 463
710 625
610 124
892 3
1036 417
1081 444
951 260
866 296
485 198
653 87
1146 363
1163 218
141 466
520 243
632 108
952 264
622 159
956 86
586 304
500 90
971 224
668 288
473 311
1159 362
1013 391
194 479
558 203
716 175
424 4
673 66
1052 74
543 117
804 262
1123 460
458 252
1065 227
851 365
681 356
536 2
956 353
974 230
997 221
610 89
925 419
999 299
1083 242
1101 246
816 237
133 485
206 211
990 249
1170 410
1007 397
1148 427
642 206
535 307
684 258
1001 249
589 39
585 209
663 216
725 72
927 166
1187 404
708 96
1171 428
686 191
365 667
560 70
543 191
695 149
996 360
132 225
913 391
114 325
1021 507
747 77
574 400
1037 317
899 361
874 232
524 188
852 188
1160 421
722 73
585 86
734 84
627 176
501 222
1052 45
753 166
948 342
606 211
457 150
894 189
460 114
1160 286
909 445
361 512
617 222
950 362
1057 378
562 249
670 67
612 127
461 320
840 268
629 267
617 136
696 56
336 712
668 171
799 230
1110 422
886 360
665 47
844 262
627 129
925 336
790 401
256 10
851 236
1045 356
955 367
556 238
864 283
435 675
449 83
669 58
622 252
1043 506
707 117
927 172
924 331
946 313
1095 286
885 499
1184 351
825 271
927 281
1172 435
479 112
825 387
561 179
1105 325
943 308
572 215
1063 337
1064 206
534 248
1041 121
1090 387
611 117
1204 291
916 405
83 439
641 17
466 66
546 247
986 224
843 225
840 310
777 245
790 289
634 86
763 104
963 285
844 460
840 122
1114 402
1143 339
759 183
648 237
947 250
790 379
942 355
721 213
935 540
669 183
780 420
694 122
752 541
831 418
771 171
643 261
858 296
871 425
646 108
624 193
727 253
1047 318
973 442
870 395
900 192
647 160
841 347
1064 212
198 433
993 492
697 239
805 344
820 326
576 296
672 35
808 134
744 259
804 393
1066 385
183 202
894 242
937 231
992 104
986 297
742 83
1033 240
847 326
490 83
839 251
459 355
504 202
1003 241
680 207
596 228
1146 396
975 173
844 451
550 124
615 246
921 222
926 270
1161 249
509 115
649 172
661 268
638 275
902 327
997 354
714 172
1087 357
677 345
728 83
673 96
798 296
574 73
651 39
1177 386
1016 296
616 171
580 353
1121 438
1053 367
1028 177
484 332
859 57
810 224
1157 306
913 365
1079 439
414 677
573 289
924 206
929 446
898 388
1158 361
1159 255
224 257
829 222
1076 122
636 219
1161 234
1014 240
1034 373
939 411
1120 217
483 201
688 231
692 160
709 139
532 327
718 53
883 255
572 194
1163 279
1008 262
691 130
521 180
498 90
1086 280
728 222
1154 459
1188 386
924 242
530 181
713 115
676 71
770 316
901 475
484 249
912 142
669 286
999 286
653 242
861 355
626 245
600 205
1172 407
562 147
890 434
1082 136
687 133
464 191
743 167
910 162
676 250
748 225
997 370
836 360
1022 323
527 106
656 102
547 122
903 63
514 232
1112 579
552 282
1155 283
535 261
992 380
1030 463
1014 409
806 147
524 238
639 246
724 118
806 280
674 272
1173 504
829 210
508 197
1051 229
889 234
1045 234
683 245
415 299
719 308
1081 428
501 88
703 158
751 158
369 697
553 51
973 252
487 222
831 294
872 285
1039 295
933 349
1022 203
705 259
713 249
657 441
506 263
973 245
444 2
829 392
996 489
1173 371
968 318
657 237
1109 236
1001 167
539 176
707 283
981 283
773 275
995 254
585 70
1130 289
647 110
742 302
848 17
590 43
1103 248
581 105
1094 416
1097 225
902 407
923 412
1134 497
1023 431
706 148
867 216
1021 256
783 137
701 295
1002 40
691 126
763 424
645 264
1119 536
1149 343
759 317
489 131
1086 433
1173 302
793 252
529 259
989 264
863 420
745 292
1032 287
530 347
891 297
975 264
1024 281
567 213
663 277
872 293
1144 330
767 84
637 112
969 459
664 233
661 303
863 204
982 555
481 19
1058 38
773 347
976 360
518 273
803 235
522 257
1093 293
237 518
813 376
723 132
722 189
1000 334
629 222
465 289
801 367
1071 411
1026 231
997 297
983 11
124 456
885 251
747 200
1095 225
884 219
784 185
889 250
1049 204
1095 412
557 93
550 214
905 236
212 457
1263 573
1048 295
609 175
305 9
504 262
885 164
961 227
647 220
591 66
249 162
562 235
996 166
1118 420
1017 120
558 124
255 14
854 319
962 219
868 291
865 259
85 282
490 129
215 376
592 240
680 193
797 101
645 52
576 210
1058 367
208 229
171 205
1131 308
866 309
660 179
131 375
591 136
906 217
504 101
571 441
893 466
506 198
1171 321
857 285
1182 424
567 201
140 173
683 177
526 245
93 286
1028 222
744 138
619 279
531 91
830 290
999 204
252 153
686 199
641 89
562 221
1062 64
1078 264
786 361
647 131
831 52
201 515
1036 506
1096 388
616 237
892 184
813 224
616 180
992 345
1077 415
969 282
722 112
808 343
512 250
549 324
927 377
1085 261
954 56
1032 345
487 117
494 255
303 518
786 320
922 77
788 188
1050 126
794 405
102 488
833 216
513 258
897 332
579 74
932 322
942 83
633 171
557 114
1155 240
1074 209
866 190
954 18
1106 416
230 463
608 47
196 480
623 210
559 46
1025 107
819 42
929 159
1085 459
1035 94
950 495
266 3
844 37
188 516
628 294
574 277
214 206
1045 231
769 121
612 317
161 329
484 229
755 287
298 470
884 226
1082 97
639 185
139 190
259 559
837 43
1160 254
678 192
613 385
871 47
263 591
1025 133
729 208
1116 497
987 255
1110 90
144 455
576 343
1142 362
940 494
611 269
99 293
1081 29
1241 126
891 472
236 197
710 185
109 457
995 29
791 34
536 225
771 144
576 89
125 334
914 330
917 4
909 211
127 347
1098 430
735 226
845 312
1057 357
1148 441
512 105
536 186
820 199
843 35
1046 68
995 283
936 446
476 59
942 70
1170 373
98 509
619 171
778 376
174 322
210 372
1000 109
532 250
917 5
1093 494
1053 105
1113 105
1035 294
697 169
1054 294
173 535
169 226
996 117
667 393
1081 466
156 550
273 476
823 5
919 37
884 46
1191 363
196 340
871 52
528 147
139 353
1027 75
516 55
1152 162
995 31
1005 283
424 334
535 141
1034 84
882 6
15 571
627 238
231 532
909 443
155 108
919 18
558 110
563 210
965 68
1082 125
1106 125
121 536
634 107
562 133
988 51
762 394
1024 349
133 316
796 0
840 19
1098 143
1143 480
979 307
992 274
967 61
308 116
893 433
651 273
1061 96
860 56
130 246
847 72
1147 314
118 473
119 238
969 96
1107 425
938 325
1033 111
1088 111
1101 124
1126 423
553 164
186 156
884 418
138 384
892 526
135 308
634 369
531 303
1026 212
536 132
546 196
658 201
842 177
1135 220
929 8
635 281
954 64
284 371
785 330
873 221
487 185
1121 254
806 407
574 147
643 235
263 225
793 324
1104 68
1009 99
203 278
244 153
846 188
1147 466
894 392
1040 127
135 503
108 350
1136 410
1136 240
831 150
951 68
935 44
618 219
760 0
833 395
598 36
122 452
567 214
233 21
1099 401
997 85
1085 503
1170 386
615 159
888 35
742 361
1016 264
518 76
965 363
762 247
709 156
1038 111
751 183
818 29
475 116
494 130
670 270
452 277
1074 151
1151 414
955 116
1073 308
802 345
471 102
970 54
970 320
994 346
819 30
200 317
663 92
696 153
483 98
872 54
1039 344
717 316
713 224
572 156
428 6
1015 186
890 392
887 301
1012 103
805 382
1093 75
284 82
928 276
1034 188
112 416
970 60
845 67
826 300
626 194
677 190
329 699
806 361
964 289
509 147
855 82
1187 363
1138 408
244 409
405 5
971 417
850 307
910 358
300 1
840 278
552 181
563 54
1135 254
253 145
265 409
1028 111
1078 137
544 278
794 153
1067 284
902 161
808 21
255 169
1052 429
435 264
964 14
635 193
938 338
256 113
654 227
1047 224
725 218
706 260
783 336
715 252
886 311
1044 344
1047 422
435 244
584 144
1010 98
483 33
946 375
770 338
405 183
527 240
109 364
1069 342
1091 456
671 250
531 306
676 147
626 105
802 9
835 489
615 107
576 214
752 201
960 387
622 278
294 5
1053 213
259 211
1006 211
717 193
881 216
646 152
1021 393
180 244
981 295
1129 501
801 267
653 85
543 175
1033 347
846 270
1027 27
579 219
490 307
1064 116
188 331
1143 348
371 8
1159 150
801 272
576 276
698 191
505 319
1017 317
656 134
1124 313
480 144
1135 388
530 111
780 344
677 64
1131 346
1001 70
1189 356
468 285
1020 310
1186 375
815 341
703 176
105 411
528 232
706 55
781 370
899 26
712 208
885 343
918 298
552 101
791 130
845 71
848 171
965 57
937 258
1076 328
710 136
876 76
1101 398
604 26
869 55
825 239
1075 157
851 171
1107 206
879 370
540 123
554 47
850 399
722 144
509 293
868 373
1042 138
304 499
508 269
173 478
201 437
850 50
854 242
1272 259
189 301
643 55
562 156
839 59
776 128
602 180
905 3
244 183
855 441
299 520
1120 490
960 237
330 716
1043 321
712 251
1098 125
466 351
871 64
1043 106
801 36
550 274
586 263
1100 472
1109 217
756 425
837 30
190 276
606 8
694 265
896 368
1103 96
756 378
519 322
721 224
769 284
995 157
671 163
650 49
1003 349
758 407
763 453
502 142
1187 345
1045 326
1178 314
942 270
849 25
906 442
983 245
835 354
542 49
537 235
1036 21
648 199
517 177
639 207
838 327
876 244
1128 261
835 280
606 229
569 162
724 198
1097 430
567 228
945 258
843 248
819 58
634 127
1146 466
862 184
653 49
742 106
1077 233
140 560
1177 270
1157 355
762 377
846 187
519 197
1082 300
974 255
958 320
899 275
998 230
1041 55
848 7
603 198
1148 223
940 258
996 258
1171 409
567 166
658 297
1163 356
1098 388
692 120
600 278
283 7
1005 259
1029 221
1013 337
819 346
195 363
1001 75
894 268
677 239
1042 49
897 315
91 411
1007 521
995 22
994 335
1140 240
986 177
869 298
129 571
805 17
1015 477
890 466
1003 260
787 343
427 649
477 78
210 215
582 450
1021 351
918 180
1010 347
629 218
123 270
781 404
685 145
1135 101
689 101
911 149
980 326
1005 522
488 96
973 330
521 280
475 203
552 230
1142 242
1050 244
706 108
664 112
1071 261
1036 325
637 97
1130 396
821 141
953 431
900 438
691 188
133 162
656 231
576 63
909 203
1101 267
1110 291
1184 311
123 172
540 242
589 254
889 345
1154 138
610 238
1200 346
737 420
98 488
1067 281
1019 59
1126 533
593 224
964 177
1156 143
713 240
1195 343
580 266
671 186
123 510
1111 510
1131 411
677 288
999 430
855 282
830 65
834 207
456 317
870 218
665 171
1101 396
764 386
901 245
872 204
901 40
617 149
1064 464
561 238
1153 275
641 135
842 187
685 125
199 549
126 533
994 46
975 84
974 301
841 305
597 345
172 373
855 210
926 56
1032 316
628 260
534 110
626 219
936 74
716 234
56 56
239 149
1150 308
1013 117
479 106
746 188
260 191
800 443
644 255
779 294
933 68
142 491
894 316
586 228
966 315
944 189
1080 239
1182 305
875 241
805 282
965 327
570 282
627 231
1091 135
965 45
142 429
611 199
1125 102
596 51
673 187
739 205
799 288
1102 120
526 101
1197 408
955 43
982 474
658 44
190 482
825 9
770 124
930 264
150 372
905 209
485 88
479 62
271 154
994 80
649 214
788 294
865 6
833 323
243 179
1122 232
1115 289
946 101
743 71
669 249
673 139
147 439
277 5
945 37
939 10
1081 269
569 275
962 208
1052 93
240 337
138 512
632 129
146 570
112 478
857 72
848 24
132 556
933 189
780 270
261 219
1031 316
983 172
253 14
999 84
951 32
1139 286
1013 25
981 330
205 422
1176 304
1098 97
1002 358
933 97
822 250
183 234
1039 127
887 86
1158 136
117 341
930 388
962 107
282 119
1068 487
1009 217
870 22
916 53
666 221
971 104
225 513
671 154
1098 89
307 507
512 254
1175 432
964 7
1037 140
264 283
162 170
1041 119
882 3
805 52
1122 161
1045 114
1103 133
1003 229
1033 64
155 441
121 333
916 86
770 234
951 39
155 201
570 179
135 352
1141 109
826 189
209 273
180 537
536 247
578 38
969 79
1120 119
839 269
577 309
1024 56
133 257
873 19
526 260
786 307
897 57
916 51
809 56
698 206
869 1
1181 241
920 278
991 464
750 6
103 428
543 40
974 70
932 419
671 253
212 252
127 299
861 231
94 294
899 49
300 414
937 177
830 27
127 256
734 107
136 230
1079 422
457 241
244 369
523 259
902 17
104 429
1041 64
876 1
81 397
972 50
124 436
345 16
1123 478
1160 274
147 444
1079 103
693 256
129 322
183 199
962 45
1000 411
207 149
1141 381
1074 347
205 127
814 230
522 401
1034 23
1115 103
1106 430
1157 350
659 102
106 349
890 259
727 210
1086 74
585 194
958 351
714 80
460 306
686 149
1174 283
920 211
171 192
776 367
800 141
576 58
1056 144
688 261
884 305
847 59
677 38
832 338
441 91
680 216
1137 172
571 139
1159 402
161 272
163 483
486 287
538 198
823 15
507 641
479 153
1016 287
1095 112
938 415
700 163
1123 416
802 343
677 214
747 155
955 443
855 3
1026 344
96 297
869 180
1096 131
552 353
716 182
861 0
879 311
242 190
1084 418
710 42
470 341
696 212
845 281
524 288
819 34
827 285
575 259
869 248
669 207
1041 293
839 45
1105 213
756 158
1030 339
1079 544
999 399
266 4
117 524
203 402
1170 344
621 207
780 261
971 272
546 35
715 194
1049 308
715 111
609 14
533 280
1107 259
845 339
589 36
603 46
1019 437
965 104
1053 258
904 307
1141 390
820 431
815 67
520 250
602 313
1060 377
1003 338
1096 334
527 70
473 85
894 232
646 247
822 201
794 141
918 144
945 358
899 271
518 71
808 236
666 246
864 252
1055 319
580 287
815 225
629 175
617 170
593 429
550 260
1064 102
523 66
830 181
475 273
820 277
580 302
533 333
806 336
892 341
749 362
1031 364
811 410
594 456
577 56
733 56
610 184
623 240
862 599
951 296
1078 257
896 357
636 237
619 281
815 327
1111 143
673 171
688 160
453 102
1078 102
546 120
891 401
1029 448
647 262
625 335
910 80
892 174
950 162
666 137
631 318
643 318
533 167
125 311
625 180
1109 246
1192 359
726 196
901 238
943 274
1138 362
994 423
837 449
546 34
938 196
1085 238
964 157
1022 375
1056 294
1103 313
842 421
652 127
625 42
780 145
672 165
528 339
781 350
914 316
982 318
836 412
927 64
667 226
1014 335
597 126
1177 315
1164 461
749 123
481 327
116 325
997 97
636 220
1087 259
1004 494
520 73
845 291
1110 140
850 324
597 7
1152 270
931 292
680 257
154 238
893 275
304 6
130 355
964 79
1055 458
185 342
778 342
1019 215
966 254
692 234
1139 379
977 297
908 454
429 115
336 24
301 5
683 265
860 134
155 530
1007 530
1157 303
847 367
964 176
984 356
950 340
679 267
786 283
435 128
1013 279
564 70
798 294
600 250
842 39
813 488
772 201
584 137
577 212
1126 135
240 15
1029 336
233 302
779 430
192 528
1127 421
173 248
783 333
119 197
987 408
483 66
520 158
1032 228
181 360
884 58
666 167
620 202
698 275
816 411
1058 342
992 349
1076 215
1042 180
486 160
1135 225
683 148
230 518
159 122
768 355
864 307
508 166
1024 360
1145 272
863 157
821 358
1135 164
122 451
908 300
1124 114
909 54
1071 391
505 318
975 353
118 296
931 370
875 10
217 258
114 520
795 27
814 151
234 283
966 379
933 344
999 203
986 83
1043 83
1033 412
190 103
1057 140
825 361
663 129
196 183
152 588
925 371
159 221
940 6
771 439
1157 124
963 95
96 317
655 171
949 253
988 247
871 78
1026 46
516 156
808 44
1257 74
1026 12
826 25
816 33
142 240
311 477
136 588
123 460
891 65
142 146
563 195
963 9
1052 117
673 251
1044 44
1003 3
235 398
1175 226
787 381
1040 265
138 343
237 209
780 153
872 396
470 236
476 72
695 244
918 337
990 528
867 238
290 520
879 67
996 363
201 251
858 381
966 48
955 374
459 196
965 387
890 72
645 133
836 282
287 288
501 47
284 219
503 353
288 478
691 239
991 553
525 258
568 119
524 152
723 120
671 206
571 274
139 516
1008 269
842 56
1019 123
783 164
157 243
227 172
144 531
636 134
850 472
593 220
745 120
926 450
1129 527
804 10
708 279
235 11
111 265
505 239
936 225
667 158
503 260
620 210
949 80
639 154
925 399
919 209
1152 307
765 148
658 189
172 425
871 63
828 5
991 222
1066 115
1040 39
874 71
1174 235
885 371
848 52
926 211
1173 396
980 373
573 102
1007 348
982 84
616 317
1150 139
227 213
921 94
480 191
936 229
171 262
229 396
271 538
989 191
197 308
933 23
257 187
882 60
826 38
513 230
849 32
1013 302
1181 367
1151 127
182 465
265 537
1157 478
923 266
251 150
592 441
926 321
109 395
1113 82
819 462
271 275
214 407
884 431
1076 297
141 184
1120 337
154 352
117 456
980 217
500 269
527 123
943 5
974 5
863 61
144 229
108 265
938 341
1022 115
943 173
220 427
200 251
458 194
621 15
602 227
1162 365
584 52
212 503
228 264
588 361
623 224
989 426
767 394
626 211
1004 325
657 193
1185 1
1108 495
579 203
682 295
1109 410
147 360
127 458
674 82
1122 143
1267 597
840 244
657 255
1086 337
783 145
805 293
766 313
784 155
772 338
761 146
869 195
851 196
928 396
805 420
952 277
795 289
1067 268
822 37
511 108
886 294
1162 509
1156 390
743 182
822 220
540 288
1091 287
1087 386
1052 469
1158 460
864 304
897 304
760 358
1033 358
1179 308
32 115
679 254
154 374
569 236
1061 271
877 403
861 267
915 225
876 19
960 277
691 200
924 144
1035 349
977 463
1084 360
909 301
1005 121
607 210
236 570
1002 360
1011 343
1003 439
645 351
1141 294
626 227
704 264
812 322
747 186
209 189
906 368
756 168
934 233
293 511
899 337
1151 325
812 429
875 190
1089 214
1168 399
631 258
587 232
880 266
567 106
875 255
592 222
731 157
688 240
699 246
783 155
645 124
222 475
737 212
637 13
1079 492
600 298
1047 373
831 360
928 328
837 247
539 282
787 229
649 117
582 111
918 279
658 65
993 359
1028 112
632 54
722 272
1033 122
1017 410
954 501
644 275
1052 208
827 417
581 249
796 258
1162 379
578 202
525 117
853 214
827 8
247 263
885 165
244 173
672 302
992 358
926 202
922 399
1038 69
175 274
564 229
1190 343
500 243
735 116
994 26
144 189
1026 409
1128 168
259 138
677 22
1038 211
201 576
166 182
1135 361
948 298
1091 279
127 244
1059 446
113 459
637 225
1132 383
889 83
631 193
100 382
998 275
626 79
168 291
483 122
875 187
922 416
964 208
984 53
500 153
1173 390
516 231
177 196
886 257
1060 250
938 289
921 377
141 525
979 281
738 183
394 313
987 482
1011 63
531 367
687 66
1013 322
939 79
1013 259
699 305
432 393
273 155
150 183
206 414
160 229
956 505
857 189
561 229
927 331
1113 259
860 191
125 456
519 381
958 305
1048 305
960 73
825 367
142 308
605 64
889 143
1083 70
869 4
176 585
187 307
1062 567
636 158
936 335
949 24
909 355
1018 193
1183 403
203 255
1068 294
614 207
1066 105
941 224
171 149
676 267
833 60
1138 300
115 286
361 687
483 262
839 280
879 415
1110 55
1037 338
1142 371
877 285
173 252
809 273
872 15
153 549
912 373
706 280
152 443
945 3
988 277
729 171
181 323
630 84
777 346
835 374
617 171
730 312
912 288
840 65
601 280
166 555
1012 94
182 454
164 583
1124 164
519 188
492 153
693 88
1149 215
852 285
133 541
628 142
276 23
1178 428
220 460
835 16
147 394
776 420
742 216
646 164
702 217
1121 419
1103 258
1129 225
123 257
1072 491
484 83
985 60
1056 44
922 275
697 269
657 223
1029 235
1183 378
869 266
749 139
766 300
679 59
585 204
744 103
944 314
118 276
1191 365
1031 69
440 296
682 214
90 464
1111 150
736 105
679 204
679 213
98 309
1073 434
622 95
381 350
242 516
948 402
1056 446
1014 326
861 86
1046 262
590 249
913 189
755 360
1140 379
665 129
1086 87
878 331
804 332
1178 388
990 107
185 277
1011 353
704 187
865 247
540 240
928 331
626 59
1120 128
726 71
363 508
543 220
1139 239
897 172
583 217
914 337
1006 312
265 12
871 409
795 283
533 48
142 510
543 241
876 328
106 262
515 94
96 304
603 183
603 162
244 9
473 105
580 223
436 147
803 359
604 283
662 266
659 211
878 367
503 237
608 255
641 138
891 285
886 347
1037 63
957 443
513 338
660 193
342 540
507 119
608 321
880 249
229 6
479 334
1099 436
1181 468
860 176
540 319
723 277
770 347
759 170
841 381
573 269
1021 318
1086 299
849 26
471 121
508 123
860 253
533 147
577 142
1122 511
1011 240
864 465
903 275
692 82
618 277
658 293
994 277
1128 229
1044 222
1050 274
885 176
449 662
95 368
816 294
940 332
1105 324
508 98
1003 426
814 282
680 167
532 241
629 76
762 358
615 180
853 240
581 322
766 316
653 308
535 258
285 378
813 351
596 261
698 124
780 143
684 239
673 80
837 325
586 240
144 609
591 150
863 513
509 206
436 404
641 172
536 211
744 75
912 242
599 218
662 199
774 284
217 195
1077 195
905 13
1018 207
584 322
933 465
649 240
656 89
877 302
854 320
567 286
602 128
203 487
588 94
648 52
254 474
862 464
604 231
803 402
1185 312
823 280
965 404
1080 93
140 358
868 231
880 18
608 154
1112 135
1118 306
1142 360
1151 355
506 100
678 143
564 165
628 228
898 272
908 375
972 40
674 90
776 133
165 475
800 329
394 650
1006 265
1001 246
833 335
748 246
786 345
880 212
1027 330
619 447
962 234
935 354
908 191
582 241
824 355
1127 130
995 389
597 230
924 71
582 303
453 115
892 311
1028 35
1112 142
1147 259
840 295
997 372
740 100
1038 277
855 10
546 276
515 191
1099 455
814 303
582 188
1180 383
522 57
512 214
913 349
959 429
825 125
1183 251
961 388
745 190
817 17
505 143
821 301
675 184
1146 442
1060 281
923 257
906 230
950 381
1118 156
721 150
994 352
284 523
692 39
634 133
702 194
184 341
823 114
196 346
1006 540
699 39
947 361
968 179
1091 282
1027 392
582 396
1005 90
605 253
599 323
645 212
954 428
972 409
889 418
638 112
197 120
1162 363
987 484
883 206
403 303
992 303
906 207
202 268
787 121
698 280
1172 326
666 183
1067 139
499 282
421 128
1135 343
779 327
709 249
706 175
780 393
649 304
1104 227
991 344
934 394
894 229
125 298
458 216
596 214
164 258
304 204
1124 299
1138 422
908 480
519 193
112 214
923 81
912 84
551 300
888 89
552 285
958 224
128 301
199 540
880 24
1044 109
997 90
1126 287
1052 128
964 96
1020 29
624 118
536 64
457 97
808 137
991 285
992 465
571 205
514 229
721 170
1096 381
814 445
273 139
244 225
732 642
1032 56
1103 61
978 345
173 609
1018 34
206 598
103 471
296 464
964 110
1073 141
1048 281
959 82
625 193
871 21
1063 340
940 111
567 318
916 372
891 165
616 165
932 282
156 236
893 42
698 233
217 571
543 144
249 433
1088 52
1052 259
1129 412
564 56
806 358
476 148
463 341
233 229
1148 415
645 201
1088 156
878 371
1074 93
972 227
129 298
133 403
498 288
115 326
889 358
307 75
952 459
649 312
187 255
261 149
877 43
1019 139
516 234
602 285
951 385
251 225
874 364
123 198
156 289
814 53
868 177
149 240
986 429
286 20
846 129
877 354
254 163
492 184
962 233
749 143
969 35
509 197
1090 239
810 117
1170 385
1175 387
942 46
550 39
810 548
1135 155
887 281
770 249
789 351
964 359
903 343
881 286
502 127
235 232
226 457
884 66
118 526
846 54
1067 291
1046 124
968 394
1073 101
722 280
1104 144
1088 124
1004 216
872 56
519 176
754 223
925 91
85 362
216 474
212 534
371 511
890 59
849 3
904 54
1185 368
655 194
897 147
789 261
949 460
1095 416
178 233
659 332
967 180
806 329
609 289
943 220
996 30
1143 154
436 358
175 373
1097 239
846 19
590 124
1006 530
723 114
817 49
750 68
163 531
475 253
994 455
264 0
898 73
540 255
925 392
884 204
823 227
756 230
827 212
955 345
619 38
1165 437
436 340
216 370
1127 282
816 387
586 224
171 168
668 61
806 347
1088 280
771 476
874 342
558 210
763 404
759 404
624 282
116 215
1016 346
532 225
668 212
662 108
1073 241
648 193
710 195
137 443
1099 387
898 217
839 38
882 408
1065 361
864 181
856 378
820 248
893 405
746 154
710 225
833 44
902 74
437 285
984 26
912 147
620 192
1154 338
538 142
528 129
710 52
622 141
368 483
139 345
587 213
806 286
570 39
1133 466
437 313
517 48
696 118
700 120
1146 243
719 463
557 333
642 219
855 360
482 82
1075 211
524 260
1000 363
153 530
1007 259
342 693
674 199
86 437
1027 233
684 143
559 262
994 458
848 413
887 342
806 200
616 573
794 246
672 210
1005 30
427 95
188 276
320 28
182 288
1009 101
864 409
1039 212
726 222
1006 21
1120 497
904 269
902 276
249 190
1130 393
130 248
1009 289
440 42
1157 379
88 396
917 421
232 401
656 230
986 196
189 233
947 24
1144 209
762 101
933 306
554 58
973 243
653 136
941 45
573 168
924 75
719 247
783 108
716 132
975 224
820 266
413 383
1032 286
559 264
939 34
572 126
188 540
742 168
110 504
833 204
593 273
715 114
975 492
938 290
973 234
898 237
513 280
163 291
1086 118
1094 63
809 28
356 680
763 320
109 241
772 390
166 538
784 406
938 360
286 372
813 359
271 11
614 249
157 345
737 181
979 55
1014 300
938 348
594 51
931 391
901 312
911 58
1055 125
1192 382
922 23
960 200
909 343
512 259
980 67
572 242
618 215
588 197
851 339
1012 248
1088 141
1043 286
978 485
842 202
676 57
1107 352
756 322
898 216
1090 127
540 105
1132 124
875 27
1100 263
1088 89
589 82
1112 372
105 299
675 153
135 191
578 83
1061 112
150 272
155 451
967 67
1170 392
173 173
94 244
881 86
656 294
697 266
358 668
163 337
919 13
957 69
556 57
886 0
645 115
643 193
480 698
858 349
239 258
964 275
555 146
547 151
305 239
822 55
1162 399
780 285
826 412
816 338
1095 450
661 124
1173 397
724 190
534 387
813 164
869 162
1004 249
611 187
547 51
618 227
115 528
140 509
522 292
1038 220
641 197
1106 149
1020 496
729 251
116 343
1139 355
1010 109
230 152
1152 364
719 182
858 194
557 139
1156 267
895 268
564 154
485 287
1189 286
803 146
978 432
874 191
650 126
928 319
1010 451
1028 97
586 215
665 197
744 237
1170 374
245 567
1028 459
576 351
938 459
665 263
822 241
895 82
1010 404
1150 531
705 145
1080 94
581 317
1078 97
872 379
978 78
977 61
547 206
546 169
916 336
143 339
1039 251
212 272
897 1
437 241
1111 433
811 313
864 517
688 154
590 202
986 123
311 156
176 607
926 402
908 18
354 1
622 101
833 592
880 345
832 205
1008 538
818 9
1003 185
697 150
883 396
535 24
843 29
195 397
1105 375
1084 35
731 85
638 36
608 132
567 209
183 374
749 319
537 106
651 69
1003 183
801 302
897 335
1099 524
656 90
609 202
152 431
678 77
1074 272
1003 71
455 339
935 443
618 185
1130 303
638 104
743 223
896 288
958 108
1021 24
948 67
730 211
157 232
539 61
868 216
902 297
932 574
635 153
574 89
468 83
691 62
579 28
777 296
1117 409
591 94
911 347
921 292
1129 386
1015 533
807 520
715 239
124 241
636 212
165 218
880 215
953 444
668 248
925 314
211 561
842 183
207 221
591 202
1010 437
684 196
1023 507
818 31
486 38
923 409
1052 264
1112 148
535 220
659 260
1061 395
277 9
802 251
601 285
703 82
1093 481
734 63
894 70
844 42
554 259
797 121
946 272
783 112
960 336
977 241
619 187
783 301
661 66
678 233
809 343
786 176
564 30
829 332
795 364
949 411
902 253
116 358
846 181
1036 291
607 36
617 298
910 479
1188 332
450 323
806 266
95 289
434 271
1170 323
611 168
646 157
966 94
762 111
410 8
1097 266
624 87
578 158
941 355
733 53
1023 213
896 316
894 283
658 124
588 245
681 127
1162 459
966 244
669 251
1181 362
1111 215
955 294
1097 314
1121 320
988 584
568 145
838 33
1005 273
1138 277
861 289
970 308
590 103
848 272
951 366
1182 407
377 151
838 126
1173 444
640 146
169 465
825 432
883 156
804 333
603 567
1032 288
953 402
1038 110
1051 226
1039 227
963 479
591 309
669 56
637 44
646 230
979 222
894 270
954 272
572 273
1160 313
810 315
119 519
1000 93
594 218
1150 277
1139 282
550 258
612 265
533 322
1142 396
1056 473
913 231
862 197
555 214
692 130
516 175
1132 261
971 401
620 48
361 21
492 96
668 88
483 242
963 235
661 202
946 476
741 321
1006 335
844 329
428 293
1146 304
985 269
684 268
446 286
1040 286
485 284
1156 281
563 89
672 85
499 79
808 241
477 246
614 253
466 216
738 222
617 194
651 148
497 156
559 184
738 189
839 296
1028 298
849 301
968 290
822 304
655 305
807 311
930 260
1070 271
625 282
1046 333
891 334
973 361
478 375
1175 375
631 460
967 492
809 443
1016 433
591 26
877 45
642 103
641 101
722 104
996 229
571 233
917 252
671 244
575 213
522 212
825 210
1077 222
509 192
1046 194
674 129
628 147
981 305
932 294
645 278
413 329
975 346
893 358
878 352
986 437
1042 411
1171 501
596 25
651 89
588 87
616 124
643 124
946 231
643 241
1021 241
992 247
671 195
654 207
972 207
651 214
849 169
1043 189
930 149
931 158
550 332
968 335
939 377
1087 375
571 283
891 429
823 415
832 396
1145 398
851 459
1112 127
577 120
791 115
479 107
661 88
761 88
1052 232
835 243
597 145
1185 354
987 286
191 275
575 257
451 302
929 305
942 466
1064 592
180 540
968 97
666 80
825 32
548 45
585 173
479 171
1146 229
158 228
1086 253
1056 210
712 222
724 205
566 194
1032 277
914 421
669 145
570 212
802 352
1111 429
822 439
582 192
982 600
494 340
887 363
617 413
1058 215
366 707
996 350
884 360
894 357
874 372
519 219
804 144
434 283
915 276
673 261
856 257
1073 335
1116 378
680 427
1092 418
831 247
691 223
660 165
965 181
647 150
472 70
721 89
152 313
999 256
1177 346
807 366
1124 429
973 249
817 221
604 87
489 301
401 300
925 293
1169 356
708 302
920 259
685 281
1054 315
782 363
908 411
607 222
1134 257
521 225
837 232
789 342
144 297
875 363
887 331
574 344
652 191
1058 339
588 144
666 190
974 284
827 197
1020 284
1106 253
1173 259
740 156
698 121
687 68
827 317
1118 208
674 178
644 55
545 120
826 209
500 65
493 239
678 105
929 237
1176 382
705 203
1067 363
1022 325
938 327
1158 506
903 203
493 159
639 232
849 398
275 126
594 223
1061 84
630 264
1139 411
719 295
587 222
159 260
662 200
1019 269
667 73
840 354
861 177
617 145
1037 238
617 182
1057 236
812 272
939 354
1178 375
1094 423
1067 231
393 0
538 335
939 335
657 118
1135 237
905 210
875 225
981 340
632 22
988 172
211 232
985 293
687 130
878 290
816 145
817 437
854 487
466 355
596 120
544 72
763 179
735 208
153 566
141 550
1164 464
720 199
356 707
1178 329
1147 247
488 80
656 80
925 231
795 333
875 208
912 157
570 348
552 289
992 259
831 312
842 286
881 281
1060 469
983 425
981 554
1095 233
425 252
701 198
471 95
540 87
731 120
843 271
662 322
801 221
150 243
868 346
853 328
809 436
646 49
570 31
494 223
1004 352
885 216
629 192
910 519
508 216
622 191
695 62
674 329
790 360
795 353
646 278
665 277
657 273
846 313
561 297
156 486
697 161
699 186
1109 132
869 349
1049 328
546 355
1088 266
775 407
886 249
382 150
749 188
1048 307
516 306
661 191
902 383
1060 400
968 292
641 55
449 206
691 131
950 573
174 46
779 345
512 247
1032 317
883 317
1003 113
493 49
689 145
989 358
616 318
922 199
597 264
677 208
880 37
633 79
933 89
982 264
624 168
1029 80
919 326
782 111
570 217
583 195
1130 472
924 342
816 372
663 279
682 196
566 115
1076 268
879 51
685 152
832 30
918 181
989 203
652 249
991 308
996 503
472 177
780 332
290 358
804 265
787 338
564 172
1117 318
701 312
957 286
202 606
740 199
1104 278
1014 227
920 14
647 184
868 332
1021 348
668 170
777 161
616 176
1092 413
482 264
1036 386
1190 453
822 276
901 31
811 321
819 504
557 342
607 107
1124 425
633 288
604 166
664 138
783 272
649 243
771 153
551 64
890 38
153 568
1152 323
1017 267
236 0
642 138
680 133
1175 344
490 202
771 167
776 321
921 286
472 88
643 80
582 211
887 356
906 266
962 274
801 433
927 177
821 129
980 225
271 5
610 197
814 124
997 234
645 8
1138 332
495 182
815 328
878 255
795 4
1084 439
813 256
1124 513
588 233
567 334
661 231
804 368
1084 520
717 201
922 173
913 267
911 357
840 259
559 246
1150 258
1142 366
820 272
639 113
649 224
1016 240
601 183
951 447
593 82
714 304
580 167
320 715
776 298
471 283
639 66
829 66
552 191
1164 459
526 276
556 135
259 222
152 557
1009 328
521 72
230 706
475 185
616 311
683 117
930 307
697 120
792 356
837 350
902 350
487 224
922 323
532 202
690 149
788 107
1109 243
547 229
982 541
642 137
966 312
766 362
847 196
457 251
974 331
1024 215
906 199
617 150
1094 256
993 510
876 387
478 194
471 104
631 75
985 256
833 294
1096 294
1012 422
929 467
530 252
1005 255
666 182
564 290
771 238
724 177
716 184
755 324
892 324
593 313
923 300
630 281
1087 257
962 420
633 44
662 125
458 79
574 233
532 235
930 231
1051 227
959 195
618 129
496 157
633 177
806 291
866 295
1114 307
841 309
941 282
837 285
833 287
669 278
653 257
1116 266
962 349
1090 321
960 332
1139 328
904 379
876 369
1109 362
1144 528
582 123
732 93
587 91
675 77
532 58
623 34
240 0
798 0
864 196
644 192
714 206
475 202
931 212
1053 208
876 223
567 248
891 250
950 243
571 228
673 226
539 234
1080 233
559 190
718 188
907 167
509 164
638 171
720 170
781 145
826 137
1074 137
542 141
658 292
1028 295
870 313
534 319
883 316
794 308
628 283
940 283
1166 280
885 274
1187 278
893 264
1109 265
769 371
1124 376
876 357
970 326
211 330
475 330
957 330
756 344
981 437
1114 445
1161 416
991 420
1125 405
1185 407
860 406
937 401
981 409
792 396
886 393
987 479
1128 477
1138 450
942 448
886 482
769 483
1111 498
1033 513
478 87
487 92
610 71
684 127
449 107
972 1
987 33
572 60
495 197
611 192
985 201
624 202
987 221
472 211
560 225
848 227
732 228
812 235
929 235
989 252
1125 253
957 247
887 241
600 148
587 157
614 143
648 140
579 189
1148 317
771 313
978 307
796 291
1082 291
522 293
417 297
1138 297
1082 298
893 278
645 283
1001 260
869 256
1103 340
1175 341
986 342
847 336
866 336
902 348
1036 320
1047 331
792 382
1003 380
1022 381
1155 379
966 355
537 359
889 360
938 444
813 417
795 422
1192 388
930 387
865 397
779 415
876 456
950 540
959 692
683 77
521 64
917 91
836 122
651 121
699 112
758 112
574 98
713 223
533 214
893 198
679 194
1017 207
765 201
564 236
731 251
880 250
852 252
963 242
589 245
932 187
669 177
682 167
1158 160
564 171
671 290
1080 292
910 312
916 262
1071 264
1085 284
828 326
749 349
1110 371
978 408
1148 407
1067 483
97 471
1041 516
620 91
591 119
588 112
677 106
598 98
695 98
1017 60
608 208
1104 210
715 211
216 217
656 195
997 230
521 131
253 158
792 158
623 159
614 188
702 190
644 291
696 291
632 302
597 308
772 304
901 266
840 281
975 351
911 349
1125 320
910 357
805 516
871 222
644 220
809 216
821 237
611 241
812 248
1006 169
518 177
686 51
764 99
992 313
989 343
908 342
743 392
796 389
805 385
1048 384
993 387
137 402
973 415
1168 430
1176 435
910 464
823 450
982 173
914 298
934 294
594 305
420 306
1174 274
1124 276
621 263
923 364
976 381
583 242
1148 228
532 144
537 60
900 72
1081 485
1090 446
756 410
944 326
422 336
1009 349
595 291
815 317
1023 230
858 368
968 259
1068 288
637 151
781 373
857 334
942 424
723 253
590 120
969 343
929 341
618 180
902 397
824 277
469 302
706 244
800 384
909 187
1041 306
574 77
1066 407
1066 301
484 53
708 193
1097 379
923 382
1021 233
563 48
736 154
856 248
555 227
1026 241
894 194
926 357
311 4
1026 425
933 497
666 171
1003 411
525 201
660 201
503 264
902 499
576 140
834 237
679 257
496 273
1096 409
1153 425
969 438
1074 252
907 246
836 308
854 368
541 235
975 217
612 2
679 121
749 96
1034 319
810 336
950 405
1128 428
1047 236
990 389
1051 355
566 66
1123 208
1000 563
1035 220
982 348
1185 264
1182 318
932 264
882 428
680 254
1162 248
663 210
1046 226
845 5
640 126
541 105
1023 274
709 51
982 447
895 404
567 424
632 237
1028 327
918 221
581 37
973 341
797 430
621 42
604 128
1124 407
680 265
956 255
813 33
986 592
535 106
1166 366
905 213
519 8
1060 268
697 133
977 324
721 166
706 192
820 335
902 226
950 415
583 213
1137 347
872 367
864 458
993 436
1021 287
977 563
527 291
504 204
937 329
784 300
1101 229
976 249
782 384
878 242
553 95
742 133
882 210
612 209
561 357
1006 243
233 453
1077 241
1112 116
990 273
990 408
1142 223
989 305
605 202
756 125
826 206
998 284
567 154
1007 393
677 266
684 255
1112 389
747 396
486 198
144 284
942 162
925 349
1162 275
584 136
843 224
394 312
516 190
499 182
966 469
605 160
1060 348
1141 123
999 419
1039 325
914 403
947 368
998 282
421 99
822 382
656 143
931 339
796 155
840 356
1158 471
547 130
1138 211
802 498
1044 115
1027 91
1104 465
868 209
1078 357
654 169
811 43
825 314
678 109
761 400
772 191
545 128
631 178
463 287
607 230
1109 240
630 259
1115 248
919 345
872 256
918 254
788 417
821 265
839 311
948 345
993 425
889 195
479 183
435 166
482 165
909 73
113 362
100 337
495 321
448 161
968 92
1034 139
615 254
608 215
821 360
141 218
882 181
909 286
950 387
665 106
829 255
860 360
543 357
953 447
880 259
1059 117
1176 420
968 369
589 335
177 388
461 132
767 135
503 55
741 127
1181 368
836 321
684 192
1025 372
1116 402
1076 459
940 255
941 306
536 307
638 251
1021 309
568 212
870 257
1094 303
822 60
803 288
964 282
1041 339
746 77
1099 277
838 49
953 89
254 184
919 319
759 119
799 29
892 399
163 438
862 21
849 263
876 292
1150 262
137 255
849 355
623 174
1003 401
551 182
122 510
1098 400
129 542
697 242
536 276
1073 303
766 366
1050 324
884 23
954 253
176 457
877 275
1071 407
981 325
577 77
851 16
219 607
411 273
952 9
842 297
241 446
968 224
842 220
860 258
176 534
1015 404
116 288
967 446
1025 122
742 169
957 21
1061 136
329 470
573 208
1038 347
249 219
516 271
677 275
853 5
544 76
1119 390
892 23
942 68
856 296
638 277
881 87
981 40
815 340
948 17
646 170
842 290
1133 433
711 215
659 234
1138 509
193 563
155 606
809 441
952 281
1103 130
784 355
610 57
177 434
817 37
859 303
826 305
1152 342
173 501
687 142
652 304
935 73
669 208
770 387
917 183
1139 77
868 48
911 59
695 160
689 178
511 238
602 209
788 271
784 102
1077 47
829 403
880 217
1028 321
717 129
1092 454
945 186
478 326
800 31
564 117
1049 44
1179 304
280 539
185 131
134 556
671 193
173 438
728 78
1081 305
956 236
810 173
830 291
1182 371
918 273
1120 397
147 164
702 143
1177 233
144 215
1039 433
207 530
579 227
1126 104
875 78
131 571
940 241
838 50
960 309
393 701
950 329
160 605
1055 299
235 189
558 55
866 59
835 381
839 312
927 24
587 42
1146 292
788 143
952 317
1041 360
1023 520
665 113
899 168
769 160
826 51
472 396
1159 338
620 277
475 80
805 7
1130 141
1078 319
128 500
962 90
807 220
925 62
906 213
565 400
1134 136
811 303
623 113
855 281
1065 294
207 541
653 99
789 336
843 188
1055 37
1131 483
774 135
688 215
667 262
988 89
1106 267
912 283
15 582
599 179
1140 151
938 380
839 275
739 284
623 164
1096 274
1052 282
236 441
169 466
104 320
158 223
808 329
87 431
199 19
897 51
820 239
1118 147
195 324
863 322
588 123
112 374
933 146
140 188
868 139
1084 39
559 295
671 128
876 390
1134 285
631 179
949 271
1114 334
1165 301
806 379
874 445
896 81
1171 407
33 0
257 477
1147 317
877 80
909 80
902 203
910 401
545 90
855 265
424 128
1065 2
911 80
961 84
513 7
901 34
1104 34
487 157
800 317
726 213
800 3
1056 35
547 104
538 347
519 375
973 237
968 301
266 219
964 276
930 414
1044 132
950 87
1006 320
669 48
1101 64
722 127
883 302
766 413
615 262
905 467
1072 55
837 61
1162 408
132 567
848 11
995 290
178 206
1103 616
191 609
1164 275
175 357
648 266
854 175
864 9
954 421
567 21
832 358
1106 412
116 538
653 255
1068 74
1026 441
877 165
927 101
139 430
698 153
1039 292
772 424
1163 346
1092 150
689 230
949 344
831 18
1133 348
559 145
1014 360
464 376
875 8
261 1
801 133
245 146
1099 373
1140 351
880 355
857 300
1089 487
907 43
654 128
658 113
1050 78
894 289
665 85
509 182
537 171
1040 288
638 261
1033 133
147 199
822 464
991 387
487 183
484 252
1040 132
1167 334
477 294
284 217
999 426
1059 319
628 229
1070 148
774 117
696 271
682 131
1138 244
950 442
491 87
269 457
542 265
527 184
730 386
531 53
825 53
953 244
898 40
622 116
732 128
776 3
922 317
1068 182
645 194
1038 317
1123 250
568 306
924 204
972 406
1044 215
207 198
533 98
847 271
742 441
554 196
493 174
213 173
596 152
945 275
860 369
1160 343
1006 394
1068 470
1118 249
556 226
954 209
777 177
535 169
1004 274
689 296
885 355
1066 420
542 47
652 253
817 253
593 308
722 231
633 181
507 354
512 341
660 213
439 111
970 254
848 193
871 281
969 426
1120 381
598 169
243 164
457 98
1165 380
800 264
618 257
920 416
712 200
706 154
1067 128
630 274
832 377
515 192
1122 247
1161 255
454 73
774 317
741 241
612 345
445 223
988 252
1127 159
121 285
536 253
102 278
1155 272
987 111
499 254
615 211
751 358
690 99
673 231
684 44
1092 438
1017 245
877 11
836 288
829 329
894 334
367 476
118 430
1132 327
582 313
1095 260
790 304
750 231
579 39
877 243
140 430
871 274
468 486
799 313
618 272
1170 306
1043 193
1180 268
978 227
858 342
122 235
148 336
1074 301
1091 110
943 338
1037 224
1059 309
615 172
251 337
232 490
192 562
553 112
694 50
209 433
822 258
1137 269
955 331
845 407
710 242
580 59
904 211
887 148
714 204
941 277
972 82
835 309
999 290
1175 364
853 160
67 25
991 257
126 579
1142 286
1035 461
220 5
1078 322
205 394
522 377
988 267
968 350
531 173
855 341
546 85
881 181
1104 321
781 493
553 194
1160 496
1004 302
585 26
1142 358
816 341
791 163
879 255
542 100
768 133
855 344
839 344
777 300
543 256
102 458
862 478
590 272
766 325
1039 390
248 198
804 254
683 306
975 213
533 29
202 540
634 163
673 39
600 139
502 93
604 185
787 293
206 491
180 236
898 274
107 508
343 10
178 175
1176 270
847 44
192 553
995 104
1098 467
586 23
274 20
896 10
1188 383
878 146
628 22
615 164
649 294
1071 458
921 436
962 376
161 180
922 216
539 191
818 50
594 319
1146 136
767 340
836 29
755 407
751 154
1124 403
612 338
1011 113
966 0
263 185
709 259
822 342
607 76
601 383
892 371
600 549
1069 45
253 289
668 150
567 51
1039 96
1092 92
864 55
1103 149
871 42
873 42
132 236
971 5
1122 126
856 309
1059 60
1014 46
298 703
944 76
151 301
271 149
697 143
940 472
152 598
988 52
169 321
603 185
256 474
648 117
262 494
459 114
947 314
112 443
672 128
440 257
796 373
855 15
905 439
675 130
666 42
178 442
591 215
1072 120
1020 17
256 201
1125 89
886 60
137 309
849 41
264 1
238 162
116 270
186 537
976 651
599 173
791 103
1078 58
563 237
972 436
971 332
212 228
1117 378
904 285
903 293
900 81
665 301
1086 148
116 551
839 62
467 95
657 275
1014 518
963 50
661 154
979 203
947 26
210 443
235 510
1089 283
91 353
1037 202
183 270
335 718
1005 54
283 488
559 332
129 274
892 33
869 424
856 54
938 54
806 17
605 57
991 436
821 361
890 414
1111 155
859 70
642 79
729 620
910 185
1160 235
242 514
1125 279
105 353
575 144
1041 37
800 0
207 253
690 106
1068 127
125 427
128 484
782 337
887 49
139 323
597 375
238 553
945 468
811 420
256 445
1092 105
164 519
1071 130
187 198
602 149
850 69
1014 47
1033 78
979 10
793 295
1068 96
788 159
187 478
872 10
881 6
1143 471
964 63
130 316
986 80
895 20
127 286
197 296
163 326
901 437
188 241
796 386
974 562
856 21
796 16
120 542
128 386
185 529
938 370
807 14
1013 96
1098 25
1079 151
1071 137
243 194
873 275
988 94
198 498
606 168
876 69
657 126
162 325
235 518
194 163
119 276
1115 130
1015 70
1075 77
892 40
170 476
938 316
929 28
1134 131
1027 115
831 46
886 46
198 196
143 558
936 93
985 93
932 89
1065 89
1106 161
248 191
151 259
1045 75
311 481
830 47
948 96
525 113
286 513
114 273
886 52
809 282
829 9
1107 81
141 465
266 15
124 497
235 202
935 639
157 258
792 27
916 74
1163 157
1093 154
896 72
1008 94
1022 106
862 51
989 96
161 186
994 74
734 627
133 382
202 142
185 551
941 71
1082 155
895 74
206 212
224 484
169 189
941 250
973 15
286 151
152 319
1092 45
138 246
1060 99
957 47
1084 148
1013 42
642 164
711 199
824 23
1005 70
691 181
858 20
179 249
871 57
1010 99
843 238
217 514
783 16
142 562
148 352
135 363
1138 193
226 158
240 447
196 301
783 34
290 424
1083 77
187 154
973 114
122 356
923 42
129 212
193 520
905 49
1141 170
893 46
935 46
822 41
825 26
110 469
135 337
765 378
853 42
942 80
573 94
801 47
174 347
936 78
138 542
917 94
866 51
960 51
842 58
251 444
1142 168
998 85
828 29
857 63
1023 63
1058 88
752 491
1147 174
826 5
1144 173
1136 166
235 479
1124 84
102 226
1085 137
166 310
1017 35
1109 134
935 18
955 104
123 256
528 245
968 212
926 469
248 145
1119 105
1094 80
185 219
1026 45
1087 156
1150 157
193 437
1138 437
1017 121
1110 111
238 126
1100 108
1113 74
702 303
905 321
818 8
841 332
103 482
173 603
244 149
987 230
875 70
993 86
261 419
168 344
98 323
814 366
945 88
1012 263
266 258
931 71
951 85
528 58
609 146
216 532
147 427
895 23
901 282
797 21
1144 289
1043 129
836 36
782 430
213 500
1030 88
1107 130
92 284
296 360
936 272
781 245
887 72
826 69
905 69
797 126
599 23
107 450
1054 113
840 127
640 235
316 3
732 107
908 89
197 353
494 81
160 298
640 177
263 392
1099 65
897 8
1014 8
165 265
1181 302
166 573
1082 444
1076 133
204 263
953 349
856 40
535 363
281 148
135 455
155 521
208 178
1000 81
826 53
820 273
1117 144
212 199
521 56
849 189
894 27
801 4
672 220
1097 382
243 457
190 207
523 33
1137 114
1027 256
262 516
841 71
155 258
187 374
592 77
872 67
219 172
252 431
216 195
665 193
883 56
148 375
1034 33
1020 51
529 161
1162 361
1131 127
719 186
1115 246
534 124
803 24
247 249
933 330
616 112
614 183
715 135
687 58
1057 382
1163 362
652 286
842 399
573 30
233 201
231 435
959 486
1164 260
280 199
702 394
240 349
910 84
877 15
1048 180
873 179
918 259
915 91
101 316
1079 48
585 138
591 295
620 288
514 108
220 357
254 521
950 221
1009 199
94 223
145 499
1056 76
917 87
587 259
1155 326
500 207
531 228
749 192
793 22
936 77
889 85
998 37
887 23
853 393
896 291
796 394
179 542
838 0
624 345
109 289
964 406
464 291
772 435
952 88
1127 94
1082 267
961 101
235 428
871 59
388 23
495 274
1023 297
1173 420
221 687
856 244
143 566
1058 98
935 300
985 300
1100 107
846 10
583 390
904 294
597 289
1093 122
1095 110
556 314
91 351
486 133
879 1
880 40
594 200
650 249
961 252
206 332
511 243
473 314
557 356
879 9
621 212
606 299
194 561
708 74
862 294
906 56
820 53
788 12
1028 103
806 209
943 78
900 395
1148 146
178 227
839 63
1149 253
791 9
1025 371
1135 128
1169 399
52 35
1120 412
178 248
1008 21
956 89
1072 263
1119 79
644 312
1088 104
175 344
1028 75
609 184
582 112
937 1
1105 318
1127 131
108 498
958 324
625 264
891 376
870 329
682 134
204 458
213 529
299 140
868 68
1107 73
932 9
688 232
633 254
1000 265
258 167
771 321
922 341
666 266
467 344
1066 102
153 602
127 197
708 245
682 244
167 324
597 134
827 375
975 85
1130 130
778 355
696 102
191 577
919 54
513 200
1179 360
823 313
1016 418
928 50
929 346
859 18
786 258
551 157
494 291
255 421
688 224
937 289
1004 348
892 5
1036 266
238 401
682 249
600 5
223 239
1075 72
550 262
116 525
645 202
678 197
198 248
113 496
936 433
240 208
1112 439
95 330
565 220
659 111
608 37
552 156
823 235
575 148
844 169
1005 388
1085 163
1108 118
701 205
978 210
730 119
859 54
771 96
999 241
1015 91
133 551
921 220
828 214
122 364
160 336
620 225
200 241
123 409
972 477
529 162
695 247
109 492
631 243
483 620
853 137
700 299
1091 401
1159 351
805 280
107 352
1219 75
555 138
179 305
613 48
909 32
895 192
994 285
585 291
1102 288
834 234
126 228
1152 156
399 679
634 204
1277 597
1167 255
226 475
984 28
155 320
162 586
894 139
841 41
875 75
974 37
584 7
517 63
559 88
1129 166
916 46
683 260
701 190
919 78
1149 150
1143 291
654 158
1031 241
970 352
698 264
1170 337
92 375
930 24
1061 55
623 229
880 137
609 322
967 260
689 240
124 697
1039 105
262 103
1151 173
866 395
162 273
242 419
952 1
979 113
104 469
951 60
817 18
1130 163
926 161
823 4
111 511
1060 143
1080 50
1118 423
1103 138
1014 102
642 81
964 350
1041 72
816 401
888 319
991 460
902 298
855 30
1088 295
143 259
215 321
90 368
940 217
822 266
632 151
1057 127
125 438
1119 227
956 186
851 167
843 403
139 277
1146 141
1017 115
851 8
999 252
318 14
118 561
662 87
94 284
1125 520
822 28
980 94
363 506
1031 119
922 55
905 188
1118 212
159 121
772 344
1020 352
575 37
202 531
147 236
288 182
808 198
862 718
673 87
859 81
1000 194
1161 368
1079 328
514 351
1091 281
1141 150
211 300
1052 131
497 301
1120 488
940 41
960 41
384 478
687 231
144 548
112 292
890 204
996 123
965 271
1020 219
1190 711
950 411
210 117
925 237
116 165
667 69
493 275
190 510
785 333
129 288
1129 375
485 12
1120 496
1174 426
1097 277
948 491
841 173
862 311
110 279
1087 133
233 351
586 203
187 183
957 278
1110 399
198 567
145 373
114 503
663 253
181 413
929 294
589 48
534 85
843 71
530 132
947 15
1026 272
1166 394
942 196
947 76
770 116
1080 138
127 206
1136 340
95 374
830 218
870 307
539 349
126 529
973 501
286 492
752 163
864 60
183 174
857 428
166 578
347 481
584 47
801 53
99 407
1032 187
168 394
882 258
190 533
715 109
601 116
1117 147
1048 137
904 11
1013 107
1115 80
571 43
856 270
183 590
622 283
1180 260
245 452
624 27
843 352
946 377
1102 215
1160 376
711 214
1044 68
1013 371
821 43
1000 229
339 520
148 263
563 455
842 25
661 272
127 237
865 18
851 330
133 339
257 439
583 11
770 2
980 100
287 486
743 152
116 220
223 305
83 354
280 534
959 49
843 325
274 528
1016 27
661 104
1077 104
116 449
828 146
918 43
219 476
916 303
794 441
942 183
1042 35
794 293
93 243
155 526
954 210
791 325
1233 120
933 93
1022 57
1172 419
957 471
283 400
948 94
760 186
960 58
22 142
875 296
535 179
1171 254
601 142
869 64
862 713
575 127
908 40
495 111
628 85
934 93
134 229
986 103
1121 453
1092 123
749 190
634 119
815 40
905 52
111 496
890 68
905 5
1015 362
945 67
846 319
1089 389
238 530
210 542
1071 71
1137 156
1107 163
809 4
644 198
189 519
902 28
503 183
1006 75
923 274
954 91
168 227
612 125
1172 352
536 209
807 5
119 368
1135 112
232 475
242 166
994 81
761 295
912 104
87 19
122 167
949 46
1102 307
254 206
1105 443
1120 163
1066 142
959 80
242 415
116 534
1096 53
1015 14
1035 62
230 547
891 278
502 60
233 459
820 372
952 91
953 61
141 420
180 77
849 23
884 52
527 210
913 243
1170 383
926 42
1103 161
1064 126
157 264
152 270
936 94
512 325
254 455
800 158
192 212
1008 55
662 279
854 31
1003 110
586 154
913 53
1093 46
156 149
1164 435
941 78
1041 231
1130 157
1041 331
868 67
865 367
901 298
139 334
1061 56
812 38
871 65
1046 41
175 171
1175 250
1141 153
145 516
1100 217
1106 163
1087 117
997 77
1051 267
552 118
163 304
940 83
636 316
136 357
243 485
811 38
585 161
571 163
644 200
923 83
1005 32
179 461
211 471
946 217
124 534
238 585
801 30
137 590
864 76
201 249
871 36
113 309
150 286
1125 154
1129 112
1100 49
165 167
536 223
839 68
95 301
1037 97
149 339
1008 107
793 247
1084 92
865 7
336 484
1021 301
977 96
1006 189
140 223
1257 408
144 579
179 210
948 9
1120 133
258 521
557 160
1042 237
982 283
923 75
396 466
1135 148
1060 90
949 200
1170 454
921 473
608 174
133 290
1096 324
928 237
662 198
526 652
682 93
886 342
105 524
967 213
1087 139
204 293
160 279
986 299
906 306
180 229
984 348
816 340
171 309
230 102
146 372
128 238
859 238
915 32
961 74
178 564
627 122
1011 269
848 61
1125 376
1150 153
1096 67
1052 108
893 229
865 52
310 505
155 248
1065 122
963 72
146 370
784 274
789 385
222 359
979 310
624 206
