19 197
14 200
507 443
1208 705
278 373
82 697
855 159
45 172
40 696
59 124
1071 115
1243 606
24 506
874 643
45 223
957 665
11 455
45 478
22 668
423 335
617 403
267 674
781 432
533 712
646 205
705 199
808 360
952 521
422 491
720 72
33 176
59 97
38 46
1245 685
78 39
35 27
55 620
40 0
18 247
25 571
70 712
64 635
415 565
53 646
8 205
1250 635
958 231
770 229
1209 707
1274 615
11 366
38 665
1013 99
1 616
7 417
28 9
20 627
1238 203
1241 646
43 33
40 154
251 6
538 344
28 574
9 529
1232 696
92 48
93 16
20 232
1269 617
116 30
90 6
4 529
1244 635
1248 671
515 251
921 205
133 6
570 689
4 1
43 637
34 242
19 58
859 145
109 681
15 589
1071 609
64 95
505 106
106 719
79 26
95 707
449 559
131 446
1225 719
18 196
30 126
169 574
24 538
288 673
434 479
86 658
825 164
22 650
994 364
897 669
14 489
488 106
1272 585
1088 342
722 678
58 689
810 41
951 334
0 429
216 171
34 138
40 553
48 184
98 0
113 682
24 471
818 95
36 689
