887 150
703 112
131 530
1125 322
955 627
1037 474
53 603
14 578
528 203
1112 591
197 195
61 632
1153 454
1063 513
464 703
1126 80
41 622
795 219
450 685
831 614
226 71
467 326
585 15
911 652
964 643
408 369
511 624
506 322
1048 341
741 686
971 509
693 151
452 51
627 51
681 688
288 134
544 11
371 273
454 373
662 14
213 419
518 37
453 256
342 313
508 117
641 17
352 337
630 81
388 207
459 252
971 621
550 329
903 715
580 85
707 72
416 292
596 305
585 232
551 335
416 381
341 455
457 194
193 145
901 643
329 172
1065 464
365 111
449 208
308 126
857 690
466 230
151 235
541 10
727 94
587 264
367 166
267 410
255 231
381 101
321 84
155 288
446 162
636 206
367 397
290 419
342 166
567 130
360 156
598 61
971 697
271 332
349 239
329 322
343 81
478 353
182 59
466 59
567 268
834 710
535 40
158 490
938 633
841 665
168 363
182 176
674 236
1079 525
315 620
437 275
138 237
874 660
555 142
262 250
239 229
174 164
300 128
525 52
747 91
478 96
390 131
315 168
1015 686
617 114
819 696
766 194
632 222
585 205
936 673
356 189
207 81
425 332
145 484
646 141
503 402
327 451
603 103
573 170
394 193
289 109
578 196
478 359
755 159
529 309
742 181
301 555
410 326
564 306
332 537
379 129
577 278
768 695
947 601
630 216
296 170
945 663
430 84
467 416
383 243
423 123
817 711
878 645
186 110
394 40
770 48
781 220
679 107
336 97
517 89
810 25
785 59
906 658
463 368
114 457
316 484
409 148
218 135
579 203
640 214
141 308
445 274
762 124
1016 692
117 278
170 281
1009 649
309 129
277 244
726 72
244 401
928 676
596 76
764 47
161 201
309 287
238 43
672 8
1009 668
439 97
666 141
835 611
281 431
281 316
786 34
460 32
818 637
366 192
152 292
332 329
313 485
839 674
494 52
781 52
384 245
681 222
963 626
510 324
511 106
644 97
502 159
660 156
534 98
571 91
550 237
700 12
587 283
188 429
483 186
383 322
678 203
193 452
574 68
911 649
582 304
348 142
479 210
719 89
272 158
861 713
926 638
897 28
171 334
130 325
839 649
822 676
307 279
301 162
241 272
1206 492
187 350
515 360
885 703
352 88
874 664
379 242
624 5
377 107
632 132
610 155
263 424
761 180
177 382
528 27
191 162
626 26
1010 675
353 370
436 310
422 382
284 117
288 137
534 120
501 18
218 109
335 91
496 310
679 691
377 34
382 407
132 446
323 367
385 129
443 398
441 315
745 561
200 365
1031 698
294 271
283 10
243 233
429 16
530 9
173 411
462 352
578 332
449 46
347 373
846 636
620 711
140 178
686 157
603 61
640 126
267 176
1086 705
302 321
381 450
1073 649
433 327
343 549
1076 95
875 699
735 647
1182 566
559 10
167 303
106 379
563 352
962 588
336 298
824 680
395 430
379 185
771 664
155 467
182 526
776 47
869 473
398 442
623 65
863 679
197 45
335 362
412 297
550 297
549 109
520 347
261 405
265 159
525 365
482 177
650 35
210 106
539 228
514 229
808 703
926 176
398 202
1028 718
742 86
464 132
669 21
446 399
430 330
1013 399
330 94
221 105
363 365
795 574
1047 693
144 483
439 36
247 19
293 131
832 631
734 43
583 196
624 113
233 233
1132 468
567 322
432 315
450 385
642 69
348 318
287 104
925 639
553 209
205 92
1121 709
454 344
470 348
278 6
716 6
296 151
585 131
365 288
181 189
623 125
269 116
322 149
469 197
655 197
933 666
321 215
801 215
324 371
330 251
341 61
783 692
285 306
628 269
670 65
828 81
695 176
754 131
375 412
488 138
337 285
930 619
229 264
435 5
619 195
325 128
353 106
493 359
563 98
101 459
663 678
503 62
1209 393
770 647
295 191
982 690
185 358
498 358
562 127
677 185
363 383
651 133
802 695
471 190
506 374
191 392
246 46
468 73
576 301
351 679
115 436
341 25
1082 484
395 197
347 677
271 34
784 139
356 158
499 129
866 666
856 693
240 402
124 302
244 472
533 211
286 152
621 143
872 691
730 148
599 289
409 370
627 191
590 298
540 314
267 280
508 445
1181 445
763 684
343 520
195 56
593 148
590 273
754 207
389 76
437 253
474 325
745 131
514 236
570 16
397 281
468 349
233 251
631 203
147 227
771 154
513 232
400 257
273 115
746 57
742 30
769 17
155 100
514 339
619 614
1140 449
393 221
826 581
500 81
244 144
225 112
164 452
301 167
594 98
873 633
200 75
279 281
330 226
507 299
785 641
323 382
980 688
984 342
764 39
843 643
167 385
510 705
313 288
515 128
586 268
594 212
383 262
547 269
462 372
302 414
477 263
550 40
601 286
166 385
540 58
565 260
122 391
798 25
375 183
777 24
292 103
743 526
263 421
134 435
1104 442
286 3
633 251
398 381
381 354
426 207
339 139
113 394
864 5
124 680
673 164
370 219
380 141
454 364
571 113
369 445
687 689
488 293
390 328
529 358
793 692
238 216
513 231
119 237
262 297
583 273
550 392
835 66
382 345
432 345
475 132
403 186
451 55
122 428
169 181
358 326
620 249
744 56
924 617
343 213
724 519
103 367
820 71
471 363
310 13
776 13
136 477
241 104
982 205
205 295
885 608
598 157
1046 661
780 33
190 399
667 697
137 460
884 672
919 679
615 377
669 73
215 366
981 698
649 176
303 104
745 689
503 359
954 660
983 623
168 390
443 467
604 79
134 312
618 693
636 157
752 28
729 549
722 207
361 182
619 9
682 206
1193 385
567 183
697 82
630 227
294 502
1062 370
729 695
600 232
247 191
443 440
571 171
912 14
534 37
660 37
174 424
795 534
254 282
227 433
145 434
649 474
321 109
526 302
300 136
478 177
814 367
173 359
802 1
354 51
503 356
504 24
517 316
439 192
559 187
471 421
897 15
131 387
275 466
749 600
393 295
278 62
516 284
738 687
727 210
493 27
257 250
112 434
456 336
341 194
1031 467
1033 623
831 17
459 343
172 435
159 437
886 631
824 20
478 368
844 529
388 124
572 201
463 404
461 21
711 3
463 363
501 118
628 594
655 222
767 661
99 332
211 143
648 62
434 267
446 226
655 165
718 151
281 391
412 232
52 606
953 665
500 143
481 265
130 454
308 269
681 89
227 238
204 148
445 244
120 262
159 74
753 25
1008 711
188 161
368 166
408 166
529 88
599 309
320 40
466 393
749 189
300 389
494 307
147 463
600 156
592 266
456 329
251 202
110 512
197 134
540 372
529 198
238 191
626 214
689 693
237 236
388 251
372 408
418 49
488 280
354 164
348 372
441 338
460 5
657 706
607 165
873 595
484 87
1134 635
177 222
603 71
317 267
1183 426
733 686
492 222
206 230
353 124
422 63
739 178
347 140
526 314
330 328
671 228
386 179
433 72
755 11
438 219
721 75
566 78
358 152
111 341
562 288
170 430
559 70
435 367
586 336
300 114
411 359
497 111
711 82
788 84
835 686
442 371
456 371
303 348
420 345
533 80
246 434
613 32
406 172
382 52
619 58
684 229
284 37
330 125
191 400
848 665
494 353
969 654
460 328
1096 277
606 422
947 562
1093 696
671 126
331 33
663 85
1042 660
882 11
1014 713
139 463
582 197
417 369
992 611
491 267
738 672
799 661
767 653
318 217
646 47
201 437
462 284
826 647
673 138
742 192
356 182
116 425
574 304
409 416
461 185
885 6
590 146
285 233
483 233
390 283
796 654
999 663
785 698
961 622
687 124
187 37
1059 402
815 674
659 215
869 701
95 302
1005 10
609 529
1051 613
422 279
299 340
308 80
1155 549
181 308
584 83
458 700
371 168
133 309
146 273
676 46
191 427
605 20
1178 266
955 625
326 367
296 400
140 701
1117 464
237 47
345 685
484 357
429 332
835 254
1004 713
605 223
1134 312
490 276
943 714
380 221
495 219
289 220
303 367
384 304
264 401
634 232
495 285
373 3
1002 432
390 353
429 96
539 298
1168 328
527 45
348 34
196 112
626 493
7 521
674 52
1031 499
4 484
361 30
748 42
1106 527
597 327
1190 289
1048 425
997 501
388 349
520 95
1010 684
750 643
814 17
418 255
694 241
607 317
734 208
121 470
679 169
279 181
1098 475
439 160
566 274
634 99
620 215
326 167
664 95
294 270
649 245
355 447
818 594
376 21
627 235
586 264
98 310
90 326
553 76
327 16
537 320
219 313
190 329
749 601
877 430
161 200
325 379
761 88
1223 394
309 349
220 65
892 15
204 388
365 377
283 483
409 137
955 620
1018 394
346 369
599 108
612 213
283 87
544 41
712 140
288 48
625 79
225 183
493 121
602 251
470 300
46 625
520 188
295 411
680 31
313 284
968 451
999 660
1035 349
920 609
292 100
1118 530
28 514
726 692
641 259
645 71
32 542
627 164
716 152
413 420
515 363
775 41
427 409
555 252
461 50
273 228
911 681
435 133
357 362
530 222
205 239
293 310
539 145
490 61
1184 305
311 442
935 662
288 425
170 463
527 333
359 416
548 92
683 51
118 474
611 94
184 150
605 180
734 16
508 34
271 181
325 282
956 694
238 540
1044 492
398 27
220 327
300 398
235 410
414 137
460 15
311 208
641 62
843 686
500 201
1118 521
216 230
1070 324
700 74
576 107
1008 659
220 433
191 116
260 8
752 41
399 368
438 24
862 564
1024 690
1103 374
197 413
366 233
491 73
278 408
603 20
952 298
662 42
101 226
264 479
594 33
503 333
821 55
545 377
280 402
630 3
271 45
778 161
559 251
762 165
703 27
489 21
163 478
686 206
582 309
281 232
998 673
525 11
1147 421
622 260
785 610
961 677
577 307
733 190
420 123
282 278
271 434
297 276
425 63
330 69
437 339
613 53
297 478
155 392
769 74
482 298
438 377
1020 403
256 133
726 181
375 297
237 281
581 393
461 438
848 32
1061 668
304 80
291 426
481 84
209 278
876 684
358 421
896 635
344 372
249 399
180 495
505 384
178 46
648 1
548 232
102 425
303 144
910 107
238 407
241 119
190 370
84 310
180 122
618 29
1123 408
462 300
234 499
110 485
242 367
864 586
409 27
591 103
627 53
318 386
195 26
463 456
657 77
434 336
339 506
97 383
819 623
151 410
565 297
435 67
321 216
302 193
615 157
883 667
378 457
631 121
141 336
708 679
489 126
483 17
518 59
992 682
246 290
587 256
338 38
822 637
531 195
972 448
700 28
311 327
148 401
207 564
312 459
248 436
444 80
649 77
406 412
372 345
618 216
641 20
240 403
265 132
684 685
496 343
792 44
896 643
366 250
409 312
330 247
822 625
785 680
565 189
162 398
481 266
631 109
532 121
295 175
195 86
472 144
569 255
398 411
929 601
832 686
336 470
505 312
418 257
149 415
719 86
737 172
1173 191
359 211
435 342
566 246
684 203
170 515
399 443
304 287
577 268
905 647
527 118
781 17
692 127
472 9
650 54
805 197
898 698
741 35
423 93
344 172
599 186
377 504
225 255
632 255
761 668
449 313
271 458
560 136
337 120
230 511
861 599
318 327
753 655
634 71
528 210
603 68
678 67
634 400
264 116
592 64
378 324
541 243
584 20
290 413
1063 705
846 175
127 319
546 318
265 289
931 657
682 39
351 141
533 124
479 215
530 350
742 27
861 613
954 650
907 646
335 537
660 69
433 320
698 19
611 115
443 407
343 332
216 289
524 230
321 380
793 62
629 232
104 444
702 125
746 546
493 417
475 128
235 351
888 16
696 625
416 427
620 22
645 118
476 318
599 247
234 541
89 329
755 124
720 692
330 8
731 676
218 387
503 307
588 508
308 0
649 552
355 49
340 317
418 164
795 584
128 489
132 240
467 386
881 718
277 442
484 266
440 374
522 374
198 428
366 99
436 298
940 672
1037 646
796 48
682 195
963 668
578 126
221 160
399 204
877 39
873 26
107 476
323 81
481 285
629 45
853 624
122 446
310 151
826 703
244 378
777 28
267 319
679 239
587 261
472 265
346 433
321 98
407 328
385 212
682 92
649 242
124 407
932 611
261 217
430 308
787 58
748 168
350 362
146 462
788 714
411 251
422 21
835 40
826 29
423 436
761 656
880 20
810 669
386 276
192 372
221 156
1057 318
341 308
165 96
1028 711
260 42
377 396
80 387
361 413
933 590
464 393
574 84
714 644
464 41
360 130
605 116
431 388
309 320
448 100
436 192
245 10
911 10
570 472
389 346
584 218
1046 616
214 352
304 119
320 288
1136 673
315 354
1019 717
253 61
444 5
195 68
549 78
429 259
227 43
718 54
747 54
280 70
323 105
137 319
387 347
479 249
545 19
575 133
503 238
552 22
596 62
300 202
489 181
149 469
338 139
326 263
464 148
881 571
388 186
394 359
716 205
486 4
258 379
400 166
472 299
217 424
393 459
532 7
459 382
815 698
309 2
341 6
1137 380
1114 382
431 423
313 152
205 270
500 335
643 646
688 4
891 660
544 123
206 82
808 624
526 364
1041 715
555 32
279 505
361 251
612 582
325 50
681 159
385 243
354 91
229 503
715 44
387 336
713 692
544 239
565 160
261 352
379 307
257 106
461 8
839 647
526 328
265 57
106 276
278 219
285 56
712 24
607 273
498 302
526 17
675 31
987 666
422 440
383 416
118 385
337 251
630 247
425 55
543 175
516 294
114 211
757 16
275 436
417 224
1075 126
531 91
369 120
1152 511
592 271
490 280
152 154
205 717
259 40
1036 638
141 335
401 80
561 38
409 258
489 358
383 171
356 384
757 116
857 657
161 427
683 666
341 204
576 244
785 703
871 16
500 51
1020 683
395 417
392 31
617 35
1166 438
478 294
309 86
236 308
1090 717
513 701
210 240
499 293
514 287
230 163
890 630
748 76
537 370
643 205
316 180
366 153
330 348
613 161
802 666
119 364
248 444
1129 352
294 384
368 212
264 339
1042 468
343 461
999 302
1080 663
515 42
251 67
412 379
154 270
709 673
1058 494
166 432
533 119
604 69
385 116
798 50
234 482
733 403
389 638
465 78
382 355
593 11
564 77
475 323
305 296
981 84
254 138
166 219
426 450
1100 402
719 29
379 154
289 266
127 470
612 57
450 353
524 109
364 202
445 333
573 146
830 37
320 152
348 152
782 651
488 342
822 597
509 313
724 55
1166 672
640 616
416 467
128 408
215 109
320 714
347 376
880 679
699 94
315 493
434 120
393 29
386 172
1083 81
210 390
680 35
961 697
276 540
1011 533
398 82
608 129
469 448
1153 180
375 200
1013 94
378 309
427 325
952 124
337 330
188 160
539 322
954 406
717 109
787 22
1170 257
267 130
1189 401
242 272
230 339
479 29
788 644
962 646
1113 416
341 126
927 659
311 338
1114 197
470 360
257 103
812 43
1013 692
590 74
1162 498
339 61
971 303
1071 71
822 700
1158 435
1033 453
1205 409
276 344
853 462
1028 699
430 62
170 465
333 167
281 485
246 715
630 91
316 286
313 109
813 563
848 563
985 695
575 267
596 704
24 599
1003 402
1134 403
699 167
841 16
511 101
1188 248
465 257
242 110
553 168
298 318
310 79
438 247
1012 636
310 513
966 417
449 45
111 669
961 109
636 95
290 196
645 243
375 103
261 415
663 87
939 659
256 425
281 222
1221 313
457 80
192 331
1120 506
463 59
664 495
1135 421
287 77
613 15
213 390
459 372
522 365
354 79
958 595
1038 665
240 490
364 271
120 502
552 332
1121 412
1189 469
212 326
381 291
577 25
1009 533
439 308
358 401
395 298
190 204
1053 472
370 449
659 82
747 50
1077 387
151 231
1022 455
736 114
604 264
1009 653
475 46
380 486
565 117
498 59
587 128
1038 437
154 424
652 197
284 300
880 12
193 78
1035 391
529 129
204 460
374 343
1136 378
1099 427
566 292
299 263
540 51
605 86
134 120
332 338
273 286
1052 400
279 96
306 83
157 433
626 309
109 364
575 82
188 307
807 21
662 136
810 44
331 374
437 343
112 456
164 478
236 183
972 717
1025 713
263 278
396 429
909 17
1060 399
400 397
1148 485
424 122
470 354
618 248
261 407
519 312
572 23
674 38
745 54
442 201
119 276
836 659
610 59
1169 513
439 346
797 580
297 387
265 149
704 132
466 414
171 194
612 46
355 387
769 610
466 289
820 697
237 184
328 107
461 388
1076 704
677 216
865 662
269 45
1099 488
991 470
120 457
83 297
683 165
746 46
187 349
675 33
724 91
571 147
748 5
786 663
951 633
1101 469
276 269
697 686
638 521
503 337
306 369
896 699
162 479
800 683
301 392
1053 666
468 80
663 243
567 40
125 400
362 62
161 714
290 367
534 51
133 480
519 113
824 618
312 364
775 687
584 148
477 210
187 466
559 200
890 676
449 257
1118 445
592 54
448 370
210 67
560 229
306 518
334 455
226 463
404 437
659 139
1087 453
563 86
1045 375
924 640
573 321
256 47
1084 717
141 437
857 708
708 50
488 272
239 403
779 54
215 430
449 59
1044 392
185 443
478 554
675 217
254 51
977 680
1224 405
432 243
479 180
989 425
683 20
375 210
1141 483
557 326
520 109
699 712
306 139
552 366
748 87
269 280
479 381
274 513
347 65
282 167
85 250
595 62
404 238
559 303
440 28
517 96
170 386
439 16
714 111
274 152
265 354
971 689
834 41
580 238
738 637
413 346
548 153
775 15
329 493
274 170
425 409
1027 155
547 3
709 50
137 432
776 10
848 13
851 694
238 34
303 296
240 326
610 149
1007 621
888 716
655 28
383 51
760 679
503 294
967 667
396 445
698 223
536 331
441 222
390 18
443 157
549 338
615 95
693 161
245 440
990 694
142 98
552 251
1076 493
774 99
325 453
808 594
652 236
727 188
396 314
298 380
120 246
601 113
335 143
566 237
832 691
315 279
437 274
202 375
746 696
666 230
600 157
780 19
1101 695
302 112
400 132
476 38
264 359
401 415
559 28
781 687
478 408
814 671
1058 640
399 344
609 61
486 298
820 694
599 210
743 59
277 110
397 253
449 23
414 376
543 301
807 663
529 178
270 184
1115 696
658 146
229 458
508 229
572 190
490 255
1153 409
372 246
989 699
879 609
523 386
790 2
655 156
439 363
763 23
554 357
831 632
741 0
600 51
407 349
182 505
359 116
605 213
708 75
546 211
309 322
900 717
562 55
571 132
500 367
373 420
859 31
295 209
633 127
483 319
782 142
257 233
856 610
601 30
222 375
184 540
215 393
157 478
611 95
765 427
254 30
181 421
566 31
414 283
339 154
415 306
809 564
387 254
350 373
524 30
419 274
416 618
526 318
243 251
1023 554
745 192
143 440
727 150
195 358
461 250
266 298
1061 468
1118 271
286 357
540 216
444 416
292 105
689 484
714 630
626 226
547 265
611 18
585 159
552 365
517 74
144 318
147 276
506 373
1156 442
39 606
502 247
703 32
741 617
1141 92
562 61
579 212
966 377
345 239
338 462
678 172
517 321
688 646
748 71
826 676
256 126
1159 488
1100 323
221 527
25 571
669 145
1088 269
378 285
618 644
782 659
464 293
432 391
627 54
132 473
596 178
238 37
1088 453
131 475
412 393
427 395
549 257
533 221
200 89
65 598
253 64
815 626
748 550
386 359
1077 651
1122 496
635 626
246 163
173 392
1084 270
134 398
184 303
561 325
360 87
714 187
382 125
713 61
427 387
273 311
714 83
402 338
947 713
798 79
1142 455
1010 116
176 426
713 680
1146 622
1176 427
576 18
451 344
313 429
138 84
249 311
1097 282
260 131
317 352
551 160
241 324
594 262
994 252
345 324
254 212
350 263
375 27
565 333
852 458
322 196
341 196
200 491
634 267
456 313
1118 535
569 319
744 554
634 84
766 84
700 30
1055 405
196 342
282 448
170 531
809 639
1098 342
327 231
784 106
494 355
25 587
867 49
755 172
226 83
489 362
1109 354
107 491
492 261
555 129
399 424
1041 351
463 264
303 295
1196 405
1128 565
308 119
139 409
392 202
190 293
100 323
428 222
908 590
349 82
179 92
1140 685
1075 415
942 645
721 132
368 263
252 52
1149 472
313 323
1091 422
826 705
549 229
361 74
1162 295
662 284
404 395
917 677
877 607
139 400
385 420
350 30
389 77
293 126
447 659
130 316
747 79
304 467
1079 507
11 537
119 284
302 191
1022 346
914 586
467 6
371 363
601 48
381 142
368 22
641 66
158 393
892 716
306 219
576 223
534 69
689 695
332 398
291 163
1139 414
1192 212
290 248
433 241
715 45
116 470
680 227
476 384
997 100
111 410
752 109
637 133
546 387
1032 350
321 296
310 152
804 437
621 272
373 321
287 60
419 109
929 615
398 344
435 379
759 136
369 267
85 341
785 50
130 465
428 187
1066 350
22 579
398 628
922 589
401 74
858 14
136 264
697 162
250 90
386 319
688 250
914 12
627 225
505 260
744 88
123 450
193 408
341 95
254 199
1147 415
132 320
312 381
453 370
1164 244
911 15
223 481
538 70
358 237
232 59
341 391
294 74
865 501
407 340
638 190
492 632
201 473
445 376
665 143
346 442
50 522
109 423
356 319
207 337
947 488
435 334
373 673
495 346
482 48
673 44
625 34
323 173
31 561
1162 456
399 376
757 44
492 675
504 677
524 71
115 455
30 635
463 418
448 692
780 198
209 179
283 427
209 45
705 175
221 426
248 314
534 310
533 277
752 56
626 199
602 196
1024 483
191 436
940 709
691 77
140 187
741 213
657 152
1140 551
849 27
547 308
1080 217
1086 346
1163 313
153 421
842 674
1024 528
417 296
1083 170
462 280
1143 453
737 687
420 338
821 604
478 444
229 292
384 160
590 21
469 321
326 308
335 433
423 375
370 319
613 48
589 202
488 83
1179 144
408 329
675 151
878 6
1004 674
894 645
471 284
252 181
1162 384
563 257
1057 437
96 462
283 2
401 367
400 376
728 190
160 426
617 280
287 518
338 350
976 670
887 549
762 672
1108 434
1197 381
842 612
314 206
429 450
363 75
386 377
107 332
646 98
1191 442
875 607
570 132
625 56
85 448
332 111
1167 422
524 276
396 291
192 267
704 11
1062 99
506 258
371 331
910 675
517 141
485 42
553 210
636 77
385 412
1154 444
209 157
537 237
40 599
813 579
430 107
841 572
892 696
308 336
695 510
1177 337
476 231
851 656
1180 449
597 230
1065 266
241 176
1114 405
791 625
532 147
277 491
243 269
691 58
538 623
195 163
198 10
382 400
458 380
321 330
449 215
581 145
1129 515
110 463
1059 468
433 212
748 686
165 377
646 251
122 410
680 225
1127 244
642 233
977 21
809 439
1104 426
1146 504
783 709
1152 404
457 267
298 176
693 57
573 178
1155 404
27 573
572 105
813 656
106 357
534 93
262 713
1069 284
384 707
816 459
298 345
395 226
1126 331
993 298
1151 391
751 569
567 420
1024 448
520 135
590 86
1198 340
488 200
803 26
332 686
940 492
1055 351
120 321
1056 305
1006 348
893 632
555 117
831 664
261 101
627 92
415 700
981 297
42 568
316 696
420 60
1125 426
1027 328
1182 477
407 422
1194 402
858 399
406 669
87 524
37 586
1042 393
1087 458
333 119
789 675
1121 423
557 172
1150 193
1157 113
403 342
947 364
1135 710
454 674
336 82
1121 436
1030 413
675 25
713 146
1137 556
4 581
894 410
1198 152
1086 409
1000 82
304 512
196 297
977 59
1232 448
1106 478
1142 471
788 462
363 153
660 628
918 661
559 154
1185 180
240 501
161 339
693 649
1100 422
32 570
253 291
1096 254
951 688
388 372
647 43
1167 409
902 695
244 125
115 228
660 76
423 382
1181 498
656 233
1006 500
1044 384
1061 537
781 279
1147 502
188 308
443 270
529 238
248 301
513 412
1185 354
1012 112
504 239
1112 507
1115 339
47 615
529 273
243 425
395 385
735 643
960 709
693 56
692 659
1140 507
945 115
627 82
834 659
609 114
140 390
294 151
832 699
451 219
177 150
412 299
237 438
810 71
484 295
349 351
350 481
355 410
470 377
1129 340
57 617
402 143
1088 449
694 179
487 173
617 98
412 39
517 175
272 567
42 601
636 266
1089 519
248 242
700 105
1181 224
503 54
641 121
1112 372
869 676
436 442
1161 390
176 186
1166 399
1176 363
155 442
475 389
843 5
1052 408
340 718
435 356
584 140
285 280
325 666
536 202
517 129
1037 667
725 659
1077 657
473 334
1074 467
180 370
784 563
853 61
185 152
611 22
503 139
848 35
453 174
355 416
282 206
176 21
753 54
510 154
389 195
292 287
169 424
753 17
442 162
208 406
813 644
1029 505
1154 118
263 442
855 10
390 331
974 680
801 457
249 4
287 108
810 41
390 308
1189 335
746 98
378 341
961 613
338 213
877 629
730 61
708 81
684 206
404 237
349 132
752 35
926 628
384 400
774 438
306 29
744 195
441 324
312 154
110 161
444 113
927 640
1154 125
568 199
701 63
519 321
864 574
934 471
272 369
262 398
866 684
622 46
328 262
366 205
1189 360
964 674
575 140
728 39
413 172
514 24
4 600
1159 326
827 20
373 429
501 319
352 370
1009 701
337 347
374 406
932 688
695 153
402 276
588 331
384 283
267 392
257 471
512 175
989 413
479 250
247 131
306 154
624 271
156 102
480 303
535 290
980 670
1103 334
953 580
642 62
922 630
324 310
373 50
530 50
284 257
189 27
162 290
297 511
1003 454
1112 536
911 669
1045 518
440 293
306 58
979 635
1100 284
287 290
365 100
205 240
179 419
221 219
368 140
807 646
632 118
362 475
413 4
523 2
691 637
409 204
416 371
767 87
393 512
231 243
246 282
657 134
257 66
752 156
1161 499
943 690
1169 477
403 442
985 442
1125 301
890 578
841 697
661 131
187 435
791 34
589 317
967 624
664 639
140 381
701 228
141 173
294 190
399 159
953 698
819 694
385 58
716 191
831 699
757 705
345 330
277 262
506 454
262 390
541 286
541 357
868 646
135 501
722 172
211 220
250 255
355 372
176 380
541 224
112 261
938 697
426 275
582 19
612 660
965 666
606 113
410 199
290 314
689 53
1011 692
254 390
279 288
361 341
221 480
524 3
117 445
691 88
1016 698
664 342
146 414
128 465
435 369
322 377
357 70
329 265
558 77
159 445
874 33
527 135
485 78
833 625
406 22
713 238
1115 530
355 686
118 417
113 462
857 381
832 470
449 278
1181 389
340 323
548 264
36 568
1024 401
346 330
174 351
368 312
395 360
287 379
242 88
479 246
1172 201
462 342
979 383
455 236
418 434
613 670
146 506
52 566
1041 678
284 124
1021 441
1074 396
1069 453
580 136
550 350
996 27
1109 255
1053 233
670 656
229 337
1188 243
252 431
446 423
778 714
1041 300
521 388
718 538
826 659
427 139
676 224
633 20
1156 438
1045 60
248 78
720 516
245 387
234 307
1069 493
1003 677
1092 408
219 400
364 146
544 92
252 99
513 124
1037 714
1193 402
230 440
1119 518
230 140
1119 467
1034 512
1054 403
1050 98
923 135
596 238
118 413
847 219
398 363
564 312
1102 312
624 255
1101 410
719 193
1220 370
681 77
1037 77
336 222
591 297
1106 436
221 399
1183 448
410 692
495 256
1070 236
566 197
1021 450
302 307
476 377
1107 474
338 346
1183 358
586 11
1036 526
224 715
221 108
964 452
334 161
1137 293
1164 125
1205 289
660 203
417 307
1027 253
1081 477
334 124
955 7
1045 503
1014 511
399 236
232 213
825 177
353 368
428 373
135 504
619 201
984 385
831 455
688 157
573 324
467 70
227 372
996 25
386 468
246 87
540 368
1152 549
1008 706
486 96
1190 379
599 395
1144 193
399 65
702 91
1195 218
390 297
965 79
20 599
491 355
1004 396
1206 300
1134 458
419 232
350 46
813 239
452 698
1052 436
302 280
736 82
740 665
262 105
595 63
137 450
1171 216
1000 8
499 285
1223 389
1010 341
134 425
179 449
742 46
464 301
140 404
347 29
1165 229
519 122
1072 539
1157 532
1064 488
686 133
61 636
538 52
340 362
253 223
175 60
111 265
624 12
815 669
356 457
486 246
477 681
947 508
184 435
880 591
455 324
937 706
1146 393
384 131
434 151
505 348
1053 418
176 166
467 143
616 251
416 8
367 385
397 708
380 205
331 483
736 153
192 423
190 416
768 60
339 468
359 41
575 255
477 359
296 293
101 405
411 353
477 299
417 28
268 452
1110 336
848 486
220 251
529 335
727 82
448 103
295 439
1156 446
441 174
984 701
289 361
399 318
1173 478
817 73
739 46
264 191
866 713
141 78
1149 410
1016 700
736 42
324 223
337 185
100 368
762 99
217 406
923 636
252 312
638 138
277 77
883 587
298 33
607 52
780 54
83 371
507 312
330 95
513 311
393 683
289 147
587 329
609 85
411 375
583 333
155 133
423 27
300 406
522 314
341 381
325 115
616 633
279 676
111 369
185 200
709 33
453 384
190 392
225 24
1145 501
1047 635
1019 20
400 258
311 125
703 151
1026 358
1216 303
435 308
474 359
809 674
666 201
179 85
880 0
544 245
1115 524
372 312
497 63
354 474
587 18
345 81
407 111
318 402
395 422
400 448
633 656
307 155
163 415
485 56
817 113
984 719
122 434
735 608
571 51
640 94
204 430
327 96
528 5
1127 429
294 358
650 137
1116 120
577 229
1198 378
223 46
346 413
82 360
376 360
925 653
649 281
785 6
584 287
678 704
664 257
196 261
663 233
307 576
752 85
353 474
140 451
328 417
989 666
478 280
307 244
177 254
168 360
565 133
667 216
543 78
906 626
739 25
478 176
904 19
449 428
996 637
619 247
1124 415
236 15
185 334
419 98
736 205
142 432
443 133
600 237
596 56
181 474
244 411
550 254
453 415
192 381
479 343
1180 677
841 663
578 141
373 406
800 233
498 345
153 322
388 163
480 229
346 271
584 165
321 195
624 170
211 250
416 264
540 3
351 44
106 439
592 11
1048 408
560 300
1001 496
282 183
618 233
671 196
349 269
484 325
865 628
129 251
439 343
508 146
1006 691
335 172
713 26
394 284
684 88
656 126
429 264
149 349
562 283
1023 687
501 47
269 257
613 229
328 137
964 689
913 673
223 210
1092 512
832 654
627 13
199 397
271 52
481 194
461 102
694 203
438 351
1008 704
615 202
268 25
360 312
481 325
826 206
563 345
206 26
777 656
350 228
275 364
532 194
444 664
619 127
1137 477
609 48
339 339
629 217
371 60
866 646
93 447
665 31
709 530
105 424
1180 415
741 132
165 193
463 57
611 217
647 13
213 480
220 525
356 131
529 294
407 351
560 261
126 278
225 168
42 571
917 581
1187 548
195 407
864 627
126 200
412 8
365 265
379 350
710 170
887 623
899 683
356 221
637 244
542 310
520 127
277 72
381 107
118 339
278 217
340 464
403 248
277 76
865 11
1183 463
344 473
444 312
120 344
226 332
239 162
389 143
191 533
6 518
411 225
395 234
735 597
530 323
1162 374
552 689
832 674
328 156
746 53
252 108
600 272
942 631
170 479
451 428
858 613
515 100
132 348
1093 718
659 12
371 695
404 98
629 236
391 485
368 355
1099 486
152 146
667 51
849 616
487 264
438 366
208 26
590 136
641 134
1023 715
405 156
436 22
464 358
243 182
465 9
562 307
1014 402
697 705
390 361
216 421
554 143
913 576
670 78
348 107
659 218
386 452
357 66
786 42
493 55
257 32
357 280
515 261
442 377
287 449
542 260
819 575
393 50
255 282
733 93
1021 705
163 209
200 531
263 464
413 460
116 508
425 329
592 6
454 166
113 403
707 20
616 9
756 147
313 145
721 60
1047 340
1093 422
475 71
449 386
172 521
498 323
762 633
441 3
578 94
311 8
641 206
525 123
203 367
510 36
723 36
732 674
1036 629
432 68
178 399
321 174
781 633
697 101
172 180
443 353
160 525
203 331
618 208
318 344
330 197
436 410
362 272
980 674
136 469
554 150
173 398
201 24
832 18
589 60
199 94
164 344
425 251
184 382
218 409
718 57
295 345
699 600
679 67
410 204
554 394
546 365
949 689
554 245
557 80
208 223
177 488
264 488
375 409
971 699
1045 642
523 283
820 592
1022 659
176 346
207 114
154 507
301 185
725 87
210 344
600 59
714 60
322 652
336 329
138 421
179 446
902 651
162 83
743 83
1104 430
141 258
508 295
342 339
659 184
129 300
311 495
330 441
458 82
458 357
281 183
207 181
164 191
243 553
184 41
770 68
885 620
522 187
303 244
118 199
368 61
462 395
685 51
144 584
623 183
724 670
566 137
261 86
584 219
382 209
1060 428
472 276
672 117
504 98
751 604
1179 398
625 283
502 328
1138 404
754 39
703 69
832 661
709 641
134 487
1163 520
921 430
567 99
332 500
114 227
608 94
268 142
392 253
741 541
544 23
187 87
1033 711
392 354
873 673
240 267
138 375
166 346
640 164
548 252
891 635
801 67
882 614
625 230
358 0
294 301
340 332
300 717
230 113
986 260
1173 246
326 508
329 279
1149 239
366 326
293 366
613 151
497 175
177 415
396 231
270 382
303 194
559 145
347 39
439 164
538 164
157 386
238 141
288 64
96 437
406 379
1119 481
461 80
702 115
780 648
302 643
1032 360
354 36
327 497
753 81
762 711
246 499
187 313
157 484
981 256
1093 541
764 89
406 308
572 259
383 265
506 129
902 671
511 307
540 214
263 457
710 57
141 412
204 261
547 252
170 149
430 267
357 321
335 451
192 134
688 43
521 300
686 215
332 377
134 429
420 274
154 130
506 212
420 203
354 300
199 246
494 98
745 143
518 99
525 59
519 282
660 700
260 32
746 705
392 273
1070 674
783 36
587 30
881 30
1068 402
794 609
365 447
323 389
539 377
600 350
595 298
220 180
607 256
770 67
732 51
666 125
395 482
669 10
1036 391
1087 457
343 361
551 361
186 447
387 671
682 7
1146 182
223 45
639 104
617 167
473 281
1110 361
1109 417
559 202
618 142
789 33
592 201
390 411
288 434
920 211
223 335
629 105
557 209
536 389
446 384
539 204
457 403
475 134
716 106
206 95
311 319
983 419
342 361
500 321
32 599
566 299
424 457
466 9
1182 402
1046 716
951 691
550 205
801 12
186 517
339 414
321 373
307 94
539 198
975 512
983 610
1094 383
587 120
540 281
183 352
1128 352
847 237
1110 63
442 425
374 361
1114 484
1022 414
1056 670
1138 72
196 424
406 403
1015 257
295 353
781 617
966 454
920 639
389 174
544 236
961 643
1122 104
351 402
299 315
303 481
729 187
680 58
729 84
1029 449
1045 506
1133 558
106 407
581 302
326 711
10 557
397 402
624 258
1216 404
73 593
1151 416
1036 500
354 354
952 359
1124 478
969 407
19 512
1031 352
1051 292
13 586
191 145
139 315
1141 497
1193 290
655 254
1154 505
1111 480
164 81
318 514
1145 433
994 285
1193 388
11 548
53 582
418 323
462 661
1063 443
1162 266
516 68
1070 383
465 427
1155 316
1119 527
172 330
471 667
1098 295
540 20
698 177
1047 421
997 51
233 75
1075 8
115 429
384 358
745 330
795 529
1121 523
849 377
1160 384
1029 8
953 460
1151 386
1200 386
1110 352
1151 561
1070 458
1022 274
397 717
1026 460
1070 287
516 669
1117 489
201 115
997 73
35 598
550 213
1079 442
257 415
1119 449
20 554
403 481
413 692
1104 537
892 412
851 642
493 316
229 438
1132 178
930 644
562 346
1098 570
1151 404
291 358
37 582
973 137
118 481
1038 476
517 251
401 168
490 211
728 31
338 100
647 35
583 204
651 31
566 379
1119 715
234 408
428 676
423 363
314 373
595 273
666 133
99 278
118 401
423 90
675 689
451 329
554 353
395 27
302 505
174 282
327 164
365 403
456 319
719 510
774 145
670 449
168 334
489 392
299 284
249 547
1191 209
351 377
1096 503
616 168
471 245
472 177
1043 691
916 612
709 6
515 242
292 345
347 509
315 38
614 175
1169 485
137 334
695 484
916 640
474 368
363 272
107 317
109 505
953 133
630 51
298 269
590 56
163 354
639 17
3 547
366 514
541 62
496 70
431 136
458 283
962 587
133 333
256 186
1174 233
309 455
673 4
427 209
825 372
494 364
138 175
644 193
685 100
422 347
482 254
594 112
774 213
601 50
704 520
86 315
140 295
581 265
524 217
541 213
391 363
544 158
599 58
767 683
255 524
473 232
119 417
298 395
794 213
708 177
392 389
243 235
1003 586
314 130
474 253
513 245
1058 678
558 18
157 383
1051 368
581 159
1153 669
1022 255
811 78
706 162
275 49
523 152
282 161
723 145
559 241
346 203
167 338
345 150
581 161
289 100
84 300
358 423
567 385
276 103
285 186
382 710
519 204
594 214
986 621
219 35
456 201
672 4
488 378
246 226
594 151
201 329
373 58
578 162
945 690
343 306
718 677
347 429
606 45
839 31
316 479
818 645
236 408
617 40
234 111
968 681
571 195
391 311
230 315
628 158
668 122
831 82
203 373
646 217
510 77
1194 519
312 411
127 309
194 86
459 185
376 378
389 367
521 5
425 399
164 454
1020 668
576 108
363 186
171 335
296 39
783 47
856 13
169 560
327 364
609 271
1060 657
170 419
676 204
284 106
644 200
207 497
382 340
609 404
379 369
863 47
636 50
343 158
839 34
411 343
513 295
166 366
884 5
157 239
182 206
859 717
106 328
577 256
550 290
613 293
913 610
620 291
425 213
751 103
653 85
536 362
254 287
878 663
355 244
332 319
236 373
153 247
418 26
507 341
236 141
316 105
1025 652
761 27
575 5
633 70
294 266
649 173
581 124
576 196
506 167
726 39
509 310
637 73
569 2
775 147
355 315
656 51
541 359
356 300
755 24
545 321
360 188
329 35
554 215
616 116
308 384
485 198
373 437
366 257
512 279
602 37
494 302
422 102
618 12
507 193
462 160
181 361
1194 389
917 612
252 297
586 252
1056 697
278 287
745 30
352 128
1104 415
425 356
686 117
352 244
562 303
746 94
862 663
308 306
693 53
444 365
389 466
362 234
100 291
739 220
421 209
375 402
288 397
959 717
1106 470
650 681
884 206
553 81
806 397
554 8
631 66
341 24
497 286
139 351
846 691
892 621
1217 406
607 44
467 305
620 135
675 594
349 219
356 110
285 274
616 258
387 409
860 621
726 101
916 627
626 61
537 189
384 356
642 612
320 183
313 365
287 28
969 697
514 308
357 545
169 460
186 207
661 207
950 483
794 30
495 200
624 49
316 499
743 696
319 513
257 94
623 72
425 385
330 471
562 305
390 357
432 229
635 348
1081 550
224 264
769 39
547 222
853 683
1057 120
315 305
351 6
454 314
923 271
496 358
869 632
1001 407
1070 340
487 52
420 143
628 39
1 111
438 156
298 57
161 381
203 379
299 161
1078 675
411 361
471 132
658 97
844 643
755 83
266 129
708 476
302 221
858 543
321 188
284 243
465 286
579 317
276 171
304 445
551 166
411 239
284 456
1047 706
215 106
496 111
716 64
126 372
898 464
1146 557
486 354
385 159
487 163
404 390
314 138
697 30
591 246
1006 666
344 480
322 255
1149 314
652 50
762 28
596 174
466 340
186 313
436 189
1145 434
720 81
634 131
379 445
404 37
578 127
177 98
562 254
248 335
311 344
896 14
497 236
785 186
141 75
287 265
943 718
340 307
130 182
460 439
471 178
158 431
752 551
792 597
547 285
742 578
1203 424
685 146
435 408
349 698
603 69
299 9
548 97
512 13
226 389
276 44
398 194
503 77
180 506
663 25
345 551
425 9
896 655
729 172
1019 654
85 304
506 268
806 658
403 384
533 346
446 264
709 222
174 298
714 229
654 35
303 91
86 417
702 30
92 446
273 451
464 155
241 122
587 163
598 360
447 408
909 609
122 335
1001 684
413 367
669 109
879 702
596 190
173 52
1222 393
173 125
679 87
331 318
588 94
250 248
1178 697
324 476
375 135
456 282
346 202
134 412
471 68
1053 451
748 568
819 26
462 330
341 285
386 153
370 718
287 294
898 691
544 178
384 125
367 26
416 395
173 55
676 101
710 48
901 636
761 550
430 311
548 69
756 103
523 59
464 365
900 702
437 661
334 200
811 23
97 340
1134 425
268 149
165 70
447 355
585 330
604 236
749 188
173 491
1049 504
123 276
1119 432
289 99
459 149
243 405
1087 487
1199 401
99 430
1183 279
584 286
100 372
438 378
310 198
492 253
223 502
226 17
395 8
263 451
117 311
134 226
717 59
114 262
547 236
172 369
98 301
1192 364
648 261
136 367
318 54
938 680
458 118
668 249
714 113
478 235
908 591
1159 461
331 389
170 458
641 273
520 328
669 685
151 472
561 193
200 430
1143 536
1118 203
406 398
187 361
644 251
1032 520
924 563
806 85
739 660
944 394
1174 192
336 108
529 345
475 370
623 86
578 43
373 499
1104 483
551 285
226 142
415 490
455 367
565 122
314 370
538 521
311 250
383 410
1099 213
403 297
30 611
824 215
618 82
198 496
606 455
813 597
177 270
1091 339
875 685
845 617
908 680
476 385
90 417
881 429
515 205
284 12
431 143
863 678
135 428
209 117
805 653
273 87
243 335
544 293
169 165
771 211
397 370
440 95
185 265
171 464
184 418
653 11
417 84
1013 432
346 114
606 170
250 77
751 155
28 593
667 162
466 33
729 67
554 361
388 381
554 177
131 441
458 271
346 78
128 326
414 329
266 395
1192 231
387 332
772 674
1032 708
292 195
110 415
680 1
490 365
472 205
412 306
352 308
286 241
1156 345
318 180
433 384
188 265
766 638
438 406
699 244
964 716
116 124
527 85
445 10
491 266
503 368
821 515
268 238
767 41
495 56
188 291
480 388
811 26
319 348
166 506
608 33
183 243
1023 0
684 192
448 212
857 589
878 587
159 127
598 288
457 270
543 326
458 363
418 338
910 603
690 89
333 271
686 515
192 216
751 596
499 383
150 201
160 375
674 141
519 42
544 102
259 408
1179 452
919 675
199 466
702 173
205 120
330 104
421 47
465 81
520 39
854 692
963 87
183 450
922 580
250 386
992 712
818 29
755 497
1103 476
741 693
263 255
672 48
1013 689
335 113
598 95
1057 407
520 254
496 210
1172 474
793 0
696 2
1132 332
497 34
193 50
1069 435
334 165
662 224
695 518
575 62
759 89
377 242
503 242
239 115
721 200
971 603
590 314
754 692
405 328
340 121
214 589
635 96
726 176
270 368
652 333
976 718
271 415
350 424
433 291
1140 443
632 130
535 339
539 112
811 231
655 251
572 216
593 37
870 210
276 102
637 169
442 309
358 277
669 246
196 383
867 241
253 280
1042 718
527 74
518 252
873 688
745 693
1049 373
702 113
720 120
433 243
587 6
573 104
234 377
568 42
307 276
863 626
574 238
328 197
238 289
809 182
475 250
1158 409
1061 382
979 413
948 632
626 73
1174 441
535 71
439 370
867 666
1196 381
484 206
165 423
727 120
1101 384
759 159
497 129
360 419
597 29
1194 442
679 468
320 167
1062 499
1116 507
1174 189
1109 437
531 271
343 163
258 109
258 470
653 123
1111 505
889 43
1071 507
1085 447
518 57
644 21
358 2
1202 276
1059 262
483 127
551 165
1103 78
1100 611
502 284
1205 373
1150 515
645 104
532 204
599 57
617 154
1147 516
1031 510
1152 444
1117 184
444 386
159 169
381 150
1085 341
1185 372
923 490
568 333
413 685
1153 326
10 540
219 464
656 65
1065 456
1185 423
12 603
1065 449
1218 414
747 21
463 346
505 293
1055 392
1094 279
927 363
216 390
1134 319
1076 366
1055 321
52 605
940 79
950 634
472 694
1004 166
379 712
1182 278
1047 482
1128 415
752 210
988 613
1054 412
10 592
739 198
933 119
1142 237
894 429
27 550
937 454
1091 250
970 120
1087 151
808 467
724 154
917 433
999 346
16 565
1144 486
539 67
1075 378
1022 242
1132 479
1148 472
119 605
14 556
1066 430
971 465
942 152
442 404
1150 427
219 85
1064 444
1043 308
1137 454
1003 327
230 408
1092 464
450 383
29 521
1182 395
50 572
1131 372
32 588
625 29
956 106
739 316
48 586
743 434
437 609
28 573
1128 397
1124 507
1085 422
533 501
765 688
951 47
861 414
1055 67
1172 241
1014 519
1135 413
28 571
1155 508
788 459
398 674
411 677
1059 1
1113 495
311 488
1142 269
1116 436
482 688
1141 445
1022 344
1101 475
1035 436
1106 634
1136 489
1215 352
1002 440
1012 338
581 273
890 417
850 668
1137 421
1107 101
420 670
1103 358
61 619
416 593
457 685
1154 268
1158 336
969 382
851 458
1043 493
1043 332
545 90
1064 244
1081 456
535 46
1198 207
488 73
1163 408
1006 269
638 217
417 191
352 175
47 622
1124 341
405 326
878 694
381 712
439 169
986 425
1141 336
208 15
371 366
356 123
512 634
474 157
966 463
1011 113
1124 493
709 126
1217 334
356 305
290 94
51 625
688 55
365 121
522 618
464 669
433 38
1124 382
1078 463
677 490
486 290
59 565
580 84
848 62
1183 273
1052 481
1173 420
637 557
1198 271
697 404
388 682
1118 388
1019 508
1103 467
35 533
777 651
862 376
343 693
1018 328
984 476
429 387
1141 327
1135 72
921 455
223 156
1037 505
1225 407
999 143
523 243
628 15
1168 497
1169 324
1179 313
1162 432
523 166
1198 360
1213 300
184 436
1071 513
892 133
255 169
696 48
1221 321
536 352
1083 491
1031 503
913 385
1061 405
1017 556
1086 479
65 631
1049 479
1006 127
1063 373
623 254
1015 331
1140 308
455 15
413 32
466 156
1101 369
1005 705
971 505
356 178
1043 65
422 406
603 143
145 262
83 661
239 48
988 520
581 163
1112 453
661 415
368 707
976 394
1066 288
1181 323
1124 474
289 345
1121 516
1043 438
808 21
1093 507
940 462
807 431
1137 255
1161 263
497 341
720 17
888 447
1186 412
429 604
580 274
1176 356
594 259
349 119
393 705
1122 516
135 225
1130 68
1165 484
979 607
1214 278
906 629
239 719
362 693
1129 712
1190 358
1155 270
1127 211
1136 320
412 222
834 393
1194 416
573 303
29 530
948 371
694 166
200 325
469 4
328 161
918 368
782 609
1103 528
597 286
404 378
215 555
522 265
226 237
932 713
380 175
188 229
211 132
726 184
664 210
