268 24
570 208
1127 223
1059 253
1167 234
891 279
1072 73
148 540
896 21
636 274
852 207
1155 339
1061 64
207 115
1165 268
1056 28
945 283
814 250
1083 303
296 443
125 559
659 146
159 536
646 39
305 11
187 468
894 62
783 257
89 435
1007 110
1093 39
1145 370
141 586
1012 300
827 444
1071 16
861 1
783 408
622 124
1130 241
855 40
1095 423
507 199
1088 108
996 98
997 98
656 64
1094 49
1173 368
597 231
830 46
136 263
128 458
905 361
995 361
728 228
1125 278
813 37
840 37
1110 129
915 301
625 58
810 325
145 598
184 469
971 410
1095 29
579 131
665 312
943 11
157 335
237 224
787 21
783 57
593 131
225 126
968 105
635 170
1185 351
658 118
511 118
776 179
1111 324
480 169
676 101
511 162
931 174
553 255
102 311
821 205
974 128
213 508
646 154
991 90
1126 87
943 70
392 660
1007 71
1021 290
1075 52
1081 52
748 153
1085 76
858 260
631 65
1096 136
556 205
1038 399
1049 307
980 46
844 10
652 250
1007 404
984 427
1142 422
828 318
801 671
501 60
703 70
834 25
709 362
1014 61
522 277
973 64
745 210
872 9
873 282
115 504
107 485
1144 259
602 245
939 83
820 38
1019 108
1059 464
948 473
787 332
334 2
1166 299
549 230
901 196
948 68
932 223
129 362
887 243
1035 307
1107 237
1056 36
862 67
478 74
1134 398
228 503
602 161
568 415
84 331
147 172
211 235
639 123
1115 254
1000 296
960 354
212 530
119 448
500 84
796 526
144 549
261 433
103 283
280 521
926 17
837 58
913 85
1073 85
200 244
983 109
290 11
1107 280
96 397
1039 123
225 384
1106 68
175 134
1023 43
914 212
299 220
118 256
839 242
796 10
486 200
1039 21
1186 305
1079 108
172 552
1082 231
841 220
1090 336
985 90
1226 4
192 373
99 338
685 117
93 266
150 169
254 3
805 4
919 39
944 291
139 469
1056 69
1051 122
1031 75
770 381
1034 127
871 39
956 0
228 194
660 310
882 44
105 441
170 441
301 528
887 27
138 253
856 447
202 576
785 5
136 552
206 233
1120 149
146 564
173 546
250 514
687 237
114 192
1153 149
920 42
153 338
197 250
966 3
193 391
934 104
1021 308
202 160
975 52
138 208
1090 147
154 315
649 301
207 286
96 393
186 551
884 30
980 318
1009 61
278 194
193 196
1077 87
927 109
166 211
926 88
256 392
148 485
1021 8
98 340
231 298
1094 97
194 517
1015 256
752 0
137 429
236 448
812 44
1115 86
245 113
1100 132
241 243
1072 113
146 419
689 52
1069 358
683 145
224 204
977 458
979 64
205 395
972 101
1005 33
96 380
815 19
1031 106
1047 352
1089 150
93 300
1089 82
83 303
904 73
1037 112
95 515
803 14
133 159
1154 171
190 481
790 3
849 74
900 80
313 506
1037 25
350 14
146 316
905 55
1142 143
1110 204
620 160
165 592
168 458
225 504
186 356
587 175
143 266
169 551
887 55
938 71
149 370
850 9
103 226
722 98
951 105
142 392
123 268
800 16
1005 10
900 145
68 175
117 372
245 447
575 394
181 166
100 292
919 248
657 109
1071 135
187 185
817 33
872 49
252 504
967 91
774 156
98 423
593 408
197 545
1024 12
878 37
1033 26
204 493
1113 98
204 239
1125 254
700 423
151 244
140 608
166 240
813 64
1079 134
1046 121
1070 29
1033 84
181 214
132 196
170 242
1255 43
1145 140
225 232
970 35
982 423
966 55
972 24
1138 132
784 8
186 497
1010 73
148 703
179 536
471 142
197 182
253 518
927 72
1105 112
136 331
993 307
894 81
190 503
671 215
170 520
766 420
298 166
173 559
304 384
1120 118
966 89
190 504
1068 121
1142 140
922 222
114 542
134 342
826 13
879 64
1009 90
680 129
670 263
615 289
1013 88
1042 91
177 317
117 328
250 469
983 93
757 327
599 43
1125 373
930 598
98 275
877 37
139 284
122 155
288 146
616 156
1009 88
1092 86
959 346
727 635
495 140
257 132
620 132
218 378
848 55
244 212
861 8
265 397
1019 255
1083 130
594 177
875 42
731 202
122 206
971 31
950 400
918 4
632 188
1057 36
187 357
217 167
877 66
1098 431
1096 107
104 338
205 210
868 57
178 339
634 247
1064 452
150 562
1068 134
237 488
942 293
1031 78
1030 124
1008 27
910 39
212 147
910 64
133 256
117 175
858 141
860 303
889 57
235 69
985 49
892 269
959 1
112 366
802 34
105 415
1013 79
809 37
205 247
966 73
966 43
895 67
550 13
921 102
115 421
163 655
1069 71
720 188
738 0
148 436
118 353
94 512
1175 592
135 391
1043 263
502 75
862 54
135 700
957 82
104 253
979 72
161 472
152 515
1033 85
696 117
1118 68
451 185
110 278
129 337
855 52
162 482
169 313
646 94
838 23
1057 542
155 131
108 270
932 381
171 569
872 61
1021 110
812 1
1112 65
965 15
215 456
848 29
1053 25
566 215
879 20
872 257
151 536
985 94
919 95
802 303
120 397
835 63
214 187
996 33
541 93
1061 133
580 139
123 281
121 180
166 312
824 34
867 34
1060 130
920 69
303 382
1087 106
171 248
920 47
808 10
356 511
230 219
923 76
919 52
1137 355
90 299
1075 88
188 391
148 358
1169 162
987 61
1101 220
164 169
184 337
1097 103
969 342
1157 168
296 552
815 51
960 463
153 265
905 167
964 73
108 333
611 17
208 260
1030 40
1101 197
1095 137
217 382
624 225
414 111
1007 346
971 65
830 49
181 339
858 66
903 66
347 518
197 494
1014 88
872 89
931 1
105 662
170 497
267 551
1097 246
177 279
812 50
950 92
1137 117
505 186
819 21
1026 72
261 569
983 84
238 229
579 244
155 436
832 12
1101 132
212 452
109 204
625 91
1218 665
1040 123
1009 107
86 315
207 407
963 43
521 597
164 202
361 487
157 552
215 565
1095 67
847 49
641 222
880 58
122 519
319 495
494 321
607 113
835 38
1100 152
1071 399
241 261
132 240
888 37
298 526
1063 75
1087 110
1108 133
1082 78
956 2
654 213
883 77
1125 261
200 252
987 9
1096 586
934 16
452 89
1012 244
252 243
1136 243
218 209
877 59
959 166
997 13
173 195
175 363
267 543
167 495
1048 338
945 322
308 372
172 180
1116 88
423 3
1013 71
785 344
230 456
130 191
923 85
988 368
146 450
1123 82
139 363
785 124
1030 51
162 342
1068 110
116 334
776 455
126 209
884 79
1091 31
933 309
1080 218
61 20
1002 178
183 255
1017 87
1045 504
798 286
937 332
190 344
1132 127
985 98
949 64
806 224
215 199
613 154
1003 34
676 194
424 124
580 103
806 40
148 472
243 0
614 162
527 259
947 332
236 426
940 32
212 504
468 302
932 101
1116 260
1057 273
988 59
114 447
128 564
713 271
175 175
613 175
206 306
702 589
911 214
147 216
1086 150
1046 249
133 268
1126 157
699 290
57 44
1114 145
993 243
1002 47
965 92
284 468
927 363
729 73
962 378
932 289
190 169
610 105
779 114
771 277
825 212
502 58
579 257
1142 158
230 482
907 32
718 146
664 132
1042 132
954 326
702 161
449 111
1091 499
896 15
920 66
188 207
669 61
415 616
804 474
988 396
769 127
107 273
213 526
608 162
598 116
1094 412
1023 410
620 241
1007 241
963 323
753 204
910 72
624 149
1111 554
1107 319
1045 92
629 246
848 276
589 228
571 288
672 166
214 147
810 306
533 34
1163 261
209 199
612 46
896 313
771 311
1037 295
982 53
682 189
442 236
683 122
1053 115
1118 76
1156 421
1031 194
168 221
726 144
1138 136
846 318
1043 316
892 18
130 233
526 221
481 159
671 172
1127 150
1138 397
139 511
246 205
1107 126
787 256
855 8
117 371
1005 287
1087 269
535 217
1148 304
724 109
1134 107
480 243
673 115
824 330
211 9
829 589
234 491
682 143
1101 143
752 186
965 259
882 38
531 232
255 6
837 6
690 249
949 335
913 280
686 127
610 132
389 711
634 77
1081 283
697 264
938 298
950 320
881 259
520 121
823 370
915 444
1039 381
167 466
663 69
634 124
118 303
1103 424
934 245
735 92
491 93
270 482
838 3
477 287
634 196
162 244
608 30
558 83
988 92
149 456
585 30
814 300
1160 337
960 295
1004 255
1155 419
315 545
1033 53
1106 256
1180 382
362 18
141 623
222 520
676 188
993 69
899 48
771 107
768 347
655 215
524 363
550 6
1016 492
1027 96
1032 204
982 327
1156 358
594 55
653 104
90 285
1178 285
914 398
748 146
426 605
534 155
1018 180
1116 276
909 197
572 206
790 373
983 220
875 308
1107 374
1029 366
851 244
980 267
758 412
113 210
1185 440
982 168
627 181
98 343
134 276
1120 134
998 104
788 102
900 373
227 446
668 165
436 308
567 230
1068 196
638 55
637 263
204 255
941 4
585 75
1053 534
985 253
1102 205
1047 292
280 30
997 312
643 231
908 439
824 374
568 163
771 296
980 313
1000 220
906 332
1101 254
1107 325
603 11
785 339
278 19
1020 96
149 517
782 428
288 1
518 203
1048 221
461 102
949 285
789 306
129 218
494 338
840 323
266 117
1107 93
251 434
581 124
766 453
920 227
978 321
773 464
217 196
463 223
1152 131
955 284
1050 80
482 187
1160 315
1005 377
1152 357
1059 354
774 285
423 317
801 437
720 300
889 491
1167 393
223 222
284 456
884 461
795 240
1165 364
1121 273
219 469
771 161
603 325
1014 34
541 141
753 94
119 490
1115 463
115 557
828 525
1150 306
1054 311
956 240
704 123
512 162
1123 402
1066 61
982 237
665 228
744 92
127 341
119 533
940 247
464 183
830 42
1090 201
894 224
1003 359
324 691
557 178
873 197
791 326
629 268
1000 41
1125 257
1083 111
1125 252
544 197
1020 341
404 223
1079 143
793 452
823 0
666 169
638 169
451 77
145 213
1123 168
805 395
529 329
1100 153
212 450
989 195
1013 285
816 354
959 14
1110 122
1034 289
887 404
658 254
724 239
1191 377
470 305
1075 50
876 247
1083 97
885 393
551 230
1148 369
128 428
846 45
842 189
495 261
1047 126
90 391
1160 333
1141 286
1148 221
1117 509
162 367
622 168
870 230
453 100
603 251
604 44
926 250
1202 384
574 22
578 95
1189 363
710 215
121 431
882 41
278 650
593 274
1067 211
866 321
1184 376
534 357
1020 220
819 125
581 218
167 198
599 232
1179 389
1164 312
1041 36
924 285
327 669
927 239
676 59
1167 225
653 150
255 10
128 279
922 461
945 91
698 113
937 268
1088 53
781 114
669 213
583 137
1007 92
926 76
1018 297
815 277
862 73
647 123
864 316
1056 335
510 230
636 177
1091 220
646 250
618 22
143 152
546 258
878 185
917 414
755 211
1143 347
463 283
801 12
679 328
1049 514
1004 281
819 39
778 204
1053 241
623 239
489 141
270 265
109 314
1053 295
893 77
654 194
1113 155
1075 144
1078 395
983 53
1125 96
1158 336
866 257
1014 172
839 367
1014 190
538 114
785 114
916 217
1142 379
157 520
608 131
570 81
949 415
595 368
1125 296
1070 272
939 272
606 111
841 7
611 190
595 330
1044 424
166 242
1091 121
817 219
575 174
648 262
507 58
916 68
798 443
713 121
1042 327
470 296
499 234
638 141
770 122
246 167
627 174
1236 77
1120 409
495 3
746 124
1085 143
958 232
1054 252
1043 237
556 49
887 70
468 111
722 316
967 24
988 457
963 332
942 168
906 273
720 189
1080 281
1084 310
309 125
580 88
564 215
926 261
863 303
972 294
725 119
768 401
979 388
965 93
1096 255
857 424
1013 128
921 306
1184 417
768 289
720 275
796 445
596 153
509 95
646 123
1079 302
1146 372
575 93
650 64
1026 288
939 271
658 224
964 260
1115 429
898 305
932 382
963 292
897 191
1167 286
608 134
1145 304
659 66
907 230
219 506
1055 390
811 263
785 335
777 440
883 431
882 21
652 88
689 252
797 244
309 714
788 380
760 370
708 126
1007 245
417 357
635 160
609 183
1148 299
841 312
574 262
982 261
756 418
857 251
873 325
1020 11
524 222
613 201
565 153
1156 317
617 77
937 278
581 355
670 200
1064 394
473 150
949 215
561 65
642 169
1115 565
535 209
587 284
972 269
576 164
706 257
666 43
993 452
1046 227
656 299
940 174
437 297
718 96
1008 344
1009 126
541 146
578 240
541 353
725 89
922 343
911 319
965 441
517 322
589 142
1107 420
1121 288
782 388
982 494
599 37
899 254
561 702
628 279
890 186
1177 403
885 316
197 325
619 85
798 398
595 247
757 193
981 442
590 205
842 325
941 214
937 262
1062 329
982 432
605 348
1086 271
734 179
643 291
700 140
730 206
793 305
789 132
478 371
481 176
559 239
1042 273
147 189
301 3
856 278
1030 118
1174 367
850 244
117 257
812 39
667 298
859 361
688 91
1052 480
824 196
610 48
144 338
989 256
964 231
757 337
834 193
972 378
523 258
534 88
943 302
1146 325
781 108
694 339
624 180
590 232
793 14
712 172
1163 402
690 152
873 233
882 375
557 265
210 38
457 243
714 236
620 55
261 5
547 145
902 145
553 245
605 12
1007 361
1094 287
605 136
597 44
1086 261
1047 75
1061 452
444 229
811 384
1039 294
1019 415
1093 202
485 86
520 120
280 39
1259 570
113 543
881 321
1057 314
1086 304
988 439
970 423
589 448
1121 463
233 466
608 135
876 174
1039 190
580 66
765 115
943 377
475 265
1076 303
568 250
1049 231
1006 193
485 214
575 137
640 164
994 471
1088 303
745 280
482 71
645 118
547 37
974 196
1137 227
967 322
496 283
968 264
658 263
852 256
790 252
1000 212
1153 221
715 161
570 345
1021 380
855 358
992 430
800 412
1170 450
832 460
1099 254
974 206
667 223
980 219
647 138
936 181
759 179
601 169
1055 102
635 576
1057 352
958 341
644 292
550 404
1004 414
782 458
1056 496
597 228
802 244
1059 244
1008 240
987 215
897 160
493 168
876 158
717 119
350 6
659 34
940 305
806 297
613 299
449 273
1028 335
1080 476
883 417
600 204
840 253
644 252
562 224
773 141
773 134
602 177
961 516
756 346
468 354
569 312
979 298
1099 499
532 55
278 4
639 109
622 112
635 158
602 131
863 131
987 183
871 216
1012 525
842 259
906 275
1080 324
1060 491
562 114
405 6
715 168
639 186
1135 550
1152 499
988 366
567 360
586 294
904 281
1004 70
454 92
663 59
659 41
669 190
602 178
777 158
823 147
1103 388
532 309
955 313
952 280
1024 357
984 372
809 373
783 326
564 86
587 17
820 257
132 282
1069 321
1069 376
684 116
561 36
600 60
560 218
673 236
602 300
795 280
848 379
1140 417
1047 501
1066 449
371 643
806 298
1187 288
804 259
834 451
623 250
1087 419
758 125
789 219
112 521
605 194
608 90
859 251
848 427
790 336
641 192
916 446
733 64
162 441
869 259
616 57
537 269
923 324
601 177
551 163
570 38
1088 221
1096 251
783 402
575 185
1035 201
886 31
594 122
610 53
601 234
553 131
633 148
1106 381
895 438
765 415
1037 275
543 278
109 523
977 298
1073 402
95 421
1138 416
1092 352
981 227
428 99
893 204
904 266
669 184
934 368
1082 271
609 44
833 319
626 62
776 227
812 416
748 234
1176 243
850 431
560 103
642 281
950 333
793 389
552 149
366 681
1162 454
908 195
912 204
483 697
608 436
825 331
190 565
650 137
724 607
860 338
506 128
248 713
731 220
737 118
1053 374
568 259
521 187
781 295
652 260
519 138
1127 434
255 165
816 292
538 33
1117 351
906 241
926 91
795 111
632 69
608 193
558 191
711 285
953 412
1129 274
808 266
664 203
714 219
756 296
1052 284
698 135
1001 338
682 111
586 164
547 228
1175 414
982 25
960 249
991 450
500 248
595 325
788 303
971 297
1029 335
995 278
867 240
795 123
268 12
970 81
922 183
801 307
969 239
539 196
724 193
1158 245
1022 388
1021 441
600 244
501 243
871 328
1051 195
529 337
660 186
600 42
975 291
1023 221
371 670
1077 458
544 191
900 262
655 109
1019 334
403 361
979 282
632 86
846 204
1039 192
593 145
1026 275
696 78
893 153
588 187
975 328
1173 372
1152 306
889 268
689 156
1091 149
990 564
285 469
702 147
1060 71
1128 268
550 261
623 150
712 115
792 115
658 179
807 419
1161 252
1016 502
714 132
893 202
487 174
943 357
811 258
810 293
653 151
1061 296
839 332
965 309
916 351
513 297
1143 234
862 339
865 273
640 172
625 242
825 422
476 360
945 178
1147 379
827 289
1134 504
947 449
404 228
774 336
1046 197
672 231
843 383
1063 471
984 227
521 268
877 268
1177 289
846 382
601 162
810 329
1108 577
604 171
146 378
571 33
949 283
845 288
729 261
947 538
448 327
527 109
457 142
1149 246
670 306
678 188
894 265
960 254
759 316
826 9
978 208
1147 249
781 436
1140 271
546 63
652 155
850 374
958 483
692 56
570 180
1076 388
583 240
866 219
510 164
950 436
1126 469
803 471
540 182
1001 433
628 175
851 33
754 178
1178 359
828 345
837 356
579 77
805 406
795 238
930 161
1149 351
689 263
989 270
427 308
683 79
626 104
1167 220
1175 382
1041 276
503 304
490 234
809 198
687 59
933 466
745 166
701 133
843 450
940 447
1111 309
578 244
689 164
688 162
623 143
681 145
707 107
892 81
936 293
848 271
1154 430
586 192
1061 259
747 160
714 151
668 258
711 195
970 327
662 240
289 42
809 368
193 145
876 191
948 294
762 395
675 36
601 253
1143 497
1121 227
890 206
1127 251
1030 480
255 188
254 450
126 236
881 313
1083 272
1076 312
1014 230
777 351
240 457
931 439
600 252
670 33
637 203
604 257
960 347
560 297
873 348
602 152
484 112
648 127
931 231
820 223
506 259
659 77
953 350
1164 500
662 112
595 224
992 53
614 155
719 90
645 119
819 342
917 352
974 98
922 365
1132 149
853 221
1178 412
1040 449
873 460
588 436
937 387
652 142
658 163
870 351
664 227
1096 405
809 0
672 197
949 336
512 175
163 260
974 373
538 200
935 317
843 392
967 237
1046 129
1095 434
961 308
1083 519
546 145
1132 516
208 710
927 315
776 17
792 329
1072 460
137 559
627 111
129 505
935 555
987 71
1036 99
694 154
230 217
648 107
791 332
1073 39
1010 45
857 318
772 457
661 149
1059 85
962 55
967 35
895 450
108 388
1132 341
524 322
585 149
624 219
917 258
985 409
1089 145
1030 23
907 70
920 17
699 121
694 195
1090 325
1002 371
119 515
254 516
472 271
448 319
908 207
974 421
123 349
1101 133
132 524
177 360
1140 233
995 43
533 332
984 93
938 152
560 321
139 236
1027 126
1069 38
683 84
143 536
898 21
188 410
964 219
1044 278
840 48
1038 72
970 319
834 45
111 445
129 259
840 403
1106 498
737 117
866 2
653 236
768 110
769 285
919 285
442 708
864 230
165 449
502 11
718 239
543 219
993 46
998 418
444 325
1024 241
141 329
621 155
1021 100
710 206
837 42
1002 389
123 315
225 590
607 284
478 622
979 46
1025 247
827 11
633 123
441 365
750 332
1033 273
1134 401
957 36
111 524
623 138
527 59
717 110
1132 466
313 251
1106 93
551 65
979 344
1056 136
209 556
648 240
935 66
916 338
1164 394
860 74
867 26
213 110
829 386
681 271
1155 158
1176 158
950 396
516 226
878 68
584 341
1009 117
974 133
826 45
97 287
807 448
303 354
896 88
618 259
972 291
913 239
679 56
546 348
752 104
804 41
910 74
907 5
868 330
619 258
1004 75
631 163
118 443
558 214
853 312
852 177
937 99
837 29
937 186
848 53
493 291
687 183
830 25
987 297
534 140
591 194
230 204
1110 431
1083 202
968 95
1163 396
775 405
1096 425
145 583
944 214
284 435
110 292
824 53
493 224
706 232
116 468
1082 431
975 273
664 41
950 96
1066 133
1063 448
128 412
565 114
686 78
595 164
285 501
900 79
984 444
226 442
822 460
1177 354
718 201
982 214
847 68
1170 421
271 24
601 117
119 157
974 272
102 286
1008 307
1059 468
821 299
986 171
942 412
1032 244
154 479
92 264
908 226
961 160
591 277
714 71
492 276
902 272
631 162
1145 414
775 398
197 170
924 360
682 188
836 237
531 119
729 80
782 323
556 292
862 359
1100 163
244 477
967 266
964 505
936 497
526 134
1070 294
456 201
646 225
186 313
873 445
720 90
655 267
1081 151
1103 455
657 93
540 278
842 374
794 394
903 392
865 182
799 254
643 207
550 252
478 117
1174 294
981 55
1111 440
971 240
413 104
683 89
601 179
360 504
93 348
638 82
1008 234
1091 432
962 68
792 477
127 421
958 86
909 482
577 259
576 229
821 34
264 163
893 319
763 195
242 573
844 277
848 277
222 540
873 12
1042 116
809 270
564 78
1182 268
123 436
291 18
221 31
904 238
689 160
180 225
901 331
824 55
1167 243
1103 69
256 540
852 165
549 322
423 134
604 174
1077 329
1017 114
851 60
791 307
692 242
1054 215
452 86
650 220
785 136
1061 216
1096 464
835 255
983 427
767 398
246 561
608 159
874 348
805 298
521 89
1027 242
1049 134
623 236
700 240
457 214
861 4
1090 248
818 367
905 62
316 687
553 298
166 302
806 318
249 24
966 413
549 78
838 280
141 281
607 151
939 15
1119 77
1111 428
1060 124
93 492
1018 126
690 194
128 404
1054 476
638 78
977 189
748 396
802 407
626 185
632 49
888 214
903 64
982 247
504 63
880 456
748 420
1128 400
876 326
599 229
213 125
95 464
173 485
973 369
217 587
924 53
854 4
802 19
1147 157
901 274
829 10
1111 318
487 327
787 277
154 342
980 361
1043 39
985 220
971 53
800 359
854 49
101 452
645 161
806 45
806 393
232 140
625 13
478 312
441 304
1039 75
718 137
978 96
919 332
675 208
523 20
584 217
1091 145
499 93
422 359
1018 222
838 527
735 136
1123 159
206 250
942 381
859 62
997 1
799 2
778 317
118 555
995 474
571 593
879 234
630 178
515 332
150 181
885 181
142 402
235 201
547 96
621 140
643 25
487 55
666 257
828 39
904 226
971 316
486 105
925 335
478 287
953 381
1145 128
788 333
701 288
283 2
108 277
1141 365
139 213
1081 457
789 469
1107 441
537 281
748 97
516 302
95 407
842 269
205 529
698 174
281 268
1035 338
271 153
852 68
641 128
890 237
862 297
934 81
564 296
803 418
667 288
896 257
429 637
671 98
1169 364
743 69
838 195
217 524
284 116
565 154
772 164
569 24
997 229
633 139
836 235
485 182
1155 424
715 152
908 43
1054 201
695 150
939 517
695 259
1114 317
1026 130
828 284
908 200
686 237
1085 49
532 174
631 144
551 280
1062 196
518 262
1136 389
964 67
98 439
1072 458
931 522
902 423
516 76
674 253
892 337
792 436
663 169
797 249
916 216
636 136
730 124
958 404
1153 529
952 246
759 151
872 175
526 99
751 432
989 584
938 178
1134 336
766 148
714 281
960 6
1163 467
1012 303
1018 365
1157 251
969 406
615 290
538 50
126 191
1063 535
777 350
804 370
809 450
1141 391
464 623
191 224
993 233
809 248
931 312
923 199
549 134
593 154
285 528
808 461
992 473
530 38
829 13
174 410
916 387
816 275
857 294
967 309
696 107
566 182
608 194
477 342
352 502
1066 502
819 264
182 439
498 175
727 217
710 325
1013 378
803 332
521 300
552 179
845 260
668 226
923 327
1148 349
503 282
596 106
996 204
1103 141
806 438
684 310
733 141
487 220
864 138
1074 227
253 718
817 536
768 127
655 151
710 188
773 171
837 331
881 243
786 263
968 359
566 94
931 437
118 297
914 210
198 246
808 318
861 285
912 238
893 253
627 124
803 27
612 136
1009 238
1123 404
1086 367
779 115
677 228
971 420
1138 356
1060 299
934 292
583 191
677 84
532 333
923 238
1088 321
838 248
863 181
453 327
294 616
907 459
946 423
934 108
726 113
911 323
983 175
1067 330
405 159
1081 356
887 165
951 365
484 382
892 31
1026 198
954 53
1016 63
892 281
463 135
797 344
880 234
614 204
570 228
805 365
832 199
789 340
751 328
588 238
657 213
851 317
298 8
480 256
1139 473
616 283
171 305
1121 310
1095 376
647 124
720 234
760 136
540 555
906 372
1146 366
932 430
875 309
604 314
576 334
951 348
875 533
653 232
515 245
818 240
928 11
480 31
854 286
806 311
765 366
740 140
703 131
506 202
815 232
830 239
1004 88
1171 405
835 402
757 268
993 303
796 295
718 67
494 37
973 217
475 256
731 257
976 104
504 237
915 315
576 56
571 209
320 707
1149 156
689 167
750 163
658 148
188 453
856 59
664 83
782 261
546 266
1180 306
700 555
620 226
797 279
585 265
204 345
596 233
1186 353
869 185
979 389
1069 269
828 329
802 257
521 350
166 251
578 285
1138 410
1009 96
260 0
103 252
1121 71
88 448
859 329
873 15
939 226
920 29
947 78
1034 307
321 348
1111 129
229 23
874 63
168 237
596 310
947 315
954 245
101 318
497 381
1048 397
278 156
773 156
96 352
987 45
825 384
739 74
668 213
835 295
935 377
1144 392
842 371
868 79
555 361
220 232
850 227
773 145
614 17
1052 380
670 192
948 48
1146 406
864 80
464 377
807 343
437 278
1026 219
1030 204
679 229
1057 97
850 26
827 187
904 81
1019 73
461 82
981 95
540 220
961 259
1100 348
455 328
830 221
803 466
945 58
163 447
1111 131
673 185
576 335
979 386
703 77
302 236
514 130
1033 391
969 12
809 303
547 213
492 374
635 168
1074 332
1175 374
820 407
790 264
637 279
943 375
913 550
1072 282
638 56
1012 110
194 177
555 175
255 661
897 360
680 109
1170 308
782 152
1024 369
514 255
966 397
716 131
619 50
867 195
528 181
914 185
976 282
1165 480
522 37
1066 467
1029 29
1110 208
664 169
847 434
1131 279
968 336
692 92
996 223
562 282
1151 340
568 355
1094 236
904 224
224 515
711 196
1072 90
803 45
849 218
919 290
704 154
771 397
424 295
984 207
1032 532
1176 294
865 218
1058 389
588 48
893 196
129 239
1014 286
1164 278
968 643
887 257
1013 486
666 198
738 117
655 270
489 114
516 258
1123 429
949 382
610 251
723 137
968 448
604 222
696 145
873 74
556 259
530 94
579 138
845 369
1000 433
1088 383
1095 445
1147 474
603 85
938 385
592 127
827 129
1012 416
675 263
949 263
631 188
989 268
857 303
1068 223
645 136
838 256
750 139
721 185
1081 289
1122 422
1139 298
816 55
228 221
713 203
928 280
1135 251
513 104
1156 503
419 3
501 188
687 283
589 157
938 368
973 353
1105 450
1124 430
183 531
926 310
1111 122
777 299
550 32
914 175
759 103
738 161
835 248
613 443
512 9
1036 100
915 77
1186 257
1147 285
1138 347
585 74
1072 136
1058 365
1077 443
935 160
940 251
1112 280
852 56
849 8
670 333
960 236
772 340
458 311
632 227
718 166
1010 333
500 206
648 166
572 335
973 250
1157 372
528 267
1043 302
598 296
799 284
1120 571
620 260
840 383
921 371
1144 267
563 56
586 271
941 344
924 436
558 139
544 108
1009 268
1017 192
1173 385
526 36
213 320
1131 533
865 278
310 630
736 414
978 427
156 394
968 182
581 67
802 324
842 356
848 356
925 358
603 87
547 92
536 184
829 243
483 241
972 260
936 453
1007 410
1094 152
868 354
917 343
1070 316
810 228
1114 77
858 371
786 309
909 390
467 227
923 336
1135 223
776 272
660 305
425 341
626 298
152 468
1080 60
1047 438
891 345
627 249
941 236
466 262
659 285
771 382
187 334
498 148
658 149
573 24
541 90
807 272
887 274
782 409
951 384
1050 51
1197 328
1025 389
890 149
759 347
544 220
948 231
952 476
694 255
698 252
515 53
912 315
564 112
819 132
646 158
1084 158
211 399
762 342
478 204
1117 231
1100 281
800 275
891 273
1114 274
936 323
940 302
961 257
792 298
967 305
1073 67
831 262
1034 36
1134 464
1123 245
1094 393
869 406
904 300
930 235
913 160
832 461
865 163
682 169
542 187
1105 321
470 132
725 132
935 201
1016 285
739 115
527 330
337 21
991 166
691 152
937 160
964 343
681 195
1104 457
909 188
466 267
971 389
881 341
1121 340
830 355
518 182
1146 235
955 397
214 26
898 421
637 253
906 219
631 345
957 255
671 281
863 449
624 237
937 270
537 210
840 175
224 9
1000 478
1121 348
812 238
945 282
781 229
850 357
1002 284
960 126
1189 446
593 202
696 67
569 161
598 181
775 346
588 40
936 349
910 276
1137 389
903 33
1132 287
540 41
189 195
282 701
774 406
546 44
548 182
1066 425
1109 404
922 259
636 288
875 313
1095 132
662 189
859 357
1004 268
767 382
989 357
882 391
1148 389
508 176
554 70
888 479
604 198
815 233
918 327
601 54
844 204
512 116
568 215
665 60
814 344
1183 381
768 332
1118 375
641 209
835 127
1042 309
902 268
938 270
445 322
1048 328
780 421
674 228
861 197
663 198
427 188
577 277
897 365
1006 365
1030 388
1144 436
908 562
935 241
610 291
834 319
1000 304
357 700
497 175
588 248
595 66
813 279
1101 326
1084 223
513 205
726 255
534 225
660 228
761 415
850 413
588 317
593 48
580 42
577 165
786 184
657 149
667 241
907 350
226 704
1027 132
652 59
664 47
685 47
775 369
1035 73
1146 431
1008 390
525 174
565 240
637 134
1058 323
495 81
154 199
592 175
847 411
831 407
747 348
625 263
992 203
967 93
1036 318
1093 442
872 404
1013 287
900 331
688 260
913 389
531 190
1055 195
823 304
519 257
939 312
1017 421
1127 215
596 46
686 226
495 221
850 295
1135 249
580 217
1145 342
937 279
180 595
987 387
1089 438
996 343
503 95
675 95
778 384
1144 290
867 167
894 215
950 295
963 325
877 369
732 73
823 236
833 325
637 159
525 576
695 195
802 442
587 23
1083 262
931 432
927 254
466 248
1110 248
1145 386
846 189
835 396
525 97
663 211
289 159
988 262
586 299
1038 320
587 226
1143 224
852 287
781 285
1154 475
867 419
1152 402
862 0
526 38
490 183
697 162
956 317
986 379
645 123
615 8
795 244
984 229
139 237
975 198
576 187
518 188
708 135
1123 283
456 260
819 307
924 449
1027 592
579 242
627 250
717 303
817 267
775 320
1002 265
788 9
1169 670
537 240
683 43
982 278
652 152
364 657
900 317
846 292
291 138
959 229
790 261
985 250
853 397
490 329
650 248
105 396
579 150
591 414
1000 83
944 448
897 71
1175 223
639 274
1019 198
1071 136
657 290
592 276
901 333
223 556
1088 138
1071 243
672 92
1047 305
1060 509
1088 412
424 609
873 263
985 399
1074 491
159 487
938 336
837 28
562 75
238 42
871 228
1061 27
635 141
566 62
791 255
645 134
236 498
441 317
889 257
861 264
961 209
1017 332
451 103
215 517
241 449
373 698
1147 134
1117 423
824 129
678 191
914 427
1008 93
1094 140
759 402
508 240
1118 282
1039 45
161 406
752 426
848 68
610 63
827 42
458 246
795 26
91 330
198 553
114 218
1063 231
618 301
1038 67
1078 142
1026 391
979 101
249 315
915 41
944 425
272 194
663 107
836 66
859 45
999 123
218 395
1054 100
199 342
138 554
276 155
200 465
1082 56
848 59
1128 129
239 245
1252 703
1042 121
164 455
981 392
158 253
858 74
855 45
985 51
107 333
779 291
596 190
506 184
194 342
666 173
928 53
824 6
1063 301
209 474
96 437
110 415
131 576
741 103
623 223
986 77
251 486
783 0
226 190
1001 102
1172 395
1064 439
850 138
1116 376
860 295
150 526
504 72
1072 58
577 242
89 295
141 333
550 265
1085 65
1106 126
875 69
213 586
1021 128
436 91
1034 91
741 164
994 88
166 566
903 334
896 19
615 263
969 99
93 296
259 177
880 66
294 125
1049 64
106 453
1066 148
130 524
165 541
168 383
978 2
873 24
1059 137
900 83
711 264
585 196
1068 117
503 172
934 1
938 79
247 361
907 47
172 380
97 315
291 366
240 515
156 576
238 226
836 51
914 51
1121 160
200 236
183 571
1001 66
1159 388
185 400
836 12
244 197
934 55
282 475
1110 142
116 506
930 5
641 260
867 50
1222 683
900 313
141 245
1017 590
615 94
627 251
176 256
214 506
1066 120
180 455
598 218
263 468
1130 295
1044 139
980 90
990 4
953 113
920 343
248 7
1061 75
618 152
1131 235
107 384
167 562
545 260
971 91
116 548
1099 73
977 63
90 326
924 500
954 119
907 12
1138 287
908 385
307 504
1006 50
222 544
823 41
991 320
1147 354
1137 139
744 412
882 352
146 377
448 78
765 291
961 4
270 150
1040 86
961 260
960 292
716 252
189 314
132 277
852 75
106 294
993 374
141 455
490 284
1006 82
1101 310
1120 371
150 464
240 220
832 69
208 306
250 222
217 426
283 412
1000 389
1256 92
638 92
508 154
939 333
816 242
1154 393
535 337
520 162
795 261
1039 256
114 354
708 64
836 267
921 281
977 224
661 153
594 279
684 174
129 467
914 77
625 79
178 149
1149 220
1086 66
875 61
1073 59
124 306
1066 441
934 67
1060 55
871 262
139 523
1003 46
124 298
770 311
961 104
746 79
1025 86
857 60
273 146
691 579
1133 127
194 551
805 348
152 403
149 463
1014 109
982 308
1018 65
524 130
631 184
965 61
282 150
711 237
876 260
256 18
1030 294
578 126
331 12
923 62
1145 351
599 284
776 454
83 7
976 83
959 53
992 399
934 101
556 345
947 397
1076 296
904 258
1154 389
805 485
875 34
995 78
536 380
1026 203
1158 331
1019 136
1164 224
1158 267
906 6
1166 316
262 175
805 36
1044 25
853 218
412 653
1051 303
859 42
877 42
1073 421
166 443
796 2
982 322
1082 350
592 263
1061 76
810 371
691 275
959 11
1147 404
796 21
1065 313
1044 41
487 311
263 175
1134 365
1144 134
213 414
974 43
1093 138
253 558
509 228
891 14
1045 113
1062 383
955 218
979 84
1157 256
129 182
180 447
744 114
96 346
859 76
972 76
192 220
261 220
518 227
177 272
1108 145
889 43
925 430
864 7
969 110
244 118
171 583
140 317
673 268
225 509
631 207
887 180
176 184
111 515
1049 222
227 244
682 92
941 494
229 491
1084 285
483 69
314 709
930 336
1032 115
207 308
618 140
943 300
874 352
150 475
782 228
520 168
891 25
264 202
131 556
480 178
509 94
924 185
924 62
1012 359
113 454
596 128
1139 397
756 369
1213 474
1140 154
1061 292
945 83
670 202
1042 359
1089 118
861 305
579 184
946 78
1000 225
1005 462
640 217
1060 300
957 341
1006 125
906 288
550 172
1153 144
621 257
968 21
928 234
254 154
686 211
524 246
833 235
599 226
940 100
186 183
234 183
657 334
524 98
5 468
1004 381
978 463
590 295
609 362
1174 366
1069 257
700 257
672 48
138 368
475 155
1024 109
519 118
731 168
956 220
1043 63
1118 527
1114 522
823 410
935 17
533 228
597 10
780 338
857 315
1092 228
130 346
774 356
649 58
794 304
254 25
714 166
559 250
1120 318
651 78
965 284
889 24
768 321
524 179
509 272
872 252
605 310
675 281
986 324
889 366
656 238
138 241
606 248
579 166
501 106
1139 283
805 356
955 458
721 179
563 290
173 442
898 69
287 10
566 0
577 256
1140 494
1110 390
502 84
916 247
664 268
165 347
99 495
552 415
610 229
966 548
1135 362
813 348
761 183
707 277
806 38
898 285
191 312
436 304
943 8
1065 38
939 96
888 273
1125 125
1077 132
990 212
320 612
1182 375
517 217
472 248
849 291
1105 65
965 190
972 220
985 264
844 71
645 246
262 208
666 233
1167 285
658 158
1061 41
904 232
891 3
947 106
1033 324
464 225
818 281
976 415
855 325
805 227
506 168
955 277
1074 323
858 13
848 209
917 212
947 246
579 196
563 132
140 582
513 221
841 319
558 350
542 244
931 225
978 107
670 232
477 212
1067 194
825 139
1123 144
582 476
850 169
955 183
918 281
691 237
1112 405
1056 244
655 30
614 226
538 254
871 321
996 453
546 275
828 209
988 437
815 5
940 404
173 481
863 450
564 266
227 3
228 398
418 337
1083 230
1053 283
615 257
816 279
968 505
902 236
988 406
916 350
574 234
652 280
962 385
989 253
912 415
732 168
945 274
643 134
1125 490
970 309
504 221
501 55
1084 632
604 333
763 275
719 199
118 294
881 170
1116 369
778 150
902 460
908 144
118 194
714 145
246 137
688 296
160 593
949 231
925 206
569 219
943 342
994 86
619 135
909 198
1140 313
831 183
190 235
583 97
1059 138
165 476
1152 259
1134 392
497 164
770 150
775 357
610 95
846 67
819 430
106 519
720 71
840 273
1126 281
158 572
302 7
913 20
911 226
626 132
920 339
847 327
1072 482
576 224
944 355
743 261
939 424
895 217
695 57
689 232
907 225
934 397
1150 298
525 126
762 345
672 237
831 229
601 192
569 157
966 421
934 376
1023 258
592 82
709 269
651 257
551 580
1015 466
573 151
860 139
800 319
964 189
1007 392
680 175
1072 446
1064 455
777 366
979 552
546 208
463 93
869 313
991 264
1009 332
694 335
537 126
124 543
651 147
705 304
243 9
580 248
667 190
1168 384
151 567
666 224
968 7
832 435
644 438
916 218
624 195
882 202
596 29
900 142
658 160
973 323
926 290
1079 203
440 108
497 35
944 329
1044 269
899 25
789 401
531 186
975 66
1158 489
890 173
906 426
675 72
490 269
952 457
671 213
942 368
642 57
952 190
676 168
936 271
964 481
835 351
737 175
967 352
679 125
1194 243
655 241
422 195
1189 285
542 237
1041 308
807 487
614 205
704 496
1060 302
634 238
1083 450
1091 133
1013 123
1087 271
927 263
672 173
803 275
549 190
812 292
1121 521
577 189
1133 215
197 551
759 355
957 332
152 442
674 121
252 133
916 267
988 373
1025 95
491 353
581 273
809 369
903 272
592 209
568 166
1139 166
264 478
310 5
849 371
915 398
309 189
1003 347
1163 394
928 295
1014 424
593 189
722 594
539 113
667 149
1039 388
1051 321
790 229
674 126
683 144
789 273
677 251
708 179
815 401
993 78
655 136
226 417
960 10
710 156
1010 276
1080 243
1131 349
636 110
877 188
850 337
574 170
916 230
582 144
531 168
535 136
977 194
1169 416
1155 303
528 79
1115 398
540 193
767 471
778 413
1138 309
800 34
786 379
633 222
807 170
706 241
678 96
1015 56
1115 421
616 262
572 333
607 358
512 124
733 282
515 77
487 93
873 189
1117 386
477 364
151 379
608 231
925 330
1078 135
932 363
1055 239
1105 315
1019 348
986 259
1161 336
1117 344
596 48
1046 343
969 109
833 317
693 217
473 96
478 66
1010 308
701 218
849 283
972 421
981 425
869 311
981 269
533 227
619 254
584 167
1058 349
219 511
755 398
710 178
786 348
687 203
868 369
977 248
864 318
539 71
803 158
1003 65
538 206
985 316
1020 108
1183 253
785 43
234 575
745 198
832 319
1013 212
732 357
1021 254
807 377
735 195
861 187
245 562
1084 463
1069 472
251 404
660 250
873 73
698 236
505 105
103 379
845 251
764 301
1129 296
493 191
803 393
225 178
207 458
610 54
206 237
633 141
1046 94
1014 213
715 223
271 146
808 26
784 158
114 518
93 251
109 298
1140 122
630 193
848 32
220 448
1095 136
928 186
737 189
458 272
967 218
1066 86
869 13
737 140
837 283
1001 199
535 189
286 468
1141 380
1261 293
867 222
896 57
794 323
864 79
976 205
988 7
1170 356
966 24
744 434
933 324
1076 329
167 537
176 179
984 249
610 62
1028 62
965 216
568 307
151 413
328 85
967 480
591 274
92 491
989 229
1118 260
978 350
1175 470
1000 306
481 340
487 58
865 65
835 293
200 150
1024 539
985 104
756 117
870 2
1099 103
882 285
611 285
954 49
798 14
642 128
242 3
746 304
968 426
1014 14
184 366
839 366
482 116
582 114
851 240
736 128
913 26
268 232
603 274
894 278
781 278
1059 358
1017 310
99 314
1024 84
574 109
552 209
843 41
978 41
175 243
622 212
1124 388
172 506
637 319
1035 403
1100 257
718 183
1164 446
974 289
624 399
999 89
763 392
208 296
199 536
1099 106
825 381
664 222
262 3
1034 409
973 299
822 260
1023 326
918 22
216 137
541 168
827 398
1017 295
850 380
145 271
1060 92
933 437
822 2
877 248
888 341
798 357
945 250
844 385
587 192
646 68
1032 258
172 537
591 322
256 93
656 183
124 506
1182 337
1149 230
326 714
718 211
1056 278
528 196
541 267
913 258
1187 294
781 359
523 108
821 335
1125 418
1182 298
287 150
199 535
662 153
813 263
823 293
542 232
1060 295
893 262
571 295
650 134
689 319
828 196
140 554
807 404
875 342
661 140
707 249
1106 124
982 468
982 219
779 319
768 326
787 369
172 558
501 165
164 422
1082 483
612 11
1115 387
501 206
1002 370
668 80
870 355
888 33
1200 198
807 299
534 139
554 94
456 109
628 241
841 128
889 285
971 247
835 281
1039 336
354 19
715 195
639 184
777 319
620 363
893 44
725 129
1166 351
656 193
552 57
825 391
478 249
466 204
604 345
555 358
1168 222
722 216
103 372
550 108
608 74
608 171
829 234
608 276
1048 416
1155 220
932 387
284 287
723 175
685 68
787 139
216 167
1130 320
917 213
682 312
998 433
138 515
994 319
586 202
690 93
1072 199
885 365
994 307
803 390
955 271
899 284
544 356
1124 423
874 359
552 223
676 244
989 406
618 341
608 35
778 314
730 148
557 310
931 175
632 279
591 2
772 393
967 257
719 88
613 353
813 461
608 241
1164 398
633 161
1075 205
568 31
881 293
806 306
187 432
636 206
1161 246
1012 15
820 280
1011 243
870 29
982 70
716 226
1143 428
639 50
804 289
1068 306
834 176
517 341
597 201
498 108
1029 524
711 173
628 179
770 105
1142 373
1009 380
961 379
821 315
1010 415
599 299
1153 367
1098 146
1034 31
511 177
1034 305
675 247
518 293
705 249
840 190
556 102
686 175
917 230
549 7
801 214
1166 423
839 227
732 155
1017 348
923 240
931 53
526 64
599 191
1015 421
702 150
1045 281
694 107
776 235
575 102
574 44
1007 341
901 317
560 184
813 375
807 360
777 339
509 183
923 175
785 499
735 114
467 244
838 178
971 426
833 506
1047 227
217 6
1143 297
1063 279
439 652
461 667
1105 406
918 242
668 140
1106 261
1039 208
842 238
864 247
399 685
633 276
1007 276
1180 261
641 150
576 236
510 279
884 428
717 179
720 223
906 150
832 304
1174 322
700 173
761 110
125 490
207 525
462 79
642 85
353 20
653 159
1012 386
892 319
935 316
804 286
598 219
970 271
846 121
837 216
758 303
890 267
800 369
1026 380
911 491
216 696
609 190
557 136
1122 151
701 153
1064 203
548 200
583 351
934 322
803 264
1095 406
903 408
522 146
1182 339
1075 452
870 424
904 313
973 204
137 473
1101 113
869 244
970 102
821 219
907 182
1097 230
644 175
523 121
767 129
504 176
810 274
1139 233
909 206
795 424
591 206
876 184
656 135
626 151
153 314
541 70
1019 55
278 556
553 193
922 355
894 345
1021 49
1008 377
106 456
1163 241
603 297
1191 414
727 145
991 424
701 210
838 144
812 402
1133 148
900 222
529 289
675 174
774 260
1171 398
628 449
1107 292
1073 307
1123 348
648 288
997 382
573 247
1126 327
1140 370
495 267
924 354
193 144
610 272
938 343
440 114
638 58
586 204
627 444
1180 284
494 535
850 355
1167 273
594 458
822 234
695 303
909 61
1019 339
676 128
1152 344
597 180
1047 362
521 162
866 241
666 134
873 255
788 112
963 281
1053 343
930 377
939 387
877 300
273 143
953 250
954 248
396 15
639 145
472 280
832 425
1022 384
608 118
240 207
526 210
848 249
1140 310
567 26
977 225
1070 341
1082 268
963 302
959 402
223 708
982 194
999 366
657 263
941 266
950 507
441 239
745 119
696 64
772 213
799 142
1025 273
423 333
969 353
664 140
885 279
1190 419
569 302
682 128
1085 260
895 12
1039 379
979 360
728 225
635 94
873 71
841 56
901 83
701 212
747 314
977 329
870 389
857 500
1044 254
246 10
883 186
511 171
953 548
1028 434
890 172
596 149
534 90
725 220
490 105
588 276
972 226
605 238
273 488
593 172
837 323
601 61
601 547
1070 373
608 44
629 106
1043 325
775 312
969 391
579 277
1041 419
871 250
1057 286
616 135
1113 467
419 134
176 565
146 589
779 436
838 462
1008 104
1017 51
604 225
870 53
1132 140
1138 293
598 208
1055 331
822 365
1156 402
854 217
636 387
867 204
783 143
945 333
1030 238
504 61
507 60
751 118
951 80
945 365
802 370
171 410
1025 214
845 292
617 188
851 227
435 104
1049 238
724 220
844 291
596 257
1140 139
519 352
843 243
1041 326
963 185
686 88
1058 297
1083 439
579 169
1060 498
811 111
605 204
716 260
1088 452
1159 273
863 311
859 240
473 108
739 109
878 199
925 265
971 422
911 263
756 318
1134 158
666 267
566 209
808 503
586 232
549 38
597 223
880 227
1169 374
715 376
1074 380
1139 416
859 178
1041 189
591 165
630 123
773 302
941 281
831 337
629 336
1051 339
798 326
108 435
1100 431
1156 431
593 201
593 181
505 4
979 50
978 373
1013 358
649 274
1039 267
990 437
1019 484
484 82
545 176
540 146
984 218
531 212
569 240
741 225
217 531
998 420
496 397
1088 475
667 296
648 282
682 144
899 172
928 199
935 199
503 194
606 253
518 235
630 68
675 125
578 19
825 41
711 46
885 351
929 331
1150 423
752 439
758 393
569 123
660 115
532 157
768 189
974 226
608 233
493 251
700 252
918 252
553 202
634 206
847 206
700 211
930 211
797 361
1006 362
1069 359
765 347
997 271
882 265
704 278
702 288
889 508
1156 426
1138 384
314 6
574 56
658 88
515 83
690 75
468 136
596 231
808 225
518 215
637 208
698 208
471 216
849 199
1196 328
1118 320
1183 323
612 348
1116 351
814 370
987 378
1091 361
788 302
878 299
1123 312
901 260
891 281
1058 464
994 490
1007 406
726 124
519 102
674 96
522 98
509 106
549 57
616 246
620 242
1176 252
630 214
532 222
828 173
375 165
608 179
746 187
748 185
737 154
666 128
508 643
431 653
720 309
1073 310
489 307
1112 306
950 312
923 316
835 263
1079 269
744 284
1072 340
905 337
927 320
599 332
1008 335
863 379
996 414
737 384
830 384
998 430
761 424
792 423
606 442
68 451
606 450
506 71
431 80
522 127
168 119
673 103
1184 233
811 239
733 228
1042 228
1055 241
924 213
875 217
713 216
776 204
432 133
873 139
602 137
534 191
624 170
651 168
38 633
1132 253
1015 248
1102 237
822 228
684 223
572 200
556 290
1062 288
921 289
937 295
726 297
1133 302
1169 304
1095 306
1070 314
745 264
966 256
660 259
1075 259
850 261
793 281
805 328
1006 328
811 334
810 324
930 327
1054 343
1137 343
781 347
990 365
952 364
900 352
1107 402
782 419
743 431
908 437
826 433
1008 444
1016 519
672 112
503 111
648 78
555 144
698 144
673 157
633 169
700 161
470 235
508 236
1148 241
552 211
1134 270
1150 275
656 331
764 331
957 348
1135 372
882 368
824 366
914 367
934 482
260 481
1018 497
925 412
1136 408
957 533
675 64
591 113
263 14
568 33
645 48
515 52
517 57
776 189
743 183
876 164
597 207
1037 228
588 253
583 256
662 262
816 311
671 314
894 353
804 369
251 13
635 102
555 160
644 159
1024 549
699 90
950 245
677 195
1121 436
797 336
982 545
1125 263
1181 467
1011 376
837 260
460 169
840 13
1119 411
523 132
841 393
623 291
267 34
572 435
620 285
1180 427
915 231
822 379
692 158
1072 245
668 76
134 381
963 371
973 414
973 116
900 270
1081 406
981 202
646 229
865 186
1128 249
157 409
852 228
1152 355
935 293
815 414
1152 530
1016 341
678 219
1178 282
1096 253
1042 129
1189 386
1025 285
1075 256
571 172
547 231
1145 451
506 261
1035 305
789 383
937 686
537 264
804 378
578 250
981 396
454 294
815 275
871 56
734 452
833 341
1052 537
862 148
557 205
1157 489
923 344
671 57
991 249
716 147
1095 54
934 360
967 308
1011 206
1058 267
757 143
700 247
582 231
665 120
737 227
467 190
559 168
734 217
150 252
685 256
913 353
601 315
1118 279
560 202
973 425
697 284
1000 279
1081 346
1009 236
598 241
552 157
1148 280
939 290
923 453
1013 553
549 21
533 63
533 89
581 126
933 157
608 156
979 175
543 224
600 275
789 327
903 177
911 212
1012 207
603 237
1076 309
505 210
564 169
1146 222
536 173
593 217
1118 152
642 129
537 294
925 68
656 88
212 488
925 187
573 352
829 256
549 238
843 227
1183 399
1027 350
591 43
811 241
581 291
760 382
1033 373
776 444
997 391
735 206
603 147
1022 324
638 243
969 355
1051 338
1155 410
922 274
958 257
984 109
926 327
508 289
389 702
466 94
648 97
985 303
966 250
330 695
706 178
1034 12
1079 260
424 14
902 306
563 429
1003 344
760 159
853 244
1007 359
960 15
1032 293
780 122
1030 225
836 415
499 589
562 71
827 451
1050 375
909 323
832 428
1089 330
702 65
190 357
666 244
948 3
146 337
569 232
1187 369
623 105
777 150
670 149
687 230
512 245
714 54
824 447
380 15
582 265
970 243
537 149
681 220
253 689
901 303
895 286
991 462
514 140
554 441
921 158
1069 344
743 178
954 358
1117 243
971 256
479 68
882 251
760 308
516 276
804 136
867 298
603 188
937 227
488 212
864 249
970 390
605 313
596 327
1069 412
445 346
925 460
931 310
574 112
864 262
528 66
807 301
1095 301
697 177
876 360
233 536
666 82
656 145
1035 532
908 302
850 236
719 156
900 356
740 87
851 162
977 293
450 290
856 362
596 295
1149 444
653 248
796 359
607 217
577 168
1034 267
1009 351
937 74
1187 368
684 68
1178 379
822 308
577 354
585 148
730 141
1103 375
949 307
908 240
884 246
514 236
666 207
855 188
603 149
625 142
598 59
942 358
1098 427
489 213
226 313
987 259
1184 356
949 270
1167 329
656 112
553 284
838 307
556 162
965 330
478 96
808 345
613 113
869 347
639 218
746 394
103 278
1094 278
1140 410
321 696
1149 225
594 205
647 196
782 271
858 268
699 177
1055 291
586 350
1053 268
519 91
886 243
489 200
594 224
613 310
712 326
896 546
508 76
673 216
913 249
779 267
556 267
498 94
580 290
588 264
1139 305
644 211
578 163
553 12
990 224
489 36
534 174
693 75
1179 429
944 91
606 301
647 187
913 252
515 19
641 225
241 0
618 224
647 332
867 278
548 242
876 250
539 56
750 112
981 519
1050 510
144 419
812 417
670 244
691 176
550 152
631 154
1002 280
589 300
810 410
805 247
539 97
668 51
1138 526
577 358
832 347
989 300
436 281
491 216
595 200
921 207
573 225
741 73
787 378
656 174
617 324
873 251
1003 319
831 230
621 318
899 384
1124 123
1028 329
963 297
1024 280
835 258
756 2
716 205
904 347
651 186
946 333
1030 330
530 288
987 395
795 133
958 210
768 502
950 352
819 365
808 43
1142 249
658 213
1009 386
814 390
878 308
864 430
777 129
630 229
565 296
608 130
638 144
1095 156
805 302
612 284
844 330
1119 269
653 182
848 293
844 203
1027 332
783 218
974 321
510 272
574 177
518 118
1023 336
1151 356
1075 239
1126 355
239 163
820 305
143 469
547 205
1059 368
490 230
1174 384
616 160
423 623
471 185
767 386
1067 506
864 373
594 133
716 227
687 171
1181 401
1173 337
950 322
570 322
506 188
1011 237
633 69
1122 595
1167 332
310 1
707 207
927 299
797 343
985 336
964 385
1056 70
1156 318
37 633
864 238
661 373
934 303
556 52
987 306
664 165
958 263
555 169
488 359
605 354
645 165
1026 358
934 208
633 293
670 178
613 242
463 142
1188 346
967 329
716 82
1057 207
862 72
957 368
607 142
572 9
1173 447
1170 449
619 155
1060 134
534 162
630 101
956 250
678 80
890 80
992 189
1064 305
785 292
593 196
667 257
887 200
935 486
647 57
540 280
1037 297
492 214
1008 188
847 35
623 24
687 262
624 284
1042 186
671 204
953 361
806 198
939 412
513 93
659 225
826 257
754 167
826 338
955 222
719 125
1068 61
808 327
880 299
1047 368
917 312
968 373
796 413
788 108
773 326
1043 354
258 10
595 118
202 245
648 245
959 242
880 77
164 240
718 133
1051 298
1196 361
981 334
797 328
1126 404
873 378
977 90
1040 96
1020 353
1122 289
915 371
665 180
759 383
630 189
939 393
934 266
1173 316
452 212
152 308
614 142
1057 371
871 282
878 351
817 376
977 192
845 383
536 177
899 78
1113 111
609 71
1159 307
749 126
808 226
832 531
797 298
469 352
1185 366
244 563
625 310
1104 332
526 145
1120 302
1010 234
1116 135
1035 205
810 287
549 111
571 42
965 425
985 313
989 373
598 94
571 323
481 131
601 346
658 260
1145 324
1129 371
1143 378
1123 467
610 88
597 298
836 403
865 276
663 164
780 389
737 424
902 543
708 204
925 334
667 229
907 371
388 114
904 382
610 139
1093 336
780 258
1126 384
845 179
815 393
497 269
1140 299
841 258
186 408
646 238
874 256
573 295
1138 312
659 104
1049 54
520 164
682 233
1112 98
652 96
557 169
1077 435
650 100
936 80
705 245
760 363
956 207
956 329
1072 387
785 336
850 342
1086 541
150 247
1184 407
611 103
895 265
845 197
488 0
742 136
807 288
573 32
890 300
1025 295
931 10
627 266
653 176
1163 435
564 42
460 95
967 263
584 131
878 94
526 54
683 217
795 334
539 155
230 365
553 328
1153 157
837 343
929 273
869 87
561 236
810 31
558 231
1100 325
711 174
491 270
1093 290
686 131
992 469
549 291
1121 278
1017 113
963 471
1180 245
819 325
667 114
1012 222
493 188
559 386
895 344
748 139
765 295
246 23
1093 419
1135 390
610 252
1155 411
1158 142
579 76
613 272
989 236
575 300
769 427
918 217
709 183
860 195
1063 142
1012 283
863 389
531 83
857 47
876 163
1015 516
979 3
1136 553
407 118
548 251
559 118
1101 263
582 259
146 533
673 221
220 170
1149 334
525 163
1000 333
704 348
165 524
901 75
646 102
563 153
712 150
511 320
1026 116
731 154
677 600
998 371
603 60
523 67
682 152
1155 345
736 175
884 350
703 184
1069 285
862 235
1180 349
929 340
914 365
597 166
887 269
1040 254
678 155
873 414
512 57
682 126
812 23
922 93
1117 525
570 205
942 402
213 412
963 219
995 384
1045 138
843 258
641 158
1116 441
1010 325
611 218
1129 453
985 266
607 201
640 130
874 289
1095 186
618 102
1098 122
801 283
1136 235
203 538
936 117
1037 193
611 152
895 262
579 140
1052 223
132 346
256 6
1104 424
462 281
1024 309
1042 120
794 370
963 96
832 370
558 227
667 154
547 406
93 431
893 219
1107 294
1011 383
825 281
571 189
645 298
841 229
907 243
525 109
772 314
849 368
930 225
1035 122
153 229
926 35
876 161
1029 253
1026 293
907 347
853 68
1140 436
609 174
766 439
724 119
1014 359
247 561
585 100
916 276
872 356
712 626
996 267
1087 292
799 440
553 251
977 323
936 226
830 67
1044 299
531 197
670 372
489 86
924 408
481 269
882 396
494 218
569 258
1147 258
649 192
636 78
1068 230
1147 262
997 191
1082 70
851 350
668 105
894 309
681 188
825 344
635 209
691 172
502 302
470 212
840 369
958 97
482 291
877 70
833 193
533 402
729 170
542 223
1146 99
533 601
1122 456
725 1
765 407
1094 390
460 563
1022 240
1038 106
761 422
126 171
337 25
588 363
549 67
1157 144
478 146
509 331
1105 133
493 298
651 201
912 168
1042 79
635 182
1145 367
1102 131
868 154
1015 395
787 143
286 156
714 216
781 265
181 617
247 334
574 78
943 272
593 345
665 264
96 507
951 483
1100 277
1126 134
1044 17
522 54
156 557
826 18
670 218
806 270
878 321
837 321
101 397
314 2
836 42
1009 64
1145 116
133 433
113 468
790 351
142 558
1030 357
985 322
180 128
892 86
179 221
1158 371
103 508
176 538
985 99
1011 95
563 280
135 325
858 11
128 329
168 242
1056 123
789 50
538 346
187 574
204 207
888 320
617 61
1145 267
949 315
898 156
979 334
1035 206
573 165
1169 340
921 273
649 210
830 41
889 31
1004 217
989 46
813 44
515 129
791 33
987 165
1107 203
1024 124
144 259
802 361
530 79
1127 164
921 85
525 64
898 292
605 162
470 181
738 220
137 178
556 167
1152 311
837 419
197 243
1146 422
973 81
863 257
698 112
1169 375
875 375
945 65
264 212
915 285
736 141
956 59
981 450
948 306
961 86
578 155
78 283
1054 131
955 67
643 152
1060 251
1006 102
342 12
883 254
1136 277
793 23
930 91
719 230
790 27
1080 142
806 46
858 16
521 208
185 349
950 59
1092 62
988 93
498 71
1064 134
265 135
714 251
773 323
937 371
858 285
113 542
915 374
539 17
915 359
671 181
812 46
802 314
146 587
257 409
978 289
1019 504
1041 275
907 21
1170 237
832 357
884 47
789 0
544 296
204 292
627 103
605 326
1138 160
1089 538
736 127
962 261
861 53
1022 120
1054 193
787 425
893 14
532 656
128 396
992 425
574 58
1054 301
1047 61
791 302
149 615
806 11
535 62
941 259
648 239
1070 549
477 84
1011 123
566 52
342 5
1046 65
1052 51
610 286
156 640
1091 108
1133 147
1049 242
343 613
974 506
883 31
1169 232
868 33
861 339
1144 257
846 39
489 278
852 288
1199 365
499 175
740 117
895 16
993 435
1113 76
770 62
918 417
1172 503
841 184
535 66
919 70
188 334
848 274
520 19
840 56
638 270
952 356
1082 272
659 45
914 383
434 254
840 309
589 190
529 171
584 202
558 49
1086 409
825 273
558 59
986 384
1094 290
1031 329
977 35
176 586
1047 327
155 197
1069 475
527 337
958 236
580 123
1132 288
1086 68
984 272
220 16
821 6
139 293
604 136
167 504
1065 64
797 54
638 241
779 308
931 456
951 29
112 426
1158 145
513 138
1088 49
983 116
992 23
648 208
1089 107
829 465
638 160
480 251
1151 353
919 9
944 2
100 234
979 43
181 93
167 299
653 291
1091 140
268 529
173 543
460 216
937 185
615 21
484 230
1060 144
894 32
687 177
926 57
1062 30
847 704
1057 267
172 367
89 344
929 65
1119 408
923 26
732 163
825 6
292 24
1197 367
816 205
478 327
961 112
134 284
869 356
581 174
535 276
1131 141
259 117
255 142
571 264
1136 113
1103 143
608 238
1027 107
1055 134
219 459
882 51
1100 151
676 261
545 202
1080 216
649 187
1084 405
434 125
894 198
973 305
615 228
253 16
514 159
685 56
731 233
988 220
639 219
263 212
786 329
601 189
933 198
986 213
590 240
732 203
857 321
540 195
496 91
629 257
516 113
794 280
1096 317
585 318
1148 401
930 494
563 47
605 233
948 282
790 367
640 203
1026 211
824 335
889 330
863 234
865 316
1041 377
908 593
926 218
927 198
599 137
1064 137
725 148
1047 186
797 284
1015 278
993 355
623 77
944 39
868 201
528 200
1092 318
526 337
928 394
222 471
991 44
1011 72
637 154
986 244
498 281
892 301
1125 410
729 121
678 213
565 131
1062 374
530 108
477 175
589 342
858 409
762 502
1020 203
533 209
739 144
588 169
269 31
267 525
771 328
1108 269
837 293
1072 434
927 403
848 246
582 208
998 69
544 67
571 627
829 348
483 353
589 248
612 224
840 216
614 297
188 313
561 282
648 222
920 243
976 267
556 85
1070 312
764 152
655 143
947 306
1107 397
996 181
931 76
672 79
805 361
994 372
858 336
867 263
977 316
140 277
1069 470
587 235
940 273
1154 245
884 376
1142 490
893 374
751 364
1083 322
1022 174
1001 436
857 420
1130 415
572 38
625 178
234 676
821 356
600 327
1010 235
142 226
576 230
832 218
1085 446
990 314
1133 141
603 263
456 153
1003 322
1021 108
954 267
1063 483
1175 438
622 123
1102 123
908 298
554 303
1132 291
125 348
529 253
500 262
206 565
940 284
1035 350
1074 119
666 92
1112 235
562 276
584 220
642 154
553 313
698 268
947 77
862 403
1014 188
853 73
946 267
224 144
1046 144
758 176
387 665
1071 521
848 198
1154 218
845 266
1045 107
1073 272
645 128
1110 76
983 160
237 7
997 369
709 220
943 178
934 286
536 110
770 276
485 73
859 196
899 407
936 332
634 272
845 247
560 80
161 561
535 65
1148 298
1173 425
907 344
166 379
1000 226
684 238
948 441
984 89
1043 366
1127 301
940 65
931 67
179 362
96 486
1044 130
742 317
625 148
188 438
994 113
135 482
751 82
932 64
528 241
942 353
1136 367
556 141
434 327
223 218
948 81
633 89
698 282
1099 149
676 273
789 391
576 219
672 137
1091 88
1120 126
126 585
199 226
923 90
192 478
1030 263
1040 95
1056 102
878 48
813 43
672 251
923 27
560 105
818 139
673 190
938 13
915 93
950 392
1099 117
1045 131
883 55
574 74
1185 245
606 5
105 504
875 4
524 114
936 62
307 710
208 542
512 285
572 314
827 199
240 169
614 41
243 434
640 223
1106 144
150 480
546 123
157 98
585 295
897 11
877 3
1155 228
1001 297
732 221
1073 80
1008 5
1020 126
91 374
913 297
1011 331
1001 125
1112 557
1097 57
90 475
863 5
1051 63
878 53
661 215
598 278
948 92
1186 406
912 439
756 167
646 141
730 99
1105 138
642 214
222 486
840 51
969 87
980 87
999 391
214 476
1109 341
795 317
226 303
961 111
897 390
1018 103
942 60
694 80
868 16
856 235
514 281
1189 333
562 104
101 472
799 134
524 232
192 439
827 241
910 320
516 323
150 227
178 242
893 195
384 161
891 36
937 65
193 180
823 54
636 286
971 216
1116 237
625 161
1120 113
513 157
742 286
852 72
1117 236
228 241
155 184
820 459
649 277
917 471
734 248
805 19
556 213
689 228
655 192
546 143
1081 354
1173 378
987 207
534 160
719 159
797 11
568 3
831 394
1151 122
857 75
576 148
911 6
775 118
558 168
451 93
1072 350
1087 322
844 314
454 672
205 356
987 223
1032 28
182 260
694 104
866 297
769 205
202 174
851 195
607 29
112 270
1151 129
796 24
1073 481
546 86
739 391
117 492
496 133
873 188
947 254
997 14
1051 21
775 387
619 137
796 45
901 71
933 527
667 224
139 385
852 168
670 226
871 277
584 358
830 9
541 297
489 103
593 194
489 51
704 283
1078 283
995 39
1016 187
913 307
1139 134
172 214
1090 290
506 53
790 123
1056 458
399 309
1052 218
787 141
751 360
989 393
1032 312
1094 45
1008 428
1111 145
567 259
962 77
618 211
1017 180
568 267
545 131
961 405
997 364
287 172
848 369
131 353
813 117
937 288
1114 87
1063 356
984 194
593 180
974 268
988 454
193 233
1096 144
999 96
984 363
980 236
967 79
1059 79
1006 33
856 252
338 125
611 154
612 160
878 398
969 45
977 259
729 195
314 1
833 24
539 281
761 281
902 382
688 113
1049 197
930 250
605 311
774 122
545 212
769 312
630 217
886 178
885 54
948 439
762 128
785 433
977 86
891 290
898 381
1102 138
582 409
1115 450
840 14
635 187
673 270
1107 372
1120 86
660 64
1015 461
1062 317
586 63
776 10
448 635
521 372
691 108
294 14
484 243
1050 231
963 214
905 215
703 103
507 152
287 0
454 93
831 236
1162 230
636 39
682 245
780 432
737 156
661 75
1148 291
791 18
667 173
550 457
627 312
505 73
998 73
932 410
935 345
593 252
1021 517
953 194
949 321
1168 260
934 423
757 436
233 151
891 7
516 262
494 299
764 310
943 35
1111 390
773 358
1015 408
608 100
1167 353
1148 279
421 5
122 490
716 148
969 378
181 520
431 316
680 385
905 463
1149 153
963 525
1166 335
943 333
995 506
797 269
846 413
1152 338
1022 311
880 83
1041 60
587 54
797 378
688 120
692 248
328 5
864 328
571 182
1049 402
595 125
602 212
631 176
1001 425
509 137
842 246
1133 75
636 242
747 357
643 320
997 254
1196 382
1005 260
462 594
553 69
651 144
484 102
593 109
160 532
1041 228
827 7
966 234
891 414
578 147
817 290
663 262
1063 133
917 250
106 332
895 191
764 6
604 108
968 465
884 299
999 223
605 221
634 244
594 234
965 226
564 254
648 395
1146 481
257 517
590 183
878 61
1112 90
584 336
1020 260
886 299
966 559
599 212
815 257
1074 330
999 393
914 385
993 110
836 431
777 107
276 447
140 200
943 200
634 218
774 349
414 233
848 282
746 80
760 179
889 256
978 389
175 261
893 255
805 288
586 176
949 356
859 71
1052 245
1082 417
747 127
1184 333
536 174
588 158
935 287
543 147
492 357
922 195
604 242
733 115
1158 348
1076 334
757 454
679 203
855 301
645 247
621 167
131 166
492 259
227 280
148 379
833 373
1158 390
734 152
690 228
845 398
844 283
625 209
588 114
520 354
524 227
941 37
672 213
671 207
213 538
571 334
608 251
1062 251
845 290
1033 385
829 360
654 45
678 171
1045 312
532 236
1113 376
860 445
938 424
1016 112
1022 341
174 336
601 145
1114 273
768 299
690 283
893 199
978 240
835 368
586 195
1101 127
829 296
660 239
438 117
760 330
534 123
1109 158
852 479
1121 94
830 393
917 15
800 202
516 217
543 319
620 71
898 263
1067 323
954 478
622 71
204 254
598 209
597 248
537 350
986 356
572 50
917 80
931 82
821 220
1139 501
1139 289
1011 271
677 155
535 55
880 20
892 499
1049 66
956 294
1096 545
1153 261
540 343
1176 333
554 97
723 211
1073 449
459 264
962 273
747 170
409 335
891 231
1037 467
972 224
140 195
437 131
1087 580
592 281
844 365
971 329
496 267
769 376
1163 433
483 121
539 233
568 153
1104 452
1136 330
1091 385
673 142
555 197
1037 377
474 77
854 397
720 156
832 426
108 524
1078 93
872 385
481 268
965 399
657 216
626 195
488 237
596 172
997 549
526 80
944 534
493 120
223 423
771 178
766 174
961 475
192 383
968 407
1014 323
576 198
881 148
857 270
1068 253
860 288
688 226
669 161
1146 239
803 334
539 235
800 353
882 274
474 346
865 289
695 72
655 334
868 415
1032 279
773 282
875 336
972 402
1140 376
613 109
959 210
816 13
834 58
143 174
527 125
520 66
656 72
1045 303
259 130
1008 391
752 194
980 482
862 263
1164 362
979 266
1057 204
604 76
898 345
588 246
126 184
761 162
1191 429
772 292
848 212
1038 350
888 300
201 406
962 435
808 234
996 341
1038 547
898 277
579 110
965 295
1077 147
702 178
521 252
446 297
168 439
1096 305
594 258
993 80
880 327
829 219
787 148
982 166
924 74
894 330
425 246
236 561
462 152
902 168
898 20
181 602
606 290
720 56
677 83
816 368
643 114
1012 74
946 191
1026 478
657 47
1156 271
1000 484
524 196
1025 375
882 160
782 265
797 331
999 311
1171 347
904 372
1020 270
860 388
796 346
231 33
1007 340
727 147
1119 135
464 167
658 327
1070 320
445 328
1123 122
935 281
1120 530
897 19
457 330
744 120
1022 191
564 269
901 328
1171 263
749 431
997 406
1035 258
805 172
495 119
768 169
128 285
1018 265
838 348
1095 141
505 33
1141 450
898 362
226 16
689 62
850 44
347 8
869 12
1123 355
576 415
1104 238
1032 83
668 237
1123 228
965 402
525 271
1145 425
836 63
490 215
607 225
1046 254
755 391
1056 478
546 270
836 374
798 366
834 360
1005 120
476 82
502 242
480 138
1146 281
587 320
932 477
1002 232
999 210
771 433
937 290
538 259
439 149
614 201
308 38
1017 302
1147 298
858 258
1020 195
652 201
699 98
1112 420
1067 445
1006 340
917 472
835 4
911 238
1118 400
1115 288
610 390
360 687
564 161
1157 247
632 56
715 214
1138 276
968 251
926 277
1120 255
655 342
612 344
408 704
1168 375
519 74
999 326
920 276
858 142
979 400
1019 310
695 245
904 82
591 156
727 133
1018 416
1051 266
709 141
295 3
867 171
1026 418
436 237
320 651
202 219
683 175
859 395
509 237
670 273
862 571
955 326
941 202
1053 104
820 244
836 221
563 219
490 161
1047 211
397 652
1057 208
570 268
1015 226
613 43
1026 180
953 190
144 592
544 80
1142 387
880 253
1131 392
918 263
1056 218
652 247
115 251
742 120
555 217
373 699
1074 479
580 208
964 267
495 325
1164 380
940 424
611 137
1000 284
531 237
711 226
981 383
871 326
1009 224
968 216
555 219
618 240
487 241
798 475
494 86
926 228
728 131
975 409
457 83
730 102
823 208
1029 33
1078 121
865 298
986 191
929 242
233 186
120 203
952 50
1106 401
617 55
801 132
424 657
1121 407
787 451
627 327
773 320
835 277
951 317
795 340
527 360
907 366
435 120
609 124
491 72
720 83
577 48
610 159
549 158
720 142
909 162
636 174
836 190
862 179
884 245
1184 225
913 227
607 195
489 206
1109 611
977 321
920 328
969 328
444 338
772 368
950 354
810 353
590 278
843 297
846 405
811 399
837 396
584 19
489 61
591 98
655 89
762 185
584 186
621 186
621 187
944 183
618 168
636 142
531 135
584 135
690 134
770 128
958 255
985 254
549 249
1163 246
882 237
1009 201
696 208
567 216
1084 522
1023 278
945 268
896 303
970 346
880 351
1159 342
513 320
956 321
1125 403
886 407
855 389
1160 384
936 424
989 422
783 442
1177 457
490 122
455 74
523 44
282 2
1010 11
629 140
1137 151
678 231
692 230
547 225
492 243
978 251
533 211
1014 212
836 220
496 197
648 274
1049 279
1169 257
1137 260
862 314
939 313
862 326
974 491
763 391
980 388
914 423
949 417
866 427
1032 209
962 241
643 131
605 148
441 159
769 173
227 1
536 40
1176 286
934 361
1175 378
1047 383
1192 374
1022 320
941 421
1034 441
950 478
1013 493
730 641
513 139
623 142
666 87
884 78
1069 114
265 5
820 381
697 272
444 632
792 236
692 152
774 344
608 105
892 247
638 181
571 208
523 208
745 167
927 242
895 220
1133 233
806 241
669 211
798 272
670 212
995 518
888 276
892 357
504 75
555 391
567 177
740 116
671 194
871 20
700 241
760 390
691 210
1168 250
822 297
475 613
189 385
1182 348
1102 462
531 269
637 140
1163 492
472 308
882 57
904 240
892 433
1096 553
627 150
1141 353
890 280
929 62
1094 472
505 156
850 305
534 83
954 270
682 252
186 166
1171 279
831 424
649 264
474 181
657 138
183 239
893 238
811 17
774 169
1151 249
994 290
919 420
972 282
702 270
881 196
593 199
660 99
981 243
559 54
965 220
819 119
647 93
846 291
1082 305
836 27
811 58
945 351
903 59
935 362
922 520
927 402
614 403
486 265
540 64
1136 137
772 421
1075 86
1021 476
48 593
784 114
516 174
787 278
898 301
711 249
859 161
538 266
776 329
620 68
917 45
533 30
699 96
553 200
482 271
841 274
728 128
939 27
105 247
1011 429
941 533
823 361
530 140
690 101
611 239
954 243
162 542
488 162
900 350
1056 268
982 420
869 447
566 240
419 715
282 692
494 27
1180 301
750 190
627 80
907 336
971 359
959 298
628 215
1150 341
721 110
1171 383
596 468
1007 114
653 238
464 273
1033 252
906 562
954 227
946 415
612 187
609 205
924 100
1163 361
974 425
1022 217
767 179
858 377
546 232
1104 419
624 161
987 564
917 441
1025 354
495 187
192 331
831 35
964 415
862 70
1094 456
644 128
599 124
629 105
1055 328
469 289
664 149
1032 149
1031 239
513 55
1116 307
1128 162
1111 287
519 230
988 254
1003 279
697 112
1040 93
1007 342
642 171
1134 232
930 328
331 4
1033 202
831 343
616 242
433 656
460 117
923 425
841 21
862 60
570 174
864 389
888 283
605 16
1046 321
433 273
604 292
966 217
1058 279
847 277
1021 433
107 262
692 154
774 265
531 346
548 108
803 33
211 161
1082 362
905 458
150 359
233 513
899 355
912 240
537 108
847 144
599 6
511 275
942 453
855 224
886 187
706 206
509 114
575 0
484 194
527 195
722 169
230 224
709 184
1170 299
971 383
721 137
647 85
842 231
459 84
685 311
732 190
1037 371
674 143
939 65
1058 535
869 480
609 204
908 76
1190 273
658 234
1118 215
816 312
984 5
889 524
555 264
1114 517
1036 234
970 118
887 13
227 391
811 337
1157 365
997 390
681 43
1052 127
1104 240
580 276
481 265
834 217
804 242
689 282
1057 308
462 313
1003 489
191 219
783 416
1073 359
1099 146
151 195
673 278
1009 265
637 173
628 178
828 22
726 215
1047 58
829 132
171 180
142 423
603 334
608 204
1027 296
1032 98
954 381
513 225
908 267
626 119
809 366
686 302
946 439
557 135
1097 425
424 318
638 27
649 198
521 267
860 216
795 24
629 134
246 528
611 52
1136 329
580 255
1110 86
882 340
858 404
592 78
713 93
789 265
543 246
677 61
1043 198
93 366
1038 307
1014 290
1119 108
510 243
882 446
991 36
972 259
1186 362
872 345
806 225
703 145
997 110
884 517
1000 330
628 177
932 71
653 139
1070 58
724 182
927 208
1140 214
494 330
904 149
1037 283
1061 280
923 56
113 369
191 453
841 44
817 241
960 111
985 422
216 228
507 243
871 189
644 302
142 217
849 363
572 66
699 162
819 485
990 58
953 64
173 530
106 265
207 567
113 482
1083 116
322 4
856 255
1050 329
603 164
1171 365
182 250
1124 306
1089 121
685 191
795 114
598 283
624 187
874 57
244 277
1119 473
912 82
931 330
659 273
558 262
285 10
909 225
841 486
1010 70
995 82
1019 176
947 337
673 112
980 237
908 272
255 20
930 252
663 155
922 321
573 137
142 299
854 68
601 31
699 260
755 98
966 188
1035 125
1163 427
1001 321
87 257
327 432
907 387
662 178
161 543
143 236
936 31
967 399
694 127
880 91
598 177
880 279
603 103
1132 160
776 289
723 169
1102 383
822 335
1025 79
574 208
318 479
1137 147
935 321
258 488
192 556
953 315
965 475
1007 390
962 95
704 224
805 43
1016 394
974 239
640 289
712 262
1070 49
656 103
696 141
938 267
551 526
1026 33
1147 232
669 114
534 185
388 7
838 380
650 65
610 213
1031 135
1046 113
564 243
876 78
178 393
547 261
853 25
981 292
920 289
1149 166
840 421
255 249
851 367
1082 498
285 0
901 278
679 131
1035 515
853 429
997 337
1081 280
521 357
565 192
980 543
1118 276
1061 134
442 107
594 312
1076 522
570 239
1064 262
584 50
1166 242
1093 397
890 410
1083 456
1170 407
1102 90
916 92
951 256
902 363
1047 319
981 93
1061 93
761 109
1026 309
94 270
672 59
775 359
1110 148
118 378
1122 164
888 256
1056 127
1000 246
604 154
1156 273
1034 131
596 207
915 40
994 528
933 194
554 183
529 3
895 331
851 6
547 223
662 223
1087 351
993 92
698 175
1068 300
929 201
751 390
725 162
749 475
821 392
538 238
616 133
869 215
842 296
888 181
657 292
1091 89
438 143
579 357
494 335
773 314
966 392
702 154
469 112
1057 126
733 129
583 265
510 308
858 32
1027 324
832 176
1132 136
107 245
701 55
1165 357
565 179
927 339
879 258
746 400
930 374
701 255
991 218
301 149
672 76
1082 95
1128 417
944 297
705 307
787 404
1098 419
513 210
638 142
598 161
853 281
1101 288
970 413
634 126
979 213
763 145
656 266
130 563
822 543
266 0
1061 224
579 273
216 48
1036 416
886 273
1038 81
861 42
799 369
915 412
505 634
556 94
666 179
424 144
854 278
800 364
1207 351
1085 228
517 152
1109 136
638 188
980 256
929 17
464 81
799 239
916 294
783 271
524 635
400 15
463 20
987 204
1052 149
283 312
755 143
671 120
598 230
847 371
850 72
692 70
934 270
522 315
897 434
525 118
973 372
403 665
617 264
767 156
1151 227
931 328
888 71
1170 236
470 238
1092 487
123 443
641 449
524 327
883 81
1014 570
1133 418
726 199
1158 430
391 641
637 267
528 32
1060 109
764 341
940 101
557 246
588 147
799 50
854 369
484 77
814 283
977 283
649 223
218 509
427 1
643 200
525 203
1037 274
492 208
1004 275
446 221
639 286
487 129
961 200
1057 523
542 267
498 334
535 332
595 316
1042 85
918 389
896 42
1034 205
184 519
914 207
567 217
482 148
792 400
812 391
854 434
836 292
675 274
560 198
681 250
617 28
759 107
372 685
974 404
757 368
860 206
669 93
1057 340
1003 95
1068 446
550 282
928 106
913 75
830 475
517 37
728 214
1130 353
264 11
823 306
131 291
972 368
1115 367
587 124
916 102
446 106
854 74
1010 239
744 383
1044 310
1181 313
1038 394
1075 127
1170 253
1003 218
751 178
578 187
779 164
993 256
918 359
143 373
1122 322
991 412
1134 520
697 198
829 232
985 107
796 294
1164 229
968 252
535 84
706 259
898 79
962 350
869 261
1042 279
800 409
837 226
1107 290
774 324
530 364
718 184
749 166
907 216
815 249
820 387
1180 416
815 454
1172 454
645 228
932 296
845 373
868 38
908 326
257 711
1139 438
805 251
1068 347
592 302
659 238
881 222
742 188
813 234
849 241
1021 217
740 129
601 247
586 387
903 303
975 108
557 597
748 24
635 305
655 113
559 34
1115 213
553 103
568 324
192 465
99 442
672 278
686 247
477 313
555 224
1027 378
596 173
744 417
525 241
700 154
838 127
875 417
1052 286
767 411
557 199
764 172
972 292
538 12
588 59
936 357
623 191
895 263
850 256
1040 252
675 80
811 150
503 107
573 198
490 2
872 371
1018 337
188 252
471 231
779 448
1122 327
678 236
937 382
771 390
643 273
964 434
1100 316
663 272
606 210
518 124
826 215
700 99
1120 417
485 83
653 252
1180 313
492 182
1050 334
634 85
727 300
1088 300
905 263
822 216
837 412
938 329
890 176
561 165
1031 468
815 116
515 97
767 120
520 263
719 256
1145 151
558 15
654 47
597 210
934 27
577 112
884 337
651 44
664 256
414 291
543 188
947 201
889 290
600 124
696 109
520 249
1075 285
741 421
791 383
1168 369
833 415
1063 415
489 181
1125 369
552 96
1052 371
636 333
9 461
928 173
488 229
958 91
572 75
1032 373
495 358
883 143
508 165
904 161
1156 248
929 372
471 302
615 282
694 88
563 126
618 143
697 175
1064 215
589 198
823 413
630 168
857 350
1102 338
570 109
799 321
773 111
715 176
679 145
784 273
552 200
1006 568
486 246
927 427
836 283
615 120
845 299
1119 431
585 378
554 165
495 231
655 220
676 248
468 171
1149 448
1123 317
937 190
1144 460
920 2
994 29
524 365
1118 149
572 166
949 267
1160 375
1022 187
229 11
1135 234
858 49
947 291
556 75
1034 279
610 148
916 293
824 256
1191 378
889 377
1180 394
484 240
636 322
893 344
481 337
1007 394
1015 431
311 686
876 74
612 139
828 291
1080 282
678 211
926 272
233 220
771 384
1046 218
772 312
1053 481
977 373
869 302
696 198
776 265
649 318
945 211
884 224
835 271
1138 379
758 388
1001 541
867 16
405 142
887 162
525 224
901 268
956 304
835 172
958 303
1070 317
542 99
507 292
620 166
678 290
595 263
560 260
982 364
1177 424
457 131
899 202
1041 330
519 258
397 685
607 568
843 337
1061 317
980 307
947 598
1050 425
974 411
687 272
602 217
932 275
554 41
1067 263
947 169
496 109
844 170
961 290
708 176
579 220
1093 346
758 369
517 258
672 206
1151 275
1021 211
1197 365
1020 113
584 155
909 397
1021 528
885 450
886 275
351 12
778 426
856 191
593 394
821 325
639 273
1173 355
835 355
1005 265
537 52
735 244
870 284
902 326
796 276
590 218
741 339
659 196
618 145
1134 407
927 366
820 16
167 587
681 233
538 241
517 192
177 264
1054 367
89 311
807 195
709 165
981 304
1115 111
591 168
586 282
481 145
1160 350
764 150
107 288
618 410
1079 442
881 183
948 287
870 16
652 214
583 103
907 73
646 111
502 185
1028 67
1154 382
671 287
647 210
774 332
1067 133
817 302
998 280
776 277
899 431
1131 368
915 80
547 105
691 232
990 12
149 279
1119 148
1034 354
836 303
893 412
768 132
893 10
1103 432
1095 439
1154 330
562 50
1007 132
1159 162
760 120
219 524
646 134
750 95
1159 511
989 380
685 202
1071 417
1125 316
1098 335
483 176
333 719
887 312
1005 262
568 172
917 344
1157 517
871 329
372 0
1060 292
779 395
847 19
528 114
245 717
160 502
653 192
542 7
606 186
953 468
1115 401
604 100
212 480
633 178
891 157
871 410
939 420
934 227
783 428
981 313
771 438
1122 256
972 244
1008 61
923 365
873 237
1101 276
636 261
1027 303
611 233
862 2
502 258
797 432
561 144
608 79
835 371
757 179
1089 265
1092 412
924 273
837 410
539 173
636 102
891 180
1137 132
1016 281
981 416
632 149
1168 313
494 271
504 391
1089 129
731 140
1090 309
974 38
812 19
762 483
956 12
521 269
133 584
136 291
904 351
599 350
980 101
597 150
1172 422
886 49
1003 309
1096 261
910 157
566 317
541 317
894 431
601 195
890 521
502 160
903 201
208 148
1078 231
595 166
222 504
930 191
516 54
419 225
255 166
521 310
917 19
894 329
732 320
1009 122
903 17
969 300
1077 393
612 170
1168 306
606 154
851 305
275 14
188 524
954 357
889 384
1018 227
1032 71
1135 96
166 547
583 151
917 277
927 42
87 353
441 167
513 79
828 9
1022 16
640 198
853 6
680 268
809 382
1143 132
541 132
1100 63
132 431
212 547
419 671
954 108
896 78
893 307
846 357
856 168
945 332
155 507
821 320
742 108
958 111
923 12
627 73
1079 122
1058 79
907 49
1032 300
137 319
952 333
675 117
881 29
866 72
635 121
343 650
153 289
148 509
887 357
795 34
653 164
1087 321
910 95
1060 274
863 236
534 298
831 267
883 212
207 170
718 180
665 153
895 0
1203 361
860 365
1158 351
456 339
824 300
170 255
952 503
975 257
572 159
853 3
1004 97
154 398
806 414
1121 126
927 278
797 4
478 257
195 499
638 239
798 267
912 17
665 191
456 384
643 147
804 29
1125 501
114 292
1132 267
1142 582
790 36
167 530
518 337
457 154
710 210
927 100
573 250
989 76
1035 286
756 268
960 97
544 206
111 363
1157 310
1038 115
1001 359
1092 550
975 392
142 294
953 214
850 48
211 551
531 195
524 166
852 223
987 460
586 151
905 237
948 296
900 325
184 537
282 377
950 99
562 53
39 607
977 488
535 154
184 551
840 335
948 365
967 90
1082 234
968 198
153 543
904 268
502 102
900 74
981 35
890 17
922 344
497 324
1107 326
635 127
181 509
617 209
658 200
620 216
1105 167
861 393
981 15
179 446
614 47
1001 122
256 179
1103 348
924 102
712 227
1014 309
598 108
197 561
528 363
584 148
519 242
618 186
514 379
720 190
1113 408
551 62
611 275
925 48
968 267
996 382
1134 222
638 152
550 253
920 230
156 428
719 167
459 191
803 338
301 112
552 270
763 356
995 124
1012 369
843 241
835 449
682 43
796 231
926 295
866 304
858 162
948 86
1030 302
881 317
585 103
1150 143
984 401
172 563
847 24
915 84
933 240
692 187
245 10
1062 134
891 266
1033 243
1187 347
948 284
781 287
930 438
505 69
830 376
589 410
812 265
756 384
460 83
859 310
247 212
686 118
235 225
907 313
817 361
887 364
494 84
719 288
593 67
1068 143
1182 248
830 289
773 306
1106 371
832 17
537 85
889 211
1077 345
514 267
871 291
304 7
848 304
828 340
1011 121
1014 218
600 280
754 78
1061 443
980 22
532 79
1095 372
971 266
638 153
1090 401
1132 398
637 135
975 397
988 259
975 317
967 469
991 533
813 409
174 178
573 154
546 223
610 221
528 221
958 264
687 308
991 381
631 126
1144 303
502 116
842 472
1063 92
205 209
1002 493
883 351
721 193
859 131
832 505
1016 88
613 352
530 35
510 93
635 270
694 311
885 214
773 411
894 53
496 172
928 425
938 28
736 185
1143 376
810 269
664 153
511 43
691 93
833 68
566 133
620 208
974 81
735 135
1035 271
1089 464
864 279
695 170
911 324
1176 349
618 45
775 300
915 209
659 141
549 227
473 685
932 311
418 323
1096 281
625 30
805 278
666 101
