90 45
1024 674
14 299
306 155
34 155
14 673
171 677
724 631
5 519
1160 525
210 372
1095 323
1100 163
568 527
33 28
152 471
99 231
542 171
387 296
377 698
1264 683
68 18
569 536
517 484
317 292
190 533
70 64
19 205
10 87
406 557
624 101
0 442
243 190
575 559
222 719
1 524
582 708
4 500
81 53
1272 584
66 671
26 6
112 398
104 710
22 674
71 698
42 147
8 81
74 74
18 540
21 680
539 325
34 36
1237 695
391 553
521 312
72 697
29 684
274 318
799 347
1020 64
101 711
34 711
1269 697
91 719
69 665
568 396
332 267
357 614
1 560
19 601
2 43
92 50
39 108
6 104
13 105
40 663
40 589
503 274
1197 703
16 193
255 294
1265 589
59 9
29 11
21 543
19 517
3 116
43 28
