981 242
55 659
516 2
283 688
342 581
867 19
1042 327
1050 322
1037 129
961 516
1096 51
1013 49
413 80
837 11
861 669
158 455
1046 119
648 495
471 707
845 654
955 19
632 476
806 490
949 35
515 275
799 592
991 63
236 379
558 445
1172 560
929 618
375 362
1065 80
323 86
850 627
982 2
129 565
900 416
1075 456
607 519
879 22
775 15
382 556
574 371
986 217
801 597
612 141
276 17
1022 23
220 7
597 381
450 34
495 476
1078 318
25 20
288 147
364 454
1154 345
1067 245
1084 241
822 634
965 25
1037 25
882 710
1048 688
1038 34
746 555
869 160
590 410
161 0
437 291
911 685
1046 218
953 624
892 42
631 439
936 39
656 48
963 549
1038 56
799 9
958 58
324 484
330 570
950 540
475 356
1041 72
1038 126
804 646
974 301
402 324
570 493
761 564
1136 371
649 444
1068 61
1083 98
842 53
1086 78
868 580
864 37
1112 473
957 60
1134 489
1042 222
615 478
425 609
573 383
1170 629
453 274
410 423
1140 236
571 365
258 614
799 579
983 5
807 37
986 708
1069 116
1113 455
335 615
871 72
1119 76
1054 77
881 683
236 678
1086 96
427 505
1053 56
443 363
981 74
349 57
1005 16
989 33
198 242
780 30
1172 534
1035 60
1131 197
1081 94
1032 45
968 343
186 222
729 577
770 581
12 125
1094 93
215 13
941 48
1041 47
373 532
1015 59
413 7
532 464
1135 332
1095 52
1093 378
342 87
686 63
979 35
1101 307
954 21
984 77
284 62
539 374
1185 360
350 547
112 109
295 554
1082 122
1060 40
1143 415
924 3
929 72
1062 77
1015 19
847 56
1155 394
1041 40
283 682
373 391
1139 234
1077 61
1048 128
423 50
1021 256
185 277
444 423
300 38
1064 75
1118 115
123 246
862 31
1134 425
750 128
370 300
1054 24
213 272
1012 98
1029 37
1037 62
1012 46
372 352
1017 316
842 38
343 55
378 476
661 468
964 500
1004 68
757 47
622 460
1082 275
893 12
333 531
1120 78
1090 85
815 6
1046 83
1033 42
1098 88
967 4
946 8
1024 54
26 600
576 410
41 656
938 0
813 43
855 43
1240 600
995 12
1271 521
968 30
1028 90
819 21
784 0
780 639
997 16
362 541
573 450
311 129
458 4
1003 354
937 19
1002 82
1062 677
1106 282
1014 132
500 376
985 94
111 253
1076 44
911 4
679 17
698 40
996 19
1114 95
148 717
882 548
903 557
330 61
1086 440
964 463
1032 38
138 168
211 195
959 9
594 442
1005 41
907 69
1254 586
972 22
351 42
589 349
132 242
1006 658
535 394
480 216
374 561
911 7
1197 390
1224 559
476 367
470 321
1121 331
240 643
388 6
960 29
791 512
1091 54
996 33
1193 385
840 5
965 2
926 290
354 58
317 73
614 657
859 640
664 77
999 233
446 80
611 392
928 112
983 58
1105 463
806 451
884 554
780 593
418 57
577 397
1046 53
1064 79
1003 60
977 107
1007 69
1030 32
14 592
968 54
1101 104
820 33
1043 52
385 12
993 22
1075 205
552 419
462 77
983 12
476 345
322 54
1111 299
1057 300
963 693
52 616
160 612
1088 66
1023 22
1103 92
1016 91
962 700
402 55
833 617
1117 101
826 20
1013 25
949 74
1020 19
249 84
1213 356
426 30
1089 109
1109 79
1106 98
951 113
947 61
353 430
416 14
580 439
983 30
407 47
1043 54
1065 119
570 483
648 99
502 37
1132 135
941 77
1099 125
1031 63
976 23
1072 116
959 85
1124 231
221 626
916 28
1080 335
1074 84
1057 68
1130 139
948 110
583 189
981 21
1034 57
368 71
1113 111
318 66
414 61
1011 31
981 16
523 166
241 241
329 24
1063 47
1030 22
986 430
958 72
390 535
976 53
1007 46
792 32
1012 74
1065 137
288 505
954 14
1076 293
1092 69
1021 30
864 619
1024 44
1066 90
1003 7
351 132
904 714
1058 80
1034 97
400 464
48 646
603 392
1056 63
1051 40
1008 11
922 77
1061 104
1192 332
1020 85
1129 139
1140 130
1042 130
1000 75
974 81
431 26
941 20
661 461
411 29
807 39
986 92
808 22
1000 78
950 64
982 22
1080 106
1088 130
1070 23
279 62
784 12
1000 19
879 52
1071 82
1040 99
336 13
871 6
439 55
266 585
923 36
1013 74
1016 31
893 29
22 620
1086 100
1063 106
1081 58
837 22
995 96
826 21
1085 68
1071 43
936 74
990 7
1114 68
362 106
999 31
1108 84
983 37
1012 24
1050 97
1083 237
1028 311
899 0
358 0
1169 485
334 76
1042 40
1155 313
873 69
946 13
471 54
1006 55
974 64
1036 26
1006 94
303 23
922 21
951 3
933 40
1087 43
1092 148
721 639
454 54
1025 78
1274 370
1088 83
647 98
295 170
618 563
1103 65
1007 23
997 63
811 4
1040 129
352 97
816 631
1035 40
1028 115
1086 130
318 87
781 17
559 453
648 64
1036 31
926 37
617 73
420 68
1030 53
439 12
976 12
1064 713
991 111
1100 57
1044 29
68 463
979 10
925 96
61 639
931 304
1031 66
432 2
965 76
976 595
989 109
1047 33
938 11
317 37
1119 66
225 602
1037 94
793 610
378 65
951 44
289 36
585 452
1114 129
1116 127
801 586
859 22
1080 74
947 76
294 436
1052 124
958 67
992 2
651 355
390 552
674 96
921 524
1022 253
1087 109
559 393
1002 31
1101 263
1195 359
1108 231
152 185
632 167
836 670
1002 4
1103 101
333 572
906 450
1009 27
1044 119
812 57
1024 29
786 641
1121 500
415 472
1002 32
918 47
482 85
374 27
213 629
962 91
1124 469
523 477
907 83
236 691
1170 461
1182 415
1158 391
1046 202
574 249
431 23
972 68
943 344
1034 40
1080 63
1011 8
968 229
771 12
938 18
1180 324
1000 102
980 712
678 3
1086 161
829 56
328 24
253 270
1103 143
197 238
668 113
1047 23
914 2
301 565
1096 259
314 585
1194 423
491 412
583 333
892 39
1108 123
771 567
455 403
1083 77
912 56
1021 29
618 399
1075 206
249 56
1047 112
317 351
391 39
252 1
418 17
1104 126
924 8
189 562
712 479
886 25
1058 38
988 19
1068 63
1095 106
1003 51
514 244
931 9
778 8
320 122
1145 368
367 50
1087 138
1059 33
1088 138
1055 690
455 212
350 172
1005 29
372 26
1041 51
196 654
952 23
1017 14
915 58
1043 41
960 216
1148 571
966 81
1087 73
953 4
478 381
1130 506
846 31
1009 35
925 79
926 335
1062 70
488 640
865 56
648 409
1016 19
1097 60
1174 578
638 449
849 22
748 600
315 5
867 64
924 23
1016 20
446 305
903 694
355 15
1030 85
665 54
1108 54
788 29
293 611
146 272
154 381
625 485
351 333
975 306
1002 280
23 636
831 619
309 30
525 688
267 541
1046 46
731 562
1025 59
269 32
288 43
1028 50
1163 318
951 110
901 11
630 100
938 290
976 84
463 447
1189 354
353 5
500 366
901 404
552 230
1141 364
950 52
1171 300
785 5
315 64
80 480
587 401
354 610
37 629
829 30
1070 74
1023 26
1185 326
940 66
317 72
994 60
891 71
344 27
1060 462
879 9
1050 36
267 696
813 3
1019 23
938 22
670 522
1138 121
291 17
1109 125
1032 326
1101 58
903 16
1117 260
279 128
922 62
297 25
849 2
437 44
476 32
512 436
933 559
989 97
413 350
1011 223
943 18
1039 62
1069 30
196 290
1002 114
999 256
392 543
560 468
216 28
1103 139
1021 73
494 477
1022 84
413 31
23 657
802 423
1164 202
929 25
465 38
1131 284
260 318
922 7
1235 8
425 383
1022 93
1170 398
899 44
971 85
1011 74
103 452
1036 94
1127 136
1015 155
989 87
341 26
842 611
1109 96
317 62
1048 85
1114 85
527 505
459 64
450 447
1158 353
72 472
410 404
997 51
1114 101
928 331
1165 475
828 43
1018 16
390 16
869 62
689 11
822 1
890 289
648 425
1098 127
846 17
1002 596
990 613
1008 19
387 68
939 307
951 1
1019 99
1047 229
808 575
1102 81
953 6
422 521
341 349
1000 115
647 485
1147 270
290 40
606 439
368 487
1140 479
538 448
423 68
435 270
330 258
994 46
1036 84
461 43
872 673
680 512
719 535
484 469
981 11
179 272
964 683
952 11
1098 57
297 508
387 35
1020 49
928 45
1176 618
525 215
1060 552
443 53
944 703
706 34
989 204
1144 248
344 308
1173 272
252 245
1019 30
1138 155
590 253
981 236
1157 677
833 616
849 707
1080 202
200 630
580 351
171 653
327 7
948 51
362 464
950 284
607 415
582 419
972 219
1024 42
960 295
1093 211
649 119
1031 222
463 489
996 695
944 604
245 679
458 504
1121 79
1221 373
516 475
1011 78
657 102
573 460
886 667
624 497
626 437
1127 233
800 609
925 33
294 554
950 586
1012 274
564 362
934 696
581 475
798 603
512 502
607 198
923 220
1131 307
1046 61
631 135
1214 400
513 315
590 512
409 259
363 465
396 369
789 575
1160 329
333 33
1166 326
1176 313
516 406
637 511
957 694
351 569
420 361
394 550
655 514
1082 202
962 711
404 414
895 19
542 326
756 565
1147 314
442 291
903 707
1088 437
1061 332
961 44
586 489
1019 205
1076 314
188 231
657 632
464 330
640 146
352 54
957 21
868 13
359 578
1103 59
1022 69
1014 228
708 569
411 471
320 569
675 5
172 197
781 199
588 263
1031 255
1233 594
1109 55
933 103
283 561
1003 264
444 521
972 25
934 7
258 659
1028 24
374 187
392 545
619 521
892 696
821 4
1135 361
1154 221
437 300
249 290
952 224
319 555
1008 292
358 542
561 401
1128 410
862 674
412 512
1025 219
1148 236
433 450
839 601
487 310
920 705
477 465
468 374
937 43
1175 317
1036 313
496 655
746 515
1253 8
478 416
917 584
584 495
502 405
969 3
964 160
1057 197
231 717
1048 252
408 6
1028 32
366 454
994 14
401 511
1163 472
491 413
464 384
1090 433
609 426
600 444
569 452
1134 393
943 465
234 653
366 570
1161 263
546 427
455 219
349 590
578 431
374 701
490 259
552 446
995 40
699 24
689 532
239 254
1168 303
1192 624
288 526
1103 315
22 141
1174 302
917 650
605 164
865 499
754 245
267 693
1075 429
701 39
1122 382
1089 266
397 315
300 551
1111 439
879 6
1025 278
1155 578
1164 447
849 69
948 257
414 343
662 260
359 24
932 695
993 291
558 709
299 638
1012 262
593 462
879 670
901 574
15 622
469 197
962 261
366 396
235 409
990 625
292 277
816 613
599 188
820 606
923 526
941 444
142 234
1156 588
1178 325
1167 274
551 494
708 685
819 573
1062 246
988 351
1017 40
1058 187
1133 341
863 213
953 24
118 574
850 684
812 612
247 666
100 264
654 486
1100 677
816 609
1072 215
1027 538
665 62
744 532
928 0
206 569
400 365
789 554
344 542
1128 401
930 536
960 636
598 336
981 519
577 297
502 375
402 458
907 475
808 152
1164 286
1111 314
1181 504
508 337
280 319
915 454
1192 472
1176 352
846 5
272 627
1080 506
1121 641
425 411
499 330
1192 459
544 354
609 341
1185 359
268 459
945 569
393 543
567 432
1213 415
429 320
464 442
197 335
1218 327
1165 652
213 702
1126 319
580 222
381 508
529 485
878 703
1018 426
347 562
310 622
385 503
667 48
244 294
291 554
616 421
919 674
558 457
1137 195
452 323
539 319
750 559
860 676
867 646
1029 203
1102 456
496 409
1200 407
994 709
921 704
816 162
566 471
1210 476
790 603
684 29
1053 717
1143 505
1038 58
268 638
1018 30
602 241
1180 331
862 677
938 677
583 322
897 596
1192 346
1007 262
1070 414
176 259
981 685
600 486
575 27
581 440
1275 239
1001 710
1032 48
1071 620
544 395
1156 458
325 440
600 443
1143 292
1132 326
913 716
780 11
1124 356
408 279
342 578
335 595
281 353
630 476
1167 322
568 351
1047 297
1047 640
857 690
1091 589
850 524
1193 348
1075 108
487 409
859 467
1169 411
333 607
539 414
426 406
662 496
948 658
1027 44
643 17
400 511
782 590
830 666
1153 159
428 401
266 660
516 472
1058 705
1168 559
895 620
1241 22
384 528
660 477
994 584
927 332
306 614
1009 34
445 292
727 617
1126 459
332 296
328 660
408 203
665 67
1084 55
132 686
375 584
217 271
865 581
1108 504
1017 21
228 676
273 654
969 563
942 667
1102 307
299 4
609 464
491 336
903 446
253 658
770 2
912 429
887 20
1077 639
1083 99
1181 355
479 303
1123 500
1069 37
399 81
1123 507
828 465
641 487
241 683
800 5
588 374
455 395
1191 517
370 63
1126 375
188 340
976 49
667 541
475 507
884 705
1100 135
388 538
637 502
931 502
397 480
920 17
831 74
1025 23
710 568
930 0
1060 17
1036 104
1089 713
953 185
289 46
1118 647
856 664
806 642
1112 480
184 113
372 83
525 389
797 218
506 421
1120 428
1031 40
1022 19
936 3
271 269
1063 189
491 319
977 712
1041 94
1075 620
301 42
986 76
932 677
938 32
1084 104
868 507
613 464
421 7
1100 543
1037 286
939 670
826 149
954 29
987 75
651 488
816 649
1045 35
1103 603
817 611
1084 248
959 101
273 591
901 37
808 33
1078 126
355 45
573 511
1197 474
991 131
922 72
335 587
398 463
981 10
793 583
875 23
884 27
589 473
1016 486
316 31
1021 36
942 12
907 221
951 691
1131 334
165 643
424 427
173 269
477 345
509 474
115 544
926 48
533 475
360 511
833 683
1002 56
1067 105
412 51
787 224
566 446
571 480
285 641
992 60
1030 41
1174 397
913 38
987 62
863 36
749 529
591 448
1072 298
129 649
562 367
1142 377
795 598
1096 126
1181 578
1122 274
370 84
1008 67
709 509
907 47
309 64
828 154
587 438
846 44
1013 55
1098 426
1050 132
1009 41
865 7
1126 405
1064 263
256 412
1104 67
424 332
605 470
1068 523
55 655
583 244
1013 46
965 41
232 26
913 719
1198 347
995 235
297 267
1037 302
37 602
915 48
271 684
993 70
1029 56
382 505
303 425
375 491
938 474
298 288
1134 401
802 587
599 490
585 267
777 503
1104 79
937 684
496 528
730 616
834 33
596 398
452 362
625 332
871 86
603 440
842 14
1059 42
1174 487
189 396
955 69
345 13
288 188
996 204
1061 91
909 1
463 465
1145 589
1001 239
1016 16
311 2
1106 79
623 174
926 255
926 241
978 30
831 15
852 680
988 33
963 18
1118 90
1142 682
1149 496
420 39
872 658
424 57
881 690
1121 85
1073 44
405 50
355 5
963 248
339 15
504 335
1146 293
1167 237
1132 524
1008 18
523 37
686 31
904 2
1093 65
949 38
391 555
854 8
1202 603
3 85
1006 103
659 451
792 588
991 29
576 414
583 476
708 494
1123 222
1029 87
525 307
794 570
999 36
930 4
1004 42
924 558
938 224
223 518
846 12
303 552
942 13
1125 279
563 321
1040 14
238 19
622 477
1101 274
1157 302
343 303
1193 452
993 80
808 6
804 0
1064 33
1135 281
945 4
936 0
383 94
31 652
997 25
603 439
1033 67
869 690
322 27
948 43
894 24
576 334
1139 512
1123 467
553 479
891 81
927 21
1017 55
451 440
344 2
373 84
1080 56
21 635
1115 92
956 69
1146 478
988 52
297 70
574 382
807 6
903 41
1029 75
1062 63
896 578
634 409
952 6
138 518
965 88
1024 35
1096 81
741 9
312 22
861 28
555 375
239 238
1088 120
1130 149
359 541
926 47
304 89
939 10
318 125
966 672
1028 277
1003 107
999 63
167 564
693 498
1129 141
1188 476
970 8
1144 568
1081 95
1131 633
363 6
481 487
1152 253
841 6
320 32
1015 240
1034 130
970 17
276 108
1016 6
445 535
340 319
607 166
267 12
982 41
1147 274
1015 46
1116 73
330 19
1034 85
945 7
931 5
268 28
1115 123
975 8
1003 27
965 36
347 575
990 31
423 457
971 94
441 42
443 54
986 32
724 196
972 19
856 3
891 23
955 21
858 58
812 530
637 486
996 69
408 297
358 13
1013 529
987 87
1165 302
935 56
979 47
996 120
266 50
1072 110
999 4
998 16
1105 81
842 18
899 4
1055 103
1001 1
941 25
78 399
753 9
977 1
1042 86
324 694
1003 124
473 19
611 206
999 24
994 114
1114 106
1056 49
442 80
596 369
1006 131
566 480
465 5
402 44
1021 125
29 621
1062 603
995 270
1011 80
1046 66
1067 58
855 40
924 17
1116 212
750 46
382 123
1004 88
927 58
1067 33
1032 132
977 68
403 50
468 80
267 287
1097 97
627 594
287 85
145 417
981 41
924 47
1065 31
1106 367
677 233
274 51
1082 48
851 15
784 10
871 11
400 694
930 49
276 633
636 93
914 25
1018 107
1052 37
1142 256
784 570
990 85
868 183
820 56
319 55
922 65
641 480
948 15
972 51
990 76
1111 121
857 18
867 0
309 2
1049 30
334 313
1029 13
969 48
957 6
1032 32
1049 42
970 38
406 80
885 3
962 63
1098 114
452 4
897 55
1066 52
1003 40
977 329
997 53
891 49
984 63
1074 52
1015 225
1072 357
491 71
510 422
981 54
393 542
1119 75
1089 97
1044 43
988 54
1009 31
422 264
930 683
774 10
970 298
1011 0
465 372
469 510
427 140
1042 37
1113 710
624 187
345 548
457 74
610 268
1178 280
450 366
1034 668
885 650
608 334
938 600
852 626
1130 88
230 712
450 522
1123 266
833 597
372 468
396 300
992 109
925 444
905 469
1091 686
526 400
1035 113
204 245
1189 310
1028 36
305 330
996 91
1160 429
827 54
365 501
288 384
661 53
656 488
1156 579
374 328
614 82
1173 275
1075 52
613 401
619 173
1123 140
846 544
391 436
1001 264
807 38
1004 352
1244 637
1072 81
968 715
1193 384
840 702
840 612
343 521
539 349
1245 627
820 671
892 84
999 37
787 631
326 341
667 465
399 70
1090 640
779 18
1059 23
664 510
1091 75
905 622
1093 46
914 69
1061 110
411 10
1170 459
778 28
912 38
1176 417
965 10
1048 44
513 363
601 117
555 1
1078 262
1054 226
308 1
1182 425
945 247
1187 510
642 462
1078 479
814 577
1150 338
897 703
963 220
1002 186
1159 317
942 28
717 543
882 525
551 318
773 33
1081 385
1031 26
756 6
1132 437
1045 88
554 462
441 434
615 453
200 716
776 587
1128 294
394 68
166 256
879 597
811 143
1195 437
844 16
964 90
1143 270
1089 258
521 54
553 368
263 272
1102 535
1169 482
988 206
725 545
392 81
772 633
235 711
787 594
1151 271
1177 325
127 673
219 691
616 177
558 349
1003 25
591 512
275 639
575 357
981 205
1021 636
1155 620
654 430
1249 681
1149 326
1159 311
609 395
1047 280
950 640
955 514
1009 219
612 116
1128 390
1181 418
1074 344
994 714
413 566
475 372
524 368
487 498
1120 549
625 411
873 699
842 569
1181 265
169 334
622 338
503 332
1157 453
525 349
586 379
1002 204
257 25
585 437
1014 15
641 328
374 539
469 505
975 5
385 564
1019 81
1154 562
281 699
420 538
1127 153
454 42
1158 208
220 667
1105 89
372 21
1141 440
1028 48
576 333
1187 313
880 38
938 667
873 14
1108 95
1104 63
1059 117
1007 92
992 635
1079 557
600 427
452 280
279 11
493 662
1129 271
1070 68
596 415
148 711
165 658
1119 314
303 587
1141 343
1107 338
433 520
100 515
900 417
1106 75
833 604
533 328
1172 351
937 54
285 448
308 605
1151 714
841 679
948 13
848 33
494 472
244 679
999 252
936 221
1033 173
1071 46
280 636
421 4
574 459
480 482
304 473
1056 269
1130 645
660 110
969 181
448 429
1210 404
767 2
592 111
500 501
796 645
1231 582
605 248
355 473
527 361
933 719
636 470
830 618
368 454
1089 505
815 631
830 177
262 253
1143 431
1080 188
610 399
733 532
407 417
335 564
1016 694
635 423
390 467
624 436
1154 436
265 651
1139 351
862 697
979 71
271 245
905 169
1162 530
1194 530
674 94
1114 364
648 524
1044 713
340 571
959 309
269 574
477 403
636 106
340 578
722 568
945 468
805 635
948 637
1150 216
744 598
357 452
1159 214
342 349
771 569
1002 17
359 535
892 452
441 502
652 32
1129 549
1158 660
1189 461
535 335
612 514
1083 131
613 350
1133 276
1149 243
260 616
677 26
818 594
634 355
126 440
1082 271
575 428
420 241
957 254
822 571
717 548
415 275
279 288
566 477
437 552
1036 535
587 358
119 689
1101 707
35 94
939 583
1051 55
934 30
689 408
392 420
558 488
1153 302
775 600
568 369
1101 281
1147 413
386 445
666 445
9 168
890 488
484 443
646 165
414 534
591 201
373 579
1026 283
834 35
890 670
641 458
574 470
1054 305
289 424
204 213
1173 532
1002 617
251 706
407 282
988 86
364 572
902 707
1131 426
1135 510
973 717
932 16
399 422
588 422
1092 88
516 466
299 21
1172 391
894 54
1193 397
920 35
917 56
894 1
1052 269
617 164
348 387
852 610
1121 369
1124 138
1111 65
1046 614
883 615
907 454
1122 240
978 229
724 693
1022 94
822 607
864 73
924 72
292 380
1212 398
1110 248
840 34
1073 48
761 3
974 56
914 11
1016 49
859 542
1077 67
988 14
989 16
877 671
863 54
831 586
894 139
929 28
785 29
913 670
510 412
956 14
878 5
333 26
1130 124
1071 60
931 26
959 715
1114 123
816 3
1059 54
372 423
595 501
1170 606
243 70
1134 584
842 20
949 69
993 8
992 681
299 42
215 532
307 587
1168 416
1102 101
1054 287
1128 330
1097 260
469 515
985 5
393 549
932 176
1005 46
1121 336
984 20
858 23
468 463
501 21
1028 42
336 0
437 352
1102 409
202 671
247 10
357 321
329 543
1129 427
770 577
1106 71
881 88
400 662
826 49
958 76
1098 60
962 41
1044 344
603 169
605 223
804 574
1091 66
383 25
1054 47
1047 65
248 343
168 251
1064 51
935 51
136 234
641 502
1122 113
1197 452
1040 693
823 648
912 10
884 579
986 49
485 484
638 53
1083 217
1182 391
1024 99
483 309
371 558
1004 233
906 671
388 111
496 398
952 73
318 678
461 459
1006 6
943 16
355 556
761 554
1107 96
296 630
960 270
996 123
411 638
322 326
914 82
298 0
971 63
605 476
675 25
910 30
999 13
1082 51
814 64
587 502
383 289
763 23
1080 294
1095 129
1014 90
1060 127
470 305
897 522
409 258
1226 50
1033 65
991 72
940 463
571 280
958 253
262 596
623 433
1095 251
558 285
678 28
1045 244
617 405
379 550
816 211
1175 286
940 492
1009 55
209 696
502 334
920 333
612 335
609 425
471 469
460 408
276 636
497 13
169 271
536 452
894 30
556 431
585 386
546 413
553 472
338 482
113 231
1120 124
1096 112
915 713
660 480
949 709
420 0
234 663
966 49
981 708
990 49
798 616
857 689
939 709
261 441
1066 597
1025 177
237 301
961 79
482 297
983 424
837 36
1154 497
946 19
601 412
483 346
271 307
949 0
1041 602
1075 648
1170 439
1010 573
948 428
1012 43
257 407
1171 462
438 485
1043 374
597 495
898 710
639 321
1095 543
1111 88
945 526
1121 403
587 436
1015 25
626 421
813 613
1186 416
549 110
1060 102
205 296
969 243
321 604
1175 273
1027 39
874 466
623 557
873 10
1092 525
339 12
864 70
979 109
1030 103
1105 99
276 83
953 228
1033 9
1067 50
852 37
662 523
391 604
595 491
922 2
476 490
558 419
998 71
401 498
736 561
1160 242
839 668
864 40
1006 35
1056 123
243 657
893 471
929 13
608 134
1070 491
1167 350
986 6
428 529
4 612
597 398
284 581
978 12
793 555
1003 637
1149 491
300 596
625 358
671 502
806 656
620 580
850 671
125 350
207 328
371 497
949 32
1108 103
1195 506
1057 82
784 9
577 437
419 14
675 381
1194 267
415 85
1182 404
875 29
298 314
292 565
1128 509
289 529
375 529
1040 676
1139 678
1206 445
506 511
424 464
950 51
1021 296
934 42
1040 501
821 598
1094 102
1040 669
322 661
879 47
684 284
1005 56
873 40
1074 77
390 0
1051 82
423 30
994 10
989 14
948 18
937 6
838 0
978 78
1029 106
1020 57
1043 70
750 153
976 255
778 1
978 59
918 683
961 95
610 460
908 78
366 566
859 37
925 45
544 327
865 29
1019 34
1085 103
955 32
1008 6
1026 44
1114 88
990 16
952 116
1048 57
1028 20
1119 72
385 90
1123 95
1121 105
1067 96
1128 610
633 483
979 29
571 322
972 108
988 88
1150 504
300 37
260 308
1069 86
1017 665
592 7
1109 250
1085 51
782 593
1122 513
973 32
1028 124
225 710
394 663
571 418
899 167
1012 42
990 72
499 429
1051 97
336 42
242 671
350 5
997 50
1166 333
1145 532
939 54
985 51
952 92
858 24
1008 39
1037 53
1078 40
1055 89
1043 112
1017 142
443 28
964 92
877 475
1080 98
978 17
444 6
924 33
1186 452
1004 22
1119 134
369 540
669 54
1052 631
398 257
873 46
1141 329
1113 78
874 17
797 19
1140 455
994 91
612 290
891 17
914 5
1107 66
1119 77
645 470
462 318
588 506
1125 454
955 706
915 11
1072 119
1037 49
1056 43
289 582
1125 100
953 42
1040 408
1037 56
1035 278
845 34
1015 71
882 181
906 6
764 544
1025 32
315 330
1166 392
969 33
1187 449
508 473
347 697
1002 214
1109 192
977 399
415 22
821 9
1000 715
365 487
896 316
1146 591
1014 236
1115 395
624 72
1038 50
1195 470
821 480
596 458
1044 53
1148 421
672 13
36 641
372 283
1080 485
950 49
1110 408
364 277
262 258
1122 476
984 702
255 267
411 521
890 235
1051 662
933 526
954 186
1167 363
935 696
854 26
976 416
937 257
1144 482
848 639
372 518
900 9
974 584
1079 128
969 683
824 193
631 507
923 6
284 607
985 232
359 69
1122 475
319 311
1101 135
281 612
144 258
1164 352
940 703
253 698
976 522
973 243
291 549
1095 297
1159 472
1144 289
524 336
477 521
1154 259
144 583
895 183
414 422
623 234
347 510
1119 255
1188 450
998 34
275 269
1071 117
602 463
490 434
532 714
1051 710
564 392
582 328
1075 317
907 58
1027 61
316 570
608 460
251 587
1164 650
1057 344
441 501
473 336
458 355
1114 90
889 3
302 617
329 578
279 66
318 579
1053 28
988 55
373 435
331 622
509 461
557 480
797 656
597 451
468 209
603 372
1006 26
1160 370
1129 491
1071 52
466 510
405 15
475 441
884 4
751 146
397 27
931 7
929 693
1014 12
787 40
586 369
1066 295
989 57
664 380
366 96
301 83
1081 43
904 716
1009 69
890 39
1069 395
1026 87
876 55
240 685
295 610
992 23
954 20
1038 54
1117 90
1086 121
865 5
369 6
1012 6
384 556
863 12
811 55
387 84
758 39
1075 37
992 19
663 34
1155 334
897 33
1078 54
951 11
936 99
1112 320
988 101
1007 44
620 272
487 420
1045 22
331 99
1095 41
235 94
77 445
573 265
896 57
1150 437
403 279
964 44
1138 510
632 450
471 270
890 462
1088 204
341 374
620 291
846 616
1065 107
1174 284
702 23
1001 270
1145 302
634 173
871 661
295 93
937 487
704 569
17 91
1030 14
1070 46
238 466
1121 82
1009 66
1112 77
1031 46
275 327
1149 282
1089 75
244 715
616 570
622 151
1029 47
683 79
975 36
1041 319
823 44
965 688
1012 29
352 335
984 88
1024 178
375 115
587 377
1160 537
991 19
432 383
1002 598
420 7
1008 103
1165 554
327 397
477 363
475 509
1182 315
617 413
540 267
28 337
956 53
395 540
357 478
885 562
833 32
423 345
1102 391
198 255
655 121
1132 305
620 497
1007 17
304 549
1190 381
407 508
1006 386
51 622
697 57
1053 19
895 45
787 632
614 341
437 388
599 257
1089 10
630 487
1036 316
998 583
655 530
786 234
920 670
460 531
1077 113
1211 597
622 456
1020 187
1191 283
1092 657
1186 308
922 585
893 275
590 439
869 702
169 565
1201 270
978 19
612 525
432 442
1200 401
374 517
613 502
489 526
638 440
804 644
912 686
1082 419
922 712
240 299
956 352
630 68
923 595
894 530
874 676
1088 107
418 312
701 505
445 532
294 619
286 55
429 517
434 66
1044 71
428 519
848 629
874 44
957 238
333 592
383 114
766 564
1001 203
523 351
287 44
905 587
939 674
1008 70
60 38
818 591
792 31
1141 447
390 540
329 30
820 598
412 521
976 634
1159 346
527 434
438 440
1193 506
692 100
715 489
878 196
577 463
506 6
1105 48
593 470
247 617
922 40
588 181
833 637
1019 599
1119 384
860 649
1080 423
178 245
1131 352
617 301
1044 184
886 301
309 411
1018 182
730 583
1182 343
680 63
175 185
822 541
1130 329
1010 699
847 670
789 13
178 209
475 469
1067 204
268 15
254 289
456 471
1198 355
1049 71
1092 310
1154 284
359 35
911 539
847 568
379 318
916 715
453 461
340 333
626 129
1107 418
1190 183
1129 275
1198 578
1096 79
1059 52
313 254
863 702
1002 0
1066 401
252 317
600 337
876 64
440 526
967 668
596 231
148 624
1005 21
1144 332
388 239
383 477
1120 117
171 315
406 339
961 523
423 502
384 511
1122 324
1068 83
574 360
836 15
371 503
839 483
306 79
599 400
568 469
153 247
315 510
1091 317
1039 38
896 663
599 422
645 114
974 620
681 44
1162 300
1153 262
1111 476
332 594
1113 487
1049 84
1066 446
1191 376
735 603
254 675
1055 330
434 40
1012 226
580 461
923 490
995 18
700 541
84 140
154 609
877 233
563 348
1130 89
631 503
943 682
567 463
1012 585
413 504
1080 213
387 458
503 277
1073 128
1171 451
582 431
981 200
298 635
929 495
928 495
461 317
890 677
503 443
963 197
1132 422
522 468
1006 223
156 255
744 600
328 470
545 334
982 163
1069 52
1096 52
1157 346
365 393
769 559
1161 215
325 284
521 347
319 632
1155 344
1010 329
942 226
1173 587
990 636
294 71
307 311
868 12
1084 469
582 350
611 209
947 598
835 250
329 482
1035 236
676 325
961 686
1163 349
931 30
527 348
485 382
634 149
540 477
615 219
217 686
249 652
1021 270
1108 389
1021 645
409 418
1162 418
621 462
1186 462
544 228
419 326
1087 227
524 308
354 331
334 26
604 367
772 582
756 575
323 586
348 364
1029 634
1079 461
1180 506
246 685
893 464
814 612
678 9
1139 355
957 656
441 532
284 312
733 526
839 510
884 692
618 383
1082 108
793 571
355 322
979 453
638 125
1061 372
577 460
337 515
49 361
863 496
753 626
1158 543
1042 273
851 53
1060 290
1187 450
1136 389
376 531
556 446
1004 299
656 55
382 537
1155 257
567 471
1156 617
256 716
557 294
1031 717
983 9
884 650
520 445
1155 487
243 700
804 9
536 507
1144 545
1170 285
589 478
265 483
208 681
608 336
382 508
885 696
623 34
912 650
1037 261
599 232
310 599
924 603
284 579
1007 579
431 525
922 243
258 628
628 371
251 263
1095 705
596 470
1133 470
1204 354
213 646
604 502
497 395
587 668
162 173
1203 397
113 269
531 503
648 117
412 333
464 434
577 327
962 327
215 273
1180 521
625 275
1114 275
507 426
239 292
961 296
1119 192
632 516
282 609
467 420
1182 451
579 429
315 570
1124 234
1144 516
202 279
1098 313
639 521
511 500
581 320
1011 545
628 137
977 281
286 709
706 532
1016 418
280 437
968 691
468 297
1177 518
386 474
450 515
974 12
666 487
1016 185
823 419
344 291
538 282
596 422
607 444
321 365
1154 230
489 348
648 272
1004 693
164 208
534 463
676 134
218 639
1061 190
693 575
564 484
957 681
366 356
995 290
559 506
1203 465
1135 240
590 448
994 211
203 206
821 624
80 34
1144 468
972 336
565 458
607 92
674 79
450 296
1027 37
545 410
486 376
1194 311
897 466
655 497
1169 425
772 554
1055 270
616 186
617 183
428 420
807 595
527 437
1145 304
407 558
629 111
1090 257
402 325
1115 337
1091 362
566 439
842 602
969 375
170 684
433 313
1047 267
787 570
1172 420
1042 606
1150 283
209 702
443 352
1090 708
812 529
820 668
416 335
515 452
652 489
1094 351
419 333
630 124
396 545
1104 585
63 23
679 492
803 601
633 433
398 453
1134 483
762 549
1132 393
1117 299
319 520
152 229
1012 245
620 86
922 319
410 250
1165 354
1128 379
677 491
1096 485
1051 657
552 399
449 507
1009 239
1232 557
780 573
720 569
992 719
862 65
292 260
512 285
1251 177
865 442
513 445
1188 415
1121 472
947 454
591 282
1080 476
856 649
607 428
313 569
411 304
51 23
103 675
531 242
624 506
431 500
368 538
424 335
595 342
916 692
564 359
804 580
854 687
950 22
366 211
1133 456
904 200
837 624
602 292
1163 513
981 431
802 556
458 529
416 520
658 520
868 467
1178 379
936 697
545 454
1149 605
949 230
1077 288
1111 514
839 366
881 713
1016 619
553 417
821 558
1128 676
332 584
1128 677
237 537
806 194
847 620
966 620
547 367
544 280
746 615
831 582
671 481
585 134
1166 610
1012 258
611 410
288 401
919 691
227 667
833 667
904 573
1105 262
661 23
224 710
607 452
258 306
603 217
964 524
215 551
672 65
1171 474
960 273
1076 668
231 596
1198 595
890 265
847 608
642 474
549 84
353 366
1141 527
621 155
1188 352
1186 630
797 203
1142 534
853 201
460 498
1072 455
1160 303
1160 687
465 270
1138 348
769 584
625 203
1179 487
608 468
1231 468
637 116
433 337
485 480
621 496
637 128
295 329
516 403
901 699
981 413
918 700
670 527
89 10
615 439
1090 569
520 343
903 504
529 529
15 96
792 608
1188 456
1129 208
403 313
563 223
1186 509
1032 128
1140 435
1157 618
907 508
435 465
609 384
1108 309
282 610
501 274
1136 271
8 117
920 248
263 673
595 348
198 624
1049 666
1058 520
470 437
1256 613
660 427
300 91
915 544
1155 359
414 411
1187 367
910 711
203 674
627 405
948 262
810 603
1054 219
161 257
379 573
966 510
546 383
271 537
320 512
710 26
1033 645
1009 232
407 421
600 388
966 4
611 31
568 356
1020 702
489 517
1134 211
297 602
320 609
435 404
241 281
701 38
1005 684
1108 541
952 479
1183 466
931 349
268 302
135 597
900 227
435 378
1214 382
212 219
646 45
289 455
1085 401
1022 523
533 511
631 497
582 444
791 606
136 260
146 719
509 422
662 450
1062 718
1113 293
982 251
430 298
957 576
659 500
978 493
1170 237
214 718
1061 658
484 201
192 674
994 653
829 688
422 299
1151 461
