446 28
1125 433
551 110
1105 23
1036 405
1178 398
1098 435
1122 109
698 92
776 615
556 299
445 191
477 161
415 230
323 126
1198 251
409 146
226 60
996 2
275 416
834 446
569 119
1098 683
908 669
378 664
235 230
1026 346
1058 671
480 266
466 350
1002 346
1159 433
539 3
1160 247
254 380
234 455
1087 507
1155 558
1160 336
1020 544
55 635
947 135
447 675
413 298
594 226
494 234
1150 141
1157 438
993 511
1142 401
1057 275
952 496
31 501
861 286
1157 383
1042 179
1069 443
741 100
1221 376
726 372
949 265
400 241
1181 511
868 401
906 532
838 560
842 150
1030 488
1200 303
153 169
258 144
403 390
795 663
929 118
1104 21
1210 429
1051 95
1009 510
337 345
666 661
20 553
1026 406
1017 470
1110 453
1008 339
594 222
1149 370
442 303
492 326
367 103
345 375
660 172
1110 54
714 696
1066 334
732 413
1111 426
1102 396
683 86
1148 461
432 322
336 173
641 49
1013 607
1104 407
906 666
115 285
500 253
188 511
1014 474
603 55
267 276
45 600
257 213
1189 252
1182 679
331 694
282 66
727 51
495 350
748 31
343 325
495 349
773 703
419 77
705 605
490 40
470 177
1078 338
1091 700
358 145
337 206
1079 427
350 260
240 707
250 684
1008 561
170 401
48 568
463 317
346 113
477 217
1042 338
589 207
147 313
702 647
201 193
1015 410
1058 395
1133 447
295 135
336 84
343 319
760 34
913 430
1137 500
12 549
639 81
907 432
482 638
1091 508
391 115
531 185
572 134
1066 429
584 65
784 176
1057 5
371 12
990 340
315 638
966 444
1012 467
633 235
974 414
611 221
1173 188
1180 329
941 279
987 81
1187 457
994 53
818 423
722 24
306 649
390 165
415 165
654 201
1016 455
922 701
739 144
649 100
305 281
1098 577
65 611
287 710
1156 239
1074 82
1045 474
266 219
515 317
1096 471
188 388
1104 295
1047 698
363 358
744 7
1177 374
411 391
436 100
1180 422
1072 337
346 15
264 718
367 667
409 659
1017 494
1038 343
1103 303
1090 412
1131 559
18 539
1112 349
1136 294
821 470
1119 468
1095 384
1129 384
976 428
454 179
1048 489
1137 524
949 481
1166 381
241 139
940 474
786 637
1057 545
635 460
550 282
603 67
977 701
1027 714
1134 194
479 85
1066 472
1092 315
815 406
472 594
1058 298
1215 343
631 37
140 218
1055 119
485 105
639 178
1170 342
1095 354
924 6
1145 466
700 168
1109 456
1108 405
1125 437
995 474
632 559
124 289
986 428
939 287
402 35
1058 386
1194 360
1091 507
13 516
281 213
269 686
960 459
485 638
430 101
1167 359
22 586
1088 234
662 528
474 52
975 97
556 66
1053 109
300 309
1000 388
1034 29
1143 438
629 34
699 58
1100 230
250 94
469 94
109 383
708 184
1022 461
550 171
474 691
1071 392
535 180
111 233
1107 451
1144 431
870 127
1196 301
1028 682
850 107
1165 302
1114 310
143 309
1098 401
958 465
1118 282
1195 256
1084 513
11 538
971 117
380 180
1074 345
343 495
1127 81
851 421
708 680
285 673
1151 455
1107 438
1054 424
474 612
1078 508
363 249
1137 370
1002 289
1145 334
676 134
1067 506
362 271
757 203
467 675
1132 530
1142 503
846 467
164 34
229 219
949 451
464 324
944 286
204 70
988 348
837 702
527 11
816 623
453 599
34 593
1086 299
1105 457
253 429
1166 288
439 153
1139 323
990 462
1016 462
541 142
554 115
343 120
1116 385
769 585
903 341
235 177
285 43
301 717
743 22
33 577
1034 345
299 372
1043 144
348 126
1070 407
1007 485
962 66
495 80
982 306
491 104
395 705
1187 447
244 15
1060 319
1143 414
382 270
1023 308
331 208
45 581
470 169
980 443
878 415
216 705
999 342
723 200
1166 508
436 316
554 279
946 640
1026 477
261 180
978 67
289 176
1147 552
1158 208
335 318
487 38
836 672
459 285
500 628
442 307
499 59
155 284
1062 540
211 342
507 329
908 614
1088 18
985 414
1042 378
969 364
620 689
1031 440
505 353
1183 443
424 381
1055 396
1164 403
720 106
508 315
1002 493
1137 475
1059 481
1128 195
392 380
1213 413
1139 421
1083 338
1086 524
641 137
1130 392
529 196
1103 85
451 59
333 526
1111 502
1196 334
511 352
446 103
667 123
1210 420
183 313
467 103
223 361
1026 439
990 409
953 703
1200 316
120 413
1050 62
1028 366
516 7
1160 500
481 364
55 611
214 486
481 22
974 426
1082 141
21 610
1015 16
632 80
670 45
997 689
760 568
1025 469
548 128
425 217
1135 230
643 29
451 627
1180 346
344 363
1034 477
1118 499
656 226
505 603
402 193
944 423
659 25
853 456
1056 358
509 329
747 410
975 494
857 3
968 306
1047 481
477 233
635 29
177 38
1006 382
319 716
1171 468
315 335
1110 111
96 364
410 151
416 127
1183 388
411 89
477 65
1056 227
1148 302
917 510
245 170
1091 223
1048 383
982 719
876 409
772 429
505 608
989 14
260 687
1215 282
515 201
770 287
402 194
1131 414
1142 359
1140 367
184 228
123 430
1126 512
401 669
417 360
1162 392
1091 513
303 350
1059 368
1017 0
948 503
242 629
968 56
1130 359
161 168
1059 428
1107 487
296 407
526 330
358 179
509 70
1000 477
918 452
1048 161
883 464
153 472
925 674
1060 516
1162 568
211 187
1033 364
953 482
1160 277
944 399
1111 399
184 413
1127 467
596 301
1152 484
1098 526
537 83
328 181
372 8
1014 242
1067 431
436 320
1038 715
411 715
240 394
1162 375
1065 418
976 44
930 624
280 144
225 708
14 526
442 445
35 609
1144 385
1069 100
317 702
573 133
510 239
1146 197
160 404
1038 427
930 474
1108 481
1048 237
535 101
802 674
359 680
104 411
1036 343
1172 283
162 233
95 323
1067 76
983 457
1200 257
1179 160
886 427
989 399
1005 445
1019 462
422 222
1070 377
41 606
1180 421
780 421
1075 381
457 586
1116 65
1180 267
445 152
854 610
1053 507
1136 264
17 540
283 677
549 47
1156 465
1026 445
882 649
1192 204
832 1
401 603
1027 473
578 55
86 426
973 468
1133 224
445 192
466 615
1012 304
539 176
37 548
1034 467
485 290
986 440
42 590
177 392
988 643
226 101
753 443
1120 355
782 440
1187 325
1087 16
735 704
45 622
1098 77
1000 391
987 401
1135 407
219 4
1188 402
228 77
972 465
566 87
1086 548
1068 512
1061 428
213 133
1007 502
1022 51
1149 558
153 220
1046 420
929 131
316 305
1026 450
459 193
1142 390
436 47
977 458
777 422
248 91
124 613
1101 493
1131 321
962 113
1077 271
503 351
1107 445
538 218
947 107
1036 497
180 602
1154 211
1214 329
1173 421
15 536
262 319
1042 460
950 149
1169 334
492 536
890 413
1022 450
1154 538
988 107
1011 415
1165 379
1118 277
1136 510
1179 364
1209 336
50 219
1149 334
936 511
1003 328
265 706
1134 92
354 35
268 215
1144 88
394 217
1078 496
1116 46
1056 511
700 60
1118 422
912 394
369 201
40 619
1080 338
1006 495
987 34
1051 378
322 38
1094 403
984 457
1017 262
455 572
963 54
39 615
961 429
1091 200
374 635
232 104
982 52
399 655
1139 471
267 713
1043 513
1132 371
1062 400
1013 3
1077 215
855 381
1141 137
920 581
257 265
964 513
333 708
1206 258
1034 169
1142 317
1069 491
947 669
1162 460
1156 471
951 323
985 108
1218 274
1151 339
1010 348
22 578
1099 389
224 504
728 399
883 418
1158 363
1135 395
443 123
1064 267
1090 212
562 79
1193 348
1122 276
916 61
926 647
1094 31
1114 517
341 363
1092 95
1111 427
370 674
999 515
1076 501
166 345
1000 245
1130 304
1221 366
1103 533
1081 367
945 410
1088 525
159 255
762 427
471 233
894 401
1150 397
1146 487
244 245
1063 382
18 550
991 503
1202 345
907 65
1050 433
972 470
926 516
1060 704
413 633
976 194
918 399
1111 487
992 201
1018 414
1134 185
169 199
452 700
915 467
1119 333
1139 439
1037 455
1108 90
165 666
1198 342
1151 490
886 87
1029 129
1067 394
1200 408
1186 320
1176 447
162 44
1108 193
544 36
1079 447
1133 492
880 267
1083 465
1068 404
347 155
1089 443
513 264
3 519
1008 342
47 584
941 105
895 282
922 371
924 495
32 504
1018 483
1027 468
972 418
1043 412
451 367
1045 676
1097 407
1151 209
991 109
1027 26
1160 446
1075 15
859 428
1042 527
963 412
284 713
1026 420
616 198
1061 365
444 0
540 27
339 678
1170 348
1005 473
946 464
467 341
1171 124
819 677
1162 355
156 448
61 593
1141 440
1113 147
367 377
944 652
1142 47
1050 130
991 85
1155 369
1101 242
1172 481
1088 430
866 423
1050 520
333 42
22 227
182 299
724 147
1022 456
1088 15
1074 382
545 209
667 177
1146 137
1043 504
992 331
1151 531
1047 439
371 372
15 582
1074 12
1088 460
760 89
608 712
1143 498
318 250
49 565
390 393
571 584
654 117
993 118
739 451
555 165
520 688
1113 493
1187 417
27 549
1102 432
1098 505
1102 517
987 411
1063 354
525 245
1146 454
1099 320
1039 426
1027 375
914 391
1175 355
895 418
716 418
349 622
1119 323
139 219
1050 250
428 278
1094 544
19 516
1150 203
1178 390
971 459
1073 506
1206 306
721 400
1072 569
721 420
466 631
20 582
1147 430
1040 502
1138 68
956 418
1115 447
1170 209
1186 341
809 24
26 569
1015 81
1082 196
971 60
1166 385
882 601
1210 326
1052 398
222 626
720 35
549 260
192 687
993 148
975 313
446 285
385 291
513 156
209 700
1219 408
347 706
1154 531
548 64
1160 410
807 679
1166 365
612 89
268 408
1118 429
847 385
233 374
1150 373
504 251
397 171
442 85
612 38
426 65
852 468
1093 453
951 503
478 216
923 59
512 316
141 260
832 659
1169 495
483 255
612 237
410 17
1013 707
176 286
407 429
439 429
231 212
999 44
1010 146
270 273
382 58
1033 422
293 624
328 69
385 241
853 684
441 275
553 23
966 35
923 684
421 341
376 425
698 163
414 358
1148 544
752 391
997 522
464 12
1145 550
564 35
159 286
1003 671
125 170
818 453
264 269
196 292
1058 117
286 279
1193 426
530 136
1161 523
146 355
308 134
445 275
289 411
1117 572
602 352
664 64
379 76
977 400
665 167
1024 618
1095 527
146 214
202 479
157 500
1190 405
629 61
908 655
1071 480
580 86
1084 461
1088 203
408 71
1113 471
248 395
349 386
1186 368
146 646
227 371
355 268
260 320
564 58
1166 418
1056 398
874 630
575 181
575 148
1146 433
859 472
492 195
171 278
1099 511
1075 119
995 672
387 101
1179 393
1013 442
634 76
1006 235
1160 503
263 434
398 132
381 111
818 670
377 231
1131 293
370 352
1129 480
195 419
464 336
942 437
1095 460
713 138
946 644
150 400
1062 212
591 44
580 216
927 122
961 414
522 92
1124 317
452 333
443 145
977 485
387 19
698 347
1007 79
1147 417
1152 457
943 87
106 459
995 374
1041 539
611 170
455 304
323 670
842 628
1048 73
264 700
990 419
413 371
691 94
884 20
1175 246
144 397
206 325
900 669
987 398
329 219
523 379
216 320
972 413
332 356
214 67
471 53
129 670
461 343
56 623
193 282
366 160
698 37
1078 372
1032 31
818 682
357 385
496 66
831 682
860 27
820 669
837 216
650 70
57 585
373 363
1131 270
904 615
1081 677
352 110
926 604
592 155
1035 327
872 611
521 194
392 61
1133 394
1125 212
796 51
1103 441
1058 391
725 673
660 180
618 21
391 342
521 136
1133 349
316 316
1147 508
871 679
389 212
823 448
414 76
1119 397
461 326
1156 325
1035 476
891 709
218 30
1170 327
469 320
494 333
1040 527
455 160
1121 480
494 60
409 386
549 230
361 364
434 337
393 137
1035 34
995 270
1136 277
434 146
440 97
231 164
229 6
431 21
1151 118
304 241
320 47
1006 503
815 717
421 261
403 42
601 157
1043 483
747 85
502 352
1066 460
518 159
738 76
418 220
831 182
202 131
855 663
169 77
154 318
1169 379
495 108
1064 76
1052 362
1051 439
405 679
18 538
347 317
470 374
1087 697
696 136
231 373
93 362
699 650
126 274
911 111
1146 214
368 64
295 262
954 595
406 207
889 407
566 80
560 304
874 389
609 62
699 53
395 157
746 19
485 341
735 681
885 690
1111 344
344 352
1056 457
590 144
691 128
550 219
933 310
159 93
1122 179
1083 477
1174 474
438 323
1132 201
1091 335
1123 452
604 242
566 15
519 45
634 48
992 421
421 22
1096 449
1104 443
470 258
1169 370
952 86
234 699
49 585
1113 543
868 713
394 378
1142 385
128 242
695 22
1104 374
690 37
810 614
1073 215
465 80
258 92
94 353
713 163
137 279
296 289
1159 507
849 622
495 140
657 68
639 118
586 149
1108 497
483 301
823 686
943 100
328 302
1021 59
1097 429
1001 517
1048 479
1126 443
1043 505
373 172
563 30
1099 371
720 47
1069 500
140 172
679 167
1140 401
507 510
426 380
468 76
911 691
1157 453
309 313
1164 320
635 46
0 500
565 244
267 220
154 332
414 336
469 269
1008 495
353 160
320 313
1066 7
570 214
971 676
529 257
707 105
408 196
1087 484
645 157
1050 457
1073 446
691 155
487 321
829 644
364 719
808 31
625 211
771 25
1157 424
265 417
701 518
219 347
979 714
507 294
712 146
466 326
240 232
1006 697
645 75
537 2
934 392
1006 601
968 676
986 501
414 165
292 343
1118 229
924 712
225 267
719 539
276 368
571 53
942 673
344 322
567 220
591 142
1146 700
491 335
242 231
1150 431
579 296
382 168
529 121
131 311
485 109
1112 343
723 69
1183 427
1113 531
497 357
561 323
400 152
415 12
614 120
413 22
389 382
812 17
123 196
760 57
494 135
790 20
469 155
480 343
1082 441
612 10
882 704
406 383
651 76
214 176
265 170
801 573
356 57
1079 306
512 310
1177 377
673 231
639 114
455 44
1120 473
450 197
685 603
114 367
537 132
897 413
518 263
385 155
728 38
357 318
1064 307
600 24
640 101
454 284
1124 540
532 258
299 27
536 340
715 645
207 426
305 190
455 300
291 180
356 152
766 438
526 335
282 179
714 49
596 98
203 307
973 519
156 345
113 338
520 312
870 686
1117 475
1146 441
705 261
32 569
1151 429
1063 456
1054 491
314 686
393 314
353 668
269 378
628 116
704 116
1088 554
486 130
959 574
411 253
950 123
847 680
1102 383
383 30
375 190
459 52
1175 310
1209 343
1025 659
1160 240
1142 199
512 267
456 391
807 576
564 98
298 261
458 341
398 31
630 224
604 280
457 112
573 28
384 45
367 378
340 359
196 400
620 72
1018 463
517 56
1152 391
912 644
610 602
1170 378
344 210
576 176
290 28
1045 453
244 217
1136 409
574 73
297 698
557 117
800 20
1078 421
286 197
132 93
421 97
701 90
654 207
267 358
724 152
260 199
1184 306
160 297
1135 436
619 89
893 596
37 507
1128 456
585 300
139 176
491 289
491 308
909 501
904 97
688 93
466 123
941 122
375 120
1043 702
186 421
1083 495
612 74
666 600
670 81
929 629
965 168
963 505
365 133
1031 133
298 1
1189 434
443 283
654 41
998 23
416 312
657 95
1042 219
1168 502
484 4
694 479
621 146
953 437
167 156
488 32
594 362
1047 362
289 439
443 688
1131 240
1008 33
766 141
1106 350
585 198
532 0
1133 486
401 687
390 386
482 109
1001 263
1083 134
960 38
308 305
416 658
398 348
1166 429
585 299
508 75
955 99
322 86
467 182
528 303
379 113
1147 437
526 77
1154 320
779 49
99 322
660 174
766 632
210 388
490 42
411 81
111 407
1092 534
740 69
1092 40
238 67
812 718
1098 299
316 88
949 676
407 631
916 665
659 78
1016 514
1053 417
122 400
392 440
931 673
378 377
24 573
963 680
459 194
573 79
167 151
1157 407
394 315
1108 448
219 55
217 366
204 351
944 74
1145 411
1138 149
136 394
761 15
932 679
338 285
621 96
1194 308
1158 497
240 229
166 416
854 633
562 234
438 172
239 684
1155 474
602 243
976 56
1157 487
747 687
1045 515
1182 400
23 566
8 547
986 319
1046 674
428 216
869 468
1158 433
1007 460
1050 357
993 124
954 426
282 676
1107 471
234 74
1061 60
847 395
442 257
1090 61
1020 406
1135 467
1093 467
873 508
1057 469
9 523
149 204
1122 540
1078 416
395 671
164 332
151 169
1062 225
1069 384
287 375
924 414
570 91
954 451
646 104
320 202
1142 223
220 405
501 279
657 207
414 324
1066 490
1074 499
1036 305
917 145
309 708
1104 66
486 39
1124 318
841 244
1107 345
1153 242
1179 397
560 143
987 402
1081 136
1024 466
481 1
1120 390
917 473
1045 479
1045 233
856 619
547 81
1005 382
1141 451
198 695
1093 548
579 295
399 226
913 437
1065 352
627 253
900 597
1172 294
979 342
1022 231
702 341
1128 556
1143 80
962 445
1156 227
662 103
669 59
1080 436
1153 477
1156 193
1160 390
902 403
968 60
864 131
581 164
1040 425
16 576
1185 317
1181 220
1072 137
575 22
1058 481
854 91
957 429
1112 144
1130 474
550 276
902 623
169 641
46 573
1210 261
644 58
1137 70
322 448
1181 233
702 94
969 481
984 644
979 1
301 469
299 475
14 559
920 351
1098 380
87 287
750 86
154 378
359 347
541 235
1147 382
972 478
873 374
922 641
502 279
362 250
624 214
637 49
292 180
672 716
712 118
402 358
106 319
1181 210
701 654
333 175
584 232
1153 92
1033 411
1174 362
1197 407
949 400
1036 48
1086 82
576 22
426 385
161 165
841 689
242 387
636 215
529 291
1143 263
255 192
800 674
454 308
1148 346
582 100
777 172
310 697
1008 319
1216 431
885 702
614 269
971 390
145 70
6 558
315 708
263 153
505 622
412 48
476 316
199 260
725 166
1153 343
1094 712
879 632
406 267
709 150
1110 477
591 220
127 413
406 639
642 639
415 587
352 281
1112 340
269 108
1084 196
782 354
1170 425
1012 288
542 196
914 452
851 698
1026 327
811 86
976 271
947 687
1099 411
1150 398
1031 454
751 567
1016 441
1148 428
972 328
1194 394
1122 360
252 422
512 596
52 615
748 563
1087 473
1065 279
1095 494
1142 360
428 672
21 569
550 701
1068 451
369 212
1113 419
1072 429
501 242
939 471
1055 504
18 526
213 656
402 120
1136 416
457 84
390 354
1141 530
2 574
7 588
641 214
664 213
463 121
1200 413
1029 401
978 424
1036 386
1072 304
511 77
451 616
1155 519
393 107
1083 478
994 311
1063 157
775 0
1135 353
378 678
924 429
991 501
451 111
1111 504
1054 422
1074 366
1064 477
1048 384
378 320
1160 205
532 685
1167 500
958 403
893 387
1083 336
961 370
327 674
158 95
172 165
828 280
1151 246
1105 531
932 438
987 490
551 92
44 595
546 314
824 553
1203 374
1121 517
1031 291
559 106
1173 466
1097 413
1069 231
545 132
1187 162
362 183
30 507
1183 309
954 28
251 389
901 446
1153 104
651 122
556 672
914 594
1061 395
1151 328
1017 259
1019 418
1074 154
547 4
202 719
979 283
1083 481
948 48
1164 433
1021 88
1140 293
33 580
1120 436
466 363
505 264
1071 525
938 471
1040 80
998 257
980 446
1071 283
1098 490
1143 521
935 431
495 337
1008 392
1099 374
361 63
8 511
1059 419
1062 67
1097 502
684 390
1150 472
991 296
1062 384
1106 411
1072 407
993 451
1000 425
1066 461
1131 301
439 568
23 575
931 463
1157 448
1007 23
993 667
979 418
1222 377
443 618
1082 392
607 226
364 665
359 369
985 20
17 500
1084 537
114 445
814 651
341 224
950 342
1165 297
1076 378
487 358
542 123
345 109
360 131
548 144
495 276
1092 497
671 197
741 42
13 565
268 295
346 632
701 46
1158 449
537 104
495 321
1048 500
932 638
952 437
540 308
350 125
205 225
1004 506
658 4
212 176
973 457
313 311
782 31
860 388
1115 522
782 662
438 246
998 87
1169 382
327 186
980 351
361 383
784 192
357 159
1186 378
1173 330
210 98
1132 103
696 218
261 355
563 319
371 179
286 221
750 22
757 439
1173 472
1149 329
1028 712
245 409
206 377
1180 438
362 86
392 222
336 139
407 206
336 60
533 176
563 235
452 368
174 61
916 678
120 247
440 285
984 703
534 116
349 373
384 142
190 444
137 331
459 136
286 34
189 326
580 47
123 197
1158 494
565 84
175 386
444 303
608 98
778 573
933 648
487 356
631 114
944 111
1145 366
307 117
911 607
811 36
898 666
456 48
111 306
299 193
139 277
170 417
490 155
898 528
117 282
767 27
417 78
985 684
1110 377
500 117
1005 664
234 384
550 154
841 608
498 130
477 368
253 478
165 444
399 66
154 141
611 16
401 430
588 235
412 333
314 53
618 200
675 65
586 55
483 80
578 211
1132 426
809 605
367 398
658 359
264 167
305 288
538 101
504 186
684 44
1109 517
459 373
711 38
569 137
636 18
680 545
564 99
465 287
160 718
193 400
683 40
592 274
1082 700
799 653
999 4
426 209
1029 406
707 138
520 278
618 87
607 95
704 177
991 667
826 2
505 355
535 314
1040 489
541 104
527 253
455 312
962 666
1066 450
370 348
779 63
263 166
329 184
814 61
955 654
283 214
519 280
374 52
517 277
531 166
622 166
439 579
286 180
484 341
929 611
494 337
875 601
203 37
229 388
195 387
655 109
407 252
604 222
267 417
320 82
308 704
398 378
467 108
373 218
806 393
94 340
439 25
181 125
129 282
798 648
730 102
117 472
1104 225
556 127
631 104
769 575
477 302
553 120
502 88
503 277
298 272
218 320
824 38
211 473
441 366
999 261
517 47
587 233
740 689
609 52
808 688
725 72
1037 624
1132 123
638 126
761 136
222 362
1109 419
161 158
793 435
434 69
597 96
555 66
342 88
541 210
414 100
603 186
442 271
1116 389
489 36
750 707
841 638
800 719
676 696
433 335
1132 119
410 250
400 99
953 623
908 678
557 144
222 355
789 687
582 270
575 127
1067 678
314 348
191 140
524 53
578 543
331 75
328 226
343 171
545 67
419 407
846 612
1185 236
996 693
655 101
703 14
524 57
385 374
526 386
776 582
967 603
328 340
507 335
370 332
372 122
460 322
1041 691
729 196
1148 689
523 8
505 178
303 343
671 35
954 716
252 259
956 674
746 27
205 332
854 696
327 352
242 321
660 59
734 24
419 103
218 406
469 133
1033 717
403 87
682 94
502 30
341 11
401 149
296 194
924 619
480 65
460 186
518 19
371 14
1033 694
399 187
701 168
636 70
651 248
494 269
498 375
427 72
421 192
534 362
410 150
873 681
604 248
1139 366
668 153
393 285
382 367
1274 658
537 140
131 493
528 63
527 302
418 325
364 175
400 33
540 65
524 111
868 704
187 460
356 393
498 307
279 295
472 186
395 279
1135 558
849 697
155 404
1014 699
467 115
927 698
454 236
601 243
608 112
373 398
726 676
475 94
258 357
166 323
300 281
294 17
436 445
550 23
339 250
552 255
1050 609
428 69
771 16
733 70
987 658
418 231
366 384
130 115
910 710
601 13
978 714
393 390
512 349
468 197
370 240
117 380
304 261
295 323
377 362
411 145
859 644
642 274
982 687
138 171
297 144
861 625
500 299
997 708
164 413
285 413
585 169
974 647
823 670
755 700
505 31
727 54
418 210
141 305
720 668
409 109
327 263
342 75
87 322
349 343
320 87
352 351
417 61
308 27
522 266
375 162
592 162
637 208
330 67
435 305
405 340
677 68
465 300
554 23
447 63
738 146
453 17
1066 453
108 282
432 58
315 231
156 462
396 114
451 114
269 429
339 211
235 14
359 409
887 600
287 155
589 230
735 46
813 642
689 713
477 330
699 82
455 308
982 647
535 111
541 128
409 108
763 557
331 209
540 384
676 103
326 319
758 543
439 26
930 704
582 209
881 685
709 60
397 45
777 626
422 201
516 70
855 696
271 169
502 343
170 190
478 329
483 356
995 676
755 664
387 203
1076 115
684 52
791 693
941 665
170 450
313 352
478 299
484 213
579 248
758 66
218 105
441 65
667 9
399 76
529 339
348 353
629 613
775 613
219 80
641 230
550 278
227 397
447 266
292 289
146 139
386 138
711 95
1036 684
322 160
302 471
869 667
287 18
206 190
414 133
261 251
601 208
497 368
593 590
378 263
520 207
221 6
1043 636
415 291
519 297
129 292
355 293
472 99
355 321
88 239
225 396
911 661
495 136
966 594
729 1
386 430
277 514
1023 230
957 665
318 130
795 629
353 234
358 40
614 64
566 5
882 671
602 179
348 48
389 106
885 716
182 344
630 182
631 17
353 100
446 231
267 333
519 6
590 104
493 83
199 577
939 8
610 207
290 404
736 123
453 214
916 589
603 232
783 704
773 23
597 311
481 60
114 394
486 347
442 150
239 488
580 517
586 84
690 194
137 473
699 34
385 62
285 363
146 178
614 159
275 26
460 26
468 303
269 229
399 221
641 191
131 404
489 353
515 6
565 107
293 238
513 312
700 609
437 178
688 484
468 311
661 20
393 115
940 712
198 448
501 100
185 304
335 348
373 267
239 414
956 642
453 125
819 204
635 69
503 317
1046 682
497 215
832 677
343 197
719 41
586 139
268 181
1188 546
371 124
740 57
123 213
241 227
540 239
1048 239
942 710
398 279
502 323
398 419
428 173
350 205
149 248
680 3
1005 706
973 598
685 562
453 218
589 286
113 311
198 379
398 223
214 331
738 29
786 33
671 201
359 320
472 34
313 161
1094 700
746 31
141 327
334 67
148 685
605 141
255 91
921 600
946 718
1067 646
336 221
593 253
465 145
463 268
827 641
342 107
471 113
305 206
294 218
411 389
766 717
1066 717
498 193
631 96
373 111
234 275
351 189
481 53
375 129
417 165
864 622
209 186
723 148
926 702
671 44
492 241
537 58
750 57
749 3
169 295
472 138
576 4
804 612
368 289
310 69
676 69
704 69
317 94
248 449
384 139
295 122
1072 374
622 42
272 334
558 285
752 642
428 104
425 151
478 151
881 692
864 709
429 140
982 716
522 133
634 165
644 70
561 77
371 296
528 95
725 157
317 203
148 131
384 249
141 233
185 273
358 181
681 173
452 102
361 402
550 69
204 310
272 148
172 333
338 109
172 76
878 18
551 7
355 348
506 261
109 230
440 390
904 696
384 406
952 654
474 145
217 173
495 272
199 301
145 296
792 555
777 17
510 72
268 42
641 215
746 703
497 202
531 202
968 705
353 154
584 101
633 242
797 676
494 314
831 545
115 237
569 143
416 351
625 199
415 76
963 719
574 205
515 156
398 172
744 62
160 103
1069 715
352 238
513 234
985 705
170 375
825 41
922 626
1039 703
517 216
505 4
230 531
244 282
348 294
448 65
434 10
472 173
390 403
421 409
226 331
419 301
667 127
460 115
334 191
242 237
88 367
436 136
829 641
1248 678
391 18
347 325
422 84
884 685
940 685
309 88
409 7
106 409
402 91
541 91
241 3
743 3
923 639
907 645
568 134
755 713
396 71
407 256
333 200
551 45
244 95
508 95
749 36
485 318
406 184
1128 715
430 115
121 304
947 579
450 281
519 88
612 250
540 77
529 149
99 431
235 101
698 229
335 155
988 671
560 80
440 330
326 377
995 710
699 7
337 131
443 245
289 514
374 98
485 302
517 209
560 265
431 277
353 298
678 46
597 17
937 713
267 124
472 83
757 183
1048 247
370 355
185 385
193 4
594 162
777 640
314 300
673 134
347 226
394 386
713 107
549 84
508 330
372 71
710 140
791 684
203 105
208 464
404 202
487 202
1032 715
496 334
914 566
720 149
931 597
131 180
113 383
549 142
746 109
338 188
597 108
193 23
478 301
420 381
527 227
164 197
588 17
209 299
576 136
933 636
1021 636
694 649
405 441
106 416
659 103
512 223
216 550
266 321
754 512
212 181
247 195
626 102
834 10
956 692
599 117
551 200
516 184
456 264
465 144
189 362
960 696
611 77
624 17
393 69
136 176
671 40
517 59
128 240
129 191
267 158
217 35
277 156
932 417
497 122
115 399
266 537
429 83
229 115
524 329
585 78
303 68
297 199
830 665
125 414
363 126
148 351
566 76
718 654
106 408
111 406
170 486
220 44
805 667
152 143
475 108
542 110
370 51
1051 714
262 81
608 82
595 30
506 191
1124 268
483 66
554 167
122 252
865 704
367 256
463 178
642 209
361 65
841 674
440 404
466 38
415 249
646 239
312 106
390 191
741 39
810 636
571 311
528 143
183 136
189 188
740 680
215 361
136 405
375 245
400 153
707 584
513 320
159 244
352 242
203 36
810 692
930 618
186 146
435 192
168 84
387 70
726 43
459 284
486 276
509 276
221 319
531 326
157 409
711 50
603 54
391 368
102 370
310 267
1044 452
161 454
495 68
215 107
348 104
338 118
549 27
368 179
551 197
375 375
609 273
364 95
390 360
334 432
1145 670
930 649
625 241
428 52
105 422
446 386
354 2
322 188
615 211
351 383
249 18
534 66
220 379
509 111
406 123
349 286
407 185
175 421
337 51
697 106
539 21
1003 664
156 410
454 378
295 37
561 297
500 171
740 158
311 55
757 186
464 316
785 22
775 8
339 261
798 212
595 224
269 368
357 351
1011 655
834 591
481 176
931 709
297 89
599 89
453 230
317 428
513 126
211 107
928 642
570 303
689 662
348 23
249 471
809 694
462 86
448 53
386 110
690 112
523 168
243 266
889 645
188 408
1013 666
182 15
629 238
529 137
403 138
742 677
167 362
286 305
201 527
149 408
633 108
1185 387
340 48
504 309
319 51
1188 569
188 214
789 657
126 271
489 157
235 97
494 54
330 146
376 393
134 337
340 352
757 175
245 155
160 61
530 61
945 697
893 682
522 100
842 623
390 285
434 81
237 154
583 304
498 47
985 696
417 262
471 102
974 690
281 283
508 237
623 237
459 40
307 16
233 248
678 74
805 599
754 615
191 409
1091 689
463 98
691 64
323 192
258 304
632 95
192 249
876 583
116 278
582 280
283 233
146 442
654 3
499 244
808 701
757 641
117 313
487 129
397 246
709 120
740 75
240 136
499 148
965 711
524 208
908 710
319 124
492 40
505 256
198 112
157 396
452 92
433 65
271 77
130 394
382 115
655 14
584 156
386 129
881 197
613 233
644 642
147 445
523 358
444 293
170 713
1130 646
553 329
196 367
186 319
468 258
1135 398
96 431
299 157
727 33
155 104
650 122
539 78
643 84
234 273
216 278
1158 484
421 154
243 225
697 43
834 661
917 580
421 143
785 718
838 676
789 688
136 202
340 358
417 209
450 46
164 340
543 347
246 283
919 715
1007 685
406 25
226 136
867 631
285 191
556 164
967 117
1037 704
564 69
436 171
719 583
202 398
194 387
187 130
411 324
469 293
356 73
286 302
137 205
371 41
518 298
948 690
804 633
699 695
335 279
487 75
679 75
717 75
191 286
187 11
421 253
209 55
1038 682
309 365
521 32
324 145
446 119
699 35
439 189
304 269
578 87
461 146
295 140
235 135
931 661
214 284
484 215
924 687
365 344
562 183
679 626
267 209
267 152
309 329
492 178
226 61
272 192
559 33
408 119
261 261
420 251
729 710
213 503
343 310
572 320
116 408
385 220
566 279
341 193
377 163
529 142
221 1
670 74
985 714
507 364
190 150
555 150
938 644
669 147
383 141
336 193
620 82
419 382
83 355
311 243
510 215
826 646
729 571
345 172
335 45
525 31
257 43
717 50
172 297
505 76
854 697
478 272
420 210
382 123
403 123
247 226
255 252
529 252
397 146
250 58
573 279
242 139
256 211
327 142
917 649
771 697
472 272
231 172
661 164
410 59
338 122
731 157
375 53
387 407
357 8
551 124
968 609
499 341
417 176
1134 437
600 201
514 7
528 78
971 674
1125 571
109 406
343 127
310 312
416 386
358 186
1013 702
435 94
161 145
923 688
342 224
482 314
334 106
499 223
171 311
460 116
340 114
1015 701
600 145
887 682
490 15
1236 403
466 101
227 250
272 409
281 453
456 205
378 376
423 339
447 410
937 621
329 371
953 669
362 241
479 317
309 61
281 294
404 353
917 160
935 644
367 260
558 83
617 99
458 149
324 213
1189 378
267 335
425 171
219 25
381 360
474 340
322 3
996 152
486 237
971 656
319 241
250 159
227 112
222 39
481 297
720 78
553 192
916 671
688 188
1155 147
791 652
885 664
674 53
509 162
260 118
487 354
112 269
292 210
647 636
457 101
119 233
712 157
489 669
136 215
320 121
655 67
205 421
325 352
364 76
930 576
486 241
403 98
459 320
215 294
1161 449
603 194
822 430
167 225
736 178
618 80
1187 357
284 2
350 191
457 124
375 228
691 116
174 378
197 39
547 153
596 246
584 18
168 315
113 432
1164 485
990 639
958 395
207 250
136 365
1065 99
575 130
1121 493
463 175
421 95
651 183
260 700
590 253
428 107
917 610
426 335
952 668
937 412
497 78
1127 376
344 282
275 192
250 259
663 517
827 668
275 115
471 308
417 41
524 83
690 22
411 124
275 138
609 209
175 359
1062 363
254 298
350 372
571 160
1041 517
792 37
473 116
445 109
458 384
414 222
854 582
517 358
490 321
429 281
528 304
104 372
583 78
276 325
908 20
298 337
594 229
534 268
618 158
114 343
827 656
902 711
105 361
130 210
590 316
747 111
528 94
1046 408
355 677
802 691
404 28
823 621
778 8
274 195
1161 674
761 609
439 315
542 119
635 2
689 4
1154 418
628 46
420 666
1137 397
884 490
170 226
1047 390
134 261
556 300
365 43
275 97
352 256
442 135
397 275
422 335
409 268
406 444
320 176
278 383
571 90
558 407
307 196
943 456
605 54
132 280
854 666
630 254
612 173
206 66
172 431
668 643
995 655
386 13
642 19
267 189
395 28
722 38
771 635
955 432
1185 309
370 78
727 19
650 139
407 150
415 277
539 131
425 56
357 336
201 121
777 677
694 47
575 274
874 570
509 285
916 597
578 199
687 85
165 397
1138 286
668 217
608 41
271 300
370 180
709 177
509 299
960 434
828 677
474 345
403 370
216 177
550 20
286 267
510 365
872 626
855 704
772 114
345 225
631 710
1053 547
585 113
1007 474
493 48
378 125
916 707
214 262
322 174
456 133
564 129
879 648
163 171
219 297
528 212
1196 320
378 234
910 703
995 94
925 687
609 221
800 48
302 10
631 10
546 201
448 189
368 93
523 317
987 670
1096 116
397 398
344 362
158 158
528 12
500 52
733 140
368 69
244 186
532 247
124 342
724 190
402 260
809 17
1044 714
1004 449
677 75
669 140
123 229
730 140
705 104
490 194
591 200
446 12
524 121
183 149
508 371
871 673
438 154
208 8
299 175
907 680
263 338
982 675
985 63
326 265
809 691
506 61
160 392
1146 705
412 32
344 102
667 72
1116 463
822 44
1084 494
436 49
556 90
371 36
634 41
509 267
671 527
629 116
1056 674
328 126
566 336
175 293
633 107
483 344
1036 422
1012 718
1083 503
543 63
137 294
279 310
451 267
1133 99
565 301
1043 2
1079 100
1037 396
29 586
451 271
28 568
206 171
1079 253
120 451
165 492
488 80
1088 523
327 109
454 351
353 245
315 718
363 670
941 679
689 680
400 211
427 427
185 14
758 2
216 413
1155 383
664 132
256 412
485 97
370 350
963 708
124 415
1087 497
683 82
1002 400
49 586
422 120
599 53
567 168
729 148
318 102
711 536
429 5
583 238
879 709
538 180
563 42
963 646
340 96
131 702
1114 433
485 133
391 191
697 110
775 716
143 101
1057 162
525 116
568 109
787 680
302 339
1113 100
199 380
861 606
963 671
731 95
119 435
249 219
149 213
765 654
759 587
278 415
887 622
507 51
910 681
314 351
653 215
576 237
672 151
468 348
583 90
443 309
679 176
139 137
643 366
923 654
590 271
557 135
170 146
379 70
596 177
655 168
458 165
1021 31
964 432
208 119
106 433
315 290
597 305
393 166
351 481
708 79
284 470
419 68
630 31
276 277
1161 355
553 78
626 234
524 246
265 110
370 181
285 658
219 399
884 659
1049 689
716 649
490 366
40 613
552 269
1177 315
716 85
236 255
224 231
475 362
861 587
338 687
569 101
651 199
458 327
1088 231
651 53
932 620
1171 301
467 378
764 627
1014 461
634 204
1163 138
830 456
1133 389
328 301
684 68
1003 712
430 417
433 136
51 591
975 510
385 251
1101 127
339 521
560 328
1137 389
1031 528
1050 448
433 255
496 243
525 50
743 355
961 455
424 52
615 49
1071 706
269 146
272 141
155 168
379 91
392 280
1087 481
1009 351
476 334
712 18
794 37
320 147
155 303
432 78
292 207
499 104
1054 140
161 191
766 60
513 10
450 329
646 25
224 224
398 242
1121 441
1134 290
716 103
598 224
294 392
197 412
432 365
338 83
753 671
136 350
974 646
566 304
1097 150
628 119
992 638
882 407
635 26
537 367
393 65
239 259
360 241
328 111
1198 297
645 604
143 715
566 12
317 42
491 115
465 109
470 370
790 15
1126 522
567 281
1080 449
304 115
1145 505
989 477
771 153
565 97
1013 475
339 313
1098 269
149 155
942 486
827 439
322 88
989 34
430 414
654 90
1096 310
1189 330
455 336
1169 707
799 417
1088 357
1105 319
588 40
491 65
142 273
1050 328
1100 457
664 26
326 174
257 68
416 311
988 486
565 492
398 77
920 701
983 683
724 38
1014 498
1136 326
589 596
1091 483
561 169
1030 44
554 121
1063 463
475 330
429 189
675 189
1067 450
981 245
450 136
11 521
1068 387
529 110
1036 662
457 300
1146 427
1120 599
493 93
1171 648
999 692
151 364
585 204
737 181
1166 321
1011 482
1182 314
4 506
113 429
114 319
551 332
1170 225
599 252
447 45
866 56
156 91
329 353
338 9
387 437
275 649
84 309
615 65
1146 313
726 65
841 703
449 111
293 180
411 242
887 631
303 173
158 214
151 426
780 678
927 494
347 175
475 141
413 60
493 223
193 421
288 474
1099 143
700 149
980 487
944 714
740 379
399 257
25 574
1004 135
1011 417
426 195
1022 48
971 640
592 254
812 451
751 616
603 216
1168 203
844 620
590 223
1156 362
728 197
356 687
1049 692
370 69
422 69
268 706
716 71
666 101
1088 26
775 422
418 189
481 213
428 439
565 51
1170 451
1049 392
381 275
136 304
487 72
340 50
392 115
523 3
610 120
1133 445
415 141
119 271
369 360
459 339
393 673
523 170
520 338
745 125
457 48
1061 418
347 195
241 50
717 430
471 47
868 638
266 110
893 571
926 406
141 309
336 309
504 93
955 106
331 19
1054 174
809 616
853 616
370 243
485 98
220 418
167 179
495 315
696 107
745 648
333 331
1109 427
1145 421
168 399
236 122
230 62
514 295
678 184
1020 76
806 688
1006 120
380 314
583 115
713 700
455 223
977 642
185 371
343 662
171 147
868 626
1050 155
160 451
286 399
408 181
823 633
428 443
222 132
168 238
249 284
493 269
1056 417
595 93
301 362
1062 497
1179 411
588 35
296 361
702 76
137 367
949 657
1096 392
847 684
1007 308
611 231
1033 494
324 100
1049 460
1118 178
1007 389
1206 293
1031 123
311 103
607 125
373 294
1149 487
772 617
953 498
1178 341
1112 521
361 142
89 429
615 235
446 193
380 101
217 279
1002 272
323 195
337 474
553 289
403 378
363 364
1171 364
1067 348
282 456
927 356
900 423
675 683
1205 370
265 155
497 306
454 79
923 465
609 377
1196 322
211 389
1182 436
1159 308
156 391
677 38
500 675
146 481
1037 427
1104 352
391 636
1133 100
588 175
548 177
275 393
371 329
614 530
405 347
21 537
1145 512
1125 319
821 699
1138 459
966 470
212 391
583 104
1128 466
951 352
1161 309
385 60
1126 355
1142 682
929 465
588 160
1015 424
1094 689
285 423
980 253
521 103
562 300
35 586
914 463
1152 172
1082 508
988 398
1138 417
1071 449
1072 475
1077 138
953 488
1155 169
1081 480
442 289
1122 490
1170 530
240 703
447 645
1033 401
1106 430
1135 491
1118 482
286 479
331 0
25 578
1150 460
340 706
66 434
1120 449
1123 491
1027 709
513 116
132 467
1155 215
1086 467
316 199
1058 29
988 403
1039 481
934 717
986 95
1101 244
1179 425
1098 382
874 446
968 479
1137 187
916 397
1033 176
88 406
373 101
1116 535
1142 80
1019 511
767 613
1010 376
429 227
999 222
1149 489
1195 369
878 693
899 705
899 416
453 607
1098 463
1178 303
98 377
1111 360
416 439
938 642
219 275
320 688
1019 99
1184 258
965 103
646 31
1172 353
1051 529
1086 371
1168 287
1092 455
1014 416
694 520
1125 478
1080 432
388 136
985 392
797 494
20 556
431 280
1043 60
1090 227
1052 454
1133 418
1039 563
1103 380
523 320
464 71
475 407
908 424
1146 418
1108 228
864 224
1039 383
12 531
5 587
409 65
829 412
1050 471
169 348
763 308
1090 341
941 455
1124 449
1105 507
997 64
1048 464
278 632
1076 238
1102 470
541 102
1049 462
556 102
672 139
273 223
447 219
1058 351
1175 387
216 186
1107 478
346 457
391 349
1136 450
464 569
504 298
1045 33
831 429
1032 347
1027 255
1071 167
1147 260
792 57
1071 378
560 303
507 371
1095 363
881 484
418 308
1078 72
1174 411
225 498
1003 405
1059 361
700 244
470 189
457 120
141 488
1137 235
412 127
491 231
195 165
333 356
1043 460
556 136
1084 668
1097 533
1099 352
943 498
1196 239
954 102
18 524
930 100
421 127
389 701
910 427
1047 501
1177 433
446 641
977 471
446 300
1107 468
1076 402
960 441
1099 362
1111 571
1114 238
343 705
1152 483
1149 426
1007 414
1112 311
832 450
1113 373
840 416
1146 470
543 598
439 660
543 74
1014 83
209 9
814 697
921 394
796 456
950 65
1080 32
415 554
535 192
917 426
1114 345
996 530
178 297
1132 285
1188 350
491 134
1027 411
1171 261
736 72
967 431
53 587
1105 27
272 297
977 97
676 125
987 364
477 22
634 5
1133 258
151 144
1086 616
1223 495
1149 261
743 124
1104 476
1032 400
1047 448
972 28
1148 519
1137 127
1144 134
826 25
1140 412
1160 361
1029 544
1043 132
1124 509
775 46
1124 497
427 311
180 698
1168 435
1188 283
1159 225
1116 482
918 405
422 614
354 156
997 397
1049 509
35 554
506 642
859 445
929 369
1065 387
1080 477
837 382
972 104
439 365
224 129
1162 280
1158 407
454 42
1034 375
517 63
1023 404
1058 366
1112 481
885 440
1135 514
1071 532
705 168
939 460
1116 201
177 692
351 714
959 236
1182 203
1169 362
1086 19
846 419
1156 512
1061 371
1078 314
1188 236
489 71
1159 391
241 706
1172 172
17 487
987 45
1005 286
1058 363
888 92
823 668
1002 354
1017 385
311 694
876 503
1112 422
1213 289
701 113
1004 255
1071 316
422 190
1056 461
1117 438
1094 254
1092 331
1164 450
54 630
491 648
1131 422
994 511
983 718
1130 454
1098 468
1164 481
1077 473
1117 522
925 399
820 400
947 437
651 187
1180 374
323 675
474 675
512 254
1201 348
588 159
1128 313
1018 468
1194 356
1002 93
1043 442
1143 335
1015 323
1141 377
1055 444
1108 413
1138 442
1067 208
1048 315
929 388
1031 494
1139 486
397 608
1202 223
1181 330
1007 379
906 451
734 37
962 482
43 605
820 462
1070 481
508 4
912 400
101 311
38 590
1050 110
1129 105
980 448
569 110
988 468
957 503
767 168
421 120
983 430
1077 502
560 305
295 1
237 333
508 119
1016 333
1089 500
1096 417
603 290
651 109
1054 365
1120 515
993 658
1102 345
711 175
1080 402
605 323
596 47
679 113
1055 302
522 112
216 281
527 119
1175 327
312 317
346 373
1049 432
300 392
812 548
379 359
212 302
1113 432
747 708
805 587
382 72
915 582
1190 422
522 301
293 716
443 153
583 226
744 65
970 415
525 320
825 624
1129 704
484 319
889 637
466 37
391 371
384 290
618 637
175 390
210 10
577 128
204 428
512 78
410 83
415 84
193 389
672 26
1038 286
1170 649
1097 697
468 119
471 161
778 630
893 692
816 452
187 57
970 647
1096 716
161 208
543 351
881 410
231 12
201 407
372 259
585 164
521 140
751 91
626 345
691 176
1112 401
315 70
340 69
153 423
214 195
452 61
527 89
529 96
521 135
199 360
1062 360
520 203
329 309
225 18
800 378
298 36
370 93
371 149
1014 491
1172 464
1057 428
751 137
158 357
187 164
822 41
1085 474
290 238
445 203
235 440
210 482
572 183
1166 212
500 314
1197 321
572 179
1050 257
259 201
821 455
422 248
424 376
141 461
693 138
465 284
167 497
323 156
408 128
887 607
470 283
1008 672
392 396
206 414
217 235
759 710
439 373
502 461
996 363
539 150
377 407
983 664
163 95
149 93
739 615
239 404
116 265
479 203
808 606
399 258
976 2
413 211
738 45
519 111
130 687
1183 480
1061 461
947 639
598 110
1123 418
1021 677
752 40
509 134
268 81
474 281
1113 405
918 460
1096 470
574 109
979 480
996 671
914 388
309 78
1124 270
1168 482
813 196
1147 530
457 88
556 276
1027 30
1130 443
983 399
308 97
1115 480
865 374
416 39
388 353
543 61
927 513
1196 234
55 601
462 108
711 650
938 641
1029 417
618 138
621 178
22 589
842 664
383 274
606 176
986 446
1034 14
142 484
473 23
987 654
179 48
224 442
574 226
948 387
306 157
604 89
153 221
508 475
279 195
159 305
411 381
432 33
1033 559
336 90
629 648
1025 433
542 315
343 22
611 209
786 681
1139 226
381 10
398 151
984 490
902 669
178 33
358 30
137 388
1030 88
276 288
437 56
452 94
516 163
438 170
555 222
536 174
944 474
606 206
195 181
1132 213
1054 561
259 218
599 99
381 267
116 259
915 670
456 262
1033 33
562 170
354 103
694 583
732 158
511 53
311 300
174 301
688 57
556 160
199 381
484 37
1150 685
570 54
1043 654
516 61
1035 663
376 168
367 97
974 616
264 55
460 176
563 52
238 329
663 217
508 275
715 11
854 571
562 324
564 255
1092 524
593 204
469 260
312 30
775 677
447 223
240 241
418 126
526 100
111 236
424 9
728 4
694 129
331 16
519 125
993 693
553 503
732 74
589 117
194 170
917 688
296 193
1177 252
172 283
419 180
1135 397
621 219
941 603
880 717
200 240
1030 8
535 238
334 179
449 269
997 252
1157 509
1138 571
1031 345
632 76
522 354
401 127
723 110
321 48
1143 369
165 358
1057 510
960 93
968 715
490 615
568 150
1084 102
1029 499
647 32
1101 210
307 341
133 207
473 149
521 279
1129 420
529 156
879 393
358 75
1110 298
887 664
488 289
987 182
1130 302
1121 195
901 607
1044 673
395 142
540 94
138 285
1103 472
1152 441
754 149
22 559
1007 687
998 444
1044 502
1170 491
101 428
996 326
1011 336
150 245
1072 384
1021 480
955 429
1032 438
1186 319
918 618
558 118
1074 103
905 452
1116 330
893 416
1118 552
1075 332
1046 343
708 191
1134 398
503 44
1006 433
367 362
1073 44
1105 525
840 672
1184 345
419 206
1194 267
386 677
963 455
141 328
1021 483
471 79
481 44
950 454
385 176
916 420
302 190
397 199
311 95
1118 393
1044 358
1120 400
1093 330
917 344
1137 332
1042 390
570 26
1132 220
1153 479
544 20
602 149
1190 328
1052 429
275 709
449 150
256 56
1143 485
413 61
980 463
1134 392
1053 399
1117 455
1178 394
545 270
985 6
555 125
300 343
1095 421
510 126
889 398
1034 440
672 173
145 297
1061 435
1075 460
870 388
798 203
650 103
207 268
92 301
1182 172
800 35
402 17
459 331
482 200
966 665
353 45
1026 454
655 223
757 684
30 573
99 452
440 266
331 153
509 91
412 43
319 9
561 204
1191 453
587 303
931 684
359 108
1140 318
805 670
659 101
254 405
115 276
921 449
992 67
813 631
575 95
905 113
399 81
451 235
281 152
260 524
1072 447
198 377
281 41
669 114
701 705
345 198
878 649
996 690
