332 341
257 422
1131 433
866 148
1152 388
1117 525
1045 385
1084 528
1264 135
861 0
875 544
741 34
1062 578
1022 442
907 189
1003 131
803 19
1137 407
1075 552
811 149
1193 352
1079 453
275 606
218 472
839 631
201 635
1072 409
1021 428
692 52
1038 424
1197 432
1156 362
1039 534
887 594
1102 416
1059 304
1152 328
182 662
803 150
772 571
1015 411
1054 489
1110 379
1149 436
1045 343
114 474
1132 448
947 27
1034 418
1144 465
1054 478
1023 474
819 26
1070 492
1119 378
1152 453
927 497
165 621
1072 344
1135 402
936 401
1087 461
1096 452
1016 462
1169 438
774 704
1084 526
894 222
79 206
908 453
1037 433
80 580
1005 468
1094 529
324 511
1071 432
1162 444
153 403
1131 258
899 65
1006 480
915 676
215 564
1102 369
915 459
285 665
1210 352
731 37
1102 574
226 715
1053 566
1101 505
821 59
681 16
1172 451
732 46
769 92
146 501
1175 433
1019 510
985 103
1205 451
1142 381
395 7
1192 400
1103 472
1059 545
1069 348
809 47
1048 415
1204 548
1046 331
1077 560
1092 555
775 65
1031 375
1170 379
1079 470
1160 352
993 474
777 128
822 489
1112 534
799 488
1267 688
950 444
223 50
1069 546
1160 384
1027 506
706 23
1168 373
1073 480
1054 415
1118 229
1276 216
1094 511
1015 418
1148 499
1119 582
1111 489
688 173
1073 453
790 548
948 448
1097 456
1128 381
1072 440
1024 449
304 695
1180 695
923 63
1165 422
735 18
1105 349
924 144
120 523
1055 467
1070 532
803 35
800 46
812 570
922 122
1111 362
812 51
825 76
178 560
945 470
1124 440
817 17
771 20
704 183
961 464
895 631
913 469
876 718
242 662
752 55
1067 532
1024 442
997 508
801 593
856 166
1056 494
766 27
783 95
1076 489
138 689
1144 418
1190 446
1021 307
1064 284
402 289
1161 375
1206 652
850 74
220 615
17 108
225 641
1065 444
628 242
947 434
1102 579
1105 503
1051 380
1110 610
1053 447
1034 495
1080 473
148 437
1039 476
1226 601
1088 594
1098 462
1038 377
1157 405
983 425
1074 431
1145 346
1020 462
669 255
946 414
1017 417
871 75
268 585
1130 602
929 74
165 649
1053 485
1020 420
215 696
1216 52
128 508
854 117
1057 571
1203 300
1020 453
769 88
958 453
1103 528
107 445
887 21
168 623
748 16
274 656
1126 161
1158 429
726 38
123 373
1058 339
994 442
213 551
1074 414
652 295
892 69
1100 455
739 407
829 63
983 603
731 67
1034 392
240 658
312 577
873 28
1025 540
940 571
1102 418
1097 589
640 187
136 428
887 36
154 521
1081 398
786 45
773 66
1126 595
926 518
270 617
604 195
1086 402
760 123
1136 454
1119 349
1139 340
1018 253
111 318
154 552
681 59
968 217
1070 460
212 618
121 425
725 32
723 77
906 75
795 149
172 584
951 139
827 535
1070 433
220 588
1188 596
126 466
1151 379
810 719
1063 442
739 102
1070 583
186 622
1109 546
1072 509
739 30
675 33
241 693
815 39
173 656
822 153
1181 353
756 28
725 60
888 540
256 508
1009 478
1194 305
137 550
240 585
751 50
975 2
1071 494
271 664
155 409
1127 385
1024 517
1083 388
818 142
942 30
941 75
374 328
210 617
883 279
961 200
908 28
849 76
1084 311
881 32
161 597
364 363
1136 382
1207 357
1106 481
835 46
126 215
887 65
183 507
1003 98
1096 506
1169 372
820 79
1158 424
1112 439
1010 408
1187 578
753 3
1095 539
1104 403
825 515
1206 436
188 675
285 607
1092 476
906 569
1092 477
1053 433
1177 393
959 12
1107 358
542 369
1056 434
363 453
1043 347
177 408
1012 107
663 88
766 104
657 228
121 525
907 597
955 471
273 549
1047 498
141 520
194 528
243 414
1035 425
902 60
1016 467
1060 465
1167 369
639 167
711 154
1207 545
762 59
1070 388
169 415
186 675
756 116
765 78
249 622
828 24
204 425
578 85
1054 485
1025 457
160 413
1166 402
1126 406
1052 485
868 562
739 21
897 79
1154 493
1019 483
1022 376
180 635
877 112
1087 521
1140 404
392 553
1097 542
274 650
1036 520
1039 482
892 41
1044 470
1151 390
1004 449
854 112
207 525
207 336
1053 448
1185 439
1074 491
1090 457
674 123
993 35
919 481
187 686
262 638
1049 439
856 62
728 94
104 509
1086 404
750 87
946 1
187 598
388 370
973 89
831 91
907 94
869 128
275 711
198 711
884 78
843 86
1024 479
915 3
1155 605
1025 447
760 49
729 188
137 568
906 11
837 47
110 433
103 154
787 97
737 41
1050 498
808 89
1090 486
669 50
207 689
762 112
1130 365
157 643
148 547
896 707
158 568
283 291
129 539
764 47
212 663
1085 500
726 40
183 417
242 687
253 666
888 238
278 599
138 622
748 94
349 180
212 531
211 634
380 559
745 78
737 97
1153 421
237 651
812 24
911 26
791 61
756 4
714 595
814 16
762 605
125 432
163 585
945 1
781 67
1173 439
1111 585
1103 409
1170 456
932 501
297 468
1004 523
215 607
825 102
293 661
756 69
891 187
653 257
789 64
278 702
185 659
853 229
200 618
209 653
852 5
1043 461
212 718
878 47
1192 351
907 69
793 115
208 678
1180 396
169 517
918 576
206 681
639 61
1146 453
1041 439
1206 433
1073 316
660 56
887 9
159 567
789 25
1199 340
663 14
1048 349
878 553
903 9
785 591
1110 384
1135 398
976 437
1093 384
1065 547
663 39
1056 492
1062 488
1152 459
1158 471
1157 451
1047 500
1059 353
1104 575
1147 381
769 70
1127 521
895 49
832 129
1178 417
1052 425
1181 412
1079 456
775 28
920 55
1108 356
1135 592
1146 381
1092 586
1047 565
131 588
1070 392
923 30
1049 491
761 26
292 408
1071 592
200 532
236 606
1010 398
528 475
161 644
835 38
218 648
1123 344
730 51
1120 440
1178 349
1019 439
694 5
802 57
842 156
847 223
175 587
1148 453
885 33
860 528
920 58
999 217
1011 439
1050 424
113 329
840 86
145 562
670 28
737 24
758 26
993 365
1059 558
783 82
1086 41
1013 425
172 637
210 671
732 88
934 42
163 603
767 36
179 686
812 52
833 53
840 123
862 175
877 66
1001 460
231 619
933 62
967 165
224 598
669 6
685 75
702 96
1026 547
982 112
191 685
759 0
1078 655
867 3
735 307
871 37
829 79
773 28
667 21
183 559
504 253
944 200
160 525
793 126
112 457
874 112
97 388
927 84
784 64
742 63
840 63
836 77
670 103
232 430
986 93
840 78
148 523
1026 451
880 183
705 51
348 78
801 60
803 28
145 636
898 131
1029 408
180 423
213 665
131 590
791 70
870 94
197 417
788 11
574 265
135 535
147 432
195 648
992 109
421 701
825 96
806 70
236 665
837 6
1093 469
857 33
619 337
166 648
165 554
696 154
790 52
713 82
151 526
1090 526
255 418
692 62
1187 359
943 162
955 207
969 102
312 59
131 543
744 20
717 32
984 187
278 383
280 534
749 13
136 497
1063 100
861 152
808 55
906 14
841 61
149 437
885 44
668 21
1179 420
827 113
658 146
1021 540
253 397
140 517
129 402
649 153
749 107
207 660
174 636
902 27
368 663
815 47
161 411
687 65
782 51
776 71
819 12
797 299
974 102
1112 58
881 0
1011 445
307 563
281 438
297 649
135 545
755 27
172 678
836 41
1024 508
844 91
320 421
882 101
752 42
1170 405
863 14
648 271
1067 575
355 675
708 38
818 39
194 676
992 118
976 191
779 46
759 57
118 459
1074 438
788 17
1044 481
112 433
754 75
1066 362
236 640
92 393
245 693
810 31
992 200
905 96
917 130
160 632
1091 102
706 100
1113 375
812 34
244 644
193 603
146 422
770 182
789 15
1080 320
187 557
775 169
537 225
948 87
902 33
648 511
1178 371
952 512
808 115
1059 625
841 39
154 600
218 345
811 100
811 119
815 87
768 47
506 340
711 236
103 430
887 147
759 142
223 435
760 13
272 598
855 194
712 79
220 646
132 426
630 86
704 52
966 59
314 664
680 76
1016 385
257 673
799 25
895 40
747 25
654 68
116 511
809 455
741 108
668 82
1159 445
181 585
230 640
682 6
1050 477
167 515
901 42
655 718
187 680
803 158
908 26
279 436
995 261
759 209
693 53
228 656
231 418
711 63
1100 379
1018 99
359 369
938 6
1031 450
149 549
1197 409
1143 458
908 49
696 63
258 551
147 454
293 319
794 28
242 431
796 0
782 161
660 263
293 409
760 6
310 297
738 96
861 144
252 542
132 534
954 98
466 462
271 555
181 642
1147 494
247 686
864 130
687 27
922 23
1061 570
1174 603
713 3
1112 145
1030 476
233 556
413 241
193 642
142 590
808 69
1161 359
809 51
210 477
247 643
908 33
170 577
119 403
175 549
779 110
891 60
1142 397
1179 374
1025 480
904 73
1032 467
447 268
206 518
131 293
928 499
1003 548
125 463
137 425
891 43
1098 540
832 48
793 3
342 412
194 683
924 132
266 487
903 158
846 39
202 405
948 574
914 240
125 507
738 26
1093 397
1123 578
841 11
1039 349
1040 328
182 412
834 158
1027 465
852 77
246 655
944 398
855 23
1082 433
1095 597
1128 409
1065 469
816 43
1091 488
917 458
1146 369
1061 388
1071 564
1116 397
976 429
941 392
822 560
1083 467
731 524
1230 76
868 127
1103 525
1083 471
1043 525
928 486
1077 363
1012 320
187 626
886 51
152 551
1133 593
780 79
769 38
1055 439
1154 446
1075 691
1054 492
1187 431
1160 284
1202 418
867 108
336 531
862 338
733 27
706 205
1255 592
1085 379
230 546
1155 454
110 413
766 46
660 0
1156 360
222 586
1073 137
1243 61
982 450
622 173
927 196
725 43
1079 397
1088 588
1123 426
1139 311
1071 471
1012 382
1059 351
643 170
1111 577
1111 411
1013 459
287 685
1062 487
1038 525
131 414
1045 445
810 339
1085 509
1104 527
1058 491
810 46
629 83
143 428
994 7
952 500
894 166
890 97
133 595
1118 459
850 35
315 584
1066 374
766 49
1093 345
208 642
180 429
1118 229
998 438
1050 518
919 107
1006 189
267 645
1149 354
967 445
254 667
178 531
1166 437
353 656
1006 391
905 490
869 20
1023 436
706 44
1024 394
228 634
1060 531
1055 386
1127 386
1031 409
1028 398
1113 585
212 645
1177 294
953 119
862 125
1072 488
130 370
1129 583
1022 480
1187 418
1149 407
941 413
840 35
1126 624
1094 594
899 215
1168 284
902 10
712 6
906 69
860 625
1074 496
1125 556
925 395
756 30
990 452
1097 388
1010 507
1073 575
1026 514
1140 344
996 584
168 502
1189 340
947 235
735 247
322 674
1113 578
1075 497
874 106
219 519
1134 307
463 190
1047 416
1205 649
1009 394
821 719
167 480
283 551
290 612
1020 459
1097 463
992 155
891 209
1073 546
1086 498
966 119
204 338
238 656
1085 537
900 455
915 49
1008 490
805 19
828 59
569 323
672 99
942 546
1049 406
875 61
1145 353
1109 617
918 47
1086 450
1068 359
350 381
933 437
751 43
858 712
833 14
930 120
1072 469
873 20
923 57
1123 381
900 40
116 504
748 582
350 658
1111 349
813 16
735 17
1076 338
157 589
757 12
868 520
926 25
901 141
184 653
129 129
138 601
1038 434
1148 379
1046 443
852 217
1028 540
1103 490
876 189
1068 509
1157 379
1068 411
198 611
1073 511
150 492
1182 327
945 270
1076 376
1080 598
1080 575
526 589
960 444
884 446
1184 419
966 435
855 5
1019 436
1083 496
1076 477
1102 531
863 597
1048 533
1164 378
182 655
263 345
385 533
1097 599
1001 164
1082 511
1059 458
1093 504
934 423
1201 328
1118 229
894 203
1031 494
1120 432
896 42
1061 509
860 39
209 553
837 21
570 594
314 316
1113 557
1120 386
156 490
926 11
1119 459
1061 496
1109 581
749 7
1033 502
1061 552
1095 386
1079 583
197 668
905 717
1110 359
254 643
36 7
757 31
769 14
684 3
663 677
253 645
659 34
703 73
132 398
1070 294
1084 354
1154 384
146 411
165 278
770 96
183 472
868 36
814 53
1072 357
997 183
788 53
1093 489
125 495
765 45
956 149
641 115
1032 548
1055 482
224 673
1051 455
51 324
937 625
1143 366
765 48
1022 508
1029 403
673 14
160 579
825 696
1107 533
908 698
1003 508
1124 384
1036 430
1131 299
988 526
166 566
1154 445
171 623
233 502
1150 425
1022 493
1130 364
720 41
1158 358
1022 650
148 509
1147 631
1134 702
811 696
954 11
1098 495
1073 455
1053 366
1064 472
884 570
832 31
947 220
934 555
857 95
1149 385
639 185
999 12
172 377
245 414
141 367
790 100
885 35
708 32
1126 359
786 7
717 9
706 89
1137 607
942 34
1055 499
645 69
1164 389
1088 362
973 97
1071 299
919 134
229 383
528 502
1056 480
1058 452
1111 537
1164 459
599 662
1035 553
223 513
229 393
131 511
963 709
1143 308
1071 542
977 454
1078 346
945 77
1047 465
208 616
466 697
163 540
821 79
1082 515
1126 583
784 35
1094 538
1092 591
154 437
694 127
1082 426
1026 460
1031 510
1061 514
1168 389
139 411
235 611
769 474
839 37
970 413
1078 489
961 453
1022 366
1050 483
1107 550
133 77
1049 469
184 506
1042 445
1212 353
1091 512
782 37
268 550
991 112
1167 354
1126 407
966 499
1066 471
1201 404
1157 369
1166 429
816 585
1084 513
1085 596
1108 543
1173 408
1026 484
1110 530
1044 418
1000 494
852 138
831 533
628 40
1179 364
1121 569
863 473
1116 528
943 81
238 598
997 421
173 635
133 430
1109 346
1170 432
749 10
260 393
745 12
1029 476
1045 348
1036 450
1049 463
771 260
937 49
990 464
1065 476
1150 366
864 119
871 27
786 100
995 172
1116 441
1051 363
150 432
843 626
700 48
1243 30
1263 585
1079 461
957 123
769 75
950 146
887 24
1084 480
944 448
587 349
722 2
164 478
306 37
690 41
1192 621
112 448
1052 669
302 573
279 256
1011 474
715 91
1002 428
769 89
170 594
754 24
982 422
1132 396
1126 578
102 452
712 50
1068 471
1074 366
1072 507
783 66
1122 490
77 577
849 30
1174 327
1054 455
942 414
1084 518
1076 473
988 37
1209 415
790 58
824 15
681 616
994 423
734 39
783 33
1022 466
1074 500
1187 302
842 35
1001 512
846 56
1189 393
1039 432
1069 522
933 456
1018 451
776 149
1127 345
188 574
750 11
1196 395
852 38
268 694
1083 376
203 644
193 499
1200 325
106 427
1123 353
1179 411
1080 481
313 483
1141 357
831 82
1045 531
857 133
289 651
1191 364
783 3
237 631
883 449
1196 387
97 437
1098 355
309 377
875 10
826 142
1028 430
144 519
929 64
989 176
1134 413
1147 364
1209 363
945 57
156 435
225 582
199 591
907 431
713 185
124 152
503 475
106 455
748 87
924 86
250 670
716 119
704 163
221 400
695 155
998 123
166 634
254 431
303 533
218 314
163 596
900 5
1075 377
1153 393
216 557
521 444
793 146
1022 439
662 10
224 591
394 278
748 56
819 109
411 538
1093 301
861 65
758 27
271 707
150 578
1206 575
779 715
758 6
780 8
747 93
919 59
734 180
911 58
828 180
763 67
228 677
746 18
1049 563
1032 510
770 47
227 561
1082 467
1063 439
1069 428
1164 490
817 67
1114 312
1152 473
1080 402
916 4
1066 496
984 534
912 303
869 91
1115 501
169 47
1060 552
156 405
779 86
157 319
195 315
1021 421
1025 384
738 678
928 162
998 410
194 541
744 69
1065 450
848 33
851 650
1194 355
764 8
1121 565
250 620
1014 474
729 17
1061 332
151 447
1104 521
879 658
1126 393
1072 543
1183 444
223 407
1098 389
1187 413
855 10
1121 382
136 440
124 448
902 41
1027 530
128 428
277 674
531 359
209 611
798 84
830 11
996 152
575 207
205 626
1123 611
1099 491
907 472
848 48
1036 343
1012 346
672 68
1045 400
269 681
1109 485
799 24
1066 462
1012 422
261 655
1062 388
689 24
1099 473
801 44
152 526
976 375
1132 378
1050 461
1107 594
914 89
961 125
723 458
313 408
1146 409
1174 359
969 115
887 475
169 412
981 416
1097 342
828 568
1129 611
1123 398
1031 486
816 35
1095 481
806 0
551 152
827 23
1141 335
807 11
1054 470
1108 602
1139 434
958 445
1044 458
783 21
808 648
210 562
891 26
889 68
847 66
938 451
1089 446
1030 433
1183 360
790 110
1008 485
1182 382
690 64
651 219
1147 427
817 146
665 269
284 388
279 686
851 9
708 26
810 36
318 415
1181 357
742 53
109 430
747 249
164 572
1135 369
591 209
1004 493
182 549
632 2
152 554
820 84
1054 372
1098 384
190 463
1015 463
1049 411
835 273
944 120
1083 579
875 223
1016 481
696 31
216 672
735 45
1096 576
1048 434
859 41
762 41
1173 353
668 29
1081 482
693 128
1012 429
1054 498
1124 544
593 211
513 328
1250 92
1001 474
1022 488
677 19
1069 458
1094 490
1138 323
1101 403
1034 508
1085 536
1080 577
1135 607
1078 499
989 428
1095 510
803 170
1079 500
108 457
1070 531
92 436
746 94
793 37
933 413
1144 369
699 70
1063 428
883 599
1088 348
1124 625
1029 409
1087 365
1117 483
896 596
1131 398
1075 531
1028 395
766 663
1171 426
1006 431
1050 499
1138 487
1039 539
1065 540
1166 385
1071 472
1128 367
1201 8
228 680
1125 357
1065 447
745 658
183 679
1023 344
1083 457
1032 471
1203 390
1024 506
1002 452
1103 506
1166 415
698 614
1071 520
910 47
1191 347
1015 474
1085 476
171 602
1067 130
1123 334
1028 530
212 314
341 625
1023 416
1134 418
128 400
683 674
874 51
1059 444
179 640
781 1
845 61
250 631
1015 403
379 398
640 140
877 554
1036 533
875 60
813 522
767 718
705 41
1066 360
1120 593
1008 452
1083 342
181 661
1058 370
1169 677
923 14
157 546
1080 597
232 621
812 242
722 1
1203 335
1171 353
1056 355
1052 531
845 20
598 701
1090 511
946 502
1172 430
1150 353
160 615
220 631
776 38
1062 438
980 478
1082 484
1062 622
854 488
819 49
1181 604
222 671
210 657
803 179
1083 503
1085 448
852 31
858 18
759 41
687 128
887 107
488 24
1050 314
1178 437
1049 476
882 443
802 42
1119 569
173 390
764 79
1126 451
1102 380
736 72
899 39
219 619
1067 436
805 173
1198 506
1099 317
1094 353
167 436
898 704
1066 365
1019 425
1074 538
159 507
1158 391
1189 573
1158 414
1113 521
1232 580
1223 51
267 639
867 583
768 38
1092 557
1066 378
1127 616
919 52
853 566
810 72
881 67
140 592
1032 465
1001 61
932 420
744 45
731 73
1090 381
1057 502
145 387
824 99
1140 617
164 492
383 380
1166 414
126 306
726 103
821 321
464 363
1084 443
1071 473
742 45
1110 515
1099 486
1130 366
882 56
1042 540
887 217
845 506
1088 350
991 59
1096 598
1034 482
1059 365
1086 434
1174 370
783 127
1148 615
1142 423
1156 351
714 73
1020 506
795 624
888 576
995 478
148 530
1037 467
1117 593
1184 434
833 5
291 677
664 161
994 401
754 77
1057 423
1084 473
976 400
825 65
676 16
772 131
733 9
695 46
1052 467
770 441
96 679
818 103
1112 305
1090 378
1167 393
1077 500
312 546
819 640
1031 492
992 395
1050 434
325 341
1012 492
961 150
837 48
822 7
943 112
1047 505
1088 398
218 709
1110 535
1136 456
950 8
594 179
1009 522
1090 529
1134 395
1126 413
211 393
703 11
674 61
1002 393
1103 582
721 67
636 59
1006 420
1253 29
844 105
513 305
223 651
892 461
816 32
1074 585
1086 509
627 231
862 64
881 20
1121 427
1125 267
1003 84
889 457
1136 451
1121 372
874 566
1171 441
1034 473
1093 539
781 60
773 4
869 148
826 181
738 634
1199 409
1023 483
1169 355
623 108
1034 492
651 44
1080 454
1075 510
853 264
1174 368
1147 395
141 427
1162 339
761 20
937 136
1108 414
125 508
723 71
791 103
802 23
1197 390
896 47
1050 318
1068 367
963 62
1102 521
1069 351
844 155
1055 453
161 397
741 251
175 448
783 83
1093 386
1276 145
1009 445
771 680
586 110
188 565
829 560
1104 292
1115 503
1077 479
778 115
1080 520
1099 520
690 690
1065 378
151 446
1034 528
891 89
1069 541
1161 461
1122 615
697 39
923 463
955 456
1107 360
1056 377
830 59
276 701
1134 501
1068 429
1188 421
1156 363
1049 477
736 53
149 504
743 182
680 22
1112 549
1070 408
192 490
301 684
1121 390
1050 439
753 55
836 136
1148 402
791 0
785 102
998 364
907 36
1147 433
886 19
1056 524
1058 496
167 401
181 321
649 148
362 468
878 54
725 210
881 470
1038 444
898 94
1043 527
212 697
816 65
126 398
1010 172
126 419
1121 403
1073 450
398 586
121 454
1087 332
666 13
126 584
979 118
188 646
906 107
784 19
812 39
939 51
982 104
1046 510
1104 404
736 25
1268 579
410 268
963 201
1124 358
673 91
1084 537
1005 426
959 267
1012 480
1027 404
692 46
181 601
1055 503
866 18
910 213
110 558
110 467
1067 455
170 545
799 28
174 614
897 105
1093 704
357 627
846 160
973 199
793 69
1114 603
1086 510
526 165
943 575
903 644
769 5
964 694
804 24
993 447
986 140
701 19
534 66
988 128
1105 312
137 621
158 635
1184 366
1114 572
794 677
1025 430
783 61
98 485
1024 108
188 623
922 79
707 73
875 38
852 211
929 68
853 37
207 528
216 664
1057 405
686 152
629 16
920 158
840 20
603 208
340 674
254 546
247 40
1127 594
127 474
1026 447
857 575
799 47
917 143
1041 513
1106 560
968 174
645 281
652 139
246 541
180 593
161 519
130 610
624 189
643 695
691 5
160 629
503 424
187 622
828 169
1014 385
266 673
650 136
1154 303
963 149
320 432
771 157
935 91
1154 380
199 609
202 713
873 117
148 625
770 49
577 215
161 486
746 51
648 143
135 622
1000 655
784 164
735 180
134 457
759 70
146 533
179 697
1023 672
123 546
805 29
927 100
620 640
118 510
904 80
726 57
115 468
339 363
1106 363
239 502
776 30
193 407
237 443
914 99
990 132
178 503
317 613
813 538
896 563
111 413
844 0
1003 378
177 533
101 337
960 124
865 70
1103 397
686 94
1155 455
1188 433
436 279
1129 387
470 309
1064 450
917 700
478 490
721 59
769 21
754 674
936 5
943 719
720 71
979 165
591 31
1013 434
747 124
1037 471
1109 402
898 106
897 9
917 436
554 65
1160 400
968 488
705 599
1043 376
1143 413
1023 498
1014 380
872 155
291 543
153 510
692 173
114 495
1172 347
369 397
739 17
152 565
635 57
1095 588
1023 468
989 712
227 367
417 322
1111 370
135 503
812 21
86 470
1015 502
1196 363
783 229
829 81
665 275
1197 393
795 93
541 303
818 236
756 43
172 647
1061 513
324 474
1097 496
1057 465
840 205
1066 440
85 440
634 224
571 279
719 66
815 23
130 510
881 55
328 653
251 631
938 97
958 15
179 635
883 132
178 687
208 634
635 41
969 21
286 698
252 369
873 190
925 203
618 218
181 559
729 43
879 67
144 521
838 37
242 593
304 620
885 21
864 77
677 65
921 152
858 94
829 13
1085 362
812 100
698 14
1119 473
175 586
1056 462
633 58
959 121
1024 409
850 14
802 63
1181 431
835 214
1087 397
413 376
827 115
289 1
293 663
1037 475
863 21
205 639
1111 561
739 110
299 657
948 167
1095 411
202 415
403 539
1077 430
1011 55
1151 421
534 515
1243 559
830 466
649 52
200 689
916 98
1069 457
832 79
1071 496
996 199
826 22
1024 429
178 404
1057 566
761 73
943 273
1119 406
698 191
156 606
923 265
745 24
869 646
692 73
427 357
740 27
229 603
892 25
851 1
745 48
815 85
234 630
1096 536
717 30
817 173
654 32
332 651
659 12
799 79
153 457
912 47
130 595
783 1
1054 671
779 106
1090 527
1081 542
946 495
955 215
1190 335
1064 437
1040 502
1163 472
901 11
1208 611
1146 458
1036 449
165 469
983 167
268 549
922 449
1089 478
1126 422
847 118
1037 376
328 655
963 223
844 37
1160 347
297 555
1029 539
950 464
821 73
910 177
939 77
966 7
558 81
722 101
789 20
188 571
252 593
183 677
168 680
890 35
765 35
551 238
701 63
1085 478
315 408
1157 318
1081 492
681 58
906 23
1130 595
993 496
1098 382
133 527
1012 517
406 509
253 483
692 115
965 204
697 250
1104 585
238 655
207 593
234 354
1186 431
190 593
963 420
759 104
800 40
236 635
584 264
1043 424
604 58
900 549
823 536
200 596
175 591
1084 393
798 117
781 65
1092 392
1184 411
771 1
866 64
