1066 83
360 477
311 372
909 43
756 62
944 110
381 7
1180 411
857 38
109 397
1091 74
564 425
906 242
968 98
786 36
1156 244
657 109
1003 119
162 440
1137 120
837 525
991 131
201 624
1003 67
1102 355
978 63
948 36
1 51
878 54
986 266
866 20
911 17
1134 100
856 77
138 452
248 201
803 261
1105 147
1016 342
1101 96
565 372
977 545
997 19
1016 124
769 20
815 355
942 111
106 372
865 48
262 221
888 291
720 23
828 23
530 279
898 348
177 617
800 60
1177 188
805 225
1064 336
389 650
1105 259
180 437
795 351
142 313
937 388
641 98
773 369
137 211
104 459
649 151
1167 420
187 580
1017 24
817 411
571 302
1061 503
955 60
335 17
899 324
1059 236
1081 76
1061 110
723 191
985 24
1034 348
1127 314
952 138
445 258
506 103
214 209
174 210
1102 277
125 339
486 217
659 255
708 1
1019 135
930 76
801 156
525 167
1128 142
643 203
803 176
991 65
966 85
596 180
759 351
111 326
586 150
461 11
589 74
1010 215
517 175
1149 464
944 267
139 265
1095 162
204 404
222 6
188 532
757 466
1019 347
733 340
775 38
742 10
944 53
1031 299
949 205
995 280
826 63
472 341
815 24
99 348
1154 407
815 39
1159 300
1128 131
611 171
301 28
908 399
993 352
507 379
1099 418
544 159
877 76
601 317
1096 233
192 255
994 65
1262 30
387 634
933 96
1064 238
556 251
168 420
921 125
940 112
282 458
1116 517
96 376
980 78
865 15
907 52
967 88
1035 88
575 386
891 317
240 146
1131 138
1080 130
514 414
114 352
689 198
865 24
1144 423
917 102
483 285
973 408
136 464
876 237
592 129
793 357
927 472
784 61
902 349
877 52
168 417
890 360
141 551
570 327
171 340
838 39
216 555
947 460
997 117
652 220
1114 153
995 256
646 82
1016 82
698 601
183 208
234 510
171 354
903 79
675 305
805 39
753 152
1065 152
578 429
1090 42
174 216
987 17
922 232
951 265
885 47
920 90
171 547
986 160
183 428
1115 65
1073 159
943 36
179 324
792 291
223 463
161 568
156 326
381 168
1104 323
925 42
86 419
1030 25
774 23
740 366
849 73
500 88
105 472
853 115
270 173
275 430
945 11
1147 125
84 18
525 227
670 179
1145 174
247 277
1106 160
941 1
227 311
696 280
1098 115
1107 437
847 51
1104 64
159 387
838 268
965 51
1012 295
1150 257
805 308
910 67
768 23
283 367
910 59
709 2
503 196
654 295
1098 152
781 45
119 385
456 188
1186 304
1079 83
169 615
569 168
188 442
905 357
1062 302
811 260
90 349
883 234
998 130
1049 34
631 351
677 325
162 254
1152 455
726 126
978 73
985 28
481 354
811 29
790 323
957 128
863 81
958 120
556 86
456 30
992 130
780 38
1037 415
993 335
469 185
204 444
1016 67
545 293
476 105
789 254
1010 452
428 41
600 284
1023 301
539 142
158 369
982 75
877 319
930 9
151 526
317 38
942 262
1016 121
847 53
245 150
530 179
1013 118
826 323
667 267
1072 30
441 355
679 236
805 357
1109 154
969 48
881 369
1166 444
707 184
490 178
1121 81
935 318
165 547
1106 89
1012 6
511 344
204 350
1078 348
571 261
966 373
143 154
1094 114
798 51
640 211
758 401
1122 120
1068 146
547 46
542 28
203 508
798 41
598 446
581 94
906 29
210 575
1088 398
1098 312
576 488
429 381
1082 85
738 359
540 148
776 282
1013 282
1019 397
498 293
1013 428
218 238
262 288
716 304
590 251
805 387
577 114
1193 351
857 89
135 461
953 101
753 325
532 71
549 107
476 211
798 221
562 194
501 312
1175 396
1082 72
987 243
496 130
499 223
754 179
1080 285
1135 301
133 436
1127 414
653 502
131 550
810 205
1103 164
819 1
612 337
226 386
829 18
1071 299
604 248
932 335
423 388
984 96
944 282
219 222
453 55
546 67
1036 272
123 350
572 244
845 387
537 205
662 343
947 123
622 183
662 286
891 415
758 19
112 490
992 368
470 359
1199 411
994 21
1120 526
1021 117
1128 312
926 141
175 325
417 12
729 6
880 170
977 503
464 369
927 247
812 24
144 544
817 435
534 171
941 367
767 430
1060 432
772 34
1052 350
920 418
877 261
517 89
1130 382
760 324
490 107
481 162
604 259
252 476
1115 156
1078 314
571 249
1002 240
560 226
111 543
585 212
1030 287
984 261
1137 268
870 391
854 452
177 468
162 578
1084 152
539 254
539 285
965 316
887 293
1176 459
507 248
689 197
627 180
480 284
1057 337
597 79
920 99
854 39
578 281
1113 393
683 186
123 413
1080 452
987 139
532 70
272 201
1095 309
937 91
1179 407
529 244
806 383
257 6
1153 177
927 32
944 79
910 106
947 91
1177 360
868 302
936 454
522 178
257 535
462 212
824 15
500 213
769 179
997 274
460 4
791 4
899 255
1024 7
1160 419
815 381
981 78
893 380
507 82
1154 350
863 349
996 277
1006 288
994 50
262 22
732 14
811 282
1143 326
627 117
150 233
776 32
588 331
973 268
777 331
1140 513
884 76
850 455
594 125
169 155
628 230
789 20
1079 496
790 51
810 25
462 15
1019 221
200 584
832 599
158 183
1143 170
446 309
872 218
823 278
1034 58
893 34
1052 330
938 116
1130 171
1110 99
951 41
900 58
945 294
761 363
1061 339
590 152
863 22
932 395
507 50
599 234
543 201
825 238
958 74
488 147
485 283
739 297
798 50
1030 404
1118 96
680 246
908 314
1086 402
513 100
956 316
525 264
954 392
196 473
241 224
242 305
1120 335
885 286
863 170
1047 34
758 342
587 219
941 303
743 363
1128 453
480 410
800 444
595 211
1040 255
1104 94
148 294
465 345
581 286
942 82
615 275
586 341
167 450
1001 59
947 297
1097 483
421 154
957 308
999 76
923 359
498 324
897 312
591 540
713 0
803 308
818 409
822 376
1086 588
159 279
104 319
629 110
810 326
1174 291
654 280
564 212
251 10
530 104
622 264
430 3
1015 6
728 135
260 32
1018 433
579 310
871 469
935 35
956 122
559 244
278 10
234 580
916 45
1072 393
925 453
1179 380
668 269
838 312
960 267
519 208
1134 124
599 270
742 196
838 455
597 331
428 357
1033 63
936 110
1049 109
601 326
577 284
916 360
570 249
969 184
771 353
556 287
821 273
501 87
693 103
774 151
873 426
1103 440
129 558
1000 197
576 252
834 379
898 356
599 276
828 257
544 367
783 241
899 86
962 121
519 279
605 257
263 13
860 413
144 384
459 85
1010 298
974 113
808 222
594 245
909 95
425 178
914 463
569 255
252 432
352 11
840 228
874 409
575 370
1145 399
860 107
1028 336
162 332
981 338
466 236
1119 276
626 319
1105 45
945 318
191 287
806 450
917 28
973 23
276 305
892 333
571 226
548 328
869 403
857 717
1111 93
892 268
747 322
1150 230
431 1
859 316
919 30
260 36
1073 350
1188 4
987 106
783 230
124 518
789 429
534 141
809 8
973 263
953 426
1012 120
801 324
481 283
853 304
857 327
1141 503
232 10
903 375
849 272
1045 402
941 337
498 344
849 216
596 138
568 387
596 54
977 54
1170 301
973 324
561 79
726 5
616 263
913 290
517 345
965 331
792 262
645 229
920 193
796 401
175 644
1022 239
594 338
829 436
947 357
485 464
1095 510
1050 379
915 366
1073 151
894 433
641 82
852 297
921 287
907 100
741 212
878 397
1108 241
1147 325
1064 543
446 116
886 310
547 397
217 403
902 199
847 254
500 237
799 351
826 339
1181 336
758 457
210 596
256 22
782 48
922 171
586 145
975 359
881 349
581 321
1061 274
895 289
1026 318
957 409
896 420
856 450
976 454
782 492
909 538
406 689
876 238
456 233
709 225
647 229
601 250
477 77
1095 125
1079 105
308 40
483 32
474 0
960 291
1021 296
828 300
780 266
868 266
1114 282
851 341
701 321
856 320
1121 355
1036 365
738 360
911 360
1012 368
588 369
681 377
1008 421
823 447
772 445
1033 406
1005 400
1010 459
1033 488
625 67
502 92
470 110
425 123
510 123
574 36
406 5
580 180
957 182
854 183
758 179
711 190
1095 149
529 128
770 198
850 201
718 210
668 223
608 225
641 226
459 231
762 231
987 237
865 236
1078 239
612 234
936 242
868 250
1146 248
932 265
523 268
1127 256
1183 279
546 277
836 276
881 272
474 290
919 291
1037 301
1020 300
794 297
721 314
994 314
1020 315
569 313
1085 304
581 307
555 306
574 306
915 306
762 311
458 308
844 328
407 329
762 332
929 332
744 333
911 334
949 334
520 327
1080 326
593 323
490 343
416 340
1135 337
807 344
862 344
420 368
912 368
834 369
1061 374
1074 373
805 379
638 381
1167 381
636 366
986 367
934 364
955 365
514 362
861 362
457 360
926 354
1205 354
1112 392
1015 397
1180 385
863 388
793 408
1097 411
984 410
814 404
1138 404
1132 406
547 403
1174 400
796 425
896 424
500 430
1111 419
778 421
1085 421
935 422
933 433
1157 433
760 442
853 444
744 445
451 447
897 447
979 465
804 475
928 449
1065 450
1160 452
825 454
1113 461
986 462
989 495
950 492
1126 491
872 517
1112 515
1086 536
960 542
1022 565
940 562
891 560
191 569
1098 571
577 572
1104 639
451 610
1099 614
1123 596
803 604
232 39
544 38
438 37
355 33
327 43
470 59
960 59
452 0
321 1
418 2
302 3
356 6
390 5
321 4
278 9
431 10
981 10
223 13
236 13
447 12
331 15
323 22
1064 22
834 23
192 20
352 17
224 18
316 28
458 30
267 27
195 24
536 109
487 104
672 105
573 97
532 101
454 100
499 103
662 116
594 117
516 114
1086 114
598 112
626 126
549 127
653 124
677 125
511 121
551 121
632 121
590 92
532 95
699 95
529 86
478 84
620 75
457 73
862 77
935 77
606 79
617 78
564 68
598 206
704 206
772 206
918 207
796 204
697 203
1060 202
575 200
975 201
578 193
975 193
920 192
579 195
507 197
265 196
535 199
650 198
619 211
1049 211
627 213
411 212
496 212
440 222
542 222
1009 223
583 220
595 216
652 217
719 217
616 218
723 218
1036 218
684 219
797 241
881 241
548 240
594 242
937 242
507 246
592 246
649 247
692 247
796 245
997 244
580 251
979 251
866 250
817 249
872 249
1026 249
775 248
595 254
569 252
518 236
661 237
660 238
747 238
1044 239
535 235
670 235
686 235
729 235
690 234
600 232
916 232
948 232
998 232
1078 232
960 224
1119 224
674 225
962 225
568 227
670 227
825 231
847 231
650 230
836 230
839 230
1003 230
1172 229
561 180
647 180
569 181
688 182
636 179
646 178
449 190
566 190
1145 190
904 191
627 188
636 187
652 187
543 185
426 160
613 160
650 160
522 161
713 163
759 163
753 167
698 168
788 168
845 171
555 174
447 154
526 154
558 154
705 154
482 155
656 155
568 152
762 158
853 159
624 144
588 146
640 151
592 148
611 135
505 134
497 132
628 129
458 131
583 138
656 138
502 139
595 137
463 136
489 143
541 143
567 289
655 289
1190 289
609 291
908 291
470 290
599 290
1149 290
633 292
875 292
490 293
593 293
772 294
1138 295
635 299
785 299
440 298
559 298
954 298
1035 297
885 296
838 301
1129 300
813 303
491 317
929 317
965 317
832 316
929 318
670 319
776 319
586 315
970 315
845 314
996 314
651 312
1188 312
1156 313
553 307
523 304
821 304
530 305
501 308
520 308
508 309
912 309
766 310
439 258
610 258
504 259
692 259
676 256
897 256
1061 256
627 257
873 257
807 261
883 260
945 260
845 262
513 263
986 263
877 266
1021 266
443 267
923 265
609 264
1068 264
423 268
519 268
569 268
879 268
1049 268
681 269
878 269
1100 269
883 270
969 270
978 270
876 271
491 275
673 275
596 274
845 274
630 272
832 273
468 278
611 278
661 278
884 278
1080 278
971 279
1029 279
1070 279
892 277
489 281
694 281
171 282
767 282
947 282
1011 282
615 283
819 284
959 284
994 284
492 285
586 285
753 285
898 287
944 287
845 286
581 331
676 331
998 331
789 330
922 329
933 329
510 328
878 333
911 333
1061 333
497 332
556 332
622 332
758 332
806 335
1068 335
900 334
1010 334
953 326
465 327
870 327
1034 327
1091 325
1075 324
460 320
829 320
1063 320
1085 320
699 321
761 321
424 322
915 322
961 322
964 322
1152 322
850 323
1028 351
1182 351
952 350
1165 350
1186 350
599 348
877 348
912 348
744 349
456 346
602 346
634 346
433 347
539 347
859 347
915 347
960 344
584 338
589 338
1054 338
540 339
1130 339
569 337
893 336
878 342
1183 342
1189 342
897 343
1064 343
1153 343
911 340
972 340
555 341
969 341
814 362
1133 363
562 360
1026 360
746 361
838 361
606 364
762 364
821 365
878 365
1107 366
639 367
654 352
864 352
889 352
643 353
797 353
567 355
876 355
823 354
594 357
827 357
941 356
1162 356
1017 359
866 358
604 368
1027 369
1009 370
1012 370
836 371
800 374
879 374
958 374
1167 374
854 375
959 375
1187 375
594 372
886 372
956 372
1121 373
927 380
977 380
1158 380
872 382
893 383
957 383
818 379
833 379
954 379
777 378
1193 378
886 376
1141 376
754 377
991 396
1178 396
901 397
949 399
827 392
861 392
822 394
979 387
1008 387
964 386
501 384
864 384
942 384
1141 385
844 388
795 391
465 390
831 390
859 409
1081 409
1155 409
1103 408
770 411
942 411
969 411
901 410
963 410
869 412
1109 412
951 413
901 415
1082 415
900 405
692 404
934 406
1134 406
876 407
810 401
1017 401
1179 400
1099 402
1023 403
755 427
573 425
1092 425
743 424
904 424
1152 430
1185 430
1116 428
777 421
942 421
1134 421
951 420
1080 423
149 419
783 418
852 417
1027 416
611 439
1006 437
864 433
1148 435
1160 445
1063 444
1162 446
1102 447
883 440
1026 440
1124 440
1058 442
1112 442
840 443
1162 478
793 479
937 477
914 473
978 472
790 475
997 475
956 471
900 464
906 464
828 465
885 467
923 467
945 448
1109 448
1172 448
824 449
959 449
1129 450
580 451
773 454
1107 455
570 459
1052 458
822 457
1079 462
814 463
854 511
965 511
1167 511
861 505
1013 505
922 501
1001 501
609 503
977 499
996 498
975 497
916 487
1107 485
1144 485
756 481
789 480
895 482
1011 491
1110 489
521 494
1143 494
1133 520
1034 521
971 523
1080 527
795 516
951 516
1048 516
933 519
893 514
860 515
770 532
1086 532
1065 535
924 529
1156 539
584 542
977 542
588 558
622 557
838 555
618 561
950 563
1005 563
775 562
553 575
45 571
39 625
1017 638
241 660
433 666
1016 642
306 699
969 697
364 689
396 683
329 706
477 116
572 116
1040 116
727 117
524 118
644 119
409 113
485 127
507 127
667 124
523 125
598 123
607 122
915 122
1071 122
476 120
542 106
576 106
610 106
638 107
532 105
617 109
1135 109
442 111
603 110
603 101
494 97
508 99
465 87
628 87
493 85
562 84
619 84
557 82
518 93
481 95
1102 95
452 94
525 91
659 89
486 79
626 74
545 72
613 68
224 60
504 60
532 61
557 62
585 62
550 63
559 57
603 57
875 58
429 55
494 55
550 50
419 51
518 48
783 48
263 36
288 36
388 37
488 39
819 32
986 32
626 41
566 40
177 43
335 2
376 2
350 3
395 3
218 1
291 1
353 1
379 6
393 6
417 6
739 4
258 5
330 14
243 15
248 12
319 12
197 13
380 11
266 9
239 18
313 18
340 19
241 17
716 16
283 22
307 22
475 21
293 27
495 29
293 30
546 30
873 207
1089 207
1039 206
639 204
775 205
854 205
647 203
894 202
531 200
862 201
585 192
852 192
918 193
629 197
608 196
656 198
661 212
1017 212
512 213
529 213
1012 213
767 215
663 214
441 210
590 208
446 216
541 216
625 216
951 219
1009 218
621 221
832 221
823 220
1032 222
1026 223
558 253
855 253
723 252
795 254
562 250
861 250
671 249
563 246
170 247
597 247
701 247
472 244
552 244
879 244
894 244
688 243
513 242
818 242
648 241
721 241
982 241
533 240
551 240
692 225
884 225
1057 225
491 226
624 226
788 227
881 227
722 229
1115 228
636 230
565 232
514 233
593 234
1092 234
623 235
618 239
457 238
499 238
571 238
1027 238
1155 238
940 237
876 236
681 176
599 177
679 177
571 179
516 178
508 180
600 180
765 180
631 181
854 181
953 182
560 183
517 188
657 191
571 187
633 187
563 186
650 185
686 161
903 161
802 163
831 163
788 162
685 166
783 165
689 174
594 173
709 173
731 171
613 170
540 169
792 168
750 157
439 156
721 156
501 153
1109 152
518 155
488 148
441 151
531 144
774 147
1096 147
452 146
447 129
465 131
613 131
604 133
634 132
682 132
718 134
476 139
1027 139
603 303
657 303
718 303
959 303
998 303
934 302
481 301
1122 301
990 300
695 296
1082 296
474 297
581 297
1032 297
945 299
639 298
499 295
707 295
778 295
488 294
1018 292
949 289
1110 288
426 290
572 291
490 318
141 319
575 319
905 319
949 319
622 316
871 316
1067 316
538 317
963 317
598 312
818 312
788 313
764 315
1099 315
589 314
515 309
571 309
759 308
963 308
933 310
826 311
491 304
639 304
875 304
1027 304
1046 304
463 305
493 305
776 305
795 305
634 307
831 306
580 260
567 261
609 261
664 261
704 261
1156 261
565 263
631 262
871 258
1126 258
1164 258
615 259
626 259
820 259
484 257
595 257
503 256
716 256
859 256
499 266
1093 267
510 265
648 265
554 264
484 270
774 270
831 270
169 271
567 271
568 269
1024 269
644 268
706 268
595 281
961 281
1109 281
1139 281
445 282
478 282
522 282
843 282
160 283
572 283
647 284
704 284
822 286
650 287
653 287
775 287
1130 287
844 274
762 275
1038 275
791 273
827 273
533 272
539 272
394 278
707 278
997 278
596 277
934 276
440 328
516 328
852 328
956 328
472 329
494 329
775 330
913 331
492 333
1086 332
904 335
1108 335
549 326
1189 326
996 327
868 323
1046 320
448 349
969 349
801 348
937 348
835 350
1055 350
1111 350
243 351
494 347
829 347
921 347
740 346
1147 346
781 345
1210 345
1193 342
567 340
1160 340
418 341
1168 341
661 336
822 336
1005 336
546 337
1112 338
1184 365
760 364
827 364
800 366
967 366
747 367
975 360
1030 360
1163 360
936 361
933 352
912 353
908 354
1156 356
578 368
613 368
1072 369
1108 369
558 371
1161 371
747 370
915 372
965 372
761 373
646 375
1159 375
766 379
901 377
478 376
923 376
1167 380
828 382
852 383
550 384
933 384
1175 385
435 387
487 387
1129 391
744 389
839 398
825 399
976 396
476 392
1134 393
1165 405
956 404
592 407
916 407
1062 403
1086 403
882 401
1126 400
1168 400
1141 413
1170 413
1176 414
782 415
765 410
835 411
1008 409
1128 409
759 418
1159 419
831 421
1164 428
887 429
1159 427
1128 425
962 437
1092 436
909 438
1089 432
791 443
940 443
561 441
1129 445
1121 473
862 475
922 478
1071 479
1048 476
1129 467
1008 471
855 448
1148 455
1037 453
1139 459
951 458
821 463
419 462
802 461
1039 507
1051 507
811 509
892 511
797 503
798 503
890 499
796 481
1129 481
978 524
1078 527
419 523
1112 521
80 514
945 514
884 513
360 561
580 568
802 557
479 582
428 663
550 117
467 118
564 113
998 113
567 125
598 97
620 99
478 102
507 100
651 108
587 107
433 81
547 93
643 93
592 94
674 91
873 91
311 19
487 17
321 26
305 7
317 6
233 9
337 9
407 12
512 34
337 45
796 53
916 206
802 204
867 203
884 199
620 198
535 196
659 197
605 192
683 192
689 193
513 195
891 215
499 214
816 209
979 210
982 211
533 219
894 219
762 220
761 222
627 254
979 254
678 255
865 252
987 252
449 243
555 243
821 242
1096 246
801 226
838 224
536 236
967 239
629 235
659 172
772 173
669 174
699 168
568 170
816 165
593 166
616 161
547 179
576 179
931 179
942 178
622 176
714 180
599 188
889 187
560 185
674 140
628 139
473 133
723 134
563 131
738 146
1128 146
516 148
440 151
574 152
744 152
663 157
991 317
1092 316
821 313
977 314
562 311
1028 310
870 305
1032 304
792 307
808 300
650 301
743 303
993 299
827 298
634 297
898 289
609 294
672 256
718 257
1122 260
187 261
1001 266
675 265
815 271
895 269
832 286
1136 286
979 287
487 283
701 281
676 272
996 273
596 278
595 279
1143 276
884 325
675 327
748 335
814 335
874 330
635 350
756 351
945 345
472 344
505 346
499 339
349 341
1048 341
728 340
514 361
474 363
841 364
1158 352
1112 383
1192 415
984 411
804 410
1044 401
952 405
1073 389
861 391
986 391
570 387
1117 399
855 397
973 417
1114 419
599 429
1136 442
753 436
973 471
903 470
1129 464
1045 467
972 472
780 448
964 454
1178 459
1140 493
863 554
314 9
211 24
464 20
600 59
548 56
1051 56
490 53
198 32
808 92
1114 222
779 198
840 197
619 203
778 249
623 255
857 247
903 245
603 241
819 236
626 238
929 227
471 162
550 174
523 170
585 185
481 181
556 136
460 137
849 155
426 157
691 145
498 302
587 300
946 292
1025 314
1188 281
1148 256
482 268
481 335
694 331
906 325
834 324
956 349
1195 363
814 365
439 356
951 381
794 382
858 378
761 450
1072 459
1136 412
836 52
678 111
860 93
874 208
600 203
595 229
703 185
781 161
1057 310
771 335
231 34
941 331
602 261
918 350
701 265
717 202
509 346
588 521
415 176
782 402
821 331
142 394
417 205
886 366
789 291
1092 95
492 309
876 398
1106 245
662 348
619 292
706 276
1023 460
1039 321
450 107
1035 229
458 138
499 49
1158 147
574 149
153 319
1021 84
891 571
871 192
891 282
1146 314
1045 285
551 286
993 296
1055 170
864 437
1044 297
713 199
831 44
1150 238
821 1
930 121
632 145
938 250
840 364
1067 327
603 118
1160 515
1016 390
156 339
674 155
766 286
732 258
465 200
524 46
688 159
558 105
145 466
870 388
760 349
540 322
1015 434
756 152
867 315
719 257
483 292
978 77
1104 285
1190 313
962 118
1157 494
669 289
713 152
818 81
797 41
1001 145
784 308
724 151
1084 160
105 498
877 39
640 315
660 163
879 62
542 389
544 386
777 13
932 283
765 416
1038 11
475 140
793 407
578 360
277 215
457 281
1034 143
1083 150
757 364
509 334
472 147
589 426
623 245
699 259
461 79
1087 385
615 308
843 96
572 251
961 135
806 304
194 446
1018 223
255 48
926 303
646 221
588 471
419 13
897 373
946 426
1083 145
868 293
749 341
1176 363
893 36
1050 89
279 35
708 223
881 379
811 60
916 251
905 246
632 349
500 279
1058 423
684 275
1020 84
157 362
559 411
1101 48
1133 298
823 66
980 416
1099 163
808 42
115 477
548 258
457 176
969 128
1079 644
938 300
942 172
518 57
572 217
871 23
918 333
277 29
865 321
1021 291
923 5
421 357
889 363
1007 416
630 198
1146 185
917 60
560 90
923 78
806 264
1045 287
1065 96
223 468
587 253
922 224
794 311
897 90
1123 172
1049 391
956 235
411 137
991 39
811 327
210 251
727 30
942 374
530 241
542 297
1025 141
824 2
1010 44
233 226
174 564
800 80
161 313
577 218
516 351
1127 154
762 323
1137 465
878 121
180 601
433 164
589 233
710 233
923 223
661 93
28 583
931 119
1029 60
509 245
792 17
258 179
154 165
192 367
840 203
1158 196
879 327
931 31
143 354
543 269
561 167
856 16
867 286
1038 341
954 142
513 165
590 350
877 46
800 309
306 24
639 149
732 332
911 273
358 218
665 338
589 301
1115 376
232 516
344 691
867 393
930 56
1100 56
972 311
337 13
274 26
1208 229
614 131
1140 368
654 255
954 366
990 313
971 235
712 632
873 361
877 247
465 329
1087 319
853 59
989 221
608 278
958 345
1070 305
1116 226
518 207
665 126
166 439
136 314
765 227
204 221
690 177
1034 484
546 211
970 246
960 390
521 50
1086 443
948 442
628 305
846 213
718 15
926 384
568 174
646 319
133 576
1078 35
1029 81
448 310
1180 359
835 521
1063 150
1073 628
1167 421
556 351
470 146
1143 133
1113 320
1113 373
730 240
757 36
1059 89
761 33
1039 306
1016 103
942 513
525 57
1010 424
568 187
1167 377
1168 489
977 45
465 109
1070 81
984 10
1051 3
891 361
953 13
148 593
1075 505
548 46
175 294
97 457
728 2
1085 360
1003 302
512 157
795 38
957 103
1137 178
191 180
997 440
804 53
444 122
514 199
1017 372
937 120
1051 310
977 322
773 53
776 171
1007 115
1138 168
277 182
578 307
213 519
431 654
1069 327
906 67
1089 305
600 165
759 23
618 358
1097 240
177 590
950 378
591 324
624 248
994 144
785 330
532 99
1034 201
787 39
1085 223
585 246
605 186
702 157
870 9
329 17
697 294
153 497
1038 15
845 55
758 433
795 42
525 291
796 25
933 35
592 117
625 246
792 284
894 17
1026 18
713 209
961 347
1116 476
1012 460
1058 217
1045 34
486 48
906 31
764 308
940 75
148 432
225 235
1138 429
654 309
236 559
574 293
640 103
1123 103
482 447
967 490
214 461
888 58
508 120
608 282
796 14
991 478
530 167
575 324
506 199
1041 135
471 232
543 421
801 401
1133 159
1063 171
962 475
1089 94
1122 270
872 260
779 35
843 175
986 114
232 521
670 259
572 396
275 37
524 131
733 184
222 241
271 8
471 257
481 151
548 253
659 143
429 4
243 207
217 504
942 514
546 344
207 397
842 346
1202 373
868 371
909 76
443 218
1014 362
613 196
966 225
954 385
823 61
928 91
232 3
1107 107
1166 246
679 193
1061 294
920 254
977 21
173 293
1057 44
541 331
1060 525
862 309
1074 94
565 289
767 245
831 85
776 11
572 553
674 124
1047 443
1040 146
464 39
805 446
513 215
1024 435
360 9
926 13
601 68
912 252
674 106
528 231
182 434
482 347
178 449
113 452
829 2
943 2
558 159
950 265
939 467
1079 240
802 228
179 451
853 367
736 377
548 94
556 388
1101 338
1048 324
788 248
701 261
937 309
857 282
581 270
801 279
794 433
476 3
747 229
419 126
920 75
974 261
764 379
796 78
921 332
219 576
311 608
1072 224
732 2
235 678
654 240
1153 235
806 259
794 256
112 399
1077 157
663 342
506 15
153 366
707 130
661 147
966 116
785 60
1126 411
545 246
951 298
836 397
365 25
637 179
338 32
120 351
812 343
762 400
1098 221
713 2
865 63
141 292
644 227
169 496
473 154
507 353
993 67
1030 132
945 340
894 376
931 29
941 256
473 343
802 153
802 49
909 105
1063 54
991 119
818 288
876 106
136 238
686 194
1071 53
624 247
1045 26
994 222
1083 62
261 10
1046 123
236 385
933 359
776 169
650 320
708 387
567 232
789 9
196 408
857 97
1052 326
793 311
520 265
563 454
166 296
951 138
958 170
173 308
1039 291
161 236
1105 180
1175 343
866 80
1022 86
522 310
158 204
708 206
670 118
914 14
1018 356
940 309
1033 505
884 3
831 249
874 225
871 215
1134 354
1014 207
903 73
1092 383
592 380
287 26
871 254
1045 120
630 170
595 57
942 62
763 192
1154 369
103 296
1053 159
332 4
951 507
876 409
1077 172
561 135
465 283
1051 123
969 198
672 186
497 391
111 482
1095 96
790 334
625 186
374 36
112 316
445 319
928 258
672 98
979 683
786 298
172 260
610 242
433 130
813 407
826 361
1030 319
584 87
94 342
328 14
597 190
893 337
761 256
431 314
596 345
781 330
961 68
169 202
564 337
1148 548
936 343
879 95
897 23
667 213
1050 141
500 247
996 490
1051 289
943 547
1149 453
507 308
489 151
730 286
611 169
1008 339
167 390
655 155
586 231
533 38
548 221
811 376
585 202
942 114
839 387
971 250
393 7
511 213
508 242
1092 515
261 20
852 317
967 467
1053 63
718 256
258 566
832 290
491 369
638 146
498 98
669 169
926 547
619 238
896 419
810 409
944 77
779 79
215 7
899 459
1038 462
649 147
944 407
243 13
917 479
525 387
993 429
274 19
1121 104
528 92
620 245
482 276
1069 337
846 329
397 12
858 38
984 236
997 224
85 455
118 321
560 204
661 288
515 336
676 177
818 87
1013 87
974 296
532 554
814 18
414 167
906 328
972 531
862 376
675 288
461 22
489 218
781 396
1127 344
947 208
467 336
929 127
945 9
1033 250
1003 128
916 435
842 301
1000 314
661 222
1003 107
1151 502
657 201
214 492
528 222
983 401
671 321
817 41
196 367
132 211
512 120
1026 342
1003 265
1060 294
771 227
861 317
437 143
1040 369
926 323
836 298
941 51
853 386
794 25
592 106
1058 246
518 95
807 236
1057 456
870 328
170 285
885 430
445 108
462 252
1104 430
934 410
967 187
650 297
1204 384
1113 331
446 128
828 245
270 21
1038 51
764 500
617 203
1029 12
592 121
1079 338
119 313
264 35
695 276
600 228
894 92
779 13
848 36
905 283
811 351
1074 504
582 235
507 338
580 250
603 173
791 53
426 386
357 685
989 205
814 433
987 430
895 421
1188 358
1081 301
808 398
162 345
667 165
1142 410
753 178
620 273
132 391
692 134
430 167
1112 257
474 88
702 262
464 113
1012 341
850 84
329 22
478 300
607 130
586 130
803 380
804 357
1041 96
1059 393
821 169
879 325
859 377
812 201
497 343
827 280
893 236
1094 339
1148 362
1117 428
948 557
610 504
943 392
1016 69
999 332
569 82
694 199
664 276
563 348
891 464
760 353
529 175
931 275
767 167
802 264
588 122
1146 452
778 444
517 35
529 221
462 148
549 83
784 15
1059 219
1154 366
489 347
920 334
626 254
828 422
785 394
1133 470
113 332
238 9
197 216
906 388
670 254
552 140
934 273
614 228
212 555
914 375
450 72
887 81
876 316
864 178
817 402
889 357
680 321
1164 384
574 431
631 261
865 245
483 302
1090 433
637 206
1014 264
1081 408
1066 155
602 215
764 415
871 406
641 519
781 205
918 249
756 264
901 511
367 9
443 110
1151 250
547 132
162 270
755 284
590 424
827 397
972 395
899 237
1017 228
1164 268
1074 117
1114 356
924 122
591 188
938 346
835 256
902 310
1005 147
893 408
826 193
471 306
763 408
787 19
893 9
926 61
1043 273
527 260
1164 372
298 21
745 18
657 89
722 175
111 423
969 296
788 577
877 409
426 26
574 75
564 144
800 464
863 464
1003 438
805 272
462 238
1126 442
1018 285
663 142
503 104
926 28
113 466
944 300
1183 377
526 170
620 170
612 177
473 223
1128 251
665 89
659 271
999 292
502 305
654 328
756 331
1111 335
830 473
601 220
1030 221
955 198
1046 225
591 236
422 17
621 101
902 454
866 271
515 299
1061 299
879 318
1066 343
275 13
448 62
782 211
1072 226
540 187
623 177
540 302
261 28
855 237
1008 443
885 508
396 3
942 283
970 386
960 251
451 38
612 134
564 96
962 198
870 223
552 210
556 153
487 43
906 367
649 163
522 358
515 235
838 311
505 58
301 10
588 282
1025 88
200 601
425 6
464 198
1064 293
562 271
1111 496
894 304
1070 34
563 329
799 318
845 410
605 174
452 204
813 364
761 53
432 31
1150 114
688 221
576 291
759 298
988 257
1226 258
875 352
492 359
146 362
344 25
260 49
577 230
977 449
1052 392
1060 262
1016 7
1135 262
1100 304
1013 264
535 236
773 169
513 275
989 59
86 340
882 435
642 186
890 412
903 7
569 298
525 395
140 262
538 438
854 202
959 199
933 199
310 10
839 249
687 101
600 257
478 148
466 203
870 354
569 106
1185 293
596 258
162 511
444 386
1085 402
818 57
979 290
453 318
782 281
1146 375
583 370
1182 393
932 438
983 465
1090 647
633 192
642 192
531 169
448 116
592 114
946 307
994 262
954 365
864 332
857 342
925 398
1084 454
135 589
657 204
1027 207
1019 196
605 240
511 93
1157 275
602 279
888 264
489 336
503 337
525 345
647 344
879 321
1028 331
1143 359
990 380
919 379
881 425
1155 416
1079 421
899 461
1145 464
1108 565
929 200
948 216
1017 243
560 155
871 79
612 107
701 122
341 6
517 60
528 326
581 351
934 319
792 304
558 296
877 299
583 260
517 256
437 413
502 409
980 285
865 354
955 321
769 390
497 150
746 148
818 158
794 162
713 176
542 246
948 248
990 225
608 199
747 220
490 58
249 2
247 29
962 127
516 83
939 551
981 57
715 138
514 186
637 200
1176 443
1051 441
910 435
85 388
609 508
1134 503
876 467
1082 464
804 449
566 355
992 277
126 282
1053 289
525 301
889 301
544 115
610 80
246 5
487 173
825 165
758 226
516 229
515 252
583 194
838 198
590 207
952 207
794 341
786 375
963 375
929 365
881 481
1197 399
505 395
248 680
904 120
960 120
627 100
928 187
815 182
437 130
695 242
193 228
715 217
490 267
1110 259
760 325
1012 457
855 451
770 398
268 15
564 289
966 346
1000 357
937 263
198 410
990 73
445 129
776 467
955 579
836 307
541 74
490 120
887 254
579 177
788 432
987 119
668 307
685 217
1123 275
843 167
1104 255
220 340
1098 303
269 30
578 88
982 707
585 403
903 345
497 244
1144 284
1021 394
269 29
825 510
872 171
535 343
923 421
838 185
551 118
601 202
463 184
1128 472
1116 148
695 135
1108 299
446 305
660 297
443 217
978 293
1014 469
1084 453
345 2
1130 302
913 12
737 14
873 453
1002 207
842 227
658 357
992 198
360 29
985 326
619 213
762 316
1115 148
541 223
763 520
860 284
476 31
952 226
599 268
181 245
565 161
153 521
806 42
525 65
986 201
865 420
1016 399
606 298
967 291
827 342
819 242
1127 366
819 313
1083 485
444 168
477 308
613 236
1183 397
667 135
960 563
1010 33
689 307
634 277
930 401
599 382
899 327
399 7
545 144
793 454
891 51
431 112
963 70
1119 414
1122 140
889 316
826 211
157 284
595 97
1185 419
186 430
672 158
587 114
1091 347
792 225
955 393
517 129
580 144
502 144
543 128
596 245
604 376
1026 145
966 327
537 118
1176 340
968 492
1109 394
850 364
1076 416
346 33
818 357
1071 108
793 265
601 186
811 471
957 273
775 194
564 62
604 63
626 165
601 232
839 1
646 256
927 283
821 108
790 464
976 413
525 255
1056 291
752 225
935 339
1008 393
1123 226
938 109
889 304
467 172
630 411
950 58
652 113
202 527
818 17
865 87
456 452
1052 542
1102 104
1088 427
513 124
780 363
825 232
774 140
957 520
941 463
753 5
557 431
916 401
508 334
538 210
548 173
1055 63
880 459
987 511
604 125
805 345
997 371
813 268
1097 55
498 33
939 215
978 128
614 307
480 344
564 192
1080 333
1059 103
527 156
896 12
932 92
1092 321
111 541
1160 261
1091 421
793 401
201 258
227 617
638 187
895 293
104 458
946 48
1094 117
959 359
481 232
1113 125
993 112
105 486
134 512
182 281
958 123
1098 64
775 37
1019 345
243 366
1109 355
915 275
1149 165
982 116
1028 100
754 163
840 304
523 423
501 84
230 175
200 15
989 420
167 535
812 90
1037 66
500 238
1002 61
1039 61
473 378
1034 342
1149 177
111 337
1012 346
394 399
820 72
821 51
891 188
944 327
795 499
142 571
1104 122
249 302
979 63
955 40
937 124
871 457
933 56
1021 136
918 372
1031 60
960 271
812 28
165 292
195 476
879 94
161 274
889 49
172 372
168 133
782 3
1135 168
901 218
789 13
130 545
1155 178
738 52
243 247
926 2
868 54
235 160
690 204
938 306
1005 367
558 104
807 333
730 322
516 47
873 391
1056 327
761 275
129 434
841 77
98 378
1036 307
899 36
661 232
1026 114
809 361
226 345
829 17
1047 17
1010 331
901 116
840 43
615 264
289 3
944 16
917 251
858 77
1141 180
1108 89
846 474
91 395
961 63
1117 443
848 90
912 90
898 506
828 41
1091 388
703 149
599 378
473 100
140 304
1080 498
565 107
120 283
898 83
781 10
1151 175
590 157
206 314
219 242
237 194
144 280
875 272
1096 120
806 44
535 311
432 207
216 594
464 181
850 32
1062 452
1146 135
251 219
405 3
1033 160
454 218
1093 134
132 358
654 315
796 369
513 328
772 398
1033 318
572 282
863 335
618 309
596 92
781 153
1122 219
1152 424
520 101
742 294
592 217
864 104
790 259
672 259
429 125
948 35
321 14
878 381
1094 43
1037 168
880 484
1045 95
650 78
1091 92
605 262
845 378
850 277
1138 299
677 322
463 68
622 268
468 68
951 103
1058 347
1091 308
509 161
1089 140
514 216
963 144
451 318
958 80
319 685
583 238
342 3
979 250
894 0
829 67
610 276
656 203
1042 100
714 234
634 470
745 413
582 107
619 273
934 313
496 259
1113 318
561 214
1012 330
184 608
263 16
1013 382
1166 247
1058 328
854 215
573 226
605 179
952 288
809 372
819 33
255 2
947 336
890 45
819 459
449 314
909 296
988 11
1053 111
473 303
507 144
766 145
888 353
1041 48
631 182
1150 189
578 160
1165 427
1072 476
654 111
805 255
1017 128
522 180
1195 378
858 465
498 58
890 514
965 344
940 313
119 538
994 432
488 172
1186 238
218 254
905 456
807 363
947 267
597 141
1074 511
1028 135
260 16
1091 557
447 266
252 7
709 181
542 322
616 250
951 436
616 279
874 274
883 320
844 271
1054 346
1142 325
894 294
1035 463
640 234
357 2
1121 257
897 261
977 376
906 358
151 309
1135 443
887 251
320 14
292 21
830 83
564 259
892 327
816 486
880 494
231 500
499 169
1154 161
721 128
968 131
779 141
681 209
820 253
1028 248
613 119
799 72
368 680
1067 545
825 340
814 350
608 291
647 302
1175 302
770 299
450 317
572 263
992 265
749 437
586 436
794 445
907 424
768 412
908 453
171 482
249 13
359 39
680 146
837 148
1107 156
451 128
614 179
1142 191
816 162
1141 167
780 220
510 253
601 231
936 543
800 586
452 619
205 696
529 332
1077 327
896 342
1055 349
1089 349
889 378
598 381
614 368
963 363
573 360
817 364
929 353
463 273
461 266
628 266
678 269
884 303
519 301
595 290
1036 317
1169 442
901 440
961 446
1160 432
839 421
1085 417
1006 431
654 81
902 86
766 3
369 1
358 7
370 12
1039 14
213 8
194 25
964 29
287 19
873 56
217 39
474 46
680 237
621 229
530 230
958 225
1008 225
605 247
815 251
848 250
809 249
804 198
790 199
627 197
555 193
524 204
554 207
985 208
643 214
705 190
487 191
643 183
468 176
508 168
596 173
684 165
696 137
988 141
831 149
645 147
702 156
711 156
394 712
1068 533
591 535
959 541
148 537
1059 538
996 519
893 524
911 525
49 576
735 314
1030 312
894 318
621 311
1072 311
562 309
494 305
1121 304
805 289
958 300
927 298
593 284
567 285
577 286
673 287
1008 282
676 268
679 269
659 270
791 271
456 264
989 266
611 258
665 258
658 259
423 345
875 347
539 348
1077 349
616 351
952 351
567 339
950 338
1184 343
1011 340
1095 327
479 326
871 322
590 332
860 332
1166 332
486 333
780 330
983 379
829 372
960 372
871 371
932 368
626 358
784 358
647 352
922 362
1150 362
1107 360
458 364
778 468
855 469
1062 465
925 466
1074 462
596 456
1110 457
611 459
1159 490
1166 493
1124 482
921 480
948 499
772 418
869 420
891 438
1068 436
568 435
1132 446
931 445
760 440
888 387
770 384
1199 384
1089 390
932 388
1162 396
935 395
1185 393
445 392
823 392
755 400
969 402
1093 404
1100 412
439 125
619 124
975 127
1018 119
525 102
941 96
475 108
549 110
585 110
980 79
544 71
609 66
535 83
581 81
269 28
226 27
306 27
469 10
425 4
278 42
507 46
488 52
956 206
911 207
937 204
677 200
700 197
667 199
672 194
831 210
813 214
889 219
479 217
584 222
699 223
970 221
616 224
705 225
955 226
387 230
845 233
730 234
567 235
823 238
497 239
627 237
603 246
445 247
741 245
497 243
512 241
1142 255
562 252
850 248
467 132
511 132
445 135
637 130
451 140
620 143
522 154
606 153
452 158
788 156
543 146
552 144
641 180
951 183
892 191
599 166
587 167
521 161
735 161
1100 161
848 170
711 168
709 174
830 175
784 173
395 676
329 669
439 655
1092 521
875 520
504 524
930 518
797 535
1120 590
644 584
1001 576
556 579
1125 578
856 612
633 288
677 289
567 292
852 298
522 297
516 303
1073 302
792 300
465 301
498 309
906 311
964 305
813 304
1133 312
1052 313
390 319
822 318
777 316
988 256
534 262
891 262
1060 263
1062 264
633 266
765 268
696 284
501 280
786 281
775 274
877 274
902 274
1067 325
1084 327
494 322
922 320
539 328
828 331
953 330
428 333
997 332
1139 348
875 349
544 344
882 342
1059 379
754 380
810 372
1172 375
864 369
1007 355
996 359
999 362
634 363
882 360
1120 423
1119 420
874 428
977 426
1088 435
889 437
920 444
1004 443
775 399
452 395
211 390
572 384
898 386
758 402
893 402
987 405
796 464
1129 466
1138 466
780 479
889 463
1094 463
717 457
966 456
777 487
1068 481
871 502
1061 511
683 105
632 98
534 97
914 119
526 114
530 124
602 120
1077 85
520 81
861 82
458 94
343 18
329 23
869 21
933 26
338 24
372 28
377 4
327 13
294 8
224 10
450 39
504 49
459 208
611 208
499 210
821 211
916 213
917 214
571 193
664 194
519 205
744 204
850 202
802 203
879 200
492 232
647 238
661 239
952 236
764 230
713 226
715 227
753 252
790 250
986 248
719 249
1144 240
1070 243
813 242
888 247
672 245
433 139
663 138
471 140
804 143
567 130
709 158
514 153
468 144
579 173
724 172
534 168
532 165
896 177
148 179
719 179
494 181
637 186
979 185
822 512
779 542
926 563
69 644
581 114
587 101
938 111
459 66
683 88
439 85
441 20
260 12
811 32
482 40
538 59
172 242
1099 243
129 234
811 195
799 213
485 132
393 145
941 308
1054 308
1021 311
676 307
855 319
743 316
547 314
239 315
1082 313
931 297
1155 297
725 298
683 303
636 301
783 291
501 259
703 258
1151 258
588 257
705 257
904 262
946 263
463 260
1072 269
649 268
805 271
724 266
905 267
1003 287
966 284
736 282
885 276
503 279
636 278
790 274
904 274
1136 351
736 349
553 344
862 347
575 337
771 342
564 343
792 340
870 323
534 322
874 320
1021 326
1180 328
758 331
786 335
736 332
573 354
1077 352
814 359
817 357
833 363
510 365
948 380
905 382
755 378
909 377
1000 370
803 375
761 392
1125 391
370 387
989 385
784 408
565 413
922 419
742 428
783 435
634 434
1008 436
516 445
597 443
1124 494
902 493
135 502
933 469
105 474
1152 457
208 665
962 574
681 105
1008 105
486 100
631 102
1116 119
640 120
766 66
804 66
586 67
865 85
578 93
1074 13
304 2
407 3
360 21
511 32
1126 253
665 249
1172 248
930 246
602 244
663 229
824 223
645 222
628 211
273 209
616 193
572 192
669 195
479 154
449 159
830 151
1131 177
574 182
505 165
596 165
600 166
618 169
1006 296
629 302
1072 289
195 315
770 318
556 310
564 311
849 284
1065 274
860 321
1088 328
958 334
832 366
963 367
733 359
461 379
864 379
519 380
935 370
906 410
1116 413
932 405
739 421
1112 430
578 464
98 454
1067 524
1055 97
469 100
562 107
491 106
481 123
583 123
602 125
519 114
1025 37
208 25
559 236
485 239
951 230
549 205
857 223
525 161
372 167
562 174
599 140
657 154
974 260
629 265
637 265
1082 269
576 271
969 274
1003 312
391 306
767 298
776 294
679 289
870 335
463 327
881 351
680 343
898 377
891 362
1186 360
855 359
805 582
666 88
533 116
601 193
605 232
713 181
776 152
886 258
1153 257
443 264
774 319
525 293
485 353
955 355
526 379
604 336
833 488
754 460
1163 401
1192 405
1175 399
790 386
1137 427
614 431
607 433
361 600
687 94
1057 35
312 3
995 3
496 173
642 150
566 225
814 227
850 238
618 278
511 271
640 269
1124 291
899 411
202 407
877 386
980 500
340 711
871 12
511 99
437 379
839 363
919 360
1050 26
611 232
591 375
1063 247
805 341
332 22
645 185
612 255
570 62
507 256
750 179
924 441
727 323
982 132
940 311
1168 327
537 189
433 65
722 286
241 21
770 252
475 42
933 216
576 111
261 18
107 496
595 199
962 291
846 541
603 302
923 313
118 485
607 290
781 58
544 204
875 252
235 4
480 306
833 260
940 286
1101 527
612 334
680 293
526 360
1053 350
643 189
999 364
201 186
1036 521
1138 326
1000 110
1153 394
878 231
834 453
1176 202
780 457
544 56
800 414
533 323
780 431
770 12
402 355
915 336
1086 140
964 90
653 420
124 297
986 269
883 307
542 175
85 366
554 449
945 280
892 442
863 377
641 237
782 161
1040 281
759 207
1010 258
1087 478
276 36
832 237
769 0
755 191
891 175
930 466
495 102
1149 484
822 380
1129 476
833 337
462 283
503 306
702 125
1182 321
1156 200
1076 322
285 30
884 364
900 265
819 296
769 317
266 524
627 306
576 255
137 587
636 69
511 352
451 1
647 374
740 369
759 5
590 318
466 64
608 223
1043 557
985 432
839 288
596 243
1039 511
838 321
1009 371
570 63
807 286
356 4
454 32
873 92
360 0
1187 335
134 579
1011 313
1120 246
903 479
701 320
790 436
1009 35
1032 30
1197 347
584 314
413 367
1061 500
803 309
978 319
962 12
861 370
874 426
799 238
230 469
1031 326
1169 203
538 305
626 255
1013 351
1122 157
304 135
490 289
515 334
445 207
553 232
907 487
379 5
1006 543
988 210
230 519
940 224
1160 166
971 346
1036 380
809 197
718 190
172 360
640 145
870 25
741 238
973 104
1150 356
906 479
650 110
503 88
182 323
792 16
884 371
159 559
1015 129
1141 149
721 11
772 28
656 97
1078 146
771 330
910 25
120 433
909 202
949 616
829 423
793 398
775 535
1073 299
610 441
1015 117
189 418
596 343
594 321
962 1
962 535
620 247
113 279
822 211
616 315
873 513
788 55
1127 254
589 93
1024 72
517 66
1114 152
121 269
877 56
533 269
773 316
915 253
909 79
286 4
882 104
840 32
600 321
138 576
1092 178
857 88
1058 134
605 76
883 19
1134 419
899 11
1096 153
943 520
1085 159
845 395
922 426
711 236
779 295
812 328
979 255
597 187
140 302
621 387
1148 485
136 384
1102 173
500 209
900 62
504 681
784 322
189 423
1018 83
896 59
934 60
110 213
935 353
1106 90
186 33
1063 45
1002 43
896 38
115 429
185 307
1055 531
118 554
1184 377
850 76
518 170
131 449
912 280
748 233
1025 348
955 318
1051 449
232 32
795 33
604 205
525 397
316 16
714 129
430 163
650 335
136 302
496 385
1043 134
583 223
157 228
465 107
974 14
808 55
178 264
488 154
884 205
116 306
717 16
840 33
1164 404
985 271
552 256
1087 493
1104 158
1068 145
990 122
598 320
964 123
1157 328
771 281
786 418
261 467
1137 163
1033 139
883 100
887 0
1151 185
918 71
221 127
1107 141
1070 40
1075 34
1131 88
585 179
839 356
547 283
581 216
1141 156
916 501
154 571
1065 148
648 252
605 269
973 70
740 507
187 230
805 13
798 314
90 382
970 108
572 213
867 4
1036 129
509 145
1065 134
677 202
729 210
1025 406
615 301
968 396
584 372
147 319
827 305
492 31
1003 501
1027 205
235 277
841 261
943 498
822 57
1020 403
218 428
383 11
91 401
156 373
551 356
948 354
805 27
934 223
182 543
1075 16
996 80
926 77
1083 138
781 2
896 270
648 82
988 361
353 4
741 6
147 396
266 151
911 326
1106 117
608 97
1100 97
879 107
648 174
827 54
1109 153
1111 69
154 213
185 152
858 338
970 579
978 413
214 503
109 466
754 423
918 418
530 293
98 515
977 39
651 183
1092 213
726 6
1056 117
1076 156
788 78
619 160
790 54
573 88
1125 87
566 287
785 25
1075 311
1016 45
194 184
105 349
1117 216
213 571
1018 31
1083 72
1140 102
803 403
116 454
1003 451
866 323
889 22
856 274
906 0
976 401
172 253
138 531
843 27
125 562
992 67
789 38
1115 175
972 34
1144 141
1143 172
721 315
128 436
1033 39
179 488
973 142
743 219
1017 139
1033 151
238 196
193 298
943 56
755 80
829 352
1143 404
1121 170
1110 134
1027 152
963 126
245 552
947 54
714 21
176 338
90 379
105 443
1078 68
518 323
486 314
172 201
797 205
172 213
455 129
1086 73
1009 234
237 281
748 4
1014 133
941 24
846 420
1028 80
297 396
132 435
206 312
96 235
1113 142
1159 176
511 277
912 63
754 358
212 231
940 44
757 12
820 319
564 505
257 14
182 438
563 240
1112 384
842 21
885 21
1141 131
1095 56
112 336
793 25
929 84
507 316
1054 48
869 36
1143 164
708 169
104 485
1010 62
1099 400
1089 73
1059 121
787 30
824 244
142 312
917 402
498 228
232 287
535 331
1029 511
1151 271
224 490
1014 291
647 277
1064 286
631 286
935 27
799 368
1110 221
883 49
851 349
197 569
141 467
944 122
923 57
900 21
964 377
199 219
1029 98
165 550
1103 154
1063 31
1025 96
125 557
758 419
829 92
1081 21
851 40
1004 95
1134 95
1058 46
253 176
1054 41
1022 330
473 309
1061 148
633 129
162 443
204 337
1234 680
913 329
944 46
250 7
1070 143
608 265
397 153
690 89
934 89
1026 125
802 24
760 51
634 160
1106 129
165 374
1097 269
816 334
599 135
1059 152
788 428
1130 179
1101 106
681 111
783 79
581 309
772 370
561 99
1028 282
127 393
186 638
789 19
897 122
1140 121
560 165
558 281
843 50
914 354
828 72
151 479
646 70
222 363
899 365
1029 574
736 362
968 390
951 342
1039 106
1035 135
566 207
831 181
169 590
583 292
1069 499
522 227
306 21
206 24
829 345
113 235
895 460
999 401
1064 393
835 238
986 410
1150 174
502 180
1138 194
810 22
942 116
481 76
180 565
1016 247
497 131
260 605
137 274
842 527
173 610
105 334
848 244
977 130
452 344
791 444
825 493
286 11
874 301
878 264
223 187
839 13
947 530
1099 50
922 262
594 263
251 24
596 210
728 210
504 86
554 356
877 106
949 280
924 118
1007 118
717 244
826 217
173 266
176 231
501 392
160 233
209 625
996 114
1092 163
338 6
828 53
895 305
887 496
952 5
1124 163
171 359
1023 355
539 239
980 0
651 120
566 250
938 479
1094 128
928 113
1008 22
551 207
203 343
1001 418
608 230
607 436
676 228
435 292
120 316
176 655
205 612
500 194
499 27
674 244
305 151
964 103
624 273
644 260
1078 84
517 278
1024 24
1105 173
211 34
950 376
1168 303
1000 149
614 225
1110 106
245 321
461 116
132 397
884 321
895 522
1102 143
199 369
538 276
623 325
523 157
1049 155
746 173
784 432
836 49
226 25
235 242
1130 174
1021 23
1005 539
233 11
152 579
807 41
995 58
501 232
718 154
1113 154
1015 114
167 384
81 376
204 420
772 275
859 346
738 63
925 345
925 251
911 1
921 309
626 78
826 54
1103 74
88 331
248 211
683 236
282 25
884 70
910 413
848 3
787 44
720 21
997 246
542 146
870 340
482 101
864 365
880 190
837 25
256 330
246 11
942 48
1072 31
758 175
167 430
1096 438
627 275
229 208
787 56
1088 107
1130 181
791 12
987 20
758 279
270 245
921 90
607 258
769 389
985 492
351 29
835 420
895 68
722 162
568 266
841 470
643 331
702 209
1099 38
915 223
478 304
890 35
159 601
890 82
1012 105
752 243
718 4
849 414
890 94
959 110
999 110
1093 71
796 341
1043 351
148 427
1155 451
842 51
839 40
201 181
185 411
1075 104
969 105
147 403
1139 403
940 119
808 0
887 487
783 45
1062 57
794 27
842 4
1027 141
131 383
1003 125
823 60
807 269
583 239
135 344
156 563
843 319
112 338
113 477
953 52
995 447
880 75
283 524
874 505
893 235
1073 47
246 179
1020 90
252 17
865 17
1137 192
927 89
847 519
1011 114
1138 119
821 62
1052 64
856 73
222 513
1028 339
103 328
813 19
1023 126
786 51
1051 51
1097 101
1080 117
1098 120
149 227
802 17
803 4
221 657
140 224
736 9
769 48
263 193
1044 21
1040 133
908 54
758 11
118 340
904 41
215 478
1096 51
177 537
1100 113
177 275
305 160
161 225
601 122
246 217
1031 110
1090 121
1092 121
558 142
121 251
1056 133
649 184
800 63
606 240
198 448
882 100
843 107
761 1
199 579
135 208
917 16
939 371
173 237
1082 341
807 29
550 244
816 61
1067 36
156 287
697 167
849 451
215 269
1155 171
768 64
1094 143
956 416
805 37
899 65
1101 92
439 116
1125 167
607 322
847 90
104 558
228 237
842 16
181 198
813 265
877 452
1142 129
905 433
283 196
316 5
131 547
941 346
426 7
810 407
1152 272
1029 59
101 496
886 70
998 43
827 52
1026 123
853 102
1034 67
834 57
790 437
997 95
233 587
1005 84
1148 411
206 192
804 462
215 272
747 488
451 264
774 62
969 122
971 107
586 90
1006 148
132 355
873 75
469 235
509 162
465 186
252 526
1172 392
702 638
540 219
238 15
752 346
1024 70
95 387
947 107
107 338
969 335
573 278
466 0
748 310
815 303
99 447
126 341
889 21
704 11
447 257
88 447
567 276
771 47
954 63
945 447
918 114
819 94
847 60
534 44
858 243
1140 349
506 143
676 129
1022 88
1038 29
1085 97
1148 330
212 220
950 482
727 146
627 245
558 176
1050 405
926 426
910 293
984 368
912 106
900 278
171 592
974 111
896 86
775 325
94 316
1156 152
808 7
863 79
476 174
1109 377
169 513
888 369
1037 381
897 298
169 517
1129 238
119 501
766 44
851 188
142 281
835 62
1042 130
536 241
1053 59
98 695
920 297
948 409
89 376
830 107
559 173
836 40
1022 20
1129 158
1021 83
245 355
365 691
185 225
675 211
214 385
837 76
787 74
529 396
1003 88
726 135
270 207
1149 339
761 246
174 374
771 15
930 15
1100 445
936 109
137 287
659 318
182 482
901 470
193 649
814 74
270 544
211 174
133 362
1128 234
880 53
1138 146
844 77
893 78
173 429
184 333
845 240
826 262
1064 210
1100 155
668 146
163 405
1132 417
112 317
1155 397
796 378
436 296
587 135
973 345
830 435
750 180
804 87
645 327
236 16
525 172
480 216
724 238
589 136
1000 136
1094 136
566 320
1003 432
815 315
904 46
755 13
794 427
1156 456
1095 94
599 274
210 206
984 419
975 29
621 228
607 193
877 197
633 112
887 102
690 332
577 73
998 404
650 333
987 281
815 15
729 198
874 285
904 352
1072 105
659 124
1117 153
910 91
234 262
718 22
131 474
626 472
930 538
880 74
536 215
1134 128
430 2
776 346
248 2
888 22
255 154
422 10
968 521
1095 242
1119 155
948 103
153 233
1037 131
748 386
909 14
905 277
1010 102
244 168
891 40
1106 163
456 142
155 165
835 17
494 230
191 150
1064 49
1181 338
792 6
795 3
852 87
241 11
1020 243
1045 62
825 354
1030 63
952 278
894 33
288 168
1005 130
675 322
232 47
504 278
798 62
263 244
722 182
517 216
135 303
953 303
542 266
883 25
947 406
864 36
918 274
219 501
984 95
559 354
200 647
1164 338
988 188
1087 553
854 62
959 52
1068 220
881 318
132 337
446 112
1084 361
489 265
939 47
607 103
1103 300
996 90
499 386
566 343
1062 131
1143 131
818 79
1081 423
944 362
1137 179
917 52
494 57
1077 19
1041 124
1042 124
369 18
108 488
1050 154
597 90
887 3
84 300
843 92
968 597
215 476
90 465
929 86
999 11
1015 52
735 139
953 100
788 368
945 312
1036 134
854 246
1019 118
1037 146
1160 188
977 115
164 632
214 257
1009 123
923 249
834 67
888 290
146 472
1123 112
1140 184
94 283
407 294
1000 129
1081 85
1116 63
939 81
466 104
178 344
629 225
1051 399
1042 61
1012 123
1100 362
1149 457
1028 497
1030 141
126 84
530 231
180 305
930 94
1068 94
1061 287
677 303
934 221
900 11
1032 268
975 425
980 127
583 253
790 14
883 67
788 289
289 19
975 4
784 200
1164 395
944 527
1081 282
860 37
454 354
493 262
1135 169
589 218
840 57
846 393
389 353
1060 344
169 442
827 76
484 264
917 123
100 369
839 225
867 66
93 362
1111 130
649 80
988 511
561 81
929 126
619 345
817 30
269 360
471 278
645 195
1009 23
184 480
535 430
962 276
576 285
1051 24
848 69
732 184
1051 159
472 263
777 21
549 139
823 389
850 112
166 432
901 314
1134 173
82 328
551 324
910 208
802 18
887 130
1055 145
1192 308
1043 21
1020 129
575 192
1108 115
741 2
501 253
1074 375
891 485
928 88
846 363
822 50
807 12
1027 63
1267 97
745 14
811 14
596 123
881 423
1103 146
195 237
166 293
1140 164
1025 94
961 304
721 227
839 42
966 60
532 218
936 91
934 43
897 25
1150 400
862 61
565 321
812 212
183 203
219 301
817 21
818 64
697 148
179 619
1084 316
531 175
954 194
233 584
994 511
970 25
1060 47
488 208
862 167
1085 62
792 239
960 307
799 428
169 566
320 566
992 227
672 110
971 132
1049 144
579 68
128 435
1023 127
801 76
1084 19
600 223
960 121
220 27
1091 383
1055 219
886 39
160 481
463 226
872 18
593 385
1100 110
801 211
119 210
1016 367
832 83
457 26
476 277
1041 43
900 47
963 406
1172 296
1085 330
1028 16
165 499
437 236
978 31
888 78
745 15
872 24
1050 149
952 310
444 340
724 131
955 7
623 207
1135 396
147 557
1170 443
792 306
103 333
808 57
892 110
1040 378
823 216
501 352
735 305
633 108
119 391
616 324
869 310
890 409
911 107
596 110
464 360
103 280
790 469
971 33
1069 218
287 430
572 186
1190 699
232 496
965 130
839 347
146 273
509 215
1028 219
612 126
925 211
910 309
300 20
740 204
868 322
960 13
1014 391
887 74
899 56
693 320
496 34
550 239
505 287
539 114
946 18
152 199
630 397
121 249
797 40
477 144
108 399
127 223
1050 59
677 116
108 347
1108 111
889 55
956 188
784 49
445 164
182 184
156 286
1124 181
566 417
924 92
905 89
855 496
253 566
988 108
1061 293
1105 136
817 383
933 112
900 336
109 369
106 442
880 380
953 0
772 10
882 85
900 215
141 198
765 12
269 476
643 310
878 60
1162 165
986 96
824 57
170 606
1099 459
794 24
762 6
258 240
1060 240
768 427
641 124
1054 40
877 0
882 116
884 38
191 168
1116 258
1119 118
1057 123
520 27
133 258
935 98
796 40
88 441
1014 122
91 481
813 49
198 344
445 307
594 317
154 339
559 140
999 140
1081 152
239 299
125 580
628 259
861 387
784 10
863 92
153 363
578 262
520 201
220 348
1134 137
797 187
1070 69
1075 69
618 361
772 30
808 46
258 232
869 53
179 353
1096 103
1113 103
979 106
111 374
951 322
219 267
732 177
860 77
1032 332
626 284
960 323
1041 29
782 26
940 114
130 400
991 92
147 290
882 226
576 155
241 188
622 163
1144 132
698 682
106 245
165 527
171 263
916 237
473 116
957 264
606 116
813 35
1019 35
599 292
1146 172
787 5
862 508
922 404
651 74
323 4
1025 148
1134 111
474 145
805 157
930 115
1093 64
556 92
940 488
882 402
940 502
658 257
896 365
1117 421
94 383
957 248
906 430
809 403
1061 361
228 436
877 303
470 324
955 406
459 9
187 490
673 243
958 294
1054 150
1146 280
1097 489
973 349
811 242
575 330
537 148
951 252
554 297
218 262
981 448
165 435
584 423
189 177
610 203
164 403
876 39
1143 136
244 3
903 315
924 409
922 51
856 516
1022 78
782 392
659 228
577 81
397 677
625 167
1128 106
755 321
668 116
558 275
521 413
1042 54
489 293
118 407
472 307
1019 460
1049 306
112 346
500 157
1053 466
525 266
899 130
554 265
557 249
687 249
921 2
633 428
776 27
1002 350
133 501
1015 16
656 261
1071 91
1011 0
813 75
531 152
933 530
158 416
764 356
142 284
824 212
831 455
755 313
884 286
992 558
894 190
920 31
1120 355
129 555
942 61
991 10
1116 338
1161 395
251 2
857 7
577 117
526 100
820 227
939 331
779 332
723 327
897 364
988 455
753 482
203 646
1044 588
853 525
880 56
456 157
618 148
947 296
359 6
568 229
800 295
93 370
940 107
792 57
683 283
1065 281
685 269
950 291
623 297
338 18
852 254
822 287
849 266
917 379
775 367
90 353
346 29
488 131
1160 238
676 234
1025 221
1038 321
914 320
1034 320
164 308
575 258
920 388
714 407
919 448
627 495
1000 4
891 55
1019 315
1021 315
1034 456
652 451
971 254
517 313
814 422
568 160
570 116
647 274
514 134
881 314
507 223
250 233
556 175
601 184
505 101
1097 458
834 343
979 332
146 521
1072 42
754 353
878 457
1164 482
510 252
100 308
451 344
420 157
1126 121
265 50
507 165
718 198
457 57
1090 493
266 200
1077 271
1126 366
827 62
897 316
515 277
372 12
649 314
580 358
591 85
687 234
504 114
280 40
950 577
1126 420
644 184
1111 113
877 435
718 111
878 319
538 275
475 379
969 379
824 1
1038 125
651 72
1084 250
1048 315
742 312
918 283
568 358
1063 495
1112 483
307 19
548 265
1133 282
588 310
485 306
1030 328
551 243
600 174
480 108
379 1
869 316
691 260
1014 267
934 420
727 7
159 398
470 23
760 28
488 133
680 336
857 228
1124 462
949 361
472 115
658 175
739 476
555 317
811 215
1028 455
886 459
262 254
698 126
161 516
671 136
800 258
532 121
772 391
840 402
383 7
839 166
568 305
1147 443
558 251
973 135
1069 100
922 103
629 211
708 234
182 404
113 546
872 63
607 184
121 372
898 290
969 11
1110 233
294 571
1164 377
783 303
870 377
1047 143
496 261
461 39
997 291
810 159
591 262
1028 89
136 211
487 225
192 269
681 189
1019 605
204 326
805 73
401 209
793 320
105 470
989 368
762 326
571 219
659 107
819 64
601 271
981 354
599 193
134 192
383 1
907 172
480 45
681 183
224 15
215 244
229 29
217 537
583 209
955 11
775 301
947 88
914 301
1044 155
607 205
717 116
507 208
455 104
444 46
591 423
873 335
843 288
656 286
593 66
282 147
606 195
573 342
1100 78
963 452
989 77
134 301
1152 274
812 245
882 541
1077 81
685 168
630 332
584 417
602 210
1102 59
555 139
650 216
669 216
588 189
906 315
839 193
665 253
504 119
521 231
843 435
855 80
688 210
546 256
798 55
1068 321
560 319
565 213
790 18
963 551
980 440
1102 402
1117 498
884 263
623 283
782 283
620 366
1000 366
636 180
1161 178
449 172
721 132
958 72
743 119
965 52
715 24
545 279
891 286
860 260
926 360
876 363
464 370
747 323
756 422
1001 473
568 243
573 246
1117 226
453 234
823 204
874 197
655 174
306 167
638 176
501 134
956 324
874 373
594 274
543 384
206 441
984 426
1062 110
500 383
998 408
647 173
1044 90
657 186
84 304
566 338
867 319
917 238
569 183
1159 431
1003 333
522 351
486 13
138 480
925 113
195 258
514 37
850 291
1013 131
915 408
634 66
417 282
1075 83
188 296
577 283
142 277
494 243
540 130
1144 481
571 159
620 165
764 278
1007 207
207 417
594 71
706 11
374 15
1104 87
769 269
645 445
942 437
133 425
173 219
346 30
135 414
827 35
785 45
948 7
783 343
830 75
732 342
1064 53
757 310
183 31
624 275
590 308
614 152
699 224
434 329
880 368
661 197
561 265
1065 447
847 414
643 108
1081 99
333 4
752 22
812 253
886 484
933 405
770 295
946 286
465 228
967 376
334 28
892 230
1047 296
1123 461
818 100
986 257
650 163
148 181
790 389
578 270
1014 307
822 229
622 114
1127 114
198 41
836 462
634 178
946 343
1021 409
1027 276
449 120
660 253
1130 359
995 426
920 27
1157 227
914 216
951 419
78 338
682 291
483 611
866 22
957 12
612 193
857 345
994 283
584 299
410 17
1065 238
677 297
579 56
948 412
434 133
924 394
1116 421
583 357
994 37
599 366
185 266
1131 354
1010 520
905 122
1000 122
580 268
877 502
595 491
1089 306
660 89
775 285
830 249
883 309
881 448
193 581
1099 319
138 321
1159 446
254 615
294 4
1041 242
507 275
473 156
877 451
103 362
493 117
722 187
145 518
793 152
628 243
529 286
251 47
911 28
905 588
979 226
956 104
528 102
972 201
862 46
715 116
1109 269
1052 323
859 356
1029 146
1014 412
776 351
920 333
998 35
737 183
648 276
979 311
1153 375
157 61
847 223
845 277
302 0
890 571
457 249
711 191
816 359
551 246
563 79
222 31
452 388
582 398
1108 255
209 6
879 393
1106 150
573 158
1002 53
860 291
134 201
1102 172
696 165
863 235
891 484
1048 314
1044 129
877 229
1074 415
646 133
980 491
628 127
1141 502
799 273
435 121
511 106
499 197
944 452
830 334
1114 322
1142 417
757 376
795 274
499 346
758 336
497 367
886 251
135 333
554 155
609 279
1001 402
994 252
966 203
775 178
366 7
246 0
991 271
627 126
557 151
844 245
569 216
971 459
846 308
1008 266
918 189
759 280
890 279
763 467
1104 320
868 248
797 386
573 411
1019 309
1006 318
1182 261
935 379
513 131
671 168
1097 461
728 27
594 385
614 221
566 159
980 273
887 163
386 1
637 72
1094 302
762 531
1128 446
211 15
1103 526
1042 236
438 349
950 261
568 155
642 355
1079 366
520 270
864 475
585 126
826 150
966 331
647 268
766 191
944 292
975 130
614 418
808 40
456 160
791 287
848 93
1022 89
156 465
595 74
850 206
593 245
554 92
300 14
984 409
821 104
1003 488
713 117
833 48
683 309
608 381
951 448
949 527
993 337
963 519
865 212
704 247
263 43
761 358
537 121
918 354
115 366
555 230
501 197
479 213
650 223
839 555
237 410
652 337
169 384
473 391
1006 463
501 212
1022 127
718 262
938 8
956 275
159 383
291 51
726 202
854 15
443 128
1103 407
1057 301
907 82
194 457
1065 117
609 418
962 458
886 113
629 289
634 69
493 138
934 83
1061 151
522 205
527 281
678 314
709 21
798 224
674 100
477 221
1148 245
202 303
558 313
807 270
456 63
1141 142
1077 88
1140 397
1095 512
344 5
591 285
880 203
880 276
1076 335
902 229
919 325
865 228
1073 486
526 155
1064 316
558 578
446 207
819 464
528 86
1056 275
898 87
975 379
392 27
654 115
793 321
1041 249
569 360
780 36
296 17
838 259
632 109
869 62
937 330
330 15
251 46
828 316
223 16
812 309
991 280
1016 280
569 167
978 447
227 210
506 125
643 132
1138 396
886 221
1069 328
600 258
1027 517
1012 81
825 249
580 333
708 209
1107 177
784 228
522 242
298 16
711 299
222 210
435 115
783 339
749 368
900 380
783 369
939 423
956 319
601 251
828 426
908 429
1089 311
598 182
1015 383
620 239
557 350
466 328
1176 497
222 358
831 55
1126 313
226 574
504 287
726 138
1052 262
661 264
483 153
177 323
848 112
971 77
660 208
1142 179
533 319
640 474
1137 569
1095 323
635 370
823 33
893 41
1047 108
1060 305
1128 231
690 118
535 96
1148 177
433 55
965 213
570 370
1135 160
796 301
925 103
1153 155
698 158
902 352
681 302
816 455
1154 125
862 305
942 554
504 158
1151 465
853 403
778 7
811 216
638 325
844 94
1016 332
495 254
1188 441
107 328
440 147
532 75
483 103
853 116
1083 380
212 432
906 413
821 270
1006 522
640 270
499 379
473 348
1000 25
1105 519
1086 221
832 302
946 100
587 216
953 125
1092 125
1001 94
949 78
168 286
920 312
957 67
1137 327
795 152
903 265
802 357
877 323
669 279
467 105
923 233
802 372
776 259
1164 241
593 135
521 183
621 269
101 300
596 119
593 107
953 10
896 213
560 176
892 173
201 610
758 427
988 292
898 273
774 64
292 548
1090 73
950 316
964 108
1105 108
1094 135
1112 75
783 60
672 296
594 241
776 25
826 197
927 107
1008 132
1171 443
1104 470
476 350
185 290
470 227
1128 440
993 123
960 116
647 237
662 238
744 400
1074 65
427 178
626 182
817 463
1100 174
497 159
1003 52
891 235
184 254
998 405
700 8
139 464
784 555
174 685
943 331
145 432
151 361
207 165
1088 91
1146 191
847 43
214 35
920 11
548 132
843 261
190 347
827 113
647 267
772 26
288 165
928 118
781 271
204 344
891 270
735 185
170 399
890 69
1050 287
780 43
214 231
1044 133
821 60
1174 178
1028 29
1153 189
764 32
1134 150
1005 28
848 87
1082 47
139 234
945 113
232 168
831 62
843 81
1032 99
261 230
1067 90
593 442
205 408
999 97
186 224
782 435
131 285
876 58
776 77
186 172
197 388
950 336
895 194
1047 152
372 106
1081 161
1046 119
925 102
793 51
668 158
793 49
846 203
985 85
211 565
962 74
856 63
144 322
699 117
1076 141
150 395
968 470
1082 65
178 512
1028 133
839 348
542 123
786 242
890 198
416 171
975 393
870 118
1089 131
171 284
849 60
813 150
483 251
913 279
139 530
280 14
1106 394
465 221
440 167
155 559
946 20
474 127
92 403
913 350
226 520
1158 375
913 416
803 16
604 81
1081 166
1011 299
917 289
728 405
1084 305
1082 213
1134 170
533 142
1047 136
958 54
1019 115
178 386
673 156
134 560
1052 307
796 4
837 73
785 16
1144 163
1131 449
940 417
940 97
578 330
980 394
173 150
540 153
194 427
1041 76
1201 387
615 81
140 348
598 234
984 344
986 62
187 222
137 201
562 534
965 134
954 131
511 311
897 103
84 354
381 28
974 50
1040 242
1010 36
930 325
791 295
273 9
515 173
568 178
929 4
1113 588
618 207
841 0
200 148
902 78
922 256
772 335
957 221
553 295
620 381
257 264
859 455
459 220
724 252
629 158
1147 449
566 176
582 276
795 10
545 139
264 29
167 406
525 83
495 281
693 106
571 162
618 585
852 352
734 261
1027 60
820 233
1123 323
856 409
1123 410
749 404
457 230
1098 163
1076 161
1086 147
974 325
958 362
1010 95
905 41
298 54
673 219
878 248
772 415
556 243
882 315
184 277
701 244
523 293
861 366
745 164
959 5
800 23
1040 430
684 148
887 380
881 284
1159 396
906 437
930 456
663 158
1148 175
482 32
507 39
459 126
847 92
560 94
942 296
235 307
800 273
177 282
1168 394
803 395
633 411
1143 420
577 62
266 47
1166 319
914 309
540 294
676 276
648 267
1029 333
836 340
761 452
873 455
990 582
685 213
724 137
857 54
846 40
521 121
600 104
206 342
484 337
936 311
1082 315
514 277
461 206
843 207
593 203
580 214
606 188
448 130
914 541
642 583
928 288
774 291
833 307
768 263
504 182
625 136
507 209
366 195
946 195
663 100
725 118
568 82
244 18
967 8
524 50
666 356
1192 357
925 374
1104 374
893 322
951 323
787 339
1140 267
1160 272
636 298
582 473
1147 457
1122 458
1068 484
896 423
1023 389
909 563
554 179
630 171
1141 254
260 1
988 39
1093 124
499 104
922 66
902 356
972 356
88 375
899 375
597 339
847 337
215 313
562 259
843 421
1108 442
1007 438
487 408
1003 96
1076 101
567 53
269 23
288 15
328 15
245 4
899 250
635 218
701 152
1130 153
531 140
781 163
510 178
615 318
620 293
1179 302
867 376
986 376
1179 462
1111 566
521 553
590 200
545 221
486 213
841 213
862 211
655 239
644 157
660 176
618 279
783 288
814 456
1063 545
452 70
860 89
476 22
652 194
913 238
1117 178
528 343
858 281
824 91
347 3
471 14
395 12
973 35
480 165
979 181
512 155
1102 375
1047 215
575 195
506 129
196 543
1142 141
917 396
396 658
1117 468
652 121
132 419
531 318
1046 91
165 157
106 292
500 235
639 265
505 159
980 74
1033 223
481 148
797 359
587 70
165 570
902 25
942 0
675 309
1175 260
753 320
644 145
861 109
803 460
766 15
931 81
940 81
190 529
657 172
99 346
1145 562
450 45
828 68
126 451
995 21
606 175
325 5
719 176
1138 167
704 313
932 376
929 55
1108 178
673 255
1133 601
89 343
526 186
583 277
232 9
1009 54
736 16
1079 93
160 385
1096 450
240 362
1165 166
181 311
652 274
1166 158
960 572
1119 126
1132 601
719 227
918 21
215 222
1013 134
219 566
921 523
995 364
665 405
851 72
598 109
1061 155
1070 281
1010 279
810 387
928 124
525 327
740 221
737 249
148 240
268 209
823 451
585 166
358 6
552 91
311 8
606 151
793 160
816 322
163 313
812 375
908 45
100 438
621 163
1087 162
475 117
622 515
997 114
287 158
980 262
968 193
513 326
912 429
337 8
838 83
792 456
891 86
485 242
1103 139
803 421
1053 261
332 3
645 218
223 605
452 150
814 35
714 133
501 270
1076 128
116 341
632 101
1174 231
859 222
615 77
1045 74
1169 401
1049 106
638 283
551 319
477 115
526 319
246 21
334 23
960 229
103 414
992 56
305 150
1042 201
1089 427
238 177
709 6
1116 409
939 113
1118 162
809 30
704 267
1069 319
485 285
215 265
803 323
318 12
989 244
219 16
186 624
874 303
1023 102
101 437
1031 63
1035 81
546 131
397 170
877 371
171 504
1100 168
792 360
988 258
833 74
154 618
1002 99
1088 34
910 113
96 357
1090 293
278 5
830 399
241 463
997 322
399 18
578 391
465 388
556 112
507 237
715 158
181 143
850 470
203 265
681 265
1100 160
159 310
944 102
1065 56
893 289
242 257
357 13
923 92
317 4
99 245
884 398
191 428
826 155
129 297
802 47
402 343
1092 70
801 7
719 133
148 497
1107 162
842 55
907 263
697 31
557 99
129 526
1033 276
131 553
999 119
1140 168
989 137
1083 102
214 491
766 239
774 537
298 9
947 136
838 290
991 30
778 67
863 67
1087 129
841 11
153 483
695 119
407 50
1022 334
1044 78
866 105
770 31
281 209
508 357
1073 326
805 21
926 85
1067 75
898 371
786 292
1071 138
1103 170
1133 170
1104 590
807 309
126 321
234 321
503 285
469 202
1064 119
249 278
518 77
445 160
555 589
790 55
112 530
464 393
830 81
763 319
931 99
572 265
301 175
509 321
1052 279
143 346
838 418
660 100
635 68
933 88
648 210
928 32
1098 126
122 250
927 286
224 238
612 192
836 272
265 23
1105 77
478 120
1128 171
923 266
572 327
796 233
182 282
549 123
116 554
994 437
841 273
708 296
582 356
447 145
595 255
158 641
505 75
847 75
970 379
467 236
631 264
904 225
247 537
811 402
902 432
930 273
1128 189
811 413
1135 382
643 227
1150 134
1120 102
919 363
1171 401
794 434
191 332
1052 327
948 260
1150 396
924 287
622 121
116 397
655 245
531 107
902 246
1057 75
1111 172
647 188
681 272
917 176
748 285
652 138
758 274
524 292
820 0
681 255
910 381
814 3
991 67
591 189
815 20
610 278
849 306
154 573
615 235
1048 448
561 247
1051 145
471 305
848 213
592 142
831 155
972 228
790 357
836 31
493 260
1152 360
160 415
143 383
818 390
1002 352
814 320
539 84
707 235
1022 356
185 331
125 533
316 20
324 8
532 371
913 359
561 362
560 280
875 282
1160 298
581 495
1153 395
762 163
1003 232
1181 249
251 12
995 75
1001 279
905 274
832 265
1032 339
1085 431
1098 399
1044 489
380 10
977 109
588 110
443 149
1142 253
555 297
184 292
874 278
625 272
882 286
976 281
624 259
509 328
1043 323
597 320
555 346
756 337
949 376
985 377
976 375
811 440
460 403
951 452
956 539
361 12
284 27
264 17
497 33
566 53
621 60
557 107
637 116
1020 87
560 171
299 174
563 178
1002 239
953 228
866 339
1108 337
162 344
485 347
1002 333
1024 320
870 324
993 353
521 369
1187 289
913 299
713 300
1101 315
814 313
1011 305
779 309
547 274
709 274
1066 281
848 287
1001 269
698 589
764 21
489 15
534 41
294 38
407 160
1131 160
653 177
719 180
473 148
592 203
560 216
518 255
833 249
1178 240
858 231
947 230
555 325
1147 327
1065 351
1174 363
914 358
1109 279
492 278
511 282
943 280
943 262
881 268
715 308
1007 309
994 293
672 300
951 455
760 451
811 462
1182 459
803 394
1139 402
1051 406
1014 435
745 425
401 637
1081 538
932 520
781 52
586 59
795 56
544 36
448 25
276 24
325 21
345 13
374 2
235 6
911 103
830 114
565 120
1024 89
532 88
492 74
526 254
1000 242
521 229
1062 229
852 224
543 196
697 208
632 210
561 147
1129 134
1147 175
504 164
842 331
822 344
956 339
889 343
829 370
495 371
978 372
523 380
1017 382
577 365
474 366
932 366
638 352
796 356
784 277
851 286
526 284
647 281
1123 271
648 269
514 299
1121 295
733 313
904 315
415 316
908 435
1026 435
1163 438
1121 430
959 419
540 405
468 403
1112 414
946 388
913 385
1080 396
450 399
1074 394
1187 395
739 494
1161 470
611 557
1042 581
229 15
456 13
397 16
335 18
221 23
593 85
419 123
644 124
641 223
754 221
712 214
727 208
590 201
852 229
1006 229
506 239
432 241
687 244
1146 245
526 248
800 175
458 172
1144 170
703 160
1129 162
228 164
748 188
827 177
560 136
1130 137
569 138
953 138
773 139
511 131
590 155
771 301
636 303
769 302
864 299
882 293
631 285
582 278
1032 269
487 330
1164 327
532 321
927 323
787 340
462 336
1005 338
532 345
848 347
620 374
1121 369
673 377
889 362
1039 364
939 366
433 356
741 354
1161 422
921 431
1161 393
760 394
114 410
136 401
467 403
754 406
977 406
1053 500
808 507
1087 451
1141 516
144 594
842 617
477 671
533 82
650 81
1093 70
1009 118
458 63
827 63
554 52
505 51
265 37
259 10
221 11
561 212
487 215
266 192
599 192
710 201
948 200
857 203
893 207
745 204
729 176
877 177
755 183
614 190
428 160
612 144
1043 305
867 312
909 317
500 287
628 269
864 266
1166 263
592 370
1044 368
610 362
593 357
609 351
990 339
793 325
922 387
882 406
160 407
644 420
925 420
1025 474
1141 572
981 575
803 21
322 24
248 28
237 14
883 73
570 86
480 205
867 180
932 278
500 265
989 271
835 259
794 351
523 320
374 374
986 447
844 384
1127 410
467 32
567 94
837 72
828 191
736 146
1151 130
1111 276
585 316
503 356
746 417
1005 254
662 303
575 279
878 337
923 219
608 127
655 283
507 332
792 345
582 363
573 387
1163 412
1069 505
904 452
160 225
795 246
584 252
701 161
508 179
468 191
637 191
388 22
819 22
973 275
988 276
1114 258
1104 289
439 142
997 339
470 332
1002 260
1150 462
886 491
584 387
767 362
1013 314
1041 314
535 304
454 221
966 247
742 342
976 332
1170 281
826 416
512 62
616 115
638 137
792 145
926 171
642 201
628 245
1020 392
606 289
450 295
422 278
1149 355
573 323
680 323
546 341
284 20
845 225
539 197
546 153
717 142
915 628
556 305
552 292
935 268
569 270
593 377
923 373
883 358
1173 336
816 466
1131 471
1099 485
945 393
948 395
117 384
982 400
623 423
1015 444
650 238
847 242
1082 254
636 250
525 217
627 184
601 190
679 175
464 162
504 162
867 43
479 60
768 56
779 49
659 87
609 548
986 532
680 272
452 273
531 279
933 281
570 259
564 263
690 269
867 269
774 309
815 308
826 308
810 305
956 314
435 313
826 313
480 316
837 316
694 301
690 303
974 303
998 294
619 290
786 291
1083 383
676 380
940 371
172 369
776 374
780 359
530 357
971 356
939 344
1134 350
500 351
150 343
759 341
936 327
790 325
709 323
1084 331
1122 420
817 414
771 412
961 407
995 388
758 501
902 464
989 453
878 455
758 451
1167 241
475 244
635 252
662 255
1022 236
1016 237
516 230
982 192
820 193
683 214
535 213
1037 223
1153 182
730 181
611 175
518 171
408 163
616 167
529 158
744 145
577 148
1029 142
359 4
243 5
367 13
879 26
217 30
242 21
163 55
780 37
563 127
587 122
598 110
457 111
509 102
513 86
821 76
1113 534
803 530
1031 520
1095 519
1087 552
196 271
847 270
944 264
692 262
654 256
542 284
485 282
753 278
831 279
1174 275
442 313
570 311
170 308
557 306
594 304
568 296
839 342
951 341
539 344
783 348
886 351
820 325
613 328
467 334
1075 366
765 361
447 363
402 359
1195 358
522 357
843 354
1176 373
908 370
987 382
977 402
918 408
903 395
924 399
1146 397
867 389
928 385
648 433
929 437
1155 436
475 441
824 460
1010 461
1081 458
800 459
752 452
1093 469
1064 467
792 488
891 222
575 216
812 219
752 210
479 203
484 200
688 206
857 196
869 243
502 240
898 241
948 246
633 244
556 249
452 248
624 250
886 253
647 252
678 252
836 255
974 233
1090 233
990 237
1036 225
603 230
622 150
387 151
501 144
598 158
602 132
456 128
733 142
666 141
729 188
527 189
505 190
913 186
638 178
653 163
406 167
649 168
573 57
479 40
273 10
239 11
290 13
290 12
402 14
273 5
420 4
258 28
937 22
517 106
571 111
658 103
587 125
871 112
588 82
481 93
522 89
307 644
1098 667
232 661
1132 608
1127 575
1124 545
697 122
594 86
549 55
669 194
981 201
795 204
1047 222
524 216
734 215
1045 229
727 239
1068 239
1089 238
861 253
1030 253
541 254
610 248
880 189
402 168
662 162
730 135
753 149
568 318
1145 319
829 316
911 316
518 315
472 314
984 312
984 309
1063 309
1118 309
803 310
858 311
1097 305
915 307
852 290
975 290
834 291
1099 289
950 288
1020 294
628 297
587 301
919 300
995 303
572 266
801 266
594 264
920 265
800 271
1136 271
573 259
552 258
936 258
636 260
844 260
454 277
868 276
1077 276
1042 272
994 273
869 275
970 275
1137 275
641 282
553 332
1068 334
744 331
773 328
533 327
552 327
477 326
548 324
1021 324
924 320
767 321
843 322
1048 349
758 346
1122 344
969 336
968 337
161 338
829 341
569 375
1161 372
939 370
434 369
680 380
1149 379
628 352
589 353
588 355
635 357
966 363
552 366
806 387
845 384
903 390
777 389
1174 395
1134 409
1061 410
113 412
867 412
915 413
832 414
998 406
745 405
850 400
800 402
1151 435
1019 433
1131 437
1106 436
609 441
113 447
808 444
1125 419
844 418
1002 417
1108 423
939 430
1009 425
874 463
479 461
786 458
1108 459
958 454
1069 453
920 450
826 476
877 469
1119 468
825 465
851 483
1162 482
793 481
1091 487
986 486
965 594
930 608
934 540
812 529
1058 528
755 517
1170 514
951 559
756 550
295 694
353 706
307 21
246 17
364 18
303 3
254 1
351 1
219 14
363 9
623 60
591 49
710 116
520 96
661 79
662 72
526 75
691 81
576 95
861 95
542 92
481 206
815 206
631 200
863 194
581 192
702 196
877 196
542 199
574 198
864 214
575 208
750 220
909 220
1037 220
776 222
971 217
521 226
543 227
644 224
554 230
800 230
621 231
616 235
674 234
625 232
533 239
594 240
516 241
697 243
654 246
544 247
965 251
846 250
442 255
497 177
1111 180
659 190
731 184
679 187
464 160
552 173
427 172
786 155
499 154
902 157
735 158
576 147
700 146
594 144
733 149
504 133
679 135
1054 136
1120 142
596 303
678 303
715 303
763 303
646 301
1025 300
867 297
1104 297
712 298
1086 298
1058 299
565 294
1108 293
685 291
911 314
433 315
982 312
889 319
810 310
514 311
608 308
847 307
461 306
694 305
1058 304
469 272
1077 272
1127 273
821 279
585 276
1001 281
674 282
484 283
594 283
1060 261
1024 262
682 256
593 264
940 264
626 269
565 268
676 270
578 349
983 349
1067 351
1023 347
767 342
1083 342
762 343
1000 341
1066 339
1070 337
816 326
845 323
1007 328
880 381
982 382
854 370
438 369
910 374
895 357
802 356
1008 354
454 367
850 366
1037 362
1102 363
1085 404
757 405
937 407
763 403
1027 403
1146 412
1013 414
751 384
820 384
989 386
1050 387
521 389
901 390
924 433
916 437
934 441
749 428
747 430
1045 425
1086 419
1142 423
1036 490
980 495
1161 485
134 483
1095 480
780 507
1165 459
782 452
943 477
759 472
1060 467
1085 569
567 557
1097 548
1117 537
1031 623
141 620
231 627
409 648
578 113
906 116
525 123
435 124
608 126
501 78
644 83
348 40
481 47
986 18
250 26
235 14
595 194
851 199
535 206
963 221
976 222
598 216
493 215
797 209
622 229
719 228
559 230
831 225
653 227
721 236
1029 236
931 239
654 232
1012 254
961 251
722 249
596 184
741 190
538 178
864 180
583 156
483 157
669 140
1109 295
645 294
792 288
639 300
834 300
1097 301
1032 299
817 297
488 314
740 312
1031 317
508 307
809 305
1050 279
944 276
1163 273
831 284
999 264
548 271
816 269
515 330
635 331
1158 333
790 321
848 346
463 342
1068 336
95 382
1180 356
579 355
1139 505
779 497
1109 496
1119 482
982 478
911 385
785 400
172 420
990 554
1109 620
397 9
365 14
306 30
536 92
589 110
915 116
182 191
462 162
829 162
776 159
615 129
795 236
1102 296
1103 291
1036 295
833 313
850 315
660 263
693 257
838 266
1043 265
558 282
428 276
458 352
1184 369
1191 324
791 320
1176 336
1140 346
263 523
573 100
680 112
503 83
955 47
1016 37
1050 16
786 170
494 163
1013 235
539 240
483 218
716 220
586 283
718 288
527 306
1008 310
741 426
765 388
790 397
1183 404
1144 464
880 457
968 503
545 59
252 33
295 6
694 161
449 169
217 187
851 301
788 276
908 284
796 268
1193 271
763 256
1028 343
1139 331
1086 441
798 434
805 425
971 471
110 536
1080 129
726 240
729 197
819 49
447 8
1133 305
928 306
593 283
1001 354
597 243
175 202
775 328
548 351
635 569
840 509
496 57
584 275
507 216
752 136
1146 538
1073 467
815 273
671 310
93 354
960 306
994 361
241 199
1135 283
795 414
922 380
713 194
1035 337
765 461
514 297
900 295
494 407
520 151
832 368
799 214
1041 252
552 192
466 138
869 329
1149 540
836 100
768 426
1117 392
781 251
1145 481
766 348
729 220
449 16
305 16
1108 378
711 304
894 589
912 359
637 284
464 395
732 415
780 135
997 410
1043 348
628 415
706 151
1121 449
914 319
895 218
638 311
449 144
634 437
756 471
821 233
955 413
721 357
870 253
669 220
861 204
710 115
909 191
619 486
1129 227
751 396
796 55
965 417
589 149
999 328
613 151
855 177
442 37
1106 302
946 349
776 233
626 363
592 234
321 20
1097 384
566 315
1122 397
122 273
880 434
738 237
843 295
1035 304
934 517
117 512
421 143
249 537
729 357
652 92
599 48
480 125
1140 295
996 227
792 78
843 176
287 9
599 329
664 184
512 349
880 228
856 277
523 150
967 23
876 186
835 436
941 535
557 148
498 301
945 276
659 126
693 291
554 371
1013 406
859 389
1033 279
1062 447
887 280
567 409
734 59
1072 500
801 51
578 273
983 29
1006 199
595 331
932 237
1115 417
1041 239
780 351
889 225
651 126
1053 483
1099 331
900 281
732 214
883 374
1042 475
757 176
853 326
263 44
899 440
816 266
584 173
522 140
622 173
1042 222
111 328
1140 178
1105 309
852 359
1177 497
697 8
646 310
733 137
542 164
666 247
809 53
916 409
858 340
1055 103
789 387
651 245
916 1
582 187
771 27
798 27
830 229
482 355
963 508
484 209
471 126
447 93
491 156
1102 86
868 49
512 75
819 24
249 195
1044 423
502 361
880 363
257 311
772 449
563 270
843 64
249 277
1075 284
544 318
108 365
985 121
780 23
1159 195
152 240
911 210
846 65
104 292
604 218
1009 142
164 352
1170 362
1056 257
146 583
273 482
1016 126
494 79
952 41
1139 167
240 234
236 177
773 27
932 11
1084 295
1143 382
923 321
977 513
863 9
862 105
1069 110
1110 173
174 617
898 375
98 336
153 501
954 118
214 573
778 411
1153 180
203 567
816 85
489 139
899 123
1161 153
869 3
870 239
778 132
1139 114
1062 159
928 68
642 145
912 115
861 26
1042 156
974 278
1064 400
914 323
812 319
985 38
625 421
217 556
308 183
983 135
772 13
538 129
1129 245
946 81
928 56
927 478
891 283
134 546
603 88
152 311
1077 120
1069 150
1014 113
885 366
998 50
1032 15
653 304
1088 171
1014 70
1045 66
874 75
128 392
831 24
142 233
173 446
129 374
1071 48
851 70
910 70
202 532
662 209
677 316
959 372
881 14
755 167
793 267
978 18
716 10
1045 50
811 95
865 82
774 14
1023 154
731 3
131 277
146 277
593 250
884 306
793 53
783 15
512 133
270 328
452 60
226 198
838 75
169 413
255 515
143 582
848 260
217 267
630 454
89 347
852 66
633 110
808 67
87 384
597 121
899 392
1034 298
169 248
1031 157
919 58
778 31
862 285
933 270
608 177
1085 139
942 482
211 483
903 437
111 361
840 540
770 37
531 207
997 5
849 225
816 12
283 499
604 208
1001 115
1036 280
930 283
801 23
896 17
545 103
799 312
1119 169
359 2
461 202
931 259
169 525
303 30
1024 42
341 8
694 279
1095 147
168 563
632 298
817 5
898 352
891 275
987 150
1105 169
1018 59
614 120
1147 163
493 200
148 302
947 532
766 369
583 295
779 175
1168 336
187 612
970 332
1029 7
860 9
1140 343
844 234
233 2
590 257
549 329
172 601
187 446
117 445
1169 386
1058 426
854 101
486 279
784 67
1132 191
141 383
1015 26
139 451
224 181
1056 64
887 65
225 305
136 431
1043 138
931 107
911 195
557 300
94 496
236 218
776 61
501 178
958 480
135 628
140 323
678 253
534 149
1034 149
1085 307
953 353
1081 59
780 20
929 77
179 529
831 413
90 254
547 348
344 26
153 532
1090 108
1088 39
410 175
761 431
1081 252
323 525
785 75
615 432
575 274
1186 311
1015 481
886 40
1019 245
447 345
136 264
838 473
960 0
99 443
946 422
868 279
625 284
933 124
831 480
1077 403
798 479
738 279
1029 89
874 307
1132 303
952 118
1079 140
837 23
940 228
1095 318
853 323
780 19
1053 53
874 45
411 28
1069 169
548 345
858 334
107 538
590 231
893 530
576 268
792 55
160 603
973 18
1098 534
1109 93
1124 93
829 19
1116 151
1015 286
193 582
1056 247
1084 354
725 313
1115 78
943 322
972 122
518 311
1050 166
92 331
1006 416
894 363
943 76
972 103
1139 188
1015 136
959 106
234 503
604 251
602 77
1135 391
848 101
620 113
808 426
829 89
1080 251
505 303
128 256
689 111
628 258
822 364
1156 499
1047 506
801 274
533 340
979 341
1173 191
919 114
535 79
995 425
233 241
592 256
800 320
1094 387
1098 149
444 215
458 395
240 161
917 205
897 230
1067 399
515 183
217 324
148 507
836 383
881 479
1163 486
868 321
792 314
817 577
715 236
878 294
418 319
227 208
852 51
246 9
868 411
523 216
1135 363
828 162
642 254
864 390
967 487
593 187
1100 631
947 447
986 57
543 229
926 466
636 160
887 73
1104 164
841 252
345 26
972 272
898 253
512 381
476 325
878 282
745 223
796 293
1066 333
513 287
465 341
1182 382
467 224
389 12
830 338
559 74
1165 170
573 330
1076 155
576 342
556 181
1144 183
963 419
215 249
910 339
584 259
1013 19
968 119
699 97
887 244
1118 157
1153 335
982 343
929 380
423 306
733 22
508 214
490 314
538 227
641 161
686 121
851 92
201 450
843 281
500 245
494 206
933 448
819 267
909 53
869 308
839 420
287 169
984 337
974 292
612 339
951 133
1060 254
639 203
802 296
945 323
828 248
889 45
415 158
89 316
1018 105
653 368
1080 276
781 18
889 468
558 354
1109 107
189 566
272 599
766 387
947 128
818 93
102 404
976 263
662 205
1057 425
786 313
902 59
965 96
124 322
125 389
906 99
888 346
814 12
209 170
590 381
1029 349
1003 369
628 244
1005 115
1039 32
145 575
253 227
1003 80
1082 49
812 267
587 82
610 283
291 30
519 128
99 511
835 93
982 115
963 289
1083 100
847 50
360 1
1057 116
833 516
1082 482
140 480
690 231
926 278
869 109
953 19
955 106
500 202
937 94
558 395
275 573
606 241
184 507
1167 471
835 414
1110 120
666 565
1069 67
934 300
960 341
88 399
897 372
625 262
600 396
872 66
936 136
856 46
439 322
1084 272
964 111
768 270
788 42
917 278
1168 188
1136 317
778 53
722 220
856 32
905 119
936 115
116 389
590 451
693 245
471 381
193 335
591 248
876 96
1044 18
531 296
128 390
770 46
484 142
983 101
951 21
681 338
161 581
535 147
1001 197
474 102
129 353
970 383
550 190
861 92
189 425
603 247
868 202
694 192
775 349
1031 30
827 4
888 60
951 468
736 18
1046 235
1032 351
1160 187
865 36
583 219
952 122
1019 495
828 213
806 43
183 323
727 157
128 559
234 300
791 54
810 50
1096 590
747 45
1069 21
1014 353
591 149
782 555
1054 137
425 156
253 507
920 43
839 414
1159 175
1034 352
703 167
158 370
134 373
161 440
935 114
1137 387
729 12
1002 136
950 416
840 83
104 489
1097 99
1086 39
903 421
840 92
623 267
973 94
76 406
841 271
1019 104
171 544
809 50
876 63
832 71
604 299
973 101
197 597
774 31
1050 361
256 41
860 75
1159 451
754 302
549 268
964 299
126 324
994 114
1060 84
840 27
1159 185
129 299
1173 261
189 426
819 16
237 202
835 55
879 35
1065 301
478 352
926 70
871 249
987 340
756 34
1099 133
1151 191
967 116
837 85
870 103
782 41
415 53
1168 409
1081 88
740 311
206 606
961 471
260 510
580 449
109 306
564 241
806 12
939 53
920 7
625 197
891 31
299 151
1135 258
1006 355
231 226
826 74
259 174
1085 64
1085 451
1060 289
992 114
911 84
913 319
165 307
857 301
111 459
1144 140
850 327
681 128
929 47
834 13
1056 151
783 47
1205 355
984 70
584 326
1076 160
999 30
112 272
107 536
891 128
593 289
532 356
1067 76
1025 114
761 46
1150 186
912 96
89 268
1034 393
136 330
239 349
906 121
979 36
1048 136
835 29
122 389
878 16
133 309
907 435
1022 112
885 61
1108 103
796 367
758 64
906 71
259 404
840 82
1145 160
169 273
1057 62
963 278
885 110
208 546
846 9
199 361
254 183
141 332
716 14
202 357
931 66
175 502
180 444
820 73
142 197
1114 170
349 11
265 202
896 68
1124 148
600 562
1088 126
1141 174
1103 151
986 136
212 599
119 324
1021 170
246 240
290 253
748 187
114 272
867 296
538 107
821 42
202 353
832 6
1147 172
814 376
1065 80
248 527
176 394
1034 115
170 205
1156 254
967 119
987 65
972 96
121 271
865 26
111 453
100 490
985 39
1053 39
1006 144
992 50
981 262
1092 156
161 303
996 340
169 339
899 9
908 5
1014 31
120 246
955 364
107 459
107 391
1130 172
1056 134
785 58
133 468
83 414
1089 149
956 35
888 79
885 88
220 263
815 306
198 436
750 306
734 30
438 14
1110 469
205 319
249 288
872 189
590 321
757 15
688 249
990 17
844 5
1183 333
650 149
466 168
128 471
102 498
1021 101
752 408
223 198
183 345
204 453
112 305
539 262
979 57
801 504
202 431
857 9
579 252
161 563
1038 373
874 397
134 360
595 48
124 395
179 127
224 316
861 181
809 40
1036 388
1164 341
202 307
748 17
840 61
879 42
846 47
630 351
461 137
1028 17
419 2
1008 16
829 90
236 548
1057 132
913 38
176 413
863 39
430 143
346 40
1093 296
909 65
911 65
132 530
1133 98
1116 484
1058 36
200 544
1100 129
160 612
681 179
690 261
482 342
960 270
101 254
849 45
204 542
1186 244
863 13
1194 407
763 268
147 283
932 367
181 224
814 49
1103 136
1034 72
906 26
1014 141
898 130
949 25
960 138
869 18
1013 20
554 95
971 282
89 469
902 23
323 19
1179 303
443 326
733 268
913 40
144 207
924 322
855 215
1081 101
1009 21
704 259
227 245
853 232
917 366
836 16
220 29
974 127
673 210
298 506
918 56
728 30
973 67
106 409
212 486
1109 164
681 153
134 479
221 277
761 6
801 15
998 102
962 70
714 9
912 76
794 318
1142 197
1145 150
910 66
162 557
184 221
1067 87
1146 154
162 403
1011 99
467 310
314 258
820 59
215 309
677 204
909 44
1020 121
466 353
839 46
1132 185
273 346
766 416
174 502
140 305
1057 72
935 54
574 324
441 474
965 12
95 233
971 47
849 87
169 532
1039 91
864 19
534 284
951 401
808 54
1086 112
186 341
599 128
1044 128
876 72
900 98
952 349
609 278
144 500
664 314
91 344
335 679
1024 100
691 236
829 49
929 5
873 82
559 254
91 200
222 150
702 202
133 571
1043 75
482 258
807 55
1093 55
533 546
982 110
506 329
875 107
1154 196
1157 196
757 23
958 316
744 9
856 48
201 459
245 505
163 297
1064 92
161 548
1127 155
95 419
874 13
636 295
815 82
1051 44
1134 171
872 80
143 610
896 115
114 519
230 405
814 15
156 458
743 397
266 177
858 0
86 339
963 132
832 23
474 34
322 5
308 536
1046 89
1004 214
848 234
221 347
770 15
947 264
1068 73
1048 46
765 401
1051 55
1162 193
574 405
1075 95
818 396
502 348
1063 82
637 403
1020 157
767 399
208 300
921 77
766 2
1116 327
127 450
507 224
930 112
977 97
885 99
1127 180
1122 160
181 349
208 463
849 89
760 184
784 314
109 356
1045 112
149 412
217 432
962 125
555 111
224 215
880 47
1071 103
562 225
1090 94
923 98
889 92
836 19
135 529
303 554
161 258
235 618
176 437
1047 20
277 225
905 121
996 296
1124 137
1100 88
785 59
929 71
117 487
835 49
863 215
119 366
898 99
1014 301
172 245
1027 150
819 38
828 86
602 559
731 33
775 19
874 47
200 290
896 120
880 344
809 244
297 37
1108 172
508 140
971 140
1042 332
1065 93
951 208
612 282
1099 148
1131 113
798 25
949 96
645 210
173 306
812 57
1134 507
146 368
941 265
529 342
95 325
944 8
616 204
1071 331
805 346
778 69
1050 103
142 372
784 48
155 274
252 583
170 483
967 75
222 425
991 15
1065 87
522 51
723 8
702 273
833 82
128 447
971 185
839 85
218 274
852 477
1004 1
1054 37
177 525
143 250
1118 154
1174 420
88 467
837 93
781 255
982 83
166 370
213 243
729 13
254 187
750 9
299 105
1121 101
799 71
976 129
107 520
786 16
780 39
38 21
137 180
1018 4
1052 79
785 78
908 78
200 37
798 427
967 370
282 160
992 346
907 297
202 405
1111 101
1180 249
165 306
253 373
1140 381
565 264
1188 372
205 516
883 92
609 191
639 227
499 198
992 40
1130 143
891 39
975 447
499 213
847 244
932 210
899 371
614 265
381 1
708 227
135 340
979 297
547 323
190 581
1069 53
265 164
1043 370
626 212
1005 246
772 270
1025 290
639 150
641 151
633 195
1046 238
834 309
1077 344
998 94
988 103
1025 304
1000 236
1123 503
1044 147
983 336
194 565
630 186
785 34
1173 475
538 340
1164 189
1202 389
775 11
1152 166
607 425
802 321
895 63
979 686
550 309
437 199
636 116
1089 168
860 322
540 175
971 27
561 106
1111 127
270 556
112 379
1029 321
1086 522
437 149
475 93
1020 367
109 180
948 97
903 381
851 82
1059 26
1049 498
844 337
864 483
766 407
1068 123
1165 192
162 561
964 393
999 111
94 465
582 224
869 367
1072 144
1145 197
1114 369
158 596
1036 49
1044 49
835 72
1175 403
960 359
257 405
603 348
1144 191
1113 133
631 278
1062 75
901 17
186 390
95 501
162 381
1056 132
136 477
179 268
776 263
758 37
1156 167
154 604
146 344
940 126
606 214
872 253
280 3
1111 61
1191 411
595 293
1137 159
1121 142
998 76
228 252
1061 14
612 61
828 17
103 258
549 108
214 303
780 310
168 385
793 59
167 355
1101 137
667 242
1025 58
963 245
1108 468
791 425
264 506
504 368
843 218
546 82
939 241
299 6
350 30
875 366
1137 118
830 60
495 236
668 193
589 217
1071 106
892 93
906 27
931 394
782 28
145 351
832 449
1132 432
998 305
866 214
116 543
137 368
962 62
383 384
599 293
556 248
675 248
886 47
983 134
573 62
825 91
996 100
952 178
141 500
1080 78
902 88
612 467
707 169
1025 349
1160 243
1090 110
899 178
814 239
206 232
1146 348
590 151
1122 95
155 565
865 235
1071 61
1139 436
441 331
930 107
786 6
835 237
1146 463
1112 613
807 252
156 350
664 279
498 239
917 330
1079 529
862 223
159 340
939 102
545 283
231 243
219 567
532 291
611 301
205 450
757 366
559 324
799 287
805 20
157 430
699 247
305 19
1086 67
867 182
654 172
774 1
458 38
567 288
898 512
1053 308
811 210
395 5
297 31
831 47
1043 135
269 306
1092 58
1079 207
577 214
233 41
803 29
1036 343
961 237
890 26
922 348
801 64
928 349
988 353
1045 436
771 19
621 256
913 374
665 186
944 193
552 262
586 114
487 233
211 475
890 245
276 13
1144 159
812 369
663 266
513 355
548 141
627 190
237 15
877 182
956 100
1142 333
1068 144
116 523
711 153
128 293
682 254
640 280
119 310
605 296
809 308
607 70
586 486
730 266
835 515
659 97
1085 175
809 221
1004 108
919 83
757 172
1018 382
686 284
358 17
1117 103
794 44
613 301
498 361
236 573
156 570
837 86
146 600
632 290
657 235
836 247
1082 151
1133 415
786 293
741 194
906 81
814 25
261 556
968 0
888 47
582 266
990 275
1111 85
1041 78
1152 282
1058 275
124 533
145 359
1153 366
725 180
976 149
111 480
912 174
497 240
824 312
866 25
452 152
143 477
423 127
581 131
751 257
291 182
876 43
135 522
837 39
825 61
826 50
