37 148
61 111
2 494
62 671
86 699
774 185
694 559
61 655
31 579
377 698
52 20
346 588
65 7
15 192
72 668
23 573
7 156
2 42
926 159
11 465
360 637
14 109
228 594
12 608
12 668
407 330
158 255
47 76
114 258
791 82
311 25
66 707
20 8
52 704
8 644
731 203
824 341
836 83
924 401
624 266
332 30
21 176
21 594
24 628
843 76
651 433
854 455
752 618
366 253
437 320
1002 135
799 648
24 5
1 704
140 592
541 241
224 208
29 164
53 607
128 391
388 189
0 239
4 85
1261 580
358 287
1124 513
167 522
467 523
1120 174
28 642
786 683
