776 356
959 334
563 332
988 326
1014 325
920 323
734 322
1159 347
1145 344
836 350
1206 351
555 342
534 338
459 401
1091 405
479 412
903 385
1181 434
775 432
1116 438
1069 446
751 444
1075 424
597 420
978 506
922 495
951 480
1086 463
549 456
841 459
517 455
1040 464
1008 606
890 597
1091 598
866 578
178 615
1140 568
804 554
750 557
745 524
1079 526
1041 537
1062 537
1044 543
399 14
331 12
269 10
330 4
399 4
396 30
251 25
301 48
242 49
342 50
231 53
999 53
418 62
931 60
299 36
260 35
457 65
506 68
309 73
547 87
390 92
1044 92
1056 92
461 110
518 100
936 97
611 119
482 122
494 239
947 237
438 234
557 234
999 234
626 227
951 227
716 228
729 228
864 231
1120 251
683 248
731 249
498 255
964 245
510 246
698 197
685 196
967 199
870 195
483 206
469 201
529 216
485 223
651 223
569 210
532 211
1045 208
453 164
758 164
631 161
464 170
482 169
697 147
441 146
598 144
623 153
484 128
477 142
871 142
564 138
550 258
715 259
597 257
864 260
878 263
593 270
1101 271
824 268
1095 267
809 285
514 283
753 283
750 281
610 277
600 276
573 272
847 310
1040 309
1001 307
929 304
1102 318
495 296
1067 297
966 298
555 302
572 303
743 289
842 291
1147 294
586 292
1140 329
577 330
596 331
463 334
1024 334
921 335
476 333
912 325
992 324
716 321
551 320
828 323
1182 322
609 336
1029 338
922 339
817 342
1151 342
779 340
925 348
567 349
779 350
1171 345
557 372
931 374
515 375
904 369
1129 369
753 370
816 376
868 376
635 383
827 383
816 355
518 354
1186 352
1130 356
502 358
723 359
793 359
394 361
1085 361
826 360
993 396
523 397
576 397
857 398
927 384
885 386
1125 389
921 401
494 400
1049 400
597 414
780 415
837 409
829 411
738 423
1170 416
495 419
622 419
848 418
1180 424
962 426
979 428
1022 438
1088 439
560 436
454 433
804 433
782 434
489 446
958 446
1179 444
823 442
639 443
965 467
932 466
562 464
663 465
744 465
925 469
1033 469
955 468
1118 475
858 477
956 459
571 458
1013 455
931 450
1125 487
962 485
541 481
846 488
1024 489
578 491
883 491
840 490
914 507
957 510
1170 508
981 503
809 541
997 540
561 543
1016 517
817 518
914 521
902 554
617 556
906 550
974 583
842 576
1131 592
1126 647
655 119
492 116
884 116
670 125
610 121
377 102
625 92
523 82
488 73
372 69
918 1
322 7
401 11
274 18
389 16
308 26
280 25
368 61
261 56
473 55
325 47
442 39
443 38
585 236
454 237
676 237
920 237
1096 239
1057 235
642 234
737 228
753 228
1097 228
511 230
608 231
1011 225
524 227
961 247
649 246
584 242
567 240
487 249
234 254
594 255
848 255
879 201
891 200
561 203
829 206
533 207
622 194
758 195
610 193
653 199
589 196
770 211
564 208
563 212
909 215
1027 218
234 221
740 183
564 182
595 181
1126 191
1170 191
572 185
588 172
1137 172
499 171
596 167
1012 167
507 166
485 160
1047 157
422 156
712 159
1034 159
724 158
550 148
486 147
741 147
606 132
542 133
578 130
462 138
533 315
546 314
957 312
1014 316
776 317
474 308
441 307
563 304
483 305
776 300
414 303
482 302
957 297
933 296
669 298
383 295
1092 291
552 290
823 289
746 286
1005 284
650 285
1089 285
857 272
1055 273
661 274
583 276
1109 276
625 269
881 270
496 266
491 267
649 265
635 257
1209 258
619 261
448 260
1121 326
856 324
797 320
81 323
525 329
541 328
789 335
593 344
633 347
621 346
1212 349
1090 348
400 350
549 350
629 339
982 338
501 336
890 382
638 373
836 368
1079 353
882 355
768 358
439 365
564 384
792 386
761 391
733 396
1026 396
938 397
649 393
1124 395
570 405
1178 406
640 401
842 403
777 425
423 442
756 441
589 440
777 445
462 432
887 458
83 459
738 460
590 461
743 448
1093 449
880 454
570 473
1166 475
941 477
587 466
813 505
786 507
1070 503
528 487
616 485
894 481
1018 493
988 495
1057 573
935 565
1092 545
1039 529
1078 528
1129 584
42 636
618 674
211 641
480 73
482 81
806 117
601 115
607 121
1040 100
580 101
815 106
272 3
279 11
755 9
312 25
1026 28
319 37
336 39
1008 41
375 47
394 62
861 251
569 248
557 253
895 241
701 236
1038 239
846 235
993 225
877 210
764 218
976 218
824 221
789 207
403 173
660 173
814 172
492 170
716 162
1146 162
727 165
911 188
705 183
488 181
519 177
1010 131
608 129
903 129
658 132
642 133
490 152
409 293
643 292
849 288
725 290
1050 303
873 300
1023 310
575 308
589 315
925 313
734 317
581 284
1081 284
800 282
236 278
534 278
1003 261
999 266
482 325
975 349
258 350
739 338
684 337
941 372
560 374
752 369
1200 382
522 365
828 354
739 355
985 385
988 389
445 396
822 399
1177 408
1189 405
956 435
482 432
786 443
1073 447
496 423
962 422
1011 427
732 479
1040 478
937 464
1002 469
597 468
917 470
974 462
899 457
1082 507
1111 484
1151 481
1124 493
902 525
829 519
581 530
852 531
759 543
1004 552
1034 546
197 587
741 69
504 73
764 74
285 77
445 90
272 111
428 100
891 120
373 54
790 52
940 52
344 48
338 46
229 27
375 24
945 16
225 22
416 15
504 223
587 209
700 208
441 213
965 212
290 193
1154 193
1076 236
839 239
624 234
1128 232
568 245
820 241
789 250
1117 248
910 134
492 130
555 159
547 153
804 172
699 173
655 169
1053 169
676 160
777 187
531 179
620 177
675 278
603 276
682 273
649 286
635 260
1135 271
576 308
1024 311
911 307
388 314
895 314
500 312
1098 299
829 303
831 288
959 365
470 382
564 372
853 371
1140 322
516 323
590 320
832 324
522 332
871 349
851 348
567 347
250 337
740 392
878 392
963 398
925 390
927 400
972 413
1130 436
790 438
572 429
1185 431
741 479
925 454
768 449
587 495
166 509
657 107
539 83
1110 85
1046 90
1137 94
276 59
286 53
896 32
355 35
255 25
458 191
684 172
705 175
429 141
603 139
567 243
464 233
1202 233
918 235
806 198
577 192
582 297
508 302
715 289
498 261
848 357
1168 326
611 337
478 404
967 437
953 487
683 183
525 237
801 222
183 33
583 359
470 349
682 331
788 191
475 83
684 241
844 541
921 82
549 103
781 436
555 119
849 621
947 38
916 75
592 103
795 167
467 346
220 205
387 287
750 265
231 9
885 403
126 351
593 209
382 19
920 270
789 548
886 271
486 313
1101 88
455 301
773 29
761 367
1088 482
500 183
746 353
529 77
674 265
873 387
1073 253
1038 395
1038 39
1117 391
326 11
1045 526
701 25
581 289
1135 267
770 291
799 363
376 695
873 273
1150 272
980 30
1057 166
532 149
800 324
567 165
511 236
460 433
484 388
600 355
602 350
1192 271
636 162
174 427
621 407
938 149
776 253
1084 275
113 484
424 49
732 194
1092 580
870 502
937 444
1092 115
447 82
463 44
436 181
1018 250
807 458
1023 86
395 38
618 227
1087 381
480 99
422 50
773 52
587 243
1001 253
508 468
741 319
205 27
998 295
752 326
953 398
725 350
749 426
788 330
858 315
844 485
480 230
647 298
517 207
494 83
545 362
1091 422
318 45
874 220
251 55
481 395
931 308
809 462
446 273
311 49
485 357
980 221
1147 179
685 130
1023 477
1066 409
577 103
918 237
720 43
245 420
1053 460
1023 259
648 264
278 34
459 69
997 346
661 324
510 392
873 384
770 254
657 344
523 289
905 416
549 222
932 363
512 388
872 519
375 50
997 96
818 99
1017 413
756 278
446 525
932 145
1129 431
418 35
846 394
989 233
819 352
1066 401
996 248
923 290
700 251
823 449
184 44
823 243
503 327
851 224
866 281
257 27
644 345
431 391
1041 492
388 34
1175 431
607 302
361 712
121 546
1000 164
1024 164
1025 173
569 300
997 211
1107 637
664 350
988 546
1113 250
1079 127
787 46
927 221
261 1
586 358
559 297
931 419
847 569
414 200
846 396
555 272
701 260
476 319
804 577
774 359
786 173
673 159
862 451
777 403
1117 439
195 292
1116 176
277 63
533 346
1114 160
1149 463
1102 607
1019 236
94 401
765 514
953 144
909 393
1076 493
919 378
134 380
1152 145
1089 110
938 41
504 266
108 316
1199 244
705 231
979 54
647 248
1160 418
1087 559
1047 217
739 12
632 168
464 249
94 373
624 395
821 173
1170 210
1047 219
264 26
684 29
790 174
583 352
414 177
1128 145
935 477
949 123
212 334
237 239
165 539
201 409
518 181
238 280
723 376
1091 115
902 126
252 349
1150 385
1107 131
599 248
1132 182
228 36
605 204
155 346
802 209
900 4
1097 39
587 142
202 296
121 304
99 329
192 338
963 338
597 347
796 113
485 167
329 42
904 127
740 88
755 454
280 405
469 248
653 312
1027 353
933 297
939 499
801 437
530 257
885 128
770 413
502 331
943 30
818 73
755 337
764 81
292 82
981 63
1023 52
1167 401
933 311
742 319
99 470
1057 86
235 19
928 83
730 245
522 264
677 19
1155 130
407 35
459 131
821 20
840 25
922 4
1030 50
578 157
1015 133
795 301
1090 125
904 426
657 229
985 66
942 427
631 283
875 62
795 182
1070 177
909 238
907 54
207 216
567 4
883 72
904 270
769 185
188 243
220 381
847 332
585 303
590 283
96 463
917 84
755 71
759 60
1117 185
1078 139
193 560
1152 144
1143 460
1136 206
134 368
985 58
750 83
457 383
1082 163
830 104
842 362
552 317
190 575
1156 210
1067 105
143 421
893 112
393 46
292 495
1154 177
1038 127
1081 11
505 226
978 99
628 200
842 123
140 603
420 101
929 144
189 600
1109 108
1017 29
665 192
1072 314
823 89
1092 467
561 222
908 24
734 56
930 111
572 214
168 428
846 340
879 441
1169 326
754 85
698 299
318 34
385 52
512 407
696 40
732 65
937 17
919 371
160 330
782 269
825 397
937 45
988 54
142 331
769 446
861 66
860 104
846 111
1026 135
1077 30
318 40
982 138
1005 380
183 493
90 401
515 200
124 348
1158 177
205 290
644 169
1079 281
1107 396
776 101
339 15
936 102
600 427
803 49
825 419
1089 72
1127 167
973 387
791 226
454 254
1181 319
1065 489
1034 311
561 308
1076 166
94 439
834 322
1044 484
431 357
159 306
882 273
1063 10
1074 368
801 294
1054 223
826 386
742 234
1111 189
1059 43
590 142
959 142
1010 340
1084 67
743 63
848 63
1180 338
644 386
915 119
956 119
358 56
401 45
272 209
1074 171
630 341
947 111
909 307
1145 287
457 328
467 328
1012 376
328 53
431 297
444 152
824 199
1109 282
1148 483
1131 153
736 333
977 303
522 343
734 206
570 421
1007 205
975 151
820 310
941 327
1018 408
1082 573
898 218
684 178
354 21
827 420
875 433
490 326
862 301
377 76
502 228
873 439
599 109
442 225
1026 398
528 371
253 4
924 446
595 108
819 411
582 312
1047 234
431 159
815 392
1079 303
1031 515
940 83
841 24
801 52
1118 110
202 379
357 0
791 334
993 662
1131 339
869 340
638 400
446 374
1036 252
1117 174
865 180
567 263
989 356
1084 120
202 13
543 173
638 173
536 128
860 228
1079 228
1160 248
554 465
966 434
561 287
541 179
492 155
630 260
425 64
932 303
1165 264
774 337
1113 413
817 108
629 171
774 184
311 15
743 504
1186 462
744 328
575 325
583 373
204 316
800 296
557 299
809 258
592 265
514 577
693 231
774 254
1028 141
565 157
662 147
996 58
794 36
312 44
560 109
572 110
549 106
797 298
743 293
211 367
570 329
544 333
878 388
481 404
767 406
923 411
826 423
148 434
1113 433
1128 502
323 710
761 26
423 25
908 38
322 35
889 46
414 50
792 50
515 205
609 207
790 249
629 180
541 184
510 188
732 169
927 134
883 141
649 274
702 274
1041 258
959 304
544 345
737 344
104 342
1176 330
1027 323
942 327
907 381
925 380
523 361
931 354
804 409
830 401
451 389
543 464
983 466
908 502
984 17
1026 31
703 60
1097 95
833 96
831 243
721 229
264 219
840 202
516 167
806 309
897 260
970 349
751 333
802 333
394 388
1057 48
1007 101
184 247
631 311
528 258
795 248
610 134
522 293
771 190
460 57
562 335
1165 176
945 359
239 232
961 220
872 324
543 433
519 414
583 435
958 651
1009 541
885 419
1058 495
884 468
1104 46
884 82
1000 291
566 120
1174 432
643 341
1079 330
450 379
1004 509
589 282
397 316
561 357
406 20
975 491
611 389
541 281
462 381
447 239
595 202
860 187
440 57
987 48
765 84
968 326
973 333
984 429
567 433
856 440
424 399
462 396
746 519
520 284
970 276
753 262
622 289
964 294
915 402
680 221
542 181
705 181
674 182
442 186
475 164
880 63
980 577
1083 516
1166 287
951 294
929 326
849 320
742 346
116 356
707 355
193 365
817 408
753 396
755 388
946 435
1039 460
832 458
980 479
622 490
1098 494
396 701
1033 554
1149 241
639 240
937 246
795 235
627 199
1141 201
1111 166
432 110
851 115
493 70
303 11
687 9
605 345
850 338
419 367
486 365
985 368
1075 271
1169 260
686 256
798 298
463 297
545 289
536 295
377 292
757 311
1137 308
1175 398
1025 396
1006 413
746 427
551 468
1105 468
548 454
749 452
1084 460
972 501
995 498
1036 242
939 248
467 238
897 239
673 193
510 134
510 189
347 13
790 27
851 27
278 54
745 32
827 99
398 103
511 109
873 125
401 80
479 305
867 304
1117 291
612 295
821 257
1165 271
596 277
530 285
854 287
649 339
864 339
871 348
949 347
221 364
561 364
1187 377
1113 378
863 368
770 386
1201 388
1180 425
1047 439
1160 501
624 538
923 531
717 693
765 183
415 171
616 152
1156 239
481 214
732 192
503 85
280 79
630 263
210 268
104 273
763 309
1033 301
112 352
1183 341
918 394
797 406
645 435
133 483
480 186
601 131
875 135
1168 155
953 95
892 431
959 325
464 338
706 162
878 12
242 46
607 272
864 361
964 340
570 411
702 146
600 147
441 135
1021 395
999 365
840 321
281 550
832 263
782 296
846 345
591 447
459 228
933 39
407 18
820 403
927 147
730 230
779 291
183 45
866 615
980 412
911 493
673 270
755 339
590 164
1042 313
809 421
663 444
778 446
559 217
963 134
327 59
153 90
978 295
1179 265
1063 268
667 269
676 352
772 371
488 323
753 491
512 398
956 400
1128 607
581 538
708 276
1060 331
818 246
657 212
758 189
877 53
389 46
619 97
576 650
778 294
1013 311
536 342
678 146
422 252
470 114
575 574
723 271
707 270
952 337
1148 419
813 394
569 134
1011 145
354 36
224 45
535 76
756 534
966 268
742 302
804 290
630 371
742 374
873 376
746 377
740 355
426 353
558 448
942 470
931 502
1062 507
875 493
846 399
1050 413
904 444
470 145
617 143
466 130
536 169
523 202
952 234
652 233
425 57
312 50
454 54
239 6
968 517
956 578
62 660
960 316
1026 315
517 300
470 301
524 301
515 258
921 258
529 268
487 267
555 287
601 378
456 361
458 356
916 356
584 336
544 350
1040 333
871 433
637 445
1051 442
503 426
1071 430
741 416
907 417
953 404
838 407
390 410
1023 413
655 384
461 387
919 396
420 393
740 455
94 460
1128 466
967 504
854 496
757 481
867 484
470 141
978 140
699 152
619 150
824 189
472 185
749 178
433 170
480 170
443 196
1016 198
552 209
515 210
724 221
556 223
790 217
626 244
422 245
900 243
800 240
478 254
817 235
881 234
804 232
976 237
405 91
409 87
284 68
532 108
630 105
491 127
380 19
369 16
324 21
401 28
357 7
269 0
964 59
289 537
955 532
780 524
774 559
976 558
1001 561
1004 594
541 260
782 282
552 283
1049 280
1132 278
1172 278
818 279
785 272
479 303
1016 303
1084 297
552 293
1173 295
854 309
709 310
681 306
773 313
784 312
445 359
1127 359
546 353
865 352
966 365
856 366
799 360
781 361
670 362
582 368
471 373
860 374
586 324
531 320
531 330
936 331
882 328
1042 333
510 343
532 341
1117 340
411 338
481 339
821 337
1116 349
757 350
992 351
962 345
908 346
556 409
780 408
945 415
848 401
590 402
560 406
800 407
556 395
740 394
525 393
581 393
557 397
715 397
630 398
965 385
818 384
597 387
744 386
896 390
821 391
926 389
889 388
865 422
478 423
604 419
1018 418
765 417
913 427
836 439
499 436
1044 435
1108 434
1012 445
796 441
1112 464
901 471
792 470
1057 477
478 478
960 479
896 475
788 462
1116 460
263 457
580 456
864 456
1160 451
1130 453
827 487
1119 486
812 484
1050 490
830 492
772 504
442 246
519 244
481 242
580 242
491 243
1071 241
954 240
646 248
447 249
1199 249
450 251
476 255
552 231
788 229
641 227
912 227
1035 226
672 225
1116 225
543 237
519 220
467 222
693 222
910 217
438 218
484 208
738 208
828 211
669 212
608 201
421 204
517 204
547 199
712 194
617 188
866 188
870 190
825 187
443 186
408 185
377 178
838 182
786 175
410 173
389 168
1078 166
537 167
610 163
583 134
664 133
499 129
512 128
617 140
443 138
656 158
471 157
458 148
595 149
623 145
855 83
437 82
428 80
456 84
488 94
442 75
771 75
918 75
401 76
576 112
634 101
255 23
271 23
1081 22
932 24
276 27
375 28
237 10
272 15
237 1
225 7
407 39
348 37
985 35
266 45
368 41
815 53
826 53
378 48
873 51
1078 521
795 512
1041 515
1100 514
998 517
889 532
945 537
771 572
932 552
537 625
1108 638
1089 617
153 584
992 714
250 713
337 698
1111 657
948 73
435 68
295 4
772 23
965 230
731 231
1116 227
438 197
793 197
607 210
915 208
1093 181
752 169
416 256
591 256
1022 256
556 257
968 258
556 263
508 260
1111 266
459 265
607 265
695 265
573 268
630 268
783 269
485 270
667 284
433 285
572 287
662 287
534 283
449 280
1115 277
568 276
775 279
802 274
809 274
1106 272
457 273
677 300
957 302
894 303
723 297
1145 297
492 298
997 299
678 293
589 295
432 288
416 291
969 314
1101 314
589 317
625 317
627 316
480 318
980 311
598 310
943 310
599 309
900 305
614 340
916 342
909 336
940 336
988 336
529 337
557 337
858 339
535 338
760 350
1054 351
579 348
534 346
947 335
856 332
743 329
400 322
589 320
787 321
1032 327
840 356
951 357
718 359
802 358
999 355
608 354
759 353
1205 353
1040 365
817 361
990 361
409 369
915 369
953 369
1081 369
736 368
1029 368
1070 370
560 372
957 374
826 375
104 382
635 380
480 378
1028 376
1157 376
610 377
867 414
454 412
1002 411
1002 400
808 404
796 395
825 394
1103 393
1099 388
927 391
822 390
427 384
511 385
716 438
952 438
1130 439
1078 432
915 442
842 443
904 445
611 420
1098 420
540 417
1130 418
968 425
847 464
637 469
929 476
1130 456
923 448
594 451
786 499
1156 497
766 503
980 504
1049 506
442 508
1070 481
1114 538
757 519
1065 517
1187 523
531 526
716 38
1092 38
323 34
768 44
187 50
378 52
362 60
707 20
968 22
1066 8
245 15
540 94
466 95
756 89
1021 85
888 72
849 74
974 124
830 127
452 123
1061 100
619 182
774 178
651 177
795 185
681 173
534 175
541 171
673 162
469 141
657 136
952 149
490 146
1141 153
480 197
1031 203
820 207
518 221
1032 227
1018 235
558 302
619 297
609 289
1150 288
605 290
1185 292
590 315
858 314
983 319
917 310
507 309
325 304
526 305
900 273
609 272
503 277
881 283
784 261
422 260
983 258
1157 270
1026 267
553 331
797 334
626 332
846 322
821 323
1036 346
169 343
1080 342
912 338
646 339
647 358
778 356
898 355
935 377
520 376
1135 381
990 369
758 392
128 393
980 395
612 388
826 390
622 386
226 385
860 385
995 412
745 407
518 421
593 419
1070 430
1089 428
502 441
879 435
1148 436
995 471
1119 457
898 451
629 491
768 540
774 42
982 43
291 20
801 28
316 13
578 104
474 120
1130 121
143 122
492 69
1007 86
697 181
599 178
638 175
632 131
1124 129
531 134
1014 134
619 156
511 244
806 231
474 205
423 221
356 317
770 319
983 309
1053 296
818 299
666 301
1054 293
809 290
432 279
561 273
602 285
1110 271
498 365
575 360
163 343
1023 346
993 388
543 406
794 414
966 414
1112 548
565 532
279 718
805 252
509 149
361 20
923 45
1148 125
588 473
1201 384
1052 281
425 28
428 215
465 331
806 267
1010 285
522 112
465 392
740 154
594 111
843 254
225 27
960 54
886 177
946 339
1031 288
589 288
866 438
1101 179
490 279
574 273
433 313
605 303
400 207
751 342
928 342
780 33
522 319
880 376
1055 118
845 343
1177 449
1039 222
462 253
753 432
935 47
575 143
416 126
970 397
966 356
578 243
361 22
1015 483
449 306
976 571
141 388
497 196
816 33
772 307
880 251
786 583
518 187
514 406
485 151
639 219
815 386
987 168
635 273
476 270
570 290
168 506
1052 329
975 125
638 213
764 209
236 40
479 265
1095 497
429 481
800 389
510 117
487 227
763 498
858 437
513 405
212 307
747 288
463 332
1121 187
1019 362
903 253
950 5
284 1
921 21
791 46
1020 46
1076 261
568 414
620 224
432 82
506 379
844 371
608 221
830 427
1043 1
735 295
808 437
855 87
1187 467
1010 433
406 143
359 60
842 23
402 34
1023 155
817 453
680 261
1118 463
527 351
572 333
558 412
957 252
561 197
1057 387
947 301
1049 213
1099 311
822 64
487 350
386 214
196 482
880 389
583 458
1117 144
806 343
763 331
628 364
993 165
478 174
774 251
680 189
634 130
970 209
511 194
366 218
322 25
1095 287
846 470
1068 434
366 15
969 584
710 194
149 506
787 328
786 70
1022 452
754 327
791 399
1105 423
602 302
606 135
481 104
1187 439
759 340
895 359
610 282
806 119
460 246
854 235
546 442
867 391
567 473
1102 493
968 288
1084 543
315 1
248 20
562 234
514 424
981 293
888 375
757 513
405 714
266 56
1029 18
611 163
645 163
705 135
822 439
1040 260
877 277
612 300
825 339
1121 239
1207 250
1079 415
666 274
798 319
684 127
719 31
651 206
1088 431
586 116
909 259
636 297
792 494
768 462
609 227
974 266
841 507
631 304
1129 388
356 13
626 270
1203 409
478 86
264 21
625 271
615 153
987 88
463 311
300 27
809 399
917 354
775 481
844 92
1189 450
239 15
1179 253
745 628
906 246
1109 510
919 257
492 192
493 128
528 161
557 423
433 162
551 260
712 160
631 377
140 350
188 390
318 52
622 138
621 216
131 368
295 24
953 148
668 281
728 58
850 507
904 396
813 186
521 425
360 38
1111 565
1078 313
845 503
706 245
1071 513
458 260
736 34
550 259
930 157
1010 293
752 374
760 402
948 225
1154 434
1091 145
445 330
457 336
542 313
768 271
794 411
505 363
958 365
829 57
694 50
1099 338
667 220
834 377
466 217
1149 195
824 262
458 139
344 35
1116 394
1155 412
996 545
807 361
966 82
865 105
876 500
629 142
487 257
998 496
589 113
991 153
861 493
826 278
855 323
764 389
740 377
823 195
806 208
992 64
863 99
504 270
943 410
828 295
1113 194
887 442
597 351
966 357
495 357
528 413
806 410
1177 290
948 16
466 221
241 29
604 227
886 65
748 355
764 316
540 268
437 38
1055 29
443 338
853 406
625 134
843 103
662 266
807 516
1101 252
1123 353
511 310
968 384
468 373
878 525
229 34
463 140
1034 385
542 63
467 281
992 411
1166 323
202 629
1078 405
713 39
216 27
162 505
734 238
1154 441
837 441
1096 370
790 424
874 116
274 469
1021 377
519 151
984 507
918 101
850 304
807 255
565 188
544 190
942 221
1088 339
739 380
1004 380
711 1
1057 105
905 374
743 290
567 333
101 497
824 72
534 111
773 5
566 90
918 449
1130 377
1000 21
1046 258
1006 356
438 338
424 373
1023 62
352 47
827 235
1010 318
487 324
1148 476
764 204
571 365
840 105
187 425
1091 154
706 133
967 443
961 143
1148 134
102 478
801 404
895 73
798 95
441 310
616 226
855 195
279 61
223 65
1155 286
1021 300
1150 159
953 327
884 385
988 204
1081 54
779 264
972 297
462 294
536 356
340 48
1006 73
849 280
755 279
95 350
886 51
955 507
1040 491
1087 83
790 70
568 115
807 440
508 296
828 36
761 478
70 685
943 291
621 291
599 339
90 455
1104 472
503 449
973 478
421 129
968 493
1170 497
1111 524
805 381
1150 337
971 251
1111 196
868 84
933 438
784 384
910 317
948 375
876 461
162 612
813 91
619 467
328 6
733 363
551 343
902 509
781 463
817 501
565 410
1147 432
439 68
624 376
591 376
1039 325
870 314
877 77
598 370
1084 94
1178 409
570 342
899 463
470 475
843 41
1181 435
769 339
739 350
937 472
942 311
614 111
894 300
525 89
460 159
495 328
549 328
438 373
634 315
571 214
111 400
819 114
441 168
1008 118
1027 138
558 298
562 284
214 293
993 95
877 446
480 345
859 101
550 195
463 253
768 183
187 510
868 474
446 355
800 164
747 556
478 374
895 74
653 289
356 22
457 289
457 342
476 351
915 145
726 71
672 344
880 81
177 518
654 245
975 296
950 470
465 249
532 269
533 262
882 370
250 50
852 397
609 241
406 48
571 262
551 321
593 358
294 47
528 316
758 229
623 275
1077 252
995 350
500 58
384 57
998 124
999 389
596 508
439 188
773 83
1180 422
1114 447
186 290
620 185
567 283
1028 143
531 322
903 334
1117 343
866 215
1078 452
879 477
823 435
1087 439
509 121
815 301
450 208
1029 283
605 343
666 234
985 131
494 411
854 110
608 219
902 31
1047 242
431 377
832 98
819 447
854 46
827 121
619 192
737 210
640 293
520 75
616 359
978 322
700 274
906 69
882 86
1061 460
1142 168
144 522
841 509
357 58
982 515
187 245
363 79
518 415
801 65
1042 344
641 265
538 315
847 299
969 363
998 131
734 35
778 101
476 114
833 434
986 388
1058 172
477 247
836 603
1012 393
1081 449
711 74
991 282
1118 330
856 439
380 367
546 176
1133 379
554 368
720 265
974 26
866 11
998 231
354 16
307 23
626 376
574 283
1130 334
816 314
1112 399
893 293
975 347
386 348
1118 340
563 299
1003 147
1019 147
535 123
1032 414
914 503
427 157
881 400
909 357
610 307
643 242
607 369
907 380
299 46
668 277
766 60
1138 147
636 131
852 296
703 263
766 429
762 585
394 0
110 505
466 209
905 73
795 34
595 377
901 52
781 91
825 469
767 294
621 275
132 281
883 404
827 372
587 296
648 164
1016 164
389 388
824 117
1018 140
253 62
929 271
1138 178
806 31
570 277
438 287
800 218
540 119
815 36
949 301
1016 368
315 451
1127 530
566 151
1083 494
776 176
405 309
816 403
436 394
229 307
927 660
707 162
1000 377
920 80
247 19
716 19
718 152
927 4
1027 279
364 225
878 410
1133 353
877 278
1104 156
350 12
966 459
830 7
1029 302
442 117
1059 449
1007 35
1026 155
99 323
526 331
944 285
423 501
205 37
557 100
1103 126
709 29
540 326
585 405
225 304
934 215
1150 201
640 284
254 39
855 245
101 517
653 392
830 55
962 386
513 250
994 16
826 119
178 635
527 163
787 467
145 317
1040 56
732 4
822 111
936 44
995 152
456 285
908 483
865 90
959 370
457 288
972 121
838 126
956 120
788 338
859 81
968 423
805 547
755 491
829 288
801 69
826 356
614 297
1047 67
934 469
1102 58
1114 303
980 64
687 226
244 424
607 317
948 280
727 187
992 439
1104 189
1165 303
1049 167
658 212
1027 351
1150 205
778 369
1071 166
852 366
830 93
599 550
431 435
1144 165
195 493
152 600
947 326
493 329
124 476
796 409
958 522
239 85
122 346
994 403
463 87
533 382
842 108
438 56
924 277
997 150
921 94
497 347
701 35
696 45
542 230
603 392
932 201
1016 151
818 440
498 248
1021 155
492 324
803 204
265 471
527 194
717 34
824 194
516 267
1190 339
1188 375
293 62
958 3
1017 373
759 68
131 309
195 203
815 318
938 251
778 75
1037 93
1003 342
951 58
117 471
891 373
967 113
896 243
784 53
831 501
835 32
752 267
382 22
436 263
763 159
389 192
845 411
792 350
540 224
749 332
731 354
878 68
608 206
814 369
469 193
900 537
410 321
984 448
447 42
1035 26
967 281
603 349
996 139
679 217
698 202
1182 250
266 79
557 228
778 471
464 109
948 338
810 209
1192 343
717 387
776 433
701 160
835 314
669 119
293 53
314 43
952 425
1083 446
1058 30
237 543
588 468
559 233
702 355
608 148
959 314
564 379
806 430
1067 96
1167 427
530 153
429 213
828 19
458 116
882 292
883 343
955 298
1132 420
1015 154
741 289
1021 335
534 354
902 491
992 419
1115 561
611 362
841 449
858 285
537 349
682 216
746 172
818 104
577 423
1050 299
757 302
1131 287
472 343
947 96
900 201
963 353
753 427
756 334
102 394
889 421
992 418
475 240
1014 485
524 313
658 316
551 347
495 230
484 222
959 220
792 305
771 276
880 334
944 519
330 3
193 291
1004 392
634 453
1070 323
816 514
553 188
248 71
930 70
136 220
990 274
953 15
831 289
684 152
839 112
660 134
635 412
402 24
949 128
775 238
369 714
403 33
877 517
769 413
414 317
777 348
1008 34
904 439
734 240
69 672
579 377
455 399
649 131
937 297
935 311
1001 43
451 377
945 325
482 285
601 366
456 370
1165 393
1110 575
689 253
872 355
740 87
586 469
1181 496
488 116
539 238
518 338
506 352
609 583
896 23
321 12
812 294
514 347
787 472
851 299
977 467
522 431
746 483
630 527
807 113
1046 170
644 171
596 421
114 459
291 31
1118 181
859 451
745 296
774 375
522 236
990 364
131 350
755 505
1058 232
1017 283
468 38
1026 388
1078 553
561 391
1113 341
898 49
918 663
428 169
829 12
581 243
582 407
856 44
804 328
513 122
562 265
1087 147
601 147
802 178
702 243
853 237
904 394
610 208
262 34
1052 120
649 336
1040 336
1135 330
974 1
162 637
747 191
951 66
766 536
631 251
779 85
1156 349
243 61
525 247
900 292
651 125
233 535
933 81
784 454
747 404
980 393
634 275
1101 353
548 155
1167 494
555 200
1023 379
374 170
1026 154
840 319
793 351
400 70
574 453
530 387
839 456
375 277
983 428
549 164
460 84
1053 107
595 470
442 314
584 253
977 516
587 259
178 292
915 193
290 15
241 50
1104 177
1016 400
986 272
572 298
862 67
798 510
455 392
549 274
962 486
1087 427
1138 269
1027 408
1041 431
241 48
970 250
451 258
970 399
448 337
1172 478
510 131
687 174
1115 428
991 247
493 68
780 54
550 208
736 209
400 358
1055 117
1002 390
804 274
733 372
549 426
893 426
559 213
542 399
1025 156
502 294
630 258
996 400
1120 265
787 7
1029 451
507 414
1043 430
1175 337
174 470
530 337
783 61
952 345
551 140
937 328
917 463
277 70
1125 185
485 397
1060 117
739 53
792 427
944 342
499 285
898 284
928 529
1040 79
780 277
952 273
947 137
1022 298
1019 379
853 457
814 446
616 242
224 84
662 361
946 266
165 522
514 229
795 603
999 325
505 293
1189 336
661 152
622 184
891 408
128 389
1080 57
528 315
583 185
484 305
605 305
176 492
975 496
973 427
885 330
517 228
270 4
819 237
504 135
485 483
640 322
844 363
951 512
691 22
442 303
1098 353
622 234
198 611
497 327
678 311
801 345
1036 407
631 263
686 277
1187 350
962 490
554 323
524 317
622 478
1010 302
489 369
1137 486
207 620
950 136
940 503
479 230
710 288
497 475
922 516
539 351
775 362
581 310
674 221
575 291
905 291
524 96
533 352
244 37
582 423
507 388
339 6
588 301
1052 217
913 39
771 35
1032 493
591 339
1177 257
960 468
464 397
695 266
805 108
817 413
473 453
911 538
730 408
621 166
487 295
602 221
1125 558
1071 344
588 272
552 420
940 93
776 94
724 336
608 405
1137 417
816 538
676 328
964 286
496 106
583 121
455 236
1121 182
559 545
733 375
1146 341
913 305
911 312
442 292
846 388
475 137
940 354
532 216
658 310
518 274
545 271
926 289
859 433
314 716
555 171
853 407
1047 76
672 130
385 81
506 157
521 347
1095 328
222 292
725 204
479 168
119 269
1097 90
945 120
916 365
811 230
496 344
697 348
1172 168
802 514
892 127
578 214
767 373
335 3
339 65
870 320
477 265
905 244
855 361
671 296
789 315
981 155
406 204
965 275
521 242
848 331
519 105
860 456
471 193
818 479
665 141
958 515
273 80
747 225
878 405
822 357
623 147
885 328
594 104
567 172
513 304
588 397
105 507
1179 385
705 242
979 427
471 402
1125 378
810 439
1142 432
1097 319
459 397
791 305
933 488
732 264
887 559
1049 335
536 541
685 247
846 389
483 346
600 346
422 54
608 186
550 313
1005 465
904 111
612 370
597 224
760 459
647 271
609 166
1073 222
745 303
1123 260
717 5
718 171
1149 171
911 301
864 309
1045 86
465 355
1026 395
582 469
853 128
1035 361
1137 195
745 406
374 133
955 303
1026 399
624 235
540 284
631 413
210 25
772 115
180 535
134 445
835 336
788 557
1078 488
1125 131
557 301
721 172
154 362
926 100
832 75
765 108
899 333
966 168
594 102
1160 382
878 278
1114 138
915 53
903 214
309 77
579 330
927 275
1045 134
965 27
948 495
999 81
825 396
646 334
1001 40
861 300
445 323
761 330
592 394
810 227
230 20
912 103
1049 526
757 166
509 207
276 67
1022 489
842 344
1118 319
1041 219
698 226
1115 161
508 378
1001 58
723 167
1121 115
1049 375
757 373
803 37
767 426
489 266
510 175
376 61
796 61
445 239
640 387
570 410
402 40
931 271
792 458
766 62
794 62
693 237
492 274
654 442
588 174
1134 183
762 111
914 18
196 28
570 221
1015 287
833 44
474 229
1063 76
751 423
477 269
629 258
435 90
844 278
817 316
616 491
967 230
937 9
815 487
396 188
1105 87
448 449
822 75
867 75
954 41
777 32
768 468
683 264
499 241
948 408
735 408
852 243
939 505
752 330
802 58
801 47
769 103
1043 254
826 220
1118 501
787 583
582 99
754 45
242 1
166 313
482 411
1189 460
1167 323
998 384
1030 419
280 15
1199 393
1006 51
1169 345
1038 323
878 315
1056 427
995 128
780 67
1034 380
1088 374
629 361
725 198
569 175
843 52
992 52
263 27
759 529
385 401
657 403
623 421
900 453
559 238
1125 322
746 274
457 307
743 517
267 33
875 35
841 128
1070 88
1071 526
589 271
870 312
773 349
326 6
455 53
750 3
1023 450
1153 204
1234 247
875 338
1210 343
1115 190
1116 530
522 366
766 417
586 351
523 294
1009 257
964 547
958 321
1146 393
638 401
1103 281
643 165
1190 315
599 238
632 371
788 62
343 3
474 265
680 153
1072 475
1053 325
579 219
1102 192
1033 181
1003 448
630 99
1186 262
1037 322
1032 483
959 518
885 318
998 275
1012 275
813 114
1052 374
179 442
923 20
387 193
893 357
558 324
959 233
559 0
1082 165
443 373
793 424
365 331
1138 393
954 19
398 21
731 197
744 285
568 401
594 199
136 326
447 474
636 232
966 457
1164 425
1098 276
1100 339
731 330
350 57
1096 368
537 218
989 152
512 78
982 242
771 87
207 371
800 465
880 129
1125 260
1122 441
1125 170
1082 107
844 316
720 25
184 258
318 10
148 480
824 391
984 364
447 404
1062 32
487 263
1077 495
1070 368
857 115
738 54
919 68
389 73
137 425
794 488
836 102
641 171
1070 433
193 444
859 89
1034 9
816 207
830 322
135 500
1113 173
1036 152
866 368
1010 101
821 225
882 34
1046 331
915 89
1057 147
428 399
812 66
500 284
434 135
1015 39
876 102
1182 294
881 421
960 130
1162 203
396 99
977 285
814 5
736 28
759 52
1102 140
208 501
677 146
1059 176
273 72
1080 340
975 350
284 48
1089 40
994 141
230 246
1062 133
254 420
825 41
855 306
674 293
1037 49
915 117
778 14
862 410
514 252
1091 90
1118 153
177 347
120 338
957 63
824 114
770 73
751 17
758 43
528 73
914 409
877 36
753 88
769 407
831 121
630 347
197 264
176 322
464 130
763 104
820 104
782 99
268 432
147 545
617 214
1086 161
131 356
1167 361
1048 105
835 257
1103 171
683 315
889 324
1056 164
262 219
818 397
921 1
224 211
1043 41
993 128
765 55
432 200
948 32
748 83
225 203
744 95
122 330
960 313
1032 527
830 122
941 340
825 309
775 88
638 359
564 104
875 73
950 48
908 248
907 445
458 263
942 2
700 229
1167 398
962 53
453 68
620 236
1084 129
183 305
479 333
425 243
202 266
1122 101
95 352
715 340
181 350
694 175
963 211
415 279
1049 113
846 17
146 357
1161 149
1118 127
974 150
800 39
745 218
1088 446
563 197
1102 188
495 63
122 460
1108 142
550 109
809 109
1095 87
762 90
779 0
769 56
986 68
527 234
1143 184
1083 404
1100 58
658 198
1019 327
86 433
978 323
654 284
938 119
117 360
1118 187
1127 118
586 300
807 96
460 286
1107 245
806 115
430 346
945 219
603 389
883 389
1157 404
115 371
1133 145
870 144
1052 42
1014 12
720 90
705 604
954 276
1025 157
929 147
978 107
180 56
970 104
825 28
911 19
827 0
220 359
877 68
818 20
1040 163
1005 451
1057 73
669 141
1153 201
779 292
684 202
1058 70
1036 248
777 113
148 409
1061 47
582 308
1106 161
849 362
530 237
1125 172
839 54
982 292
1060 373
139 261
112 447
114 416
970 32
1136 187
1032 158
1058 141
895 393
801 423
941 29
801 235
90 427
804 398
998 154
956 33
150 350
683 229
888 420
843 78
822 49
99 337
107 396
706 69
496 366
773 558
890 48
924 207
412 30
730 30
837 59
926 103
1101 135
744 18
1003 131
380 9
564 251
486 154
518 208
941 13
952 48
184 416
539 158
848 116
963 68
674 240
991 145
531 345
981 88
1145 198
814 28
932 106
776 38
784 76
1033 32
976 108
216 246
1097 118
940 116
178 675
1030 117
1046 151
1118 63
816 71
785 296
193 406
1126 283
730 38
831 95
1009 79
843 75
106 254
431 228
946 398
881 300
1126 349
498 209
861 81
1021 77
1022 93
936 39
592 197
198 507
762 69
1135 198
753 371
738 180
816 87
888 68
1095 110
788 35
824 103
80 418
1100 253
684 305
1079 173
1033 113
1054 126
1124 127
133 350
164 440
824 116
1084 475
807 76
1142 165
103 360
148 234
921 118
760 99
1107 92
1031 148
1084 176
1146 133
740 86
994 165
992 254
993 120
824 24
840 74
1025 78
1009 164
88 431
955 23
1075 142
901 33
797 15
855 131
482 319
711 2
133 363
842 100
1055 167
179 519
106 443
661 118
626 333
987 138
1012 136
927 62
769 104
978 156
1001 137
1118 286
746 4
762 4
815 44
1117 95
973 52
812 64
834 15
1016 108
844 82
1038 98
472 221
147 500
1030 105
1097 79
163 258
1000 61
111 491
231 585
712 36
836 36
790 37
1023 173
715 0
79 296
1149 186
771 81
951 4
992 111
832 31
888 76
239 312
142 352
1112 104
1074 22
113 329
917 115
223 285
1081 147
1132 142
1014 148
149 271
771 93
1118 170
105 420
248 258
740 15
1030 3
1124 177
1066 99
194 363
746 88
705 65
1110 189
858 66
118 384
690 40
737 402
739 45
988 95
171 399
948 122
174 321
1050 160
1109 160
1101 125
981 156
751 7
1022 7
909 162
98 469
702 71
1128 192
1101 94
133 322
119 265
833 122
952 44
1159 155
733 74
941 61
1092 180
885 67
904 38
161 404
1129 138
152 543
111 388
1013 167
1189 429
836 13
161 464
116 191
787 41
1000 305
906 144
397 6
1110 97
776 68
174 412
1071 112
1118 126
1127 200
939 137
1017 157
166 333
1084 179
136 426
884 141
892 81
1117 126
303 201
706 20
596 327
932 129
597 310
929 103
292 229
1050 527
124 360
1084 132
166 533
383 409
770 29
411 337
891 6
1097 138
1085 157
995 137
955 135
244 250
117 391
153 391
768 10
534 205
1033 43
939 123
894 226
695 196
872 373
130 237
461 166
1005 311
925 539
720 205
621 100
567 201
945 71
841 294
925 142
736 47
175 477
1042 40
186 563
183 328
1025 393
1139 191
690 4
906 338
564 309
862 367
356 35
1046 86
801 327
851 61
827 69
1059 436
966 136
779 356
485 361
1071 361
920 0
122 251
543 200
997 499
109 510
746 381
851 96
775 57
1023 55
716 249
934 357
1139 405
502 293
1096 265
825 368
812 37
117 413
258 238
666 320
835 24
239 594
764 404
561 232
738 30
205 633
764 405
938 339
628 298
849 42
631 214
572 225
105 416
343 52
328 56
187 386
1139 169
131 393
794 172
955 442
154 337
951 361
636 227
1205 422
911 14
227 30
1066 142
484 213
1091 73
186 457
586 286
540 285
574 172
409 206
914 15
1021 35
761 69
598 275
732 325
579 321
767 358
860 443
1113 177
771 37
713 54
790 68
411 332
854 405
201 425
621 421
836 369
542 425
790 26
616 543
438 380
972 359
592 362
656 206
834 86
677 52
216 350
598 224
113 334
1078 434
908 406
749 473
637 183
465 112
1060 149
722 37
574 412
1082 232
579 238
257 229
966 204
766 298
452 321
546 323
651 430
858 447
919 61
1125 120
1119 175
1139 235
635 241
545 275
581 463
589 498
1096 419
986 55
789 59
544 103
448 85
1031 74
936 8
1107 147
1004 210
900 382
533 344
820 344
860 338
438 434
759 212
503 155
579 166
900 40
261 52
1056 50
957 62
352 56
607 364
991 366
174 294
808 282
857 265
947 510
747 465
125 447
290 689
974 619
414 93
775 93
287 78
381 27
638 245
684 242
548 204
704 204
629 168
482 171
774 188
1017 324
821 272
1013 262
853 291
938 289
454 309
957 391
961 390
412 392
774 466
490 503
1121 525
789 532
459 697
483 107
448 86
900 66
274 79
828 6
303 12
347 14
346 10
321 9
375 20
732 23
412 27
469 60
968 231
973 247
588 255
819 206
967 214
918 143
940 162
536 167
588 164
1014 169
675 170
612 260
844 262
746 276
1067 292
1146 288
942 305
518 304
682 304
534 307
625 315
1118 362
99 361
451 364
636 367
859 372
861 368
863 383
1118 383
942 350
845 331
918 334
488 335
1025 324
843 398
512 386
630 386
916 386
483 384
858 388
919 403
959 404
569 412
593 418
923 446
910 445
458 461
1092 462
833 466
842 467
855 470
735 478
619 477
1035 473
582 518
922 519
110 527
950 526
1107 583
1125 616
221 26
1021 21
403 15
739 14
299 12
276 11
200 10
850 4
908 33
274 41
789 46
357 56
873 96
849 102
1099 118
853 124
819 125
1058 74
805 93
740 180
1086 181
510 183
807 172
1116 175
481 160
680 164
516 140
1129 137
696 156
994 157
535 152
575 150
447 146
778 234
717 230
466 254
713 240
419 245
1074 245
901 207
978 204
629 213
967 215
447 312
393 313
566 313
835 318
839 308
520 310
573 311
752 304
571 291
634 288
1102 303
823 283
1085 287
110 272
483 264
516 265
792 266
998 271
702 268
810 256
921 256
887 261
997 320
553 324
557 332
465 334
600 349
903 336
536 339
1146 352
561 355
855 354
445 358
576 359
494 365
1190 360
897 378
936 370
1015 371
770 434
192 436
532 416
758 417
1075 431
1081 430
870 414
170 415
935 402
935 397
733 392
1146 390
745 385
618 386
929 505
108 492
1091 489
1157 453
1018 455
777 469
1013 517
1133 512
816 521
1100 536
808 533
164 535
954 566
1125 545
1077 582
1076 611
845 61
334 63
828 58
199 56
1050 52
717 44
741 46
903 46
307 39
263 34
319 27
298 18
888 10
904 7
1055 90
755 87
1024 80
896 69
428 74
1007 112
976 119
627 125
423 105
1046 100
541 155
477 152
473 146
679 137
857 133
1106 182
781 190
1037 174
653 170
684 160
556 228
950 226
668 224
702 238
705 234
803 235
1022 249
945 255
857 244
1265 201
671 203
520 204
439 195
484 199
622 222
582 221
833 219
691 305
785 308
563 310
1100 310
683 319
1069 318
864 292
561 294
607 289
515 302
675 303
566 301
589 299
707 274
544 272
926 273
763 278
653 276
460 280
838 267
1013 267
879 269
569 261
569 351
1162 342
512 338
745 321
1042 321
1081 322
754 328
1066 334
744 332
1111 373
166 371
1047 380
960 381
530 383
904 383
634 378
1022 357
557 366
1157 362
935 440
1124 444
456 446
987 432
591 434
1087 416
602 422
631 420
942 426
527 430
1189 396
1014 399
1182 392
1096 388
801 391
1108 385
614 400
87 475
1023 475
627 474
502 473
605 467
896 451
1093 448
1039 461
987 463
910 456
744 490
974 509
893 499
568 501
176 651
1126 565
1141 529
839 526
1010 639
583 588
315 43
983 43
784 39
840 48
860 52
292 58
1055 57
368 13
402 7
389 17
1036 17
703 19
743 20
282 73
511 73
524 74
967 66
818 85
1090 105
821 102
1025 101
581 98
1022 121
1055 125
1070 144
404 157
718 142
578 141
502 135
1081 135
700 170
741 171
1109 179
804 183
575 190
535 247
943 246
768 243
609 253
1040 236
1082 237
234 235
202 233
502 226
1133 193
135 192
926 200
905 206
478 207
946 207
1020 221
1093 307
1022 306
535 305
1119 305
900 311
645 312
868 313
937 313
409 314
985 292
753 293
529 291
483 303
646 275
423 287
905 281
644 261
756 358
1178 353
1174 382
801 383
413 374
474 341
145 338
731 348
1059 349
1107 346
845 326
599 322
396 321
435 335
842 329
1145 405
819 401
467 411
177 397
951 398
735 393
907 384
652 385
617 388
656 417
579 416
1145 418
1031 423
511 424
512 430
607 435
774 483
859 486
1142 492
563 477
795 467
409 471
635 463
785 457
877 547
201 551
132 562
758 575
1087 539
909 515
1138 613
849 56
908 57
835 60
375 41
327 45
955 46
815 32
1075 32
253 33
360 11
229 10
308 0
999 7
994 25
931 24
383 31
468 78
474 87
484 92
876 110
604 105
856 99
479 101
653 126
920 211
953 210
586 215
618 205
795 206
701 203
408 199
1142 199
248 236
790 236
455 237
1114 238
867 232
458 249
925 253
482 243
398 156
495 159
689 144
1098 140
880 172
444 169
501 169
655 178
807 316
836 306
973 302
777 298
496 299
512 289
730 290
891 294
935 285
116 284
1035 275
1156 274
110 260
487 260
739 270
694 271
575 268
422 264
675 321
1068 320
732 345
545 354
1193 382
1012 383
791 372
1136 409
924 410
528 401
894 403
852 389
1030 429
1021 418
177 442
920 437
976 506
851 504
623 469
876 453
969 570
1057 517
1011 541
839 65
838 108
1042 97
396 17
622 221
579 209
508 195
627 248
605 188
522 171
510 148
587 319
555 303
1134 285
970 256
632 322
562 328
557 335
540 393
958 390
721 403
781 417
788 421
831 426
585 445
974 455
411 460
1177 472
841 477
720 471
971 560
456 52
992 38
211 33
735 17
545 106
968 121
473 176
1006 129
626 225
436 199
860 287
621 285
854 265
816 298
894 410
751 460
631 544
832 11
720 15
542 114
1055 251
591 243
672 203
812 215
563 163
135 367
492 335
129 418
1047 531
1010 29
402 9
496 326
1129 121
485 288
971 719
473 97
516 153
1030 552
805 474
932 465
827 291
402 197
1048 450
292 61
900 235
992 328
137 415
92 349
476 155
1129 550
676 225
136 361
759 360
519 356
209 337
718 299
463 294
268 68
560 355
799 466
214 310
996 442
898 316
898 453
237 255
451 138
482 461
793 72
977 445
821 203
927 101
654 286
783 11
1026 143
845 130
1091 428
413 70
934 102
782 359
1103 557
518 176
1079 135
855 44
1026 74
411 78
995 107
208 51
624 129
935 411
979 289
1046 483
1153 172
1161 269
1165 417
625 187
970 82
1076 170
547 165
929 400
448 51
556 269
997 70
731 370
838 309
918 23
1132 387
170 482
1113 446
1092 448
595 106
992 333
956 379
836 434
842 419
870 419
534 326
251 281
518 316
197 286
547 517
910 407
386 43
798 265
1100 123
406 63
449 94
519 374
1154 483
614 294
333 55
1086 82
674 284
103 289
1192 317
131 384
500 143
334 34
450 331
944 340
577 445
909 45
1069 377
517 190
837 30
822 412
799 53
870 442
845 26
864 416
933 9
1051 276
964 411
187 214
643 133
806 95
1185 386
1122 165
1040 25
1101 196
125 371
558 342
900 532
779 445
750 432
485 74
914 109
994 159
877 447
390 94
1022 171
870 124
841 33
564 133
495 132
488 280
496 417
1093 186
200 471
692 241
900 269
182 545
998 334
1059 158
939 295
844 7
758 78
143 522
253 15
903 523
924 318
922 470
877 353
750 393
1145 143
1029 121
1099 121
643 121
106 444
647 148
1049 330
870 111
295 33
1046 71
137 561
492 138
288 210
953 34
978 127
523 330
1081 469
797 79
266 236
636 463
795 173
209 479
879 578
104 218
766 207
867 349
1018 134
406 34
440 60
489 269
466 332
905 95
120 354
602 424
226 242
1115 70
552 351
565 147
404 128
1054 266
1027 338
200 423
578 352
1137 367
534 240
792 61
268 12
390 338
848 304
928 293
941 56
648 272
1114 154
596 535
1021 48
901 472
504 429
597 288
969 481
874 563
592 297
98 384
166 307
606 268
1065 149
1069 375
1106 175
595 294
1064 318
723 37
537 390
587 275
542 231
140 405
275 52
454 123
564 330
1114 354
880 283
386 317
475 127
985 443
613 468
1000 154
899 38
645 226
398 205
447 364
450 189
446 331
630 148
218 42
792 296
570 453
833 447
860 462
637 114
777 48
1111 151
230 15
377 513
928 0
901 68
980 8
803 400
1135 285
725 53
986 31
222 345
1097 148
623 192
956 18
628 247
573 372
875 358
838 483
300 16
797 89
769 404
163 252
510 342
748 103
481 291
719 36
1171 406
769 188
622 187
980 261
747 450
570 381
724 31
848 70
793 519
967 284
1101 337
644 413
752 242
645 149
579 8
1145 153
867 317
1021 222
891 92
1130 534
419 71
759 568
715 187
912 239
803 174
1012 531
1168 205
995 373
1139 117
95 263
1131 204
481 407
941 87
480 250
1172 175
1086 70
121 551
984 476
564 248
903 406
763 362
798 68
431 252
857 323
943 146
985 125
604 261
939 32
678 262
1120 169
424 202
831 318
509 222
1159 206
1005 9
942 147
463 121
746 47
379 190
741 23
581 315
786 233
546 111
945 13
1073 332
153 388
1126 176
436 186
653 5
695 7
1130 83
856 85
520 396
108 447
520 372
904 99
550 431
458 275
354 84
733 34
104 433
962 78
824 389
534 272
838 272
974 298
564 346
504 74
755 47
900 191
978 395
1029 52
868 88
873 21
380 142
1035 94
262 485
1029 313
624 111
918 136
890 129
1018 263
757 32
429 212
547 361
604 271
948 136
573 383
843 127
420 304
797 51
970 12
604 241
122 302
842 180
81 356
748 9
1085 163
781 34
232 14
602 158
327 44
832 121
1101 167
1019 131
648 192
932 610
837 313
134 238
399 106
899 334
885 90
906 101
628 324
1157 164
537 356
508 368
641 212
140 470
723 10
484 110
164 482
901 113
878 40
993 8
131 542
278 67
817 106
133 251
724 203
923 146
924 278
384 198
740 299
1128 138
1006 141
1159 377
803 378
727 359
803 253
593 291
792 46
821 428
94 381
952 68
77 328
843 38
1127 189
778 239
805 103
534 417
696 39
991 61
889 34
480 365
1100 547
1034 174
1062 162
504 451
1036 109
967 120
1027 52
522 306
1062 546
124 366
913 524
564 228
827 129
745 230
912 221
995 549
941 27
973 19
1048 169
838 97
158 472
680 182
1096 182
1051 184
472 449
1123 168
247 498
955 112
909 133
847 115
495 154
735 278
1124 144
1049 36
548 389
972 119
1150 195
711 78
914 571
857 96
1055 64
565 379
1059 131
945 27
1119 141
1065 3
477 232
129 366
228 276
135 256
916 96
1067 294
1048 104
843 93
1059 221
199 562
543 324
941 42
1000 135
144 330
558 399
929 331
825 8
170 323
1107 129
167 283
824 78
1135 161
109 305
770 40
863 117
1124 124
979 31
506 359
138 443
1015 162
885 66
919 122
929 56
950 562
167 351
1166 185
344 45
114 391
875 278
867 84
983 30
577 267
724 7
769 12
179 273
843 71
140 462
899 64
798 260
822 10
1085 178
1066 124
989 122
1099 164
900 43
668 262
907 89
1095 113
905 36
753 86
825 59
848 77
827 322
183 472
807 73
192 636
223 409
831 103
236 224
1165 267
989 80
181 318
966 63
1138 188
154 80
1073 98
893 143
1114 143
845 107
866 100
893 102
792 353
97 449
897 92
853 210
829 73
787 218
1014 53
1034 98
807 71
922 589
137 364
709 17
1088 163
218 397
1077 392
1111 187
749 12
933 122
815 76
1078 73
1045 103
1143 204
1073 43
983 70
1167 160
1096 159
739 395
1208 330
476 195
913 91
1081 130
823 74
1044 60
853 131
992 48
1065 391
5 153
1117 176
1087 84
890 51
1136 162
527 120
840 49
1139 124
840 22
1171 168
732 26
1002 113
77 354
758 1
945 32
1095 326
137 515
759 42
1143 468
113 320
163 671
1087 179
848 89
752 96
448 139
186 365
979 127
700 62
796 69
779 51
922 134
237 342
698 21
892 317
702 52
300 227
221 299
1076 184
162 590
1113 189
151 305
1068 59
1088 88
807 94
162 474
725 39
467 155
1029 181
121 272
689 9
878 55
96 282
731 637
1103 177
736 29
912 43
162 421
178 363
881 56
877 54
987 53
1182 189
975 8
143 380
828 66
489 389
178 494
839 108
757 435
240 595
909 23
866 95
1012 14
1091 190
91 396
1008 45
1083 45
872 129
583 467
1076 145
236 394
941 108
159 622
950 126
843 2
1037 55
135 382
801 29
1025 62
935 45
839 141
914 311
550 13
1060 82
902 76
991 31
815 52
156 666
207 554
1076 117
906 11
889 354
724 45
144 324
77 381
951 48
166 408
1101 158
928 70
293 283
955 145
992 145
850 28
976 90
952 26
1020 114
789 43
736 44
136 513
1105 109
726 709
816 104
1093 100
779 36
1030 36
185 522
701 60
886 84
1023 163
129 438
857 87
1098 30
1134 496
799 79
944 72
777 73
1120 75
117 454
539 4
886 15
872 35
964 130
94 379
964 44
158 361
189 431
675 14
839 34
170 442
1086 85
104 303
225 260
1065 36
939 112
95 462
996 44
113 424
278 235
205 304
1116 160
1249 630
245 242
840 220
959 39
122 351
112 294
1006 49
1083 56
203 354
838 70
845 71
753 73
980 158
639 151
703 64
1055 92
789 52
118 538
868 75
838 118
769 3
740 385
203 331
951 136
1029 75
901 9
108 529
1109 174
717 4
103 267
768 46
884 111
1105 121
898 93
765 106
1050 106
900 142
848 53
1049 52
859 137
494 238
786 91
733 17
176 469
1128 167
158 550
138 527
756 49
789 50
1023 97
801 289
1008 68
787 61
1138 160
1083 161
970 102
972 144
767 60
897 58
1097 80
832 28
945 28
1052 132
282 189
716 22
874 55
996 117
896 7
206 320
764 99
872 61
710 24
943 126
848 129
1166 163
731 94
550 5
855 127
664 341
755 45
1034 50
95 349
599 369
684 216
105 413
738 59
496 204
766 58
681 656
941 144
1031 32
950 313
791 38
1106 198
897 282
731 13
733 72
838 50
497 158
974 158
1072 95
1003 132
1061 150
757 99
579 443
1096 125
149 500
457 252
111 379
899 101
984 32
799 63
809 64
179 406
930 53
1099 269
918 147
274 196
285 215
139 337
112 300
1070 166
506 402
1055 73
1098 98
878 436
741 325
731 44
877 62
818 111
1076 79
844 46
861 51
1008 51
1134 164
1131 134
709 600
145 562
1048 89
811 113
766 48
953 7
615 299
775 479
993 26
259 226
271 240
1088 144
682 154
969 165
666 13
532 309
159 316
1050 342
1149 442
974 424
164 462
689 30
898 101
811 481
989 20
942 501
775 84
1016 160
127 533
551 208
185 343
592 439
568 154
887 67
712 192
463 137
1124 345
427 432
474 200
575 400
822 368
1021 125
886 118
834 84
480 324
219 45
906 435
1053 117
934 348
1011 228
177 367
99 274
226 412
212 463
195 219
744 211
871 470
102 445
600 429
567 364
199 396
803 32
943 104
858 353
1025 64
938 138
1143 141
1090 144
1111 145
102 347
914 123
959 123
827 116
937 109
889 105
1039 29
836 25
823 181
704 211
188 556
177 586
204 365
1040 120
493 125
886 131
859 518
123 343
976 35
1024 51
515 89
179 473
1119 162
127 476
801 304
775 78
294 196
992 343
131 627
79 365
178 172
1057 172
547 241
855 45
973 4
281 320
687 28
1057 410
762 14
978 139
803 450
274 225
191 288
982 166
243 405
881 126
132 317
1147 108
832 104
534 113
817 91
769 85
626 229
992 18
1150 145
1046 62
921 110
853 241
910 438
794 4
1155 174
932 76
733 31
900 448
1171 448
919 137
914 101
1050 533
753 29
303 199
899 119
1039 550
852 2
895 361
139 184
844 102
883 102
1073 103
1003 113
742 43
922 145
785 7
71 365
541 103
762 93
135 364
253 28
177 529
702 17
1032 164
143 496
151 496
800 44
925 50
1007 66
760 67
483 315
870 65
1031 93
1027 300
1157 174
854 45
1059 74
867 59
926 59
983 3
107 504
130 410
1031 152
953 48
788 13
882 108
857 64
983 64
934 398
791 308
962 518
1022 165
446 250
259 243
940 47
726 265
201 451
1007 615
961 136
1161 168
910 83
513 293
124 469
1067 89
84 376
749 484
1140 355
293 17
492 461
830 24
541 418
238 71
433 169
1132 159
720 20
465 242
112 378
864 58
1144 147
125 355
445 356
1132 113
811 73
708 26
1108 394
1035 111
594 299
1018 82
864 100
864 77
163 241
813 67
423 290
756 110
1105 144
1109 144
873 46
999 139
1073 64
1079 446
1051 102
883 127
965 456
1134 378
113 376
714 27
891 27
1043 185
881 1
16 84
144 348
1094 155
686 278
738 23
866 115
566 222
1147 174
462 383
835 52
365 32
493 421
462 188
143 326
970 61
160 599
586 578
133 516
521 393
457 354
108 256
660 2
759 49
798 66
777 75
1072 72
764 58
1145 466
1097 179
1146 196
706 250
131 475
1086 135
243 378
81 4
874 324
926 213
150 425
835 39
172 322
1067 582
1048 94
216 456
794 57
913 1
861 129
940 108
1122 108
114 390
162 528
1022 79
208 399
123 358
469 285
853 347
862 43
875 127
196 81
168 447
958 141
94 432
1012 132
103 390
885 391
1113 143
207 438
532 103
1124 409
888 106
912 45
1063 69
880 137
375 431
567 156
140 513
1079 59
633 390
567 171
1009 326
154 267
1108 74
161 445
1137 181
125 324
359 45
884 101
898 98
683 350
758 50
548 415
1006 84
1172 179
934 71
983 461
113 213
1108 134
919 410
914 82
846 2
136 379
108 393
650 332
144 494
1078 56
800 78
168 262
1046 97
1020 63
873 11
594 210
110 410
535 93
1033 86
1116 129
1144 144
743 26
103 516
803 322
1080 25
744 33
1166 155
897 34
544 313
1099 71
925 463
89 422
168 523
855 50
946 123
859 282
859 96
804 31
196 553
757 383
88 440
1070 76
996 125
651 523
898 66
741 16
955 68
843 100
1001 172
710 217
232 609
561 300
896 478
93 327
1030 55
707 289
993 102
984 423
1167 423
772 310
431 392
823 22
1062 531
1165 169
707 194
1007 91
732 56
971 56
278 2
808 95
107 382
966 374
616 312
654 207
788 268
676 13
777 81
732 16
501 334
687 66
471 135
1057 84
1014 42
980 50
1050 431
1022 43
463 110
777 80
1018 7
707 32
920 407
107 299
185 558
148 479
828 468
787 224
826 318
1011 43
1022 143
558 372
321 31
599 326
1102 76
947 330
427 78
1093 104
1009 335
267 25
674 199
122 397
126 338
930 361
496 162
1146 175
973 129
377 67
580 169
762 267
492 196
964 142
1118 171
627 220
970 387
1156 412
855 285
1149 201
887 289
1098 102
384 399
835 306
787 51
770 82
876 139
761 192
546 201
1174 341
815 55
415 189
367 6
958 30
180 645
709 447
1070 123
510 82
1057 66
1123 177
889 253
372 54
634 243
446 269
533 247
976 458
560 199
559 345
457 266
1133 197
209 412
535 171
96 313
635 306
157 514
590 377
703 143
680 29
617 151
846 296
177 439
868 131
192 264
110 534
899 128
732 388
229 351
963 92
861 75
805 30
154 356
1039 254
462 425
148 464
1119 430
1036 60
818 86
683 320
775 21
569 122
152 446
1083 513
479 482
972 2
975 35
991 35
423 354
985 36
941 441
626 175
258 289
99 513
383 18
889 64
608 348
728 644
883 40
759 169
942 346
1078 122
908 8
472 296
541 235
183 534
147 302
625 164
1107 143
419 206
204 50
631 119
752 6
1152 184
541 150
185 549
386 62
1006 166
943 120
922 109
1060 138
730 29
829 31
1039 314
474 445
990 374
204 20
422 28
833 27
944 14
596 259
494 131
806 322
819 428
1077 459
587 244
484 175
966 150
991 12
745 13
519 358
875 325
919 393
513 492
1148 523
936 114
504 116
730 49
163 230
406 228
779 243
908 309
223 416
353 15
818 91
898 280
1097 172
1132 137
984 302
633 318
256 409
124 343
497 346
545 298
242 264
863 225
289 16
651 127
826 29
922 587
105 464
781 389
1057 330
728 63
474 192
168 212
541 442
488 311
914 559
727 196
764 170
704 53
976 53
492 92
571 317
1014 313
914 404
492 110
286 0
973 171
471 172
554 517
247 382
848 336
663 296
683 239
798 174
1070 107
339 2
491 351
752 70
716 25
1089 122
544 214
810 263
1008 378
818 12
989 334
949 325
275 3
190 380
580 281
577 459
201 254
739 213
1041 108
430 352
707 209
1023 312
798 419
602 336
895 96
474 155
556 123
99 410
605 127
568 240
876 89
405 64
427 64
581 186
578 376
1045 329
1125 199
628 204
641 228
625 115
135 445
231 352
954 124
1081 307
698 234
1059 72
1014 137
611 394
1237 39
717 43
797 101
838 340
1007 290
542 310
563 248
977 371
167 335
1057 335
962 361
981 368
863 76
820 198
790 192
614 316
940 245
700 191
971 74
1036 232
988 3
914 312
1137 379
844 300
1113 85
735 12
861 333
400 375
567 378
1168 286
1138 110
278 43
1151 483
642 0
524 237
952 437
928 458
863 470
410 216
825 73
333 3
160 249
1068 160
478 97
897 101
851 519
1003 81
909 427
757 10
1006 412
767 184
104 355
424 50
495 142
812 566
881 41
254 244
437 614
349 39
870 83
919 145
708 334
862 293
623 347
835 283
1008 294
805 418
811 320
193 578
530 155
1125 375
484 255
464 281
630 299
200 509
912 52
779 242
934 320
951 278
532 303
1084 319
1025 172
195 343
943 448
542 138
805 235
710 11
1087 165
820 60
1157 155
1132 325
578 350
679 350
559 445
928 456
203 449
379 527
1002 223
837 383
739 393
1056 73
1047 38
940 403
267 475
586 157
696 273
938 303
471 91
354 40
983 443
999 115
1003 493
953 133
434 311
485 107
183 338
623 199
865 421
400 92
706 186
574 103
372 234
1113 161
859 241
642 245
675 239
727 259
621 353
461 277
542 474
570 197
820 84
599 242
903 327
641 236
807 335
854 58
652 105
927 52
855 93
916 374
924 258
426 287
1049 67
210 18
829 510
834 382
780 257
919 132
824 63
955 77
809 419
724 464
778 473
186 505
613 325
1086 390
1091 47
1016 370
975 49
468 71
145 260
292 2
662 33
503 386
616 499
948 327
434 56
1023 280
970 70
472 355
771 363
1067 177
780 65
874 475
210 30
1141 578
887 53
87 383
904 456
540 293
766 380
484 411
1081 150
1012 395
906 8
594 244
928 136
573 257
820 67
577 340
1169 309
783 328
1016 362
630 292
423 450
474 75
772 58
872 12
630 149
555 345
959 124
1090 92
971 62
118 283
722 411
853 94
1025 347
151 366
659 477
472 302
523 149
383 156
1015 68
922 274
852 278
796 236
525 369
444 310
805 69
852 436
717 181
942 158
498 415
572 311
629 515
1163 206
788 373
1016 269
679 208
713 287
945 465
726 14
1006 8
798 488
1116 272
959 271
852 75
153 328
923 370
1048 262
598 292
914 292
865 114
419 320
858 424
920 430
874 606
960 303
876 277
497 385
758 89
529 140
1106 600
640 249
210 37
500 252
1147 410
621 460
539 210
987 154
436 320
1181 422
726 197
778 368
848 365
547 451
221 56
1115 68
591 377
612 327
400 47
829 318
861 62
1012 172
1140 454
381 6
1061 423
1107 175
473 145
761 454
1119 371
381 30
936 307
469 148
369 50
1040 134
984 164
695 24
1089 404
544 90
841 120
576 325
510 499
805 447
1019 341
1037 61
788 412
644 416
257 199
742 320
748 432
118 455
465 363
981 364
825 2
993 398
1067 83
776 287
480 95
1005 65
831 116
573 468
563 277
1147 242
497 310
621 214
1031 420
84 350
844 240
767 354
1097 108
255 56
613 377
783 86
490 168
575 81
782 493
940 408
563 264
578 304
147 301
464 234
539 131
1133 388
640 292
423 161
854 41
214 21
184 293
769 275
898 271
361 44
137 511
703 62
804 200
998 75
1085 52
619 134
853 374
755 208
1108 541
958 422
684 2
456 173
1053 282
983 332
814 486
444 220
611 392
802 413
232 327
882 218
554 326
571 378
258 4
659 142
926 699
670 276
337 17
114 469
668 305
725 393
1139 170
565 110
1020 102
567 270
243 605
1012 405
402 11
286 40
908 107
782 319
479 231
428 173
505 266
583 201
914 327
1026 85
911 436
557 312
1008 79
951 205
530 282
153 491
438 416
395 166
768 306
551 258
1161 433
1126 105
844 326
479 397
649 182
974 293
599 302
138 283
114 451
329 13
685 13
551 238
1035 140
584 120
819 434
1090 333
286 429
907 552
666 388
1052 336
456 45
1095 607
1154 136
410 63
534 246
858 109
1152 248
920 483
1036 27
1098 492
513 399
258 9
996 289
930 194
856 404
1134 277
1132 331
896 411
586 155
1153 453
501 385
790 202
935 116
296 457
933 365
837 28
506 210
772 272
502 286
232 308
841 315
872 335
580 404
876 57
441 161
1114 554
586 356
626 178
941 400
1103 554
1095 229
519 72
90 497
843 360
684 269
619 288
948 444
456 343
1153 445
883 59
737 413
782 302
820 360
1072 431
636 282
602 414
143 375
855 369
283 56
564 187
630 463
1177 492
1131 443
950 441
418 203
1073 254
1164 544
1130 159
1155 408
1123 392
859 387
225 454
496 158
1154 184
611 531
1146 252
943 514
973 239
482 152
286 32
1108 419
519 405
822 414
545 148
621 542
808 548
491 420
131 300
464 341
769 76
586 102
664 230
980 232
752 350
605 334
150 82
969 6
786 43
805 311
473 359
453 112
395 356
738 317
541 303
753 359
456 186
1014 19
418 14
453 363
1150 196
632 256
648 283
156 194
779 282
984 307
298 7
251 3
1005 156
843 131
621 265
991 425
571 591
508 178
891 22
1201 355
694 278
149 643
171 327
1040 119
477 217
198 381
584 354
860 468
1148 179
1076 323
485 245
1017 427
826 88
1038 88
695 174
1080 173
633 470
638 288
807 525
816 381
756 357
983 125
335 23
828 411
885 260
884 94
1002 295
330 42
817 407
547 237
687 258
776 378
568 270
935 566
812 344
563 161
823 80
758 181
506 152
670 288
1110 391
980 77
1005 45
453 107
1023 394
493 198
569 97
574 308
654 215
306 58
697 262
1124 323
767 339
918 497
878 334
435 351
1020 338
559 374
1126 256
836 7
594 380
738 340
825 411
951 143
967 131
625 322
759 322
491 71
1200 416
605 153
784 362
172 284
523 363
758 206
747 414
723 205
828 311
894 500
1132 379
570 266
844 550
828 28
692 238
1014 502
963 369
751 463
264 56
1067 575
1025 121
649 234
113 396
874 418
555 101
1067 355
205 64
784 271
932 654
956 133
835 298
508 325
931 265
805 298
865 342
858 29
1004 127
876 414
537 383
1071 527
1001 231
940 434
466 49
227 323
817 377
937 111
588 368
936 93
1063 353
175 606
438 39
902 330
919 330
1028 88
866 43
684 227
1134 115
899 231
389 54
493 281
487 409
504 420
921 408
110 361
560 208
715 247
909 417
193 54
718 330
1056 77
1184 257
315 61
691 257
1010 460
810 423
630 126
940 59
658 186
575 284
841 327
643 342
975 398
885 455
138 567
1052 39
207 305
604 395
1101 591
1029 237
878 81
825 112
561 307
932 365
749 363
843 250
186 63
250 5
824 124
571 356
1176 353
921 389
786 259
961 400
772 71
590 130
1050 321
856 341
762 168
636 290
440 295
664 289
345 20
309 16
468 197
966 419
1051 290
1174 442
784 8
547 318
633 482
1018 483
469 72
936 351
1009 153
654 488
170 278
1176 368
1159 433
1149 361
1009 422
996 135
1020 381
474 131
604 366
997 145
329 9
551 382
670 301
1171 307
430 79
910 296
1131 193
941 350
479 286
633 183
821 196
625 243
594 109
797 109
192 36
609 309
286 7
1059 165
1059 326
848 296
1095 334
919 149
537 463
591 274
1070 389
624 276
637 217
451 219
1136 577
530 438
454 346
838 66
487 107
986 281
569 312
440 189
1002 441
540 382
686 184
530 298
822 181
433 119
498 421
374 7
798 190
429 27
530 247
766 170
815 98
169 430
840 15
187 711
611 329
848 499
546 262
927 137
877 102
885 53
973 9
518 398
959 684
854 302
783 363
616 222
553 454
1153 252
438 352
953 382
870 474
944 470
433 450
632 486
744 398
717 52
515 165
821 181
754 3
452 419
1109 371
544 339
453 306
615 137
616 307
1081 149
620 283
827 297
474 430
996 65
636 142
463 169
606 164
1042 126
840 431
715 160
1025 81
973 165
597 219
563 143
738 344
616 144
478 425
884 414
559 269
1094 277
1144 361
896 401
390 299
542 321
157 611
895 385
392 67
1111 131
920 9
579 153
734 333
1047 123
729 80
834 68
917 91
516 143
758 242
911 433
971 333
744 374
787 172
660 153
148 426
223 219
636 447
294 217
552 166
793 346
731 374
728 309
445 217
590 158
117 402
966 124
220 288
733 161
929 376
433 489
444 605
978 0
252 210
788 11
1068 48
924 123
423 376
506 60
1019 141
913 373
486 367
1080 170
845 28
609 265
875 391
468 265
736 430
1008 368
959 371
1076 123
305 172
1110 509
785 79
605 322
1054 89
716 230
1013 33
799 118
1080 105
164 243
729 361
495 139
1044 452
1141 295
522 165
785 43
380 57
588 298
949 124
416 472
1042 251
622 262
526 221
697 52
529 272
26 580
534 554
323 5
553 378
594 410
668 130
1020 112
1002 41
1127 350
986 309
355 24
438 217
1138 400
867 536
134 627
481 256
574 312
969 223
1060 134
626 127
831 429
1153 159
1040 158
576 180
711 58
769 296
579 289
526 323
1184 393
954 415
721 272
757 330
717 151
1154 188
556 119
800 580
477 386
1182 461
973 42
1081 68
1014 65
559 371
655 258
810 32
908 150
1027 116
633 181
1150 129
476 327
256 2
810 332
1059 126
805 279
533 405
592 401
1115 544
1016 415
1142 536
207 296
522 317
881 445
468 60
634 359
517 343
857 70
984 474
976 427
660 353
389 187
429 229
444 491
1085 495
1163 496
577 137
417 276
959 369
980 215
598 423
942 284
761 110
955 361
607 95
577 322
113 487
158 528
348 20
501 323
200 33
496 151
468 194
469 262
979 241
621 413
474 210
528 126
996 423
1051 160
669 347
987 21
952 325
940 87
975 471
576 429
1030 311
1094 443
483 189
622 288
596 406
394 365
449 342
594 252
1180 335
738 17
781 210
724 245
860 103
141 309
693 236
819 41
975 25
574 356
424 259
739 207
1046 162
633 513
531 285
798 244
611 238
793 96
483 277
820 179
934 111
1171 424
828 3
833 272
1074 383
644 289
480 132
613 372
819 448
760 77
195 209
962 71
1027 87
1146 533
637 197
337 30
1134 106
1173 366
479 166
475 331
335 40
1094 187
452 180
63 623
890 347
495 164
738 349
705 210
720 373
974 155
955 157
961 269
837 62
437 161
881 350
451 72
482 247
633 586
1109 127
924 374
492 465
1044 364
1048 330
559 277
829 85
1111 191
891 285
379 16
644 222
812 91
391 52
869 325
564 409
753 408
635 116
803 67
967 136
770 53
608 324
427 82
871 80
1140 256
890 103
916 123
944 136
1184 394
881 446
1011 38
702 329
959 54
236 395
190 500
179 579
1064 70
971 392
883 312
230 182
1181 443
1061 120
206 423
986 390
1009 437
723 41
621 328
941 295
706 354
950 119
977 93
576 323
1120 172
1099 136
1017 287
326 2
958 335
1065 127
823 422
882 493
1015 376
1094 107
403 379
567 281
840 615
746 454
573 177
514 339
511 268
1089 381
944 43
968 357
800 440
733 244
1164 487
509 123
526 265
834 78
804 376
1102 147
346 42
886 472
156 519
878 375
873 127
1049 112
820 38
967 276
465 135
516 316
555 259
477 352
794 446
638 247
174 404
239 436
819 337
126 476
1021 317
849 426
446 113
1163 193
1066 38
151 465
545 94
499 488
772 277
510 429
576 295
626 201
591 445
728 275
1074 240
474 80
545 196
471 410
465 387
474 186
933 360
941 272
559 452
963 45
393 175
527 299
97 325
1155 323
1079 474
775 251
480 221
915 375
155 270
1167 296
475 230
406 333
1149 556
641 115
945 528
867 131
1042 173
819 398
485 179
778 46
189 466
521 186
720 104
752 467
501 293
456 412
741 266
442 268
575 128
823 333
946 541
727 224
983 25
642 229
831 26
778 231
159 327
365 449
844 40
749 331
636 304
756 314
829 104
1118 47
584 413
642 289
1130 142
616 286
893 125
549 7
1079 452
1004 27
1067 227
908 131
534 425
760 700
1096 152
1106 456
834 423
589 364
1070 86
1033 117
1081 337
428 335
595 311
332 76
82 279
1098 93
207 306
883 199
830 276
835 117
305 22
259 16
448 159
505 257
847 424
455 60
651 128
1031 59
851 235
1015 54
962 216
1032 109
1064 460
525 290
1276 152
624 237
613 312
160 498
511 356
184 639
458 204
1043 148
1138 137
809 11
170 503
505 155
420 52
889 127
525 281
805 216
1019 176
1135 163
1135 163
452 185
854 331
1031 211
794 298
684 253
875 562
925 447
409 517
811 539
1042 398
827 48
526 311
1083 64
755 25
1109 396
830 415
608 285
376 708
1002 349
265 183
609 329
565 229
824 266
395 23
838 330
628 145
742 528
467 204
923 381
467 201
560 274
1180 477
1040 390
485 139
780 74
594 366
506 315
1179 439
388 108
1033 108
665 246
1175 248
511 231
654 235
804 265
962 322
1194 359
457 407
618 24
446 276
598 300
982 22
653 233
1180 363
854 114
789 173
728 211
973 550
920 391
995 336
264 562
1104 437
706 630
709 265
749 32
830 357
898 493
1079 252
808 454
1000 108
857 288
992 506
1071 64
873 9
1089 80
236 387
821 107
1021 67
489 261
1049 154
1026 136
1121 169
1074 129
508 438
1093 347
1125 126
610 415
602 304
557 352
931 141
539 292
568 652
200 422
1138 243
595 354
583 269
454 373
1168 412
460 131
470 406
254 241
971 0
197 481
487 226
124 238
1056 292
453 201
818 643
815 337
142 262
1137 293
1127 159
749 79
1079 585
773 323
880 282
495 345
949 393
982 63
562 281
330 36
1193 362
1028 291
1074 312
321 70
1148 301
505 327
1000 13
530 103
486 174
967 401
668 263
627 334
1176 446
652 323
539 331
577 298
967 298
922 69
991 60
918 395
1068 50
887 511
951 487
1028 134
433 360
1044 88
1088 591
991 213
806 369
613 204
668 217
725 656
668 323
1093 242
941 438
425 97
817 285
779 391
949 339
509 64
406 88
523 360
599 97
624 185
841 358
1066 566
517 407
1149 175
963 298
848 72
625 112
896 309
971 486
795 410
735 279
691 40
880 100
815 176
1007 417
1065 421
1169 435
544 83
949 508
1138 339
1074 435
526 263
606 342
817 57
1078 481
946 76
1052 481
1137 495
531 294
647 312
731 351
643 243
777 16
837 278
549 337
804 464
1080 457
791 450
778 43
972 301
523 310
470 65
840 248
1003 441
900 403
403 20
931 124
980 431
820 399
538 90
725 35
1163 182
616 367
595 88
984 473
607 166
583 573
500 79
706 272
1113 338
720 37
964 274
822 88
1046 165
879 390
952 309
949 434
735 423
608 218
739 372
919 72
1037 261
809 301
531 411
468 393
143 515
166 53
648 207
634 206
403 187
671 131
1194 352
883 355
810 360
538 342
605 340
844 304
604 269
577 394
79 422
991 423
866 534
1087 536
1090 172
441 170
409 188
512 131
1029 30
306 69
934 116
627 489
1154 197
481 257
674 262
1105 347
985 161
758 173
658 366
647 207
872 262
627 520
558 308
1044 136
792 420
213 576
306 33
846 380
195 333
875 319
824 478
1029 141
998 426
1108 171
738 442
1001 208
1054 469
658 266
464 358
906 130
1064 137
549 382
973 270
950 512
864 12
1034 229
637 507
131 330
708 256
523 288
1170 389
681 191
421 18
1083 142
835 214
1068 127
1063 282
750 382
1046 153
766 279
1183 410
776 421
1080 298
1088 60
654 260
911 444
1020 472
241 44
1035 342
170 396
796 85
900 363
763 306
444 147
876 625
865 521
1092 292
662 142
419 197
1114 424
1156 424
435 116
942 237
840 312
466 349
421 341
971 382
896 353
359 602
949 102
686 197
154 258
549 276
1086 320
568 461
800 493
792 15
486 323
675 297
468 42
726 25
914 477
382 410
929 203
621 279
935 455
545 299
388 362
762 399
540 375
494 157
836 95
818 501
605 459
419 389
868 281
805 180
1053 317
634 142
260 52
684 233
1105 235
520 165
868 460
787 327
1004 248
977 550
472 397
611 575
1184 439
530 177
694 166
852 456
517 251
417 355
544 170
630 360
805 400
649 229
1026 307
798 531
603 206
962 421
1011 358
651 321
607 267
1108 431
753 485
664 222
660 255
1143 273
553 300
443 385
958 415
907 268
1055 85
1086 120
1126 124
936 407
1103 480
457 89
494 143
963 130
426 379
783 378
795 40
731 331
495 262
595 188
557 389
755 432
675 316
749 308
945 74
547 163
251 216
869 335
1046 364
624 372
1108 312
597 296
471 469
881 487
1016 416
1060 27
552 55
913 371
891 352
884 349
889 279
813 410
842 384
837 477
738 313
756 166
634 97
836 64
417 62
401 30
160 600
780 478
904 367
1047 359
821 352
940 267
926 317
643 314
455 179
526 171
669 133
454 127
265 67
508 343
928 335
945 397
695 185
653 384
762 202
760 424
1035 501
130 360
1055 452
818 325
869 272
449 121
114 387
971 323
1203 333
487 131
594 404
408 53
980 287
611 422
1172 399
610 412
725 457
860 448
969 50
730 255
1044 521
1044 331
551 400
276 48
746 30
898 361
813 71
546 159
465 161
1099 453
764 454
829 273
850 239
700 158
846 332
944 356
412 342
320 23
714 185
1003 145
1045 469
429 263
729 330
974 434
311 53
576 244
812 241
97 337
805 509
1006 108
918 441
826 395
357 53
799 244
488 393
441 332
512 172
1034 139
1118 426
1112 375
558 278
759 349
942 345
1150 208
898 147
765 288
468 122
1055 122
406 584
983 57
760 530
205 494
821 494
638 226
1017 345
1165 244
196 40
624 556
789 12
1173 310
510 300
470 372
989 421
1011 424
39 13
1097 162
964 487
797 64
1010 98
953 35
401 20
804 343
478 158
603 320
842 369
573 290
439 312
451 320
1097 361
593 222
834 295
512 163
587 132
987 145
566 224
406 288
949 311
532 273
625 273
990 170
1122 170
546 388
856 379
1058 39
1087 314
537 295
139 463
578 534
1144 160
637 123
1081 107
1010 411
787 375
883 342
412 533
886 409
1096 598
476 306
542 342
890 329
539 88
980 488
762 271
170 557
768 29
765 45
771 295
891 44
1122 186
204 16
690 186
832 411
1136 338
537 143
971 443
251 280
567 168
602 535
179 419
1072 246
493 481
580 398
914 66
956 66
1011 175
502 353
499 173
972 382
488 157
892 297
749 21
488 343
704 217
604 413
770 300
554 314
652 314
782 563
1024 34
604 289
382 126
895 195
951 330
250 77
778 523
1004 235
774 532
601 151
995 323
1017 300
836 325
411 21
881 414
895 424
913 230
592 305
1170 288
762 444
1014 294
1021 500
1082 38
513 280
684 291
451 348
545 335
388 24
571 106
555 170
471 459
1119 259
964 259
552 395
709 23
527 146
1001 308
781 295
921 377
765 85
541 266
684 221
804 282
986 301
1169 511
436 216
1167 164
626 215
927 370
1188 297
382 20
312 40
369 78
873 133
880 468
1055 264
643 351
817 521
390 23
868 396
212 63
559 232
689 242
465 199
646 186
758 273
809 395
350 75
859 478
744 53
895 244
1107 190
627 279
607 281
1114 464
1129 141
401 37
518 460
762 385
528 383
809 314
571 224
904 5
1117 189
490 261
667 144
697 57
485 302
1111 168
1006 462
807 40
931 542
774 69
568 255
970 121
555 295
1114 239
601 391
611 307
749 394
892 6
189 482
56 632
893 57
807 334
1039 85
832 457
226 343
461 188
477 183
618 489
148 98
427 84
990 143
259 354
1115 560
467 317
591 389
1083 159
831 328
773 20
922 138
773 295
404 48
460 453
835 482
982 422
557 161
373 44
137 356
927 393
801 267
895 130
821 511
880 410
740 41
446 96
199 294
881 296
1009 67
1003 249
1022 28
969 498
838 87
96 475
1019 0
876 335
1085 63
794 120
571 342
752 199
219 294
751 35
1086 123
576 123
233 410
834 441
154 601
606 385
1154 440
843 30
896 88
215 585
546 391
522 437
300 71
1045 189
1150 142
772 9
1014 404
765 329
819 80
853 355
800 352
942 107
871 527
633 293
447 193
1029 76
1157 262
732 290
879 73
580 467
850 454
1019 161
529 274
971 474
1117 234
785 221
872 88
529 339
1208 378
779 374
1097 150
771 65
792 247
601 265
1031 342
1136 387
1075 251
759 286
1083 219
1152 163
925 326
514 171
1105 89
1099 178
777 288
337 48
1074 188
1156 199
788 109
258 233
586 565
1110 183
1118 252
743 50
244 310
1062 86
497 369
896 133
933 446
947 463
1075 255
1022 25
844 280
765 42
778 408
150 577
895 412
538 271
865 391
445 360
1065 505
642 335
1022 316
597 246
569 564
154 363
790 213
365 46
798 225
699 19
1012 49
979 401
283 233
1013 43
619 491
549 289
793 48
562 316
866 113
918 599
1091 168
389 406
1048 90
939 91
570 144
1038 499
598 324
660 268
882 314
859 17
1167 176
1015 62
564 126
842 77
760 93
135 576
783 81
777 255
777 391
756 177
895 119
229 450
776 29
203 347
1013 3
1078 178
92 391
908 145
891 357
833 398
199 9
656 252
493 360
622 323
1063 349
1080 339
260 48
831 96
947 311
1158 169
135 345
1137 205
215 577
1025 160
1025 236
159 580
163 414
594 197
450 261
733 18
917 339
546 356
617 398
830 10
1119 152
186 279
1179 403
819 75
987 32
924 126
537 378
947 50
1045 261
176 310
905 115
102 346
922 202
1035 110
946 414
128 241
493 405
838 96
1075 517
1121 184
347 53
896 67
962 451
895 30
1027 461
907 150
963 387
1058 313
361 14
1110 296
300 199
80 374
464 383
716 237
671 161
1053 337
225 234
637 293
217 350
1268 208
705 178
1080 101
639 0
646 251
1069 64
931 512
750 36
817 469
985 31
687 628
720 56
788 315
103 368
721 368
563 413
774 314
741 432
1103 463
1150 164
638 275
752 85
731 69
165 506
953 447
739 27
721 36
1093 105
869 121
979 5
803 26
726 1
806 57
1020 339
1001 10
1042 301
186 328
497 410
1107 447
1051 351
772 197
961 302
857 129
947 319
822 120
847 412
466 398
780 241
599 345
912 110
185 373
1028 27
939 89
846 105
587 297
200 428
728 99
1171 172
141 371
448 443
999 135
756 13
965 107
97 273
147 275
87 415
153 268
987 114
1036 24
763 54
863 34
562 468
725 33
1098 488
737 1
585 349
1004 83
864 79
1027 171
1063 121
1106 135
753 57
528 119
771 115
135 346
1066 117
169 539
1030 21
174 338
853 86
1096 64
147 573
855 79
658 151
515 124
545 459
980 23
727 20
778 20
475 343
779 341
1181 270
824 388
301 53
833 117
729 27
420 243
1078 103
866 367
132 425
1006 34
937 126
1048 77
1040 54
1014 51
129 475
988 179
819 39
625 404
685 186
1137 186
844 643
924 144
491 385
706 17
575 476
102 355
1087 155
946 394
649 1
894 263
103 383
1004 48
1164 378
779 81
952 52
541 257
523 168
993 154
979 19
591 384
831 83
937 99
1000 519
965 428
1111 84
800 74
813 209
226 248
807 311
97 365
170 463
1137 135
1141 203
340 1
939 9
1098 150
282 219
822 326
189 391
158 311
45 86
462 160
685 287
169 314
869 49
652 132
960 64
431 184
753 19
587 408
813 26
932 124
913 120
546 267
535 313
545 7
855 129
1026 128
885 101
399 164
389 52
91 249
964 531
758 56
377 51
217 330
1162 450
1016 305
986 393
1013 348
188 317
954 55
632 305
942 10
1151 163
817 356
100 359
1092 81
756 75
834 284
637 416
417 231
678 356
244 333
1070 358
125 477
853 466
770 394
721 65
1091 165
639 254
1033 167
579 401
664 209
789 302
792 230
417 344
292 3
234 366
1098 193
799 90
1124 110
841 355
1037 27
684 395
97 333
819 69
828 62
907 323
1159 392
120 556
792 596
796 79
835 85
1059 162
998 385
781 115
905 32
944 406
747 17
735 406
81 285
752 98
928 79
739 376
561 107
731 22
112 369
555 316
415 37
945 303
85 420
1154 394
858 298
934 403
1063 73
843 378
1114 285
783 23
1110 179
1118 590
978 436
1166 402
540 483
950 24
837 113
1108 133
1002 137
766 341
880 396
881 58
898 54
636 335
768 494
771 446
924 219
1049 463
869 94
529 252
92 303
1002 155
716 473
212 424
137 403
1188 397
270 567
1037 48
833 490
526 407
942 434
91 419
1003 514
695 202
557 235
738 173
739 173
828 188
434 148
1079 117
705 85
658 331
739 311
819 491
959 506
853 469
611 418
163 534
466 62
954 367
515 264
892 99
285 211
746 383
1004 154
833 393
198 315
611 141
768 347
639 363
750 441
454 149
431 162
192 47
947 28
624 199
1158 186
909 128
550 413
147 407
896 18
618 142
882 60
132 526
574 137
1046 526
947 17
1122 557
103 385
604 281
564 226
439 388
1041 138
209 587
948 230
257 43
436 356
1133 113
1042 149
541 113
676 264
1075 176
952 141
1011 173
424 346
888 127
747 317
137 399
166 502
1030 290
750 423
1098 613
268 81
932 35
670 310
338 58
1103 132
635 200
973 26
104 296
587 201
745 461
179 589
1027 168
1062 109
1113 148
1045 122
128 353
121 439
970 3
354 62
1130 523
793 369
1138 279
1125 234
1050 85
640 454
774 88
806 88
1046 132
1044 102
912 322
922 130
944 130
895 115
1154 172
839 274
1035 452
907 45
137 451
280 30
873 124
771 2
1116 174
107 373
864 111
187 240
131 366
754 21
791 68
1128 96
879 98
1003 98
735 446
1140 123
787 85
453 221
787 349
735 60
512 111
982 282
966 16
994 43
891 140
468 84
163 250
789 108
1163 254
811 51
538 249
1114 625
804 443
632 280
1046 413
588 309
604 333
449 308
520 274
973 282
940 232
1171 487
710 165
1123 145
921 572
576 249
162 456
651 366
1077 313
804 566
258 234
839 371
667 226
972 281
437 35
841 318
767 352
1040 17
613 331
781 257
649 252
1009 152
924 473
672 231
364 7
1079 90
1036 216
684 203
593 565
1159 400
1058 330
786 119
1014 226
522 128
511 299
781 282
517 420
450 192
945 579
853 472
760 328
438 259
726 253
667 239
235 275
1104 491
807 116
338 28
1022 22
110 386
269 15
356 40
428 192
1076 262
1035 301
556 415
732 291
587 171
917 144
608 145
811 85
888 514
607 309
773 434
1103 176
1089 152
661 351
1100 86
837 314
555 75
493 272
830 325
1177 278
1130 248
422 239
880 29
596 299
895 322
410 38
683 167
718 157
819 583
815 208
256 50
923 209
588 334
313 2
984 325
864 113
307 24
860 13
486 421
542 296
128 403
837 295
446 175
582 293
237 398
745 83
817 67
1019 71
168 550
757 354
485 89
701 285
438 93
936 326
247 85
743 269
1140 393
764 466
182 286
896 119
1030 119
310 56
652 359
244 470
1009 60
1017 71
497 115
946 471
1180 233
212 282
611 142
836 364
1177 370
969 143
648 224
445 175
1131 133
160 504
809 27
1194 257
86 329
306 4
485 131
851 334
775 17
1048 107
1045 138
992 338
515 257
520 358
467 74
1123 544
832 8
772 77
596 199
312 12
1103 352
639 247
131 365
1007 61
387 329
933 211
637 344
1165 240
489 74
94 306
632 479
631 271
726 317
1025 436
923 145
475 142
837 33
706 27
857 84
625 189
388 355
727 21
159 175
842 44
648 290
804 118
986 245
735 13
1002 228
496 288
985 62
536 218
540 332
1073 102
1062 176
880 341
1168 239
717 39
550 463
946 75
783 3
388 536
752 362
207 326
83 415
441 211
167 261
376 100
823 100
1051 47
469 411
958 323
768 262
782 317
412 36
539 325
767 55
867 369
1129 578
848 100
966 4
892 124
836 413
1165 187
172 77
814 399
680 274
104 368
837 66
1009 59
651 323
624 361
1083 437
1056 521
565 362
852 83
127 329
681 292
509 339
1124 282
1142 436
547 319
609 106
983 97
1107 412
139 556
975 304
958 414
618 170
975 229
940 135
964 272
660 302
703 253
576 306
575 366
991 86
432 81
813 48
977 48
248 313
498 259
1150 141
951 72
603 304
961 58
1073 462
489 100
841 101
139 348
683 282
130 504
1096 106
309 52
93 413
652 214
653 214
1065 27
749 42
637 346
1039 16
876 86
978 296
1084 164
754 257
589 417
553 135
857 82
1119 132
1084 428
919 247
437 134
1092 340
1180 407
266 389
515 229
834 184
492 367
552 167
165 662
968 46
1107 356
1163 398
887 117
232 65
854 213
641 147
252 20
909 451
339 71
827 389
568 292
614 329
292 202
578 138
950 452
760 200
879 499
1063 234
1116 166
865 67
1018 313
1167 330
516 152
270 278
1003 477
1110 368
655 310
563 338
808 22
783 112
867 353
545 99
867 466
203 243
901 42
629 284
1086 529
508 139
957 87
1029 36
873 236
153 261
1075 135
798 40
570 335
104 510
876 101
1137 279
735 349
545 125
924 140
913 142
948 142
1155 264
1153 205
738 382
963 51
440 34
263 249
1007 238
1123 371
655 193
1144 419
879 512
1125 182
855 340
1021 312
404 332
787 448
574 276
1089 36
532 305
974 346
468 142
788 270
643 202
1120 285
728 48
428 112
522 134
567 162
692 223
763 387
936 391
820 23
1120 187
692 245
602 233
1061 456
303 54
524 192
729 204
594 361
512 449
499 221
1026 97
509 396
1087 534
484 416
614 260
1100 116
946 281
208 299
1153 419
414 361
971 489
420 194
775 471
699 44
689 260
867 96
1009 272
1097 382
252 329
1063 284
1187 425
945 144
1174 167
417 80
814 48
1077 234
590 364
614 256
712 13
658 392
766 202
948 281
389 56
540 355
950 391
1058 75
456 136
616 534
682 329
472 390
978 345
1017 330
1152 353
659 218
475 263
1103 199
237 38
620 116
953 135
179 456
1056 463
1020 385
1010 164
947 476
829 108
1107 169
665 218
563 87
1058 478
723 49
598 201
1023 357
521 134
942 35
554 176
1168 364
437 167
1061 509
812 39
580 369
789 310
1090 16
1258 587
505 223
481 275
795 78
492 605
450 492
763 266
451 182
1024 472
647 288
309 47
567 122
960 65
907 4
845 67
559 89
1108 148
813 8
535 417
434 51
143 393
147 395
606 251
236 608
606 347
805 43
819 99
158 375
846 7
919 21
808 362
944 125
1144 547
481 332
763 315
506 268
959 430
775 240
848 305
688 295
920 409
1109 576
899 383
736 35
348 76
751 373
692 221
698 323
727 14
416 202
92 399
1132 505
862 257
958 359
369 28
906 268
775 267
1072 345
979 534
714 211
427 91
1013 453
941 543
811 183
644 144
192 252
995 560
472 359
864 83
150 644
503 395
942 386
763 348
1054 39
789 318
1161 186
534 429
864 18
890 49
805 284
800 171
913 11
559 378
148 568
1124 98
484 127
968 428
1125 197
825 333
559 320
812 382
820 31
514 409
1048 44
646 163
1161 167
976 92
132 310
1162 196
468 249
201 318
844 9
99 507
1081 137
500 231
532 131
754 103
228 27
1069 27
518 453
944 150
233 14
199 290
193 566
1122 163
1143 589
1026 522
511 170
906 145
506 174
807 429
1055 141
989 381
978 137
1104 411
860 411
116 354
989 5
885 2
158 246
861 125
1151 203
990 85
463 266
423 38
600 250
493 313
167 615
729 167
1067 175
572 335
786 427
94 333
859 325
858 207
769 53
990 165
1107 170
579 170
122 373
287 27
1036 18
641 263
704 23
299 73
875 78
865 37
1087 446
257 242
996 137
466 72
949 62
1036 148
751 393
970 464
171 576
1061 73
770 463
928 39
472 222
845 104
948 119
384 65
1046 32
572 231
929 454
426 78
824 69
946 107
711 250
1071 229
566 314
424 172
921 210
171 323
322 66
481 264
652 255
144 341
898 234
602 372
964 495
553 367
506 369
979 163
1094 314
882 570
789 293
542 401
553 146
128 557
798 582
751 195
833 284
1015 357
866 413
982 492
250 282
1054 283
925 353
135 207
320 7
740 100
1148 161
782 491
259 237
496 237
1078 343
955 84
1052 278
541 288
849 291
1168 372
432 182
298 51
558 314
294 69
840 396
170 326
962 445
779 94
783 166
634 156
521 149
267 31
798 432
930 92
521 135
1097 371
567 387
834 80
459 442
830 282
1015 102
727 269
1105 72
618 351
990 431
1119 398
1023 16
1037 318
539 318
889 320
870 460
601 272
799 279
555 425
619 306
1011 310
262 9
871 78
496 89
592 89
1082 257
599 362
1100 648
857 48
497 187
658 200
1017 249
644 232
1041 273
832 278
791 316
387 303
608 296
491 393
453 425
943 425
621 429
1165 419
555 700
963 653
627 518
690 190
452 163
500 167
647 147
962 138
614 202
693 193
670 212
747 218
483 84
486 70
772 22
707 31
647 308
813 313
609 337
734 338
451 349
555 352
106 450
1167 510
463 447
413 394
982 397
1148 391
790 64
1016 65
763 43
488 224
645 234
859 197
1079 150
413 278
939 279
152 399
752 436
404 448
729 104
1054 80
464 377
946 299
545 312
558 319
976 28
1129 341
755 222
485 145
982 128
138 366
510 112
681 219
618 266
1124 500
897 323
601 240
873 413
1034 240
807 67
557 118
845 412
436 49
914 49
1055 34
940 394
480 331
1133 440
1089 278
824 565
650 256
605 105
669 256
973 230
555 145
205 317
866 508
976 278
955 132
1014 71
950 141
1021 430
956 55
854 25
564 315
540 256
1067 103
623 319
1169 324
407 31
750 463
953 242
91 441
1055 426
532 141
661 294
1162 407
519 187
138 541
542 107
984 133
347 49
830 319
1051 177
947 475
480 193
512 333
553 432
417 85
392 450
1107 87
729 46
549 256
942 348
868 34
455 47
796 96
918 8
849 524
783 172
827 13
812 72
812 463
950 455
198 531
745 61
812 52
907 99
1042 395
200 327
1125 180
611 345
608 476
1105 157
527 289
1067 183
171 315
838 27
1003 140
684 41
229 446
949 159
1007 69
884 319
456 358
251 8
862 352
1109 131
881 391
510 251
760 8
1022 149
223 296
174 457
1120 124
502 311
464 99
952 75
665 298
776 49
622 307
753 36
754 61
429 333
894 122
780 25
902 102
128 223
817 330
918 66
956 355
223 474
93 421
1013 26
516 468
1009 163
1073 62
1161 418
817 124
824 337
833 102
1161 338
954 52
1098 185
1118 103
969 62
179 457
1053 71
811 537
701 65
923 28
750 376
1072 130
581 149
1128 474
892 493
904 413
1018 91
1277 223
1071 68
1154 185
1020 162
721 0
112 558
1081 72
1044 338
1142 100
1013 356
1012 159
460 362
1148 292
252 77
1172 473
149 423
898 112
199 501
1079 428
189 534
1052 255
857 43
1118 577
569 335
211 518
681 50
949 52
197 21
411 129
739 249
798 44
811 211
695 192
1145 201
267 44
955 44
834 373
1040 348
1141 412
975 70
856 271
296 515
140 558
107 525
95 427
638 269
532 424
507 397
750 397
97 416
870 250
1143 171
1051 92
573 244
447 454
967 445
773 71
397 339
753 217
137 483
872 30
912 109
1085 184
1159 184
1065 169
201 377
887 221
497 217
764 49
546 174
205 345
760 62
925 464
304 196
439 37
704 256
1129 124
531 427
920 141
966 239
874 203
1008 82
785 19
1011 16
426 370
783 108
647 1
759 94
754 458
1135 290
749 177
510 132
1066 55
867 135
878 127
264 390
606 265
921 25
1099 333
1063 136
244 487
568 395
742 214
942 309
980 7
778 322
289 248
691 228
191 479
816 328
746 402
850 69
745 301
823 607
864 1
957 115
448 290
580 231
577 318
208 400
792 459
527 412
1191 389
734 20
281 3
1050 144
761 217
803 36
1163 276
974 375
617 62
141 225
876 87
482 162
706 0
402 15
864 393
161 354
819 100
819 703
946 322
103 507
466 452
834 467
1143 388
806 36
119 291
1155 291
1134 199
589 407
1060 122
396 28
487 235
88 294
585 356
1020 155
957 66
931 216
858 149
194 498
764 291
789 70
1023 32
522 138
1037 74
431 370
592 345
546 248
593 324
249 524
181 419
1013 163
243 67
1016 11
860 113
1070 102
604 348
210 43
802 287
614 183
139 477
1115 67
176 417
1104 62
533 131
1044 148
988 684
519 430
532 259
1183 351
923 106
265 15
1039 15
203 630
375 48
982 153
1015 164
304 10
805 60
932 280
1057 94
745 473
205 170
457 346
591 418
585 278
847 77
427 366
592 386
930 470
1149 176
833 305
957 108
355 61
675 61
420 371
454 133
275 62
1162 150
831 391
1119 458
1014 147
999 109
140 426
886 379
931 525
787 436
1003 277
492 166
915 82
1272 145
982 134
1046 338
1020 386
169 242
783 70
1080 131
156 363
1134 194
196 380
1084 72
1102 640
1101 272
121 248
714 204
560 228
1052 81
788 52
848 24
619 429
152 263
986 469
956 442
590 435
710 360
90 415
1039 66
954 585
445 250
1076 164
790 21
918 133
618 146
175 237
729 331
708 39
919 297
1125 134
1069 89
517 314
961 385
972 137
570 104
760 453
924 400
1009 215
769 105
704 346
843 76
474 234
913 333
902 89
617 334
1102 112
1158 172
882 91
1006 77
937 71
1164 204
733 13
563 145
124 358
469 358
909 496
586 221
175 537
1162 171
998 72
1014 160
742 335
384 21
800 64
701 239
1106 280
1053 132
289 235
600 455
201 411
141 451
874 52
773 12
681 8
541 267
1046 81
1039 99
986 101
911 149
1160 448
497 361
950 31
973 86
664 274
815 57
241 560
568 313
124 399
565 254
738 24
599 439
473 65
574 387
578 221
1135 244
860 463
227 227
816 54
876 193
1015 12
365 66
878 301
762 82
746 366
363 32
903 478
764 174
1010 341
764 282
808 293
883 109
166 357
785 447
483 328
956 153
479 264
175 446
821 446
498 152
983 423
1134 204
1042 266
123 302
152 631
502 310
274 202
170 312
1133 465
916 10
1005 41
923 133
775 242
839 447
1018 27
278 3
964 477
796 489
235 30
369 42
891 402
981 392
1151 562
982 79
1048 49
522 189
456 399
527 227
916 147
895 337
778 377
971 299
424 143
418 211
189 594
650 350
830 350
1057 113
1069 415
434 173
526 385
915 205
1146 370
933 512
739 302
763 347
776 52
222 8
873 356
437 180
492 217
213 9
576 301
678 315
1030 331
1083 139
643 245
550 77
944 511
926 198
947 323
173 316
758 452
702 441
1008 363
498 318
432 43
342 44
400 186
663 228
555 347
1152 287
1046 117
508 121
987 513
621 381
543 362
570 362
896 403
341 50
336 57
1108 138
564 107
602 241
941 405
202 323
807 24
993 314
503 212
766 64
436 73
586 364
777 62
306 48
1109 146
1046 177
773 255
835 285
781 399
814 65
837 69
956 356
960 268
471 301
562 220
1043 409
472 258
554 432
799 468
391 12
791 203
777 344
898 298
891 304
861 287
301 11
913 137
978 145
982 145
1123 530
1179 472
795 372
989 39
1159 200
1008 129
868 499
281 54
700 242
510 159
196 566
906 433
990 115
539 333
1095 447
201 24
508 137
551 133
514 135
986 229
607 207
591 201
1141 544
1021 445
864 398
835 397
879 452
1083 479
1019 320
922 351
989 338
511 374
861 374
1000 267
873 269
687 257
553 262
583 296
666 316
726 237
939 255
617 246
490 132
897 135
525 103
904 518
153 528
945 534
828 250
460 190
779 191
489 168
224 28
1054 325
1099 332
838 329
1029 339
757 275
816 299
530 302
962 465
795 452
483 507
842 510
796 438
913 387
774 565
628 582
829 218
565 216
660 210
520 224
493 229
571 232
934 145
714 11
180 43
758 81
447 64
838 76
665 262
1011 307
567 310
547 365
1093 368
597 380
226 404
623 397
1114 397
124 389
817 508
173 493
1169 456
659 463
859 466
447 529
809 206
585 203
623 219
544 251
909 126
304 77
294 46
348 12
225 273
716 273
772 279
821 295
679 330
844 321
1021 343
465 364
418 362
562 403
488 409
1023 396
786 428
602 425
487 423
581 452
818 459
829 485
522 482
163 615
834 93
1095 79
274 49
1034 54
1093 54
863 60
304 41
406 190
567 196
846 197
1152 300
445 316
596 317
815 304
807 262
826 260
710 278
842 360
877 367
757 356
827 376
993 350
879 406
932 413
198 384
858 438
666 433
585 487
732 468
927 470
831 514
122 534
413 64
1062 78
1104 107
412 45
687 63
437 54
744 8
449 216
652 202
644 180
385 183
845 349
965 336
480 332
921 320
509 322
554 325
771 369
858 369
526 300
983 288
945 257
473 270
726 270
125 275
414 278
925 656
712 43
233 80
1042 230
574 223
682 217
554 209
545 190
463 181
489 136
495 137
959 153
681 315
583 308
807 303
590 282
489 344
771 338
558 320
771 334
535 367
1054 359
813 379
1185 373
893 467
1115 465
730 479
169 504
1043 391
897 384
931 404
571 415
775 446
939 422
944 423
1132 552
363 1
675 15
295 29
328 26
370 48
1004 49
435 95
535 94
943 74
608 194
615 196
755 221
832 247
584 180
992 163
760 174
461 140
1064 152
653 157
620 145
723 304
886 306
804 313
996 312
505 297
674 298
801 298
995 298
836 302
650 289
982 291
673 292
1010 267
586 278
752 286
735 327
657 346
417 345
1028 345
482 338
830 337
583 369
965 380
1127 383
435 353
915 367
635 478
1126 474
820 464
962 460
911 461
534 453
838 485
1000 486
829 493
867 388
1053 385
977 408
1121 401
1012 596
94 516
953 686
1029 682
808 28
425 26
355 19
342 11
994 54
699 67
288 64
341 226
508 227
687 225
651 228
1126 238
675 251
775 243
829 222
619 220
698 192
1093 177
640 179
457 165
726 161
1071 160
468 134
1007 129
946 149
1192 316
948 317
838 293
806 271
933 268
946 282
597 278
926 351
569 320
1033 364
1128 406
830 423
774 548
869 541
846 57
319 4
980 104
1052 116
420 89
787 181
1042 168
1046 150
909 233
583 211
442 349
580 324
614 321
259 358
431 366
546 315
540 288
1075 273
865 405
907 129
604 106
1074 113
555 127
991 1
1144 322
763 305
1108 484
836 367
577 313
995 353
540 95
918 95
769 270
504 248
1082 375
1023 513
520 389
764 339
970 9
778 437
748 449
534 329
923 343
722 321
551 141
905 254
1169 420
890 387
1096 83
1018 139
816 55
609 636
503 189
683 200
516 277
239 79
443 307
475 397
796 102
943 293
1084 557
1119 598
895 247
568 442
572 199
584 389
546 154
838 432
624 177
424 208
97 366
215 261
464 324
815 313
552 368
249 61
636 356
981 492
1145 199
177 558
463 178
947 448
240 240
896 33
122 502
636 409
849 136
980 17
940 100
878 454
1011 144
813 34
447 177
657 155
756 39
1073 137
294 541
1105 86
986 69
1058 363
179 512
172 481
430 158
845 22
897 80
93 388
1031 29
452 340
875 93
573 318
940 233
572 395
1128 125
155 240
154 523
1046 126
917 576
1002 458
842 412
1107 453
1164 343
895 184
92 395
457 370
903 325
1012 448
487 187
1106 54
644 306
660 120
762 371
813 103
523 165
519 280
455 257
131 317
525 104
674 23
704 4
182 271
204 9
557 308
909 234
601 195
390 13
821 41
728 47
1023 536
1051 111
962 411
387 538
484 139
954 493
826 349
423 97
699 299
761 56
573 423
942 291
478 390
977 43
773 79
1046 359
157 249
625 302
1079 308
908 320
745 291
424 82
818 306
506 267
632 462
620 199
633 321
971 169
807 54
275 712
925 30
236 258
649 340
615 238
828 56
1129 384
452 211
811 58
834 197
588 347
238 436
453 177
210 403
646 203
1062 168
603 315
457 387
954 545
861 196
989 50
931 255
741 318
781 337
588 98
838 112
834 39
717 249
755 396
728 281
953 486
449 48
1132 475
535 264
832 304
356 2
814 80
1165 179
558 155
1070 335
603 171
921 369
994 74
1171 381
754 453
448 49
929 220
1112 371
552 336
511 186
1023 111
128 300
496 292
978 238
1016 104
577 98
1140 179
923 309
964 89
1002 31
176 327
819 466
546 124
1009 482
101 461
899 136
773 543
298 47
930 206
475 354
438 79
747 16
619 235
552 184
369 279
226 26
742 314
928 201
587 177
903 354
154 572
909 227
837 268
654 337
631 337
908 343
785 39
469 200
469 250
701 610
902 341
916 104
425 208
968 1
794 185
856 187
550 434
467 219
877 13
755 341
793 436
480 409
1175 413
430 29
831 29
459 267
605 419
1097 227
607 346
946 482
460 308
1133 437
846 112
585 174
534 198
750 303
759 407
457 435
762 78
1008 62
851 39
560 340
464 351
745 361
1019 2
326 44
95 295
153 495
735 377
432 114
1073 149
766 444
736 56
631 252
373 216
886 534
471 396
546 305
469 296
458 65
397 192
891 399
957 413
536 338
1045 67
1148 198
1150 185
466 360
868 603
878 117
506 292
831 420
999 438
327 60
605 291
191 333
532 355
1135 110
1127 380
348 4
474 103
975 226
665 339
589 303
599 319
363 220
1010 60
948 132
531 216
579 337
974 101
500 124
1087 133
1130 606
975 438
1031 388
753 394
1027 347
986 302
371 73
790 230
658 146
854 391
556 385
449 367
550 356
437 103
784 281
1078 301
951 364
1025 467
1100 466
1171 400
518 424
812 95
433 91
1131 125
945 270
944 265
1035 273
567 308
752 410
760 428
845 475
579 156
164 477
1077 453
879 471
649 134
417 60
756 348
923 1
842 339
1061 360
976 12
837 352
826 354
979 305
515 340
1038 364
837 233
893 393
850 199
698 247
690 194
1049 295
357 54
1154 501
1081 60
898 259
828 501
844 421
735 334
809 97
259 33
400 46
976 361
1022 3
116 385
1068 391
575 332
1087 137
550 200
957 504
1038 276
340 28
507 314
1089 129
642 315
738 358
821 440
611 412
798 469
810 521
961 258
771 480
926 210
808 217
449 241
1107 465
510 475
923 497
246 15
994 92
809 338
455 266
774 436
882 336
691 278
676 207
543 119
815 117
743 366
692 352
684 320
864 282
1098 453
791 459
823 414
503 408
583 425
514 428
273 46
618 225
856 373
559 346
525 328
507 317
530 318
885 284
1187 399
1125 497
1176 468
918 513
901 518
830 598
464 66
911 104
805 106
296 49
418 251
674 216
746 219
872 213
975 155
537 150
435 165
426 306
929 308
572 300
816 287
1093 281
737 362
882 367
1035 357
469 359
1155 353
861 377
826 382
710 347
943 439
796 417
1160 416
646 401
574 407
781 390
803 449
1116 455
911 462
1070 479
985 471
806 466
776 493
896 491
1135 489
356 706
246 558
1111 578
531 225
971 225
967 235
931 214
973 154
628 158
1003 146
543 150
608 165
413 164
742 166
496 161
457 76
262 80
614 124
639 125
499 113
795 105
1062 62
825 44
214 45
381 14
392 4
306 25
280 27
654 313
546 304
748 305
1017 306
826 298
815 289
376 270
483 270
686 266
812 262
975 256
907 274
525 277
581 363
1040 362
836 361
1212 361
518 366
928 358
561 359
705 359
790 369
649 348
765 350
945 347
631 342
655 327
480 320
533 329
1054 333
856 442
1116 446
786 445
908 430
808 424
495 420
1125 421
896 422
911 417
991 416
507 419
1077 396
621 394
932 389
233 385
572 401
1189 407
1137 413
847 415
955 464
631 465
843 468
553 470
919 472
1154 460
915 452
572 503
761 497
795 489
494 488
784 494
1001 492
904 483
952 484
927 514
974 512
498 561
864 545
1026 551
1099 578
943 594
788 87
240 76
822 69
494 120
537 112
314 4
372 0
329 11
311 27
346 27
214 31
409 48
221 63
269 62
189 39
284 44
584 196
405 197
749 198
1115 195
1154 201
494 203
396 221
687 220
777 209
693 226
976 229
1003 253
816 248
618 250
832 245
570 247
650 152
488 158
529 146
1114 149
700 133
541 131
665 139
881 137
827 180
853 183
476 178
611 186
623 187
541 164
1168 167
498 161
637 175
1093 171
938 307
567 304
755 311
840 311
645 310
639 309
1183 308
989 318
732 316
578 315
801 313
619 293
768 292
559 289
613 289
927 291
604 303
800 297
1145 269
990 268
765 271
1088 271
595 266
1020 256
637 258
682 275
786 273
618 276
701 278
773 279
1094 284
754 285
977 286
528 281
891 346
818 345
580 349
767 349
518 348
1005 350
756 341
830 341
571 338
946 336
1026 324
606 325
832 327
595 323
394 321
397 331
895 328
766 335
443 334
964 367
797 363
599 355
1181 376
803 379
545 382
1105 383
1099 381
875 372
1128 375
458 368
373 397
463 392
826 393
570 394
937 386
837 389
453 413
825 413
1059 414
975 408
506 410
1139 406
514 407
650 404
499 442
947 442
813 446
1057 447
767 437
920 434
819 417
1130 422
431 421
901 420
865 428
419 427
958 475
1090 477
804 454
1071 454
601 501
1146 499
1164 496
1103 505
923 506
1035 507
907 508
823 484
1047 481
1090 483
890 495
925 600
941 592
858 635
605 608
1054 541
1135 534
968 520
515 515
514 314
579 311
1120 309
748 302
551 297
541 294
565 290
856 288
775 257
1171 256
448 267
1171 274
665 353
849 355
544 379
972 376
762 372
139 374
562 341
747 340
937 340
810 348
461 330
843 419
571 416
645 416
1140 392
885 384
748 407
906 448
1168 505
477 124
895 123
983 121
532 97
905 104
336 67
491 64
538 73
1116 85
1031 10
257 7
944 22
212 26
250 25
948 56
796 57
1090 59
404 61
381 32
730 33
272 34
711 37
702 41
879 196
542 207
1164 201
857 200
785 223
523 221
573 216
795 219
306 213
697 212
556 231
876 229
927 227
332 224
810 225
714 237
592 238
636 235
542 169
520 172
745 162
1107 164
276 178
646 187
570 151
1122 151
411 155
551 142
599 131
975 135
1098 645
377 39
1046 52
1069 19
940 226
537 310
442 316
607 288
857 262
574 265
830 285
608 356
481 369
545 371
894 380
422 381
577 379
895 341
118 350
992 397
640 393
989 389
557 417
908 447
832 467
925 545
556 537
629 199
793 211
668 183
924 136
359 17
1019 92
789 81
467 290
572 304
121 373
833 217
113 216
389 303
449 303
564 368
380 27
1104 129
465 245
1171 468
880 64
898 301
1019 179
592 233
618 217
828 103
525 225
1261 37
677 220
520 128
785 328
987 211
966 442
1004 377
867 362
1042 357
992 34
410 97
712 452
816 80
721 59
983 452
837 272
1018 143
192 471
1117 408
1109 257
506 102
980 167
580 465
736 25
863 310
903 45
737 32
908 398
104 370
791 251
216 358
759 432
1143 189
537 191
1050 46
471 313
787 221
330 9
855 16
507 113
526 132
689 306
1174 304
226 51
559 223
585 163
1259 719
1146 115
637 506
918 222
691 226
226 56
883 406
993 139
708 250
977 250
100 322
1060 346
943 497
603 345
746 329
763 170
908 537
768 430
437 464
1034 6
743 321
386 542
1118 342
510 440
986 153
461 322
96 465
649 352
1016 381
940 367
1011 39
726 321
580 588
760 413
405 87
621 313
1052 315
1131 369
693 343
451 74
754 374
1036 229
765 443
848 68
686 203
772 264
1140 435
766 430
371 581
976 371
434 149
964 313
1133 190
810 398
1109 110
735 50
210 420
170 387
851 434
464 275
756 80
1106 626
324 19
537 449
492 304
716 32
301 571
755 298
855 423
606 250
202 338
883 401
1165 323
536 265
1170 329
595 218
1146 258
196 449
810 347
1087 646
1046 175
979 435
559 203
193 296
605 253
1123 142
1037 375
543 283
946 312
615 292
185 532
929 552
904 149
1069 74
797 68
826 68
682 269
1044 286
593 341
940 337
1167 470
172 452
735 5
1160 348
891 324
848 395
887 395
456 272
1073 433
957 441
535 339
582 283
844 106
762 51
656 166
129 349
543 427
569 130
1066 510
721 211
863 37
708 31
807 240
845 394
1130 163
991 330
215 353
1073 500
585 420
463 415
1103 90
1146 257
466 484
130 243
199 49
762 212
930 64
569 307
1167 391
576 339
852 335
803 74
1104 388
610 365
1024 44
869 400
694 304
1105 409
426 84
1095 421
174 598
898 351
475 276
849 24
1122 510
1051 157
1150 417
660 276
838 408
118 400
1099 256
810 123
107 488
1162 182
927 456
762 289
572 330
910 344
1151 290
812 45
163 324
1017 72
904 77
890 376
191 567
555 271
838 384
690 154
1175 361
745 370
447 356
804 245
894 373
947 312
592 302
521 351
553 279
529 164
688 659
1000 241
516 444
416 327
393 111
885 72
459 175
737 411
1032 614
1132 149
552 161
813 439
530 97
851 407
1041 365
944 256
134 432
301 51
183 259
531 259
856 286
1066 166
578 137
1088 159
589 332
861 315
809 266
