722 607
877 193
809 452
1059 223
976 218
860 363
1001 363
1105 154
645 400
1099 87
1083 350
1205 345
351 467
570 268
1003 446
1062 82
471 544
625 624
1021 437
989 120
1038 389
1007 479
917 423
592 576
950 200
918 380
668 334
844 395
909 245
423 629
1114 389
808 534
869 447
865 517
776 422
731 390
951 567
842 582
395 39
676 141
264 240
964 448
731 154
963 114
1063 274
817 473
848 439
837 481
653 532
843 526
888 193
605 137
598 110
875 529
844 218
606 171
478 89
936 399
454 466
1030 235
374 548
584 469
469 1
208 350
568 405
998 273
934 382
1010 235
693 227
978 175
1167 404
921 304
806 414
591 462
501 630
780 402
651 599
1100 324
79 292
743 336
1141 253
952 326
876 408
1005 331
866 303
988 295
564 433
791 289
835 370
781 106
994 178
1118 314
854 502
859 351
699 562
742 547
643 660
838 186
968 169
985 348
841 414
470 330
1138 429
1195 295
1055 136
413 476
927 183
982 396
889 336
947 448
963 148
1106 137
1075 466
898 487
694 445
764 224
793 563
317 553
733 180
141 137
783 198
830 225
1096 190
1276 15
303 466
222 82
648 0
696 392
787 378
811 233
831 358
889 411
160 715
1018 278
586 452
1003 304
728 288
643 488
962 120
1127 120
830 462
842 122
577 178
1091 142
946 294
958 298
454 238
587 454
785 311
779 435
239 167
763 192
563 564
741 176
369 524
964 670
635 475
347 364
1095 387
347 502
442 370
961 476
806 245
460 217
905 377
613 396
950 575
1045 446
346 227
793 297
932 339
961 325
716 314
1005 164
907 460
1032 425
1099 115
197 141
980 272
1074 341
1054 302
922 574
1028 213
1139 293
1236 689
835 429
1135 146
921 484
472 470
921 121
856 421
763 142
297 310
875 416
635 309
1032 104
695 349
1100 152
848 379
894 155
432 601
418 523
593 511
291 156
1030 299
582 597
613 337
1125 166
859 360
437 270
721 507
867 295
586 609
501 31
652 393
752 242
765 465
831 337
938 414
755 448
887 63
1085 98
734 459
1031 154
830 497
731 370
634 546
682 398
764 120
880 294
954 312
1006 126
304 184
855 254
969 359
218 474
207 506
578 592
241 202
564 450
470 493
850 377
1033 548
1011 354
1272 518
472 305
905 386
654 156
366 471
860 280
758 484
888 150
412 24
854 366
921 406
739 479
836 608
851 242
421 332
821 350
663 253
445 537
931 140
946 377
743 424
833 390
1156 654
787 423
1181 364
1176 407
1193 398
759 104
765 547
1104 391
797 440
755 475
661 352
540 659
935 356
706 258
848 15
186 174
785 476
981 318
995 276
837 369
969 167
1031 379
503 424
1088 708
926 191
955 190
928 396
1042 85
504 215
792 384
1096 300
1038 687
598 488
847 309
886 409
812 421
1169 421
373 5
979 202
985 272
980 225
158 495
1086 384
1138 262
691 588
481 502
872 125
656 639
907 428
1134 708
1059 208
1128 443
379 206
736 492
640 603
866 178
670 280
392 415
911 398
165 701
1070 269
1004 284
126 362
76 603
916 122
490 607
845 83
864 421
1180 356
1147 435
1003 414
663 21
805 531
578 462
344 45
832 337
929 304
891 135
1077 105
662 587
387 78
725 556
361 501
252 322
168 420
1125 362
372 290
927 284
1160 320
948 314
734 294
444 34
727 415
1016 216
963 143
545 69
1150 287
631 393
895 421
1150 399
1148 474
908 301
749 500
967 245
1199 606
632 447
617 682
925 290
687 463
748 492
699 345
813 180
537 538
475 360
588 237
1024 518
1023 211
588 653
1103 288
127 405
261 202
789 335
337 41
1135 452
1270 30
1085 217
905 380
663 452
964 252
917 210
840 435
891 374
509 629
167 162
1005 191
850 331
1091 290
1127 165
961 339
608 587
107 462
945 306
142 182
895 444
763 347
210 3
1053 198
920 543
621 345
340 22
851 319
855 477
924 315
867 312
528 532
378 577
561 384
80 460
1023 226
577 119
193 16
728 326
759 111
919 287
860 386
622 57
994 197
1028 220
772 450
192 506
952 160
890 429
5 537
1132 144
1100 393
957 262
500 443
694 220
1016 220
737 298
679 326
1007 192
726 151
793 306
249 6
888 275
571 127
687 539
814 142
1062 184
683 391
911 232
846 337
934 89
716 470
759 558
896 147
828 444
1060 154
1131 86
910 283
93 654
466 466
512 466
530 604
789 463
827 415
1096 192
1089 141
219 497
707 289
653 387
778 549
766 505
916 200
536 581
742 466
275 512
690 480
914 404
890 145
730 174
869 136
577 600
1020 395
657 197
770 419
389 33
658 388
780 340
637 561
236 253
632 527
628 622
703 315
887 111
138 114
949 169
941 261
909 390
1112 423
577 20
92 190
865 419
472 607
877 370
364 562
822 367
692 601
591 346
834 104
1127 597
1117 355
658 304
1006 307
1065 421
433 34
928 258
1137 290
881 409
976 360
969 157
820 124
728 435
951 256
867 427
241 488
779 473
933 356
1006 482
1147 152
976 170
676 257
1056 442
1068 304
1070 393
535 137
776 86
660 458
921 319
1099 281
913 379
844 66
1086 302
673 486
1134 287
280 446
335 169
638 571
794 350
748 456
1179 421
160 475
973 111
133 276
981 319
1071 97
861 439
1113 270
825 375
1048 155
426 378
543 173
780 456
819 257
897 404
870 600
1036 195
558 531
968 321
506 496
1047 196
600 603
589 569
1113 158
1131 143
698 563
1148 204
1100 112
677 407
839 326
986 124
1120 170
1117 140
1125 148
544 372
183 36
741 282
894 74
846 491
929 345
957 403
317 480
1279 599
739 384
644 211
759 484
1133 274
1150 143
241 157
698 258
994 112
872 417
822 416
993 416
138 707
1171 373
802 474
648 562
830 193
1052 137
1002 255
441 180
704 604
750 463
1128 392
680 694
971 238
682 560
563 470
495 379
305 141
677 502
215 428
129 351
906 400
304 259
236 483
1004 296
1035 219
1061 258
921 350
248 501
384 46
816 490
1011 251
886 184
610 654
1037 185
749 232
935 252
379 491
907 189
641 549
698 353
785 569
646 318
942 318
817 380
523 600
828 76
705 641
1087 701
904 132
907 407
1198 302
905 265
1017 201
1273 114
978 346
778 513
742 250
436 1
828 417
818 131
664 252
730 496
951 299
601 14
28 548
815 561
915 386
297 688
1018 614
878 389
1107 177
413 401
465 64
836 279
1127 101
854 368
784 424
675 474
974 128
918 327
247 491
706 617
772 140
1142 354
1098 137
367 11
865 314
900 392
1206 628
767 526
1050 385
923 94
524 260
1053 380
735 402
1039 195
880 281
863 126
144 96
887 374
567 215
850 205
498 529
820 467
537 516
654 337
875 442
1141 153
529 517
578 314
1127 416
102 493
598 386
1175 250
203 8
1133 272
1183 603
770 431
368 689
855 440
1007 185
899 258
784 150
953 304
1088 187
221 496
389 91
841 365
771 428
1140 414
1070 143
1135 133
948 550
925 332
882 322
866 367
1038 507
183 27
740 352
814 177
381 342
580 624
931 555
926 308
288 13
813 358
855 183
780 51
366 64
909 325
799 193
984 261
611 279
1152 151
927 421
878 131
984 339
895 644
237 165
849 428
1055 173
911 192
577 159
1140 364
911 345
1173 617
761 281
812 435
839 473
704 353
782 485
735 310
842 375
1143 304
1178 309
857 458
915 523
1069 320
736 477
120 641
539 564
917 298
1175 170
946 271
955 283
751 527
317 46
967 459
647 501
194 675
273 449
197 354
590 606
713 527
563 371
403 283
894 387
710 416
114 627
780 656
1201 405
402 526
825 277
1199 643
581 623
873 409
635 398
737 525
767 464
961 353
616 394
704 269
678 615
987 329
281 10
1092 226
1197 303
1161 660
681 271
991 97
1172 394
694 391
1177 227
978 348
877 633
645 299
896 258
1217 625
823 128
1109 245
909 327
833 475
426 603
597 222
1090 408
474 85
834 409
610 567
1034 348
953 229
584 233
1007 401
556 392
531 304
740 579
1054 320
450 562
287 417
792 321
896 340
1014 349
866 188
1130 181
1102 593
1164 636
722 337
95 649
728 403
773 425
185 435
529 348
1111 575
855 357
21 550
902 365
734 549
1031 223
599 300
508 467
741 170
902 399
118 396
1017 167
644 338
350 108
983 288
683 460
788 532
858 288
445 595
759 226
612 446
667 288
384 269
888 393
809 298
747 245
230 672
279 426
807 613
1079 273
969 331
731 531
1058 230
1151 554
145 75
274 569
917 250
565 624
345 512
931 237
921 252
730 126
1118 132
702 506
942 267
976 336
856 47
864 429
1037 348
199 682
441 620
199 195
183 40
671 573
975 203
781 447
693 303
1150 290
821 153
1160 151
1044 181
1201 306
422 38
1001 233
1021 280
1059 212
1014 437
852 366
858 575
1015 211
1028 466
1103 92
1061 268
797 491
172 527
792 210
1082 138
654 360
86 456
887 400
944 483
1180 435
750 314
536 573
951 420
812 210
429 50
109 636
985 402
666 208
792 570
417 291
504 634
267 384
979 361
639 10
906 427
619 468
1063 355
1007 149
793 477
851 411
662 472
793 155
806 345
1107 173
1163 410
518 618
801 591
1197 446
1131 160
331 511
882 421
987 217
593 516
444 365
751 53
932 221
898 252
1053 429
743 48
942 296
625 88
1010 420
959 196
723 398
516 391
982 409
874 323
913 223
468 489
708 476
565 159
862 88
701 604
647 662
104 612
1169 273
607 49
878 442
904 391
664 340
657 427
1042 449
960 197
323 20
895 242
900 354
852 438
908 391
909 534
893 613
682 252
600 616
1100 177
1024 319
926 296
602 251
543 88
494 546
673 476
609 458
909 328
366 149
464 291
102 622
536 361
518 313
817 267
503 481
684 610
841 435
688 354
1136 156
351 491
820 442
887 126
577 574
1103 309
1036 320
880 224
1073 241
462 47
810 462
757 370
925 633
526 530
434 154
783 420
180 484
484 163
130 129
861 545
1129 169
1026 294
961 373
717 195
1124 88
980 301
747 291
673 264
932 310
472 67
1014 165
950 347
867 316
813 379
862 300
998 414
549 521
720 471
898 422
122 690
794 360
1119 148
596 614
902 251
988 297
918 280
933 206
349 294
793 354
545 267
762 259
926 120
851 428
499 484
922 71
431 15
724 375
857 389
851 422
935 98
230 47
710 486
688 590
434 357
728 149
833 435
721 356
917 113
632 384
1009 341
863 220
479 349
886 188
975 264
1032 158
679 478
730 165
659 77
1241 81
861 315
683 539
652 524
687 202
944 109
756 274
996 149
804 438
377 122
723 89
372 238
1048 340
1265 129
986 382
161 280
953 187
1037 424
969 199
946 451
994 247
1093 146
869 302
909 318
745 593
608 455
471 499
808 379
1176 342
828 386
702 396
643 536
947 229
558 438
619 445
985 581
1079 269
773 601
1124 338
524 66
655 552
962 192
898 83
635 613
1007 152
441 551
937 342
500 38
539 591
1031 177
835 239
840 306
731 511
951 361
766 482
692 544
431 497
1126 119
617 449
537 570
419 609
661 598
731 394
1104 191
930 120
1205 363
781 125
975 322
974 162
810 111
871 177
379 527
691 551
924 217
962 361
740 330
1033 132
915 442
1011 308
1049 136
633 517
614 3
801 188
1122 171
953 352
1158 139
843 224
255 137
513 402
980 283
883 313
1020 150
1102 351
794 422
640 333
1085 240
831 426
1020 227
388 483
876 370
715 443
585 158
495 12
914 207
581 645
858 219
922 447
440 465
508 620
1196 659
183 477
988 234
521 269
401 494
867 285
930 228
809 153
624 354
1010 242
927 400
804 150
353 518
967 167
881 236
633 589
926 347
733 591
669 441
493 293
974 343
703 652
881 340
319 415
886 250
727 15
1148 121
860 464
1103 181
964 138
889 105
657 471
1180 618
950 309
473 139
423 475
788 263
235 140
807 382
1044 186
1147 373
1082 258
1002 153
806 73
912 133
967 555
725 380
726 120
1002 347
299 476
960 595
922 66
948 192
878 211
966 601
890 443
1143 164
605 146
976 188
806 95
887 103
904 479
1087 183
800 175
509 85
793 475
858 463
997 279
982 169
1191 282
524 587
968 341
1259 191
483 460
615 321
898 444
631 308
1049 281
258 354
892 357
1018 188
783 87
622 460
1114 48
566 387
1267 8
343 108
844 89
379 325
481 496
932 358
984 148
761 116
1017 159
584 537
782 208
610 457
462 286
599 118
627 156
860 558
978 361
472 215
399 3
570 108
1042 240
958 444
634 135
824 55
791 397
673 590
960 209
951 354
976 149
1164 527
986 250
703 644
512 623
699 655
823 241
512 461
292 129
640 336
486 592
811 495
461 65
964 371
925 237
1046 297
882 244
882 103
784 398
410 343
1166 377
803 170
789 433
653 598
1108 152
712 307
793 307
258 154
800 394
877 204
548 490
573 464
806 306
902 412
549 440
1172 313
1156 422
374 263
975 155
712 421
1154 311
928 356
783 288
527 88
820 115
745 581
1095 179
668 358
802 330
919 404
100 599
738 450
1083 307
1126 425
564 540
268 496
574 310
707 404
361 87
678 486
629 465
1170 441
851 398
788 443
598 434
945 256
569 520
1002 151
1007 250
836 235
727 407
737 292
1075 283
735 358
10 481
1168 190
1187 677
597 284
1168 319
255 212
873 382
821 179
1044 275
372 557
1152 134
539 594
923 190
1081 199
554 323
1010 334
868 437
1093 437
1086 200
922 198
1153 501
723 498
922 700
1169 448
886 395
1090 107
690 407
753 466
253 470
762 458
985 203
974 485
177 481
1057 9
903 387
1048 287
581 534
1059 283
593 426
447 503
602 455
891 434
1073 149
849 207
1032 131
780 417
620 411
891 153
993 341
476 577
969 184
697 420
934 369
737 508
954 293
1152 167
977 195
717 451
719 356
1012 197
832 196
720 261
159 475
805 207
338 79
13 476
1140 147
697 594
684 217
834 258
1148 571
697 392
997 360
1001 288
638 2
941 637
353 320
803 454
783 297
900 405
466 526
838 450
591 329
1028 140
989 124
264 674
1010 361
1164 645
602 503
918 184
749 403
924 316
144 485
1028 158
1150 316
731 433
1217 552
1104 587
780 424
1192 22
723 609
529 521
1057 410
969 672
308 473
835 223
388 493
899 359
847 133
548 175
1016 463
713 345
224 677
384 575
359 6
507 2
1104 447
782 409
1118 420
1123 278
839 501
826 432
680 316
867 405
608 614
833 312
750 224
792 366
1156 405
974 124
1053 420
1041 213
1065 496
876 175
619 567
562 398
494 492
895 442
972 594
856 561
1121 298
774 220
549 244
686 520
699 356
1108 365
775 346
525 522
267 528
963 341
1028 135
859 142
335 128
912 257
1136 247
745 508
260 508
633 339
659 446
186 215
778 255
1090 97
1066 149
1121 176
641 637
602 346
891 424
572 550
689 153
1126 61
1025 101
294 426
485 199
799 57
1000 121
402 3
673 488
947 422
1001 235
864 361
244 669
967 632
967 237
186 643
861 265
1101 490
1093 435
128 493
194 158
1024 381
225 529
1139 100
860 482
262 502
1047 177
197 651
900 297
1100 301
1148 301
1146 159
574 570
1039 467
1151 376
537 269
712 438
276 598
485 26
952 312
626 414
737 209
776 388
648 565
768 409
963 310
893 412
812 430
622 441
327 19
675 538
960 73
992 100
726 250
770 490
1010 256
176 496
638 371
536 34
1132 124
1136 394
1023 380
683 491
92 443
782 176
1262 639
951 437
1109 175
1093 133
854 695
79 343
140 699
925 128
618 82
1100 133
1120 287
557 502
1112 133
893 374
650 602
551 417
791 480
604 98
779 451
1065 153
778 449
1033 295
1165 229
963 238
507 611
947 9
530 302
416 412
967 155
682 543
1103 144
1116 193
821 540
668 577
986 259
715 564
800 255
1012 145
686 421
528 188
592 335
286 121
597 496
1035 165
411 459
903 500
868 549
348 7
107 535
835 383
825 365
882 217
904 418
1049 440
740 456
942 101
1166 439
651 344
69 235
742 456
820 185
528 551
953 387
303 1
79 418
1008 96
876 386
570 463
1057 196
819 425
1110 293
938 448
298 136
771 452
688 569
664 156
901 132
539 251
891 440
717 215
697 419
618 590
804 355
584 396
473 58
514 505
1101 180
115 645
821 396
861 445
683 443
815 439
929 533
785 104
278 495
1001 390
1097 319
797 203
680 179
1116 118
764 403
992 390
1051 148
1099 121
729 514
751 361
764 289
729 627
509 410
856 389
824 485
604 153
855 393
1030 211
699 139
613 455
1038 208
849 376
1132 557
1167 290
211 489
709 420
296 479
826 440
287 436
811 489
290 519
623 472
1127 254
733 175
344 216
1054 177
633 254
1031 493
889 386
861 144
575 575
639 520
874 441
628 591
15 476
1085 424
1152 304
985 227
865 168
1038 110
893 400
891 389
421 591
798 135
1048 467
326 111
482 603
1183 453
807 473
601 577
1074 201
531 492
1011 292
1141 96
1054 129
435 431
781 386
1079 289
1022 350
902 288
478 279
1065 123
1103 295
808 653
953 185
35 591
303 311
831 460
396 0
927 237
1256 32
869 138
646 496
628 172
956 310
1108 181
634 489
947 105
935 360
905 289
1053 348
1152 136
954 351
425 189
1087 184
1056 143
752 294
653 554
506 610
977 388
1079 333
817 383
882 149
125 96
603 462
736 320
1108 130
442 579
1117 162
941 293
39 11
1084 315
973 81
1197 300
586 219
957 205
500 573
993 313
881 438
296 480
838 427
1111 348
850 362
657 486
712 598
269 479
822 457
232 198
800 452
1119 316
1094 185
746 530
692 303
772 536
962 352
716 307
775 282
859 226
899 140
859 75
681 446
583 311
653 458
1236 715
104 483
711 181
532 576
1155 131
439 46
606 437
1039 239
847 453
904 297
584 503
212 23
750 286
892 99
917 372
82 248
1109 305
686 591
920 260
779 600
881 406
1003 270
836 427
1006 222
257 178
926 486
996 408
433 18
1008 177
479 444
1085 393
610 377
326 318
585 8
1031 252
808 408
839 601
1008 202
376 466
820 193
538 293
510 479
850 369
466 587
544 682
645 145
633 623
1052 276
721 444
498 146
242 358
897 79
1131 715
133 485
754 281
484 538
551 174
764 424
450 500
1103 134
576 476
874 201
910 609
1066 474
115 351
551 98
916 98
740 505
942 380
923 270
463 659
908 134
553 336
974 127
580 350
927 131
704 293
665 457
896 469
956 502
849 185
475 28
962 222
961 264
1037 271
512 128
608 318
301 57
817 516
708 492
595 518
894 419
1075 158
1146 238
542 19
1036 427
882 277
850 444
626 462
488 478
673 420
1078 217
704 155
583 475
907 97
525 512
668 616
701 540
611 578
679 471
616 295
1122 141
553 418
941 278
883 91
611 528
1083 231
745 524
656 462
961 150
92 302
886 209
864 310
737 524
637 462
608 145
1051 336
12 510
748 332
890 340
1145 244
681 509
1179 274
994 314
859 162
553 377
899 600
1193 659
967 313
955 261
761 289
1034 305
1048 284
754 607
696 312
787 426
570 41
849 439
342 503
217 286
708 585
639 494
146 93
517 195
439 77
999 125
1061 439
1129 274
283 126
802 294
1155 181
951 331
793 410
650 612
459 329
1047 129
885 445
1031 277
733 224
714 411
141 197
958 269
406 263
724 510
601 458
651 583
452 707
1172 345
1185 696
942 304
856 272
684 445
1020 127
851 452
415 261
648 96
713 516
727 128
1133 87
823 294
988 376
987 137
846 249
741 231
521 239
540 479
762 213
1127 698
793 445
1166 275
745 206
747 394
973 107
635 233
170 718
1053 311
810 292
201 103
615 477
754 456
1091 154
697 317
461 8
525 473
1177 276
563 408
966 599
851 478
819 291
734 488
559 552
799 242
686 366
901 337
946 371
1107 97
547 348
257 431
721 416
688 556
871 86
178 566
929 548
616 488
706 450
900 337
1048 307
593 262
651 335
413 329
341 543
1109 146
805 353
475 568
462 82
774 502
723 459
730 520
351 80
870 391
729 491
631 301
970 237
776 525
402 439
926 306
914 372
800 269
384 33
776 578
517 494
271 32
886 182
545 542
654 521
927 180
917 613
864 219
203 18
726 421
1182 425
497 498
337 141
209 505
874 173
1105 394
992 77
760 426
832 73
729 520
900 247
1069 220
868 280
805 329
1136 158
87 202
538 21
415 394
227 599
986 220
1010 234
205 491
1001 412
1223 631
822 564
1094 6
785 375
1110 391
861 335
752 512
296 239
823 422
910 359
912 174
255 346
744 253
1107 267
841 178
946 155
891 583
976 196
652 86
999 237
1138 435
567 502
774 398
815 398
204 318
816 493
463 568
1178 327
787 459
495 593
589 451
781 460
837 376
929 321
1119 399
717 466
754 425
884 429
653 654
565 594
840 311
1091 296
844 317
711 332
592 136
927 369
818 475
908 407
883 259
1115 382
783 243
1071 307
515 95
931 163
1048 159
1083 114
1159 292
945 257
703 391
452 472
166 474
155 517
875 167
621 379
594 256
1091 187
950 284
438 32
972 303
866 406
149 494
446 249
572 398
414 68
782 364
236 340
259 225
1083 115
708 236
792 437
127 317
1057 324
1131 333
893 190
776 377
560 554
1015 479
641 386
1115 342
278 332
1145 155
1033 221
582 22
537 233
723 279
763 390
619 608
1161 283
427 272
152 485
803 119
959 261
1008 253
276 480
823 214
884 286
426 151
598 285
674 126
830 239
1101 320
953 207
1053 406
850 145
467 573
1189 400
731 289
656 490
112 154
1032 633
761 471
280 479
827 295
1009 143
495 64
750 114
1019 225
886 173
79 588
925 261
949 247
1127 214
702 183
845 53
608 434
862 359
1165 409
850 438
453 316
1009 316
73 267
401 40
1141 262
646 297
1275 6
502 264
947 266
932 363
994 179
420 531
669 446
184 332
724 519
170 571
186 464
814 604
1020 154
738 414
1004 78
720 438
980 117
488 498
658 600
964 333
1069 278
790 495
173 374
768 403
162 486
749 376
731 357
807 258
921 149
941 235
863 107
761 520
1091 344
909 80
900 318
1020 237
958 307
200 687
765 477
798 531
1060 498
1060 177
735 314
537 404
846 462
830 411
1212 700
289 687
922 381
592 498
237 661
1065 200
644 476
1008 328
819 375
871 140
654 594
1101 157
1080 137
499 256
620 636
482 350
265 503
894 221
587 263
602 298
974 365
801 363
856 330
844 361
786 452
515 530
1171 352
763 154
661 393
717 252
930 269
1138 156
863 500
1117 715
1039 242
1029 235
242 75
882 715
789 294
916 384
760 550
539 514
736 464
549 158
809 199
974 152
512 44
1114 446
549 130
679 209
766 540
120 711
519 471
274 52
297 152
793 512
1189 374
958 231
1015 421
1032 266
575 477
1084 283
1007 205
819 477
816 403
1029 385
903 243
1030 200
799 339
778 557
786 424
369 404
906 186
1005 544
813 377
1064 144
638 583
1030 388
640 532
1090 368
609 64
1034 170
880 339
608 572
592 448
393 399
391 165
597 480
909 172
974 203
680 591
844 311
842 415
1002 599
1003 549
1161 518
380 462
839 388
1026 410
945 571
481 114
814 431
1096 388
196 682
398 93
748 443
914 303
589 418
686 240
22 593
961 215
210 478
915 373
824 200
760 581
981 233
1234 599
1125 382
1148 126
869 207
824 445
813 497
856 456
1051 171
825 282
1014 447
603 343
1114 141
123 289
763 441
1227 65
831 508
933 573
1166 538
574 549
983 330
757 608
994 409
514 531
893 373
770 396
1038 459
896 217
1135 377
452 499
547 302
629 638
1009 220
308 86
856 242
785 119
950 322
331 359
1046 237
546 552
506 110
901 129
598 406
814 324
674 547
689 446
462 242
176 451
720 157
1158 702
129 93
841 183
1027 457
666 366
81 262
265 535
830 433
760 416
1225 663
613 12
837 332
629 434
504 18
892 395
989 472
817 432
813 447
679 613
1189 283
799 300
556 500
640 279
386 272
991 316
908 411
1059 215
606 651
1059 180
662 571
1026 126
831 215
568 520
732 477
425 16
943 278
1126 688
815 263
1071 152
556 511
1123 144
828 237
926 606
546 425
999 299
614 625
789 434
1163 278
1153 350
805 337
964 315
1136 412
831 319
935 363
1115 181
476 499
740 546
898 38
1131 714
839 487
962 146
1126 117
736 322
772 555
1158 283
870 387
1051 22
563 267
947 348
570 251
748 300
832 86
1121 378
838 483
205 461
745 249
649 448
1062 309
578 372
241 482
625 667
993 316
1123 135
798 613
1010 146
545 498
861 233
1105 430
972 272
330 68
946 289
896 381
204 368
399 583
744 258
1138 160
714 185
568 528
1037 232
318 192
1059 286
1045 268
178 534
703 382
1056 161
1039 173
655 472
878 356
617 553
80 425
917 373
843 233
781 430
542 473
533 57
700 474
755 499
761 194
1138 411
763 479
1223 10
801 537
777 411
724 571
1084 217
1124 108
432 441
824 462
697 486
1073 182
1007 327
1036 210
478 621
1094 377
1181 405
730 355
724 523
1109 332
986 292
982 199
969 227
790 163
974 383
734 528
1031 102
927 384
1176 384
1204 634
823 345
914 265
178 203
870 194
1021 205
1058 403
546 574
524 110
418 341
180 201
1107 434
599 8
861 149
701 200
796 180
570 533
276 496
686 398
698 442
659 419
656 567
1002 244
638 465
1099 80
748 500
812 394
858 403
984 371
857 163
512 628
1113 347
497 41
545 493
167 463
1005 177
192 531
565 549
863 335
320 536
1020 486
667 660
960 320
494 456
502 281
1129 171
653 300
874 252
827 442
466 292
1017 166
681 454
748 378
441 503
831 327
624 131
1024 131
334 486
966 368
859 385
824 403
689 593
859 379
738 507
735 595
1175 420
762 357
861 373
111 651
924 386
524 75
713 504
1144 660
683 580
626 332
626 587
446 460
1103 389
754 465
775 404
1067 498
1125 83
364 150
654 352
1002 303
622 477
815 437
834 573
631 460
695 63
619 494
1131 130
1150 415
1016 140
714 597
888 366
882 232
869 237
827 421
834 324
516 229
1074 217
837 232
800 483
219 37
1045 186
152 199
1026 264
1276 44
860 534
553 486
1080 144
653 587
1092 450
625 465
763 198
1121 716
737 333
490 207
787 211
952 209
353 485
999 202
742 428
630 492
468 257
809 260
802 366
962 119
972 151
877 209
1049 4
894 361
730 210
453 216
876 424
993 228
1040 228
869 268
650 469
956 145
975 326
841 549
1100 294
1074 137
1195 607
905 215
459 306
448 511
930 116
926 508
824 546
1143 165
623 269
1194 589
800 235
993 215
132 559
570 192
906 275
933 361
564 605
771 393
602 460
583 312
449 476
578 498
901 234
1046 234
1182 398
743 294
1089 412
980 208
964 532
1117 704
613 467
631 9
1086 364
653 439
804 555
1001 230
656 8
1012 220
141 689
858 419
991 159
1043 232
341 474
691 188
999 473
937 110
1175 272
951 213
955 356
1097 134
674 476
686 342
854 298
1032 456
302 289
571 467
963 538
1023 485
454 591
1047 164
784 524
915 372
225 452
952 195
770 518
999 161
530 513
808 296
695 421
1207 340
1048 147
601 480
774 323
1131 156
960 235
889 216
517 611
468 571
853 351
470 521
881 398
730 455
1040 196
713 448
757 445
653 623
427 340
721 553
851 267
463 67
947 97
980 205
1003 169
817 198
514 384
37 42
855 298
1087 402
1107 156
1011 424
671 692
1100 208
985 206
334 5
717 375
880 589
740 451
753 483
923 381
558 489
598 28
878 514
961 182
1182 317
818 70
969 273
1231 580
1072 477
1025 176
1204 618
493 114
581 607
888 181
712 443
838 407
1192 352
997 235
365 572
818 351
514 563
662 461
826 514
861 418
348 340
1131 465
882 403
896 232
706 277
560 299
450 217
611 627
1090 129
991 294
687 593
889 441
716 503
949 526
895 424
943 344
569 470
1149 284
581 110
640 581
1139 712
749 363
773 502
922 301
1050 229
644 111
219 134
377 284
923 160
1094 390
1120 398
798 625
890 307
278 312
1010 212
684 628
643 394
299 120
947 226
336 218
740 606
1218 606
843 424
716 433
138 308
615 187
694 446
1145 128
283 148
695 614
1148 111
832 363
876 398
595 321
1041 102
1071 161
248 197
795 330
1132 67
978 91
955 665
438 11
662 514
1097 448
834 576
797 64
873 398
652 472
520 636
818 365
667 557
353 25
178 241
648 440
810 440
717 275
172 469
873 357
639 360
511 473
528 649
1091 74
1181 325
551 355
1007 201
957 283
871 381
896 225
516 11
620 443
1064 303
700 229
681 359
1126 419
982 327
919 314
133 503
783 382
451 504
1010 215
233 437
1014 236
912 301
449 436
764 415
808 112
1135 462
854 244
1050 244
449 450
1074 270
1120 331
692 258
567 315
902 443
1098 292
359 578
1203 510
1156 277
977 234
891 369
680 568
726 321
465 213
855 328
620 454
866 520
333 570
817 353
663 696
1270 579
928 105
1006 178
912 377
395 508
692 158
656 438
982 246
1178 364
1075 189
1141 671
837 391
647 589
490 130
727 353
1197 658
606 639
790 434
605 383
1262 613
388 4
391 4
689 195
1014 183
900 361
917 361
1139 168
779 424
787 397
833 156
561 466
682 427
545 0
247 555
323 61
575 520
748 431
1029 167
1027 302
753 374
761 148
997 221
490 453
948 158
547 310
988 310
904 257
5 28
953 363
713 651
936 286
429 460
834 122
805 400
869 342
891 350
827 242
805 264
795 23
622 616
1169 620
1016 559
105 254
74 297
1046 198
601 438
678 305
963 234
657 390
1124 176
959 306
816 143
750 446
1090 245
946 391
790 415
970 355
1025 241
237 540
402 338
860 544
1042 407
676 658
558 376
989 266
765 145
965 141
938 347
579 463
722 396
630 84
601 564
793 496
829 382
1132 141
282 564
858 400
868 400
1095 129
696 463
505 106
619 383
254 217
729 251
1143 187
830 160
1055 234
1168 162
724 394
426 306
1167 640
737 241
908 93
935 247
1025 419
827 426
711 469
770 334
447 374
