491 297
219 510
115 558
187 474
1119 246
186 622
233 612
626 174
360 422
1110 149
207 339
336 548
101 331
886 540
327 363
180 641
924 501
202 571
356 686
1140 604
993 413
1167 602
432 690
1154 385
970 131
273 575
1042 512
102 327
925 247
1137 480
758 599
618 66
820 80
947 21
1182 586
877 400
763 186
238 437
1155 565
475 588
217 705
338 639
1130 147
909 629
278 484
1172 135
478 285
199 360
144 618
839 626
328 368
260 577
1053 555
319 247
696 685
981 138
867 449
202 528
310 570
310 519
936 118
346 576
116 526
1014 89
480 336
480 182
117 300
913 575
164 558
149 549
314 282
250 494
506 474
992 479
1038 375
295 632
804 143
581 302
835 644
160 452
1156 472
239 708
1062 613
963 475
1151 501
221 639
568 152
659 204
408 323
1059 468
1172 468
522 500
821 202
826 235
181 505
812 111
360 425
748 173
899 578
972 417
927 86
939 259
326 296
1092 604
520 1
269 445
1020 482
1004 118
517 254
499 639
652 324
578 90
211 545
1081 310
332 500
1049 582
1140 547
859 567
916 513
594 47
403 660
754 12
481 451
931 73
582 394
677 126
1026 195
207 716
393 413
992 542
146 409
917 188
205 394
1124 287
522 429
646 320
281 573
820 145
291 562
800 212
508 302
953 58
363 280
920 44
350 518
283 496
237 422
533 384
318 340
587 274
241 712
377 455
967 27
237 657
479 357
105 282
123 492
362 405
919 11
767 199
1037 623
423 259
123 321
354 352
132 498
223 536
661 19
93 313
136 336
322 324
285 520
172 619
166 673
488 417
370 616
252 551
340 107
179 509
381 303
652 194
379 499
799 457
1089 667
1279 650
568 72
394 488
310 425
428 492
408 568
453 292
200 619
1034 540
213 276
230 657
157 424
463 474
301 657
511 428
446 333
294 532
978 38
366 574
1065 664
407 670
346 447
415 304
315 266
766 74
983 188
125 489
184 704
724 9
752 69
202 549
912 43
445 624
200 593
195 368
906 475
1111 448
183 450
742 182
815 187
177 244
905 231
186 566
206 567
194 629
489 609
328 689
335 395
272 442
462 481
669 459
384 462
842 206
734 240
555 105
412 694
432 633
182 574
370 416
202 385
477 380
259 373
105 306
825 111
963 114
1051 65
93 3
557 244
724 188
271 676
284 538
131 552
690 323
167 289
543 301
476 307
128 259
351 287
367 282
1127 384
118 402
332 419
442 435
299 440
191 507
102 505
452 483
217 482
327 493
548 37
654 21
950 92
767 88
419 191
910 183
821 151
382 713
245 716
197 660
220 555
143 556
226 535
117 525
1157 514
214 605
367 630
440 325
679 328
494 383
264 290
573 298
175 404
224 404
342 403
128 401
247 401
558 391
369 386
549 446
78 435
330 434
152 500
257 501
103 489
329 481
538 471
1119 476
196 473
189 474
266 449
688 127
790 48
693 59
845 45
615 32
272 232
188 237
895 136
959 142
225 659
332 704
170 516
437 520
108 521
270 565
143 544
799 600
884 599
238 632
304 375
307 322
104 295
336 311
323 422
653 402
659 501
934 81
919 98
756 23
906 0
756 242
812 190
301 628
147 541
120 537
354 514
320 687
265 388
623 397
386 436
804 506
424 510
609 189
547 154
185 562
218 714
557 326
984 336
464 372
234 454
161 420
157 398
465 585
441 546
159 442
779 136
1081 613
516 234
371 277
362 273
170 414
287 417
224 664
214 266
1188 463
351 365
202 223
952 112
854 158
502 513
998 503
211 354
238 524
805 155
126 432
834 53
159 363
567 381
1016 466
193 341
263 449
519 449
769 3
497 515
359 718
273 401
212 625
512 407
169 483
278 553
808 163
224 569
385 361
182 344
892 42
106 302
529 143
299 347
884 538
1085 114
681 58
229 652
217 551
310 402
619 137
593 333
566 567
1003 559
299 391
322 594
796 284
171 593
201 666
156 646
935 84
138 458
318 388
269 666
722 283
106 490
205 309
572 227
341 472
411 259
204 376
806 177
317 389
569 383
864 35
174 500
868 91
447 205
1121 588
867 231
782 97
966 451
586 347
443 495
328 274
908 473
273 580
1085 545
472 356
360 245
327 505
616 345
142 461
334 16
1070 486
258 658
755 604
1022 490
335 294
750 68
464 614
527 341
1002 341
662 414
1170 613
180 388
178 538
388 282
276 712
684 68
472 392
553 341
1123 531
226 410
1107 647
338 516
459 451
1197 376
1010 297
365 301
432 492
440 353
603 289
354 472
190 287
317 429
1067 402
294 478
983 541
339 677
938 122
320 625
997 613
379 659
156 313
392 338
514 372
184 577
363 643
202 491
853 133
1029 361
1078 436
301 519
1039 401
321 355
641 196
240 254
519 194
703 63
818 127
336 540
758 78
824 1
989 504
1065 395
795 602
225 384
1138 137
229 462
1162 530
555 178
226 518
131 396
1017 460
514 356
280 509
512 486
652 153
931 29
257 541
490 327
295 423
540 280
184 254
991 407
843 138
716 221
408 226
364 296
748 631
1043 592
333 497
541 201
1095 674
763 136
465 362
619 246
550 324
148 546
482 228
107 435
719 154
439 361
489 521
303 408
182 692
889 81
209 438
242 298
648 306
621 44
673 32
185 477
139 323
354 620
786 278
616 224
917 431
425 292
326 463
205 414
331 666
487 279
432 504
330 647
853 466
327 584
301 396
321 481
321 399
702 129
1112 76
870 186
248 446
1044 549
177 507
912 141
91 329
345 396
235 428
393 411
349 575
865 680
787 44
773 41
354 337
508 330
575 130
496 256
875 297
359 347
359 411
346 527
203 399
959 53
733 226
489 292
318 271
365 376
262 456
474 478
931 133
1097 467
224 706
132 480
945 144
315 652
477 668
307 262
145 623
798 109
223 282
1022 577
1110 548
1149 383
359 504
973 135
1054 601
189 604
597 378
533 225
399 229
843 469
363 350
132 478
941 142
314 396
580 29
186 653
909 65
1014 79
255 701
1121 276
531 295
1074 473
541 345
1030 436
576 139
966 555
225 597
707 2
186 502
332 448
365 649
407 451
1153 529
1066 608
146 495
471 299
426 623
138 538
808 554
985 516
168 468
133 294
209 456
317 319
1084 482
477 356
1176 606
973 600
207 315
424 442
1036 408
499 310
969 418
542 292
834 529
1099 473
211 595
878 606
268 349
1004 123
248 441
1026 440
411 257
750 621
767 103
327 537
623 92
941 226
214 382
870 470
936 574
166 402
108 489
289 497
1152 497
972 585
936 640
926 23
1051 618
938 9
1003 432
1076 531
172 457
173 551
1085 603
256 458
181 418
511 444
1140 487
677 703
801 708
206 485
1076 641
951 588
981 598
945 488
850 530
352 469
1002 582
226 551
203 347
579 207
360 411
253 708
575 396
594 205
371 291
884 66
863 177
223 573
1133 211
1033 590
1193 368
524 307
1191 379
1004 604
449 264
871 440
413 671
988 480
186 297
808 571
940 24
266 703
325 331
175 489
179 444
1101 429
510 282
1038 182
351 349
966 637
404 433
285 393
334 538
244 672
282 672
353 639
272 609
196 569
551 363
278 406
183 530
718 234
161 450
766 52
558 493
1184 539
166 207
777 263
355 300
391 462
214 469
394 454
186 538
988 73
298 562
195 409
1112 444
825 552
518 333
433 341
234 415
796 541
460 608
332 359
392 242
290 640
286 429
555 357
258 498
756 536
905 56
152 330
839 557
226 719
1139 152
1151 512
408 255
139 423
972 130
429 357
538 358
1135 399
382 488
957 648
673 55
310 304
218 260
200 681
955 183
384 389
223 551
402 235
239 413
1136 516
150 615
431 446
294 457
174 437
1012 313
158 251
570 295
1028 483
273 447
1067 543
123 249
940 203
1168 481
411 381
569 167
830 689
224 415
768 650
858 504
1112 690
1097 681
806 596
242 531
304 614
867 568
299 510
516 162
948 623
928 21
984 159
184 663
146 553
442 348
691 92
354 403
660 27
861 80
179 497
389 321
106 509
307 333
1161 389
145 450
559 405
547 261
374 244
404 130
341 392
450 488
277 503
734 708
234 377
211 660
104 473
190 658
301 376
448 147
504 529
364 317
101 518
344 479
511 494
861 207
1108 674
537 709
414 325
996 99
245 637
282 359
288 452
308 438
450 353
832 657
699 32
151 526
1081 608
106 532
322 459
777 637
139 530
98 478
388 587
1143 587
208 450
359 261
234 672
185 545
182 445
175 472
624 105
245 408
499 380
447 356
124 412
153 495
204 688
312 415
864 615
1007 482
934 124
1179 513
633 371
1199 461
1101 527
716 203
683 136
285 440
365 279
536 42
496 306
407 256
823 61
954 473
812 609
939 29
506 622
291 338
307 353
358 475
427 302
106 514
272 493
476 358
1156 162
847 96
667 96
618 21
1113 464
642 343
163 441
1148 441
766 584
129 450
302 412
961 449
356 381
934 117
342 634
383 366
649 303
1109 596
435 288
1202 454
889 108
1003 602
331 651
149 632
987 146
818 240
816 34
898 83
412 478
299 459
1140 576
542 289
291 430
196 714
161 267
714 32
890 143
225 488
869 479
346 492
961 119
411 286
1105 366
919 454
139 156
872 514
1038 64
196 525
976 134
563 619
288 201
184 499
1225 688
846 613
1061 530
919 100
289 347
849 605
864 178
163 647
954 101
1093 584
221 489
273 484
184 575
330 405
1080 458
934 160
763 634
419 276
371 591
442 217
457 413
344 686
440 718
392 603
961 543
874 103
409 394
372 692
1002 464
338 397
1077 603
996 505
346 610
622 431
440 383
258 447
1099 382
279 374
723 623
174 660
251 402
831 156
190 633
959 524
814 40
261 597
809 162
992 331
129 537
223 370
326 452
903 125
182 310
793 255
756 6
318 572
347 481
901 122
411 306
1198 475
432 428
353 421
625 242
1107 636
524 362
347 362
565 473
748 567
114 572
597 513
358 648
102 292
177 537
686 194
198 581
388 453
204 444
120 496
111 432
1067 560
453 336
886 194
583 110
343 473
879 619
212 675
855 577
1066 404
217 513
398 379
168 640
201 575
454 719
285 462
156 453
756 635
863 44
455 320
1002 450
1041 563
224 707
1058 590
430 476
940 592
974 468
1020 612
1159 571
830 499
28 13
233 504
869 631
289 434
315 539
331 710
910 551
973 189
1095 83
945 528
814 637
1059 590
447 294
97 453
341 574
134 519
259 334
600 184
831 575
332 293
873 557
298 534
557 135
303 719
903 548
1044 419
340 301
984 574
135 449
338 354
1203 496
361 461
538 253
743 64
986 607
214 352
759 156
936 236
836 189
838 346
1143 442
472 288
195 281
307 352
957 610
728 110
793 700
118 564
1144 668
1149 543
132 282
428 485
918 453
483 435
936 113
437 391
330 621
288 439
736 249
291 612
1016 528
421 197
338 261
512 510
984 58
1141 508
1206 630
1078 628
896 422
1167 291
236 256
257 579
203 512
959 562
361 704
849 117
220 471
1112 372
875 61
349 135
1190 458
1104 691
1150 401
446 541
175 475
948 580
601 307
494 468
866 85
760 135
429 664
251 639
522 159
1250 89
329 264
1060 531
124 355
464 569
98 335
1023 132
841 526
932 605
449 326
1073 661
387 378
385 507
993 435
192 686
353 458
892 75
836 535
1038 556
1110 553
1106 670
1144 334
417 430
20 110
1022 395
463 366
993 550
326 439
143 531
204 552
408 388
874 607
879 546
267 474
774 567
916 521
1108 566
1124 412
586 110
940 383
1031 351
957 416
339 561
727 610
117 373
222 517
445 219
1144 549
1008 203
325 465
242 556
663 663
635 277
1133 598
357 466
1112 528
930 599
219 434
620 304
992 431
261 603
185 455
956 371
905 514
110 402
213 632
171 405
435 596
981 111
851 157
445 316
806 582
439 407
614 261
909 147
200 372
80 316
182 442
315 684
836 465
162 530
300 541
404 289
471 411
832 509
1064 534
909 561
465 218
1122 628
483 204
353 258
401 634
272 390
1203 472
486 353
129 306
932 511
644 86
898 586
864 40
1092 137
386 297
284 559
604 317
243 607
792 164
410 331
853 100
1010 613
1091 340
414 487
877 514
347 390
333 568
710 8
1159 475
909 129
232 511
359 409
923 663
450 650
216 422
717 602
1000 580
892 677
290 332
200 570
176 447
298 463
788 592
90 383
184 442
460 448
463 183
384 503
183 446
182 622
757 20
121 425
308 468
236 445
1084 582
1065 476
833 656
438 413
429 308
904 195
1172 486
274 705
1133 642
383 684
169 322
467 662
136 362
290 540
900 184
995 97
1001 424
320 451
1199 442
452 650
878 95
272 639
902 521
978 448
454 220
226 662
256 579
1011 574
621 367
129 523
643 501
238 617
337 674
155 644
1034 271
1087 509
556 330
418 442
938 56
962 402
248 541
694 160
282 440
730 142
416 524
750 5
95 455
754 566
706 231
130 326
201 608
722 240
1032 610
945 477
1068 489
360 297
224 294
108 501
1146 403
1136 388
454 295
371 491
392 380
768 695
992 561
1142 364
1139 403
821 567
1024 343
504 131
1074 51
360 266
438 468
469 396
216 396
340 669
342 549
186 418
317 500
1113 394
757 704
903 54
1079 430
1168 523
390 279
95 327
431 486
280 681
190 371
860 645
339 323
869 153
269 470
1180 481
341 158
492 377
948 210
462 505
252 495
264 419
1104 296
115 512
590 155
206 505
1071 513
111 321
303 241
434 309
146 432
570 282
320 621
804 478
389 444
143 348
1005 59
365 492
738 4
190 493
1089 141
494 387
1112 393
246 515
1087 618
146 641
669 629
172 542
925 705
507 638
370 493
1103 627
1118 580
850 558
1101 682
439 347
978 591
1016 591
933 113
422 394
152 436
903 566
300 233
463 297
384 458
219 708
941 90
275 677
165 293
171 663
285 673
915 686
260 435
736 590
863 479
1214 645
540 168
143 517
415 517
786 495
327 349
779 146
933 65
294 524
194 474
691 206
976 451
645 90
963 547
1085 344
104 517
229 678
327 624
346 580
1016 161
367 295
663 149
208 504
267 450
878 496
147 428
877 105
589 490
421 213
203 502
381 371
493 264
1105 577
900 505
393 517
1037 554
220 535
279 280
166 462
403 509
424 301
364 666
149 573
251 394
1011 470
515 648
165 648
439 337
363 460
569 273
266 471
828 32
293 547
423 438
211 508
135 553
153 481
406 203
217 417
100 447
229 505
291 607
912 88
638 182
872 144
445 407
455 352
461 639
211 519
229 681
525 159
342 219
1059 143
545 85
729 114
747 199
97 304
962 112
335 290
252 281
294 538
349 540
223 682
874 564
429 362
816 528
1054 354
223 585
334 352
1094 631
213 609
482 406
833 22
101 290
466 430
392 325
217 342
1125 477
900 538
800 27
533 421
411 657
175 452
802 208
123 358
526 387
194 531
1001 445
565 227
101 466
85 400
294 360
84 383
320 424
596 420
204 405
536 445
135 480
253 410
174 676
376 370
215 631
412 556
668 227
723 267
613 215
378 654
126 286
88 422
309 647
629 132
251 670
117 451
457 433
848 7
279 593
938 221
190 215
725 181
688 46
602 130
131 431
190 522
106 569
336 429
211 362
553 232
480 443
177 552
316 643
374 282
392 666
376 336
378 692
253 569
197 676
957 182
731 393
329 402
403 184
1192 481
607 178
734 124
149 452
473 222
929 108
1035 596
419 261
818 150
434 383
96 292
305 563
680 207
807 213
674 140
907 117
324 468
437 201
439 471
533 449
284 308
268 661
980 115
931 189
892 186
385 503
92 511
295 622
1187 718
93 12
712 48
894 156
514 308
254 443
169 497
239 468
397 527
226 670
210 687
495 172
912 206
702 205
364 203
680 253
577 62
739 9
145 464
314 438
562 392
313 694
427 683
162 651
745 108
847 217
766 141
887 494
323 509
565 471
310 462
410 558
319 665
1014 195
485 320
410 295
380 429
902 478
653 114
252 693
642 25
544 281
733 99
791 94
262 536
555 379
993 196
419 342
405 448
873 586
556 467
233 486
307 425
463 286
295 539
384 190
164 544
372 384
157 362
155 290
1006 446
263 628
763 46
462 381
309 462
109 297
217 265
351 440
943 107
1081 430
339 463
523 104
138 556
379 457
306 337
438 385
250 405
886 484
132 524
315 456
368 193
943 140
320 460
158 613
196 392
822 72
1048 481
1094 502
944 133
228 627
390 344
364 521
1191 519
258 337
631 268
964 624
258 494
416 367
769 128
227 423
263 656
663 217
266 402
142 499
280 712
317 223
404 454
185 308
441 336
962 568
496 275
540 328
457 341
379 436
1086 519
351 436
752 25
169 552
590 333
308 366
368 300
569 480
130 263
690 256
115 340
547 181
245 660
871 44
782 73
376 265
335 348
283 533
322 379
915 83
850 55
741 37
450 511
1186 460
395 490
247 593
80 408
272 492
149 563
387 454
642 200
191 489
840 47
222 639
587 414
982 124
479 623
467 397
490 31
520 205
387 373
141 452
121 478
353 515
624 376
217 682
346 400
864 206
238 712
875 88
155 564
237 381
349 370
328 476
525 494
504 251
217 659
264 619
910 281
895 87
324 673
200 508
127 365
264 578
597 241
539 394
219 430
205 413
459 503
981 149
110 452
898 187
282 343
270 465
434 423
343 423
164 554
548 379
937 45
796 11
255 426
1036 488
165 572
872 148
150 628
101 360
186 687
445 702
593 223
413 470
299 218
312 671
1023 431
110 379
950 135
319 388
222 621
116 464
910 31
210 560
773 70
716 168
268 564
181 523
153 238
293 657
792 100
800 25
254 625
221 695
246 273
290 414
526 172
475 459
388 635
473 485
626 9
194 495
272 498
203 573
188 576
302 652
753 279
266 642
675 218
609 213
1033 611
363 505
819 468
247 678
1196 396
109 452
1121 502
290 659
466 624
24 170
623 12
115 470
380 365
300 633
408 455
225 623
187 559
739 90
630 32
235 246
212 516
138 512
428 595
798 131
157 530
168 494
742 199
196 487
315 587
787 228
171 433
732 101
503 598
131 403
98 593
117 351
356 132
162 549
442 208
130 451
150 445
674 223
262 634
626 220
819 49
206 607
792 275
173 557
432 433
741 651
904 64
242 633
96 474
1111 108
826 275
413 269
631 377
793 146
293 376
140 537
313 656
458 195
278 620
982 574
259 482
400 334
162 593
260 487
912 127
135 483
835 152
249 414
582 290
300 320
759 140
198 582
951 122
275 386
251 453
449 323
396 433
309 229
308 517
388 487
128 615
256 455
361 557
797 41
955 92
454 354
314 275
805 48
318 449
379 604
624 62
200 501
463 427
473 476
418 223
256 587
333 447
287 633
814 56
286 708
849 180
535 539
951 64
433 697
389 279
305 683
715 132
156 269
316 573
881 198
512 467
964 87
964 245
1153 538
315 492
125 535
190 718
1155 523
787 70
821 31
460 383
239 383
447 375
438 304
190 714
192 372
311 539
401 447
289 552
201 554
172 437
217 389
150 382
126 540
213 671
228 533
753 58
111 540
531 323
904 1
556 385
544 168
899 169
255 679
353 456
476 423
459 434
385 483
749 165
1032 125
978 449
830 120
365 633
721 109
295 463
443 304
1106 528
459 497
163 272
119 413
954 181
363 514
879 305
507 424
662 207
386 391
855 5
550 138
824 208
106 522
489 513
982 116
498 333
274 674
908 107
356 434
121 547
525 125
202 481
99 468
238 335
422 411
550 252
357 612
775 58
161 431
1183 431
275 622
610 172
271 464
656 236
313 316
137 476
342 451
665 467
294 345
916 539
330 178
667 128
644 26
1110 60
97 435
929 272
231 501
112 335
703 322
213 542
502 293
276 527
394 392
1013 373
268 503
722 2
221 590
517 515
912 224
232 670
249 380
1076 518
1148 518
219 469
290 507
441 479
296 614
141 381
151 472
319 326
827 90
461 537
1120 537
381 369
136 419
406 387
754 47
249 424
243 640
1001 112
287 645
516 200
291 522
705 55
387 598
265 501
317 442
178 558
879 99
1170 307
410 654
641 242
291 643
771 674
237 544
866 102
145 498
1089 699
1211 677
234 436
802 47
195 711
366 658
184 463
595 108
505 382
300 405
332 504
182 579
143 532
964 9
510 509
233 483
366 366
411 475
199 295
509 484
340 507
505 613
463 634
926 685
188 694
1177 317
260 465
96 486
773 99
420 267
209 519
227 683
269 335
421 536
258 597
713 118
989 124
257 566
355 404
966 357
386 499
786 216
268 486
346 351
535 497
806 137
307 497
1127 616
780 218
814 214
495 332
251 317
259 578
1201 426
113 365
503 314
310 422
1032 485
92 481
361 718
521 641
845 64
434 17
779 175
1055 537
362 443
330 590
243 382
302 330
1129 376
600 74
921 55
946 61
673 226
837 509
231 707
950 42
373 668
1154 652
151 550
1118 672
184 443
435 465
814 157
484 156
302 512
1113 640
323 363
1108 650
552 412
141 615
205 691
76 489
393 639
431 241
1153 310
203 509
706 221
288 591
1009 423
838 649
1018 112
355 669
180 659
563 347
615 206
903 94
395 420
302 363
883 653
1001 75
1023 97
683 100
938 474
942 418
923 470
284 711
429 479
259 663
521 104
1093 569
1110 161
235 415
1048 597
179 545
948 105
1074 109
292 625
781 580
1097 636
850 591
936 561
471 471
1155 437
1167 614
163 543
857 539
307 348
1105 350
273 431
354 461
232 430
1104 594
1169 432
663 655
1146 420
1006 81
952 613
893 553
395 502
1054 572
633 60
1143 437
943 494
1015 395
380 349
120 541
934 438
1164 493
849 664
106 557
247 542
973 415
220 389
183 476
717 585
777 347
337 497
1023 581
436 293
391 468
519 522
834 568
986 92
195 623
444 287
1012 357
261 253
171 325
349 412
580 355
1107 679
1142 497
94 409
885 99
750 144
755 580
228 660
971 115
178 464
352 430
154 456
678 242
1119 576
1125 525
769 676
312 687
865 690
1201 331
915 81
234 476
1073 599
1012 650
1181 551
182 449
613 325
344 532
1147 500
170 638
259 380
980 96
277 453
950 105
854 499
1141 530
1082 548
1156 406
498 424
306 570
967 33
229 555
1128 388
342 395
127 537
1076 590
153 608
1051 415
803 541
371 518
277 418
251 465
342 259
918 25
1036 342
895 533
323 542
356 349
546 274
1023 411
172 519
225 581
160 660
735 32
391 276
823 94
1003 433
976 470
885 712
906 524
1135 403
106 576
1270 557
155 439
861 494
239 469
400 503
376 341
716 548
783 199
852 190
886 595
1020 614
944 134
1165 464
280 456
250 461
287 254
490 525
1082 636
688 8
1033 335
1136 414
950 88
595 485
424 459
826 513
987 629
1047 629
302 439
1070 356
828 103
998 533
890 450
772 646
1063 534
185 497
1111 561
1048 544
120 491
939 584
1210 493
1118 541
1016 375
251 460
1004 441
915 718
1021 470
1006 152
560 213
1101 554
986 453
1091 341
1031 434
945 458
1093 664
1121 540
1021 106
829 569
1026 435
206 429
328 625
1025 590
788 471
372 487
1018 395
212 367
391 436
942 227
9 146
786 497
372 276
1080 486
240 434
955 231
752 271
1059 480
1041 622
253 606
278 396
588 476
208 514
1177 483
1030 550
1110 429
1172 580
190 461
296 599
236 567
879 198
1165 453
123 450
996 206
1100 676
867 540
1124 506
202 383
86 350
1063 639
937 586
330 306
1104 374
182 683
678 151
308 631
662 273
355 279
560 441
782 633
508 277
826 571
443 314
458 579
861 137
722 32
255 505
1068 600
382 493
98 414
1010 285
962 26
313 517
1082 637
1151 441
961 525
1138 496
901 393
1123 668
822 662
893 633
212 307
1162 611
234 398
228 480
1208 706
688 139
870 460
1213 332
321 503
1186 481
1016 539
494 345
901 540
917 509
1160 417
51 51
951 444
226 565
199 668
1006 335
245 513
967 147
1022 430
1009 401
165 562
1094 691
1149 635
1124 615
801 125
530 387
909 633
850 639
442 602
178 573
373 352
410 463
699 247
983 439
1002 500
169 498
336 635
956 185
761 663
442 536
978 472
183 537
217 524
1111 609
603 299
1126 623
1129 677
1057 394
1183 447
935 495
1151 696
424 407
1084 499
300 264
1193 445
1057 635
361 601
973 580
1161 449
411 344
292 535
408 253
1109 507
669 279
1047 351
1072 539
267 317
899 368
889 133
208 334
1057 469
974 88
413 643
464 621
126 400
1165 504
110 468
866 508
949 508
689 31
812 14
1270 49
348 503
299 233
468 476
75 385
1012 63
120 352
932 58
400 327
166 256
366 337
1112 667
310 647
874 532
1092 418
1025 47
1023 508
335 421
242 541
315 513
1077 429
307 357
198 330
858 284
799 675
1101 577
1100 673
905 526
1014 478
1120 529
1093 696
143 603
1087 537
1276 9
184 562
878 452
1092 649
837 82
147 518
1154 399
94 524
1155 616
887 539
1045 384
640 296
1065 604
772 648
1106 610
1135 639
699 591
851 586
1046 377
973 553
1091 243
241 450
842 583
932 609
1078 382
77 23
118 450
1119 420
1009 565
348 417
811 512
434 698
1083 624
973 601
304 661
193 612
1001 486
881 531
1111 703
1041 601
942 115
918 618
1121 379
554 445
1209 357
186 550
1143 487
1170 531
743 700
1093 445
1067 541
849 624
882 454
461 402
943 500
961 538
251 496
1043 380
137 481
961 134
101 284
1049 501
917 605
874 598
1075 382
888 580
1023 355
445 224
892 426
1036 533
812 494
1091 618
175 245
209 434
751 638
804 4
671 169
970 50
904 514
1207 377
1033 619
257 677
269 542
960 698
342 400
440 465
332 484
820 613
1130 308
455 535
1007 93
1150 606
889 463
859 703
952 558
860 583
1129 532
265 440
518 304
1113 686
899 109
1152 535
252 382
677 70
1146 547
152 603
1105 653
173 546
1142 464
150 641
1061 361
1090 683
1046 625
284 676
141 438
974 505
209 579
715 229
1130 446
1064 479
299 356
914 247
829 129
70 371
874 17
1115 362
233 471
278 392
836 179
821 106
1147 530
508 380
1179 523
1089 116
911 531
211 518
134 424
1087 519
364 350
244 414
894 5
407 484
324 506
334 395
335 538
893 73
629 160
297 504
328 474
806 238
899 252
1016 594
822 11
873 95
1061 170
926 491
893 264
204 490
752 43
301 355
144 302
466 403
315 668
456 323
195 528
127 499
468 186
919 525
1018 462
1134 566
853 698
886 125
886 430
102 485
381 681
247 638
222 635
187 509
100 444
1040 462
943 53
865 543
344 325
865 208
658 70
253 416
633 224
830 203
1052 154
251 574
420 342
1006 115
216 714
412 661
310 388
426 360
865 605
311 406
462 624
1176 415
980 579
261 585
1171 336
1007 543
698 40
423 457
459 453
143 626
673 38
150 466
674 187
246 616
692 284
130 366
897 68
471 475
1085 653
354 495
1152 504
232 422
218 477
720 96
949 461
72 375
1041 365
1170 423
977 27
1031 287
1134 500
328 385
965 626
417 165
789 55
144 516
790 684
884 20
1169 509
139 561
575 70
324 317
921 692
621 179
325 684
797 148
900 70
1075 716
781 596
912 500
858 197
920 484
1112 671
389 457
1006 367
584 337
299 543
196 265
1029 409
151 434
794 540
377 482
1054 553
813 275
116 297
219 365
370 707
1034 522
842 93
867 454
1149 386
209 408
425 645
289 611
1076 355
160 448
528 350
1000 428
280 645
997 135
215 655
339 623
253 281
283 357
209 587
163 579
210 573
985 113
234 501
169 622
188 511
317 435
1133 601
207 529
195 684
772 117
888 181
775 245
915 78
362 460
111 235
1077 621
275 549
425 507
735 140
850 624
317 642
411 642
562 330
616 293
304 385
301 435
840 72
406 362
764 194
479 211
279 609
903 228
1129 162
226 324
390 635
369 314
5 122
850 181
134 548
80 441
230 673
323 270
901 166
408 654
289 608
536 128
1039 594
934 140
969 17
820 50
195 614
504 341
703 629
331 469
846 150
887 157
786 55
442 516
211 328
705 16
395 634
226 413
1175 488
344 500
478 340
803 286
398 288
476 217
953 159
578 135
207 636
286 467
243 482
458 431
282 299
362 282
725 235
166 619
351 520
212 714
777 719
391 656
101 371
197 350
557 325
553 320
477 273
367 304
595 314
185 395
301 398
256 391
114 478
169 463
530 220
400 201
888 253
627 234
801 39
626 35
900 0
927 85
293 681
171 646
1170 576
267 514
280 331
392 351
89 393
152 437
140 492
825 198
710 155
1025 122
569 34
919 34
326 528
119 545
210 699
167 667
249 655
367 352
572 354
116 474
348 477
164 450
1168 450
99 495
160 436
304 428
316 399
356 411
956 105
782 125
280 557
1144 584
216 719
236 657
420 327
330 316
247 442
96 427
286 480
424 230
561 200
758 141
708 42
920 60
98 534
958 586
398 632
444 355
233 349
607 306
89 481
208 704
782 104
888 484
165 399
237 541
197 608
217 703
904 17
703 105
404 268
309 547
724 160
395 394
788 55
1009 444
311 479
122 432
870 125
209 497
957 129
269 473
161 444
1088 51
174 297
953 577
942 712
1108 389
204 719
476 313
435 134
807 131
1039 599
852 165
1037 437
372 409
1161 441
183 382
274 473
1129 595
256 678
267 387
352 453
1002 445
277 348
473 616
272 391
897 518
704 183
296 401
1016 604
1069 604
951 28
131 488
1178 448
1047 625
1101 622
1023 515
233 413
411 418
358 539
891 229
1119 543
1061 547
590 362
288 370
427 390
858 580
696 236
817 548
490 245
843 549
416 391
385 518
196 680
226 576
1191 669
1260 112
232 472
392 497
162 453
307 264
217 501
845 657
1137 365
390 277
98 475
719 169
255 595
598 273
245 496
802 144
780 87
1210 49
990 153
129 498
332 439
907 36
442 432
357 459
154 573
338 318
941 228
947 515
242 421
575 61
124 509
830 106
427 375
1113 484
1028 604
917 74
1131 297
1005 434
914 116
1015 476
1139 545
423 396
859 118
940 651
562 376
353 301
304 424
335 464
653 293
174 358
987 404
208 526
510 297
316 529
340 524
95 457
505 615
586 340
366 623
146 533
841 556
594 196
445 528
150 656
678 530
1076 408
578 180
173 612
1035 612
179 345
377 401
895 513
936 431
156 643
522 492
1028 152
254 706
697 88
1186 411
81 441
747 135
138 392
582 397
338 549
347 699
947 432
254 674
234 539
181 692
159 598
448 482
911 212
532 260
364 381
345 611
735 279
285 389
728 206
962 150
192 698
999 171
1089 270
835 665
327 410
168 342
120 544
430 378
150 567
948 147
458 503
244 391
336 503
537 115
1061 498
439 572
328 365
1023 114
615 49
322 334
378 123
110 522
1132 657
227 521
963 153
340 638
958 461
1169 636
323 653
887 171
307 653
691 28
730 71
266 562
559 154
947 152
128 362
228 606
326 387
432 473
205 412
339 476
431 502
289 553
453 225
1118 674
892 158
259 608
122 336
1005 328
494 257
184 395
304 714
346 412
840 464
488 557
585 505
284 340
555 120
482 374
104 486
309 343
310 314
195 458
274 340
345 388
237 388
1020 212
189 659
1206 391
180 524
937 110
472 549
947 30
362 649
189 640
127 389
392 266
231 406
317 408
291 530
299 567
711 203
1034 380
323 710
357 349
524 571
676 355
384 599
529 237
398 411
154 583
923 9
110 474
313 504
96 461
257 513
741 56
623 417
468 517
671 58
945 91
616 371
172 527
269 675
277 440
126 351
258 540
464 407
349 406
463 466
927 163
220 270
426 428
409 424
293 534
804 102
104 484
381 243
466 394
289 408
722 56
418 482
355 710
1109 177
418 20
352 457
721 137
207 471
167 570
312 367
488 154
763 110
168 287
637 143
378 392
505 314
991 587
1124 252
434 191
892 173
751 148
256 440
1104 510
405 516
281 513
296 365
879 280
450 290
216 306
1043 147
680 54
315 516
272 504
584 302
168 266
294 344
170 361
631 214
739 227
212 526
629 302
265 403
320 403
145 465
955 218
819 55
511 581
498 622
319 480
121 436
195 547
300 397
191 481
116 511
490 508
49 539
957 161
391 220
895 50
109 463
414 263
314 304
376 382
1216 679
152 550
894 183
731 184
877 168
966 168
291 458
191 614
903 219
935 187
944 111
666 317
203 410
403 571
200 630
855 181
272 351
403 293
480 456
150 474
249 477
327 398
431 522
336 562
273 585
117 597
296 695
866 117
886 232
791 137
1051 158
360 285
463 288
179 361
251 490
159 482
184 460
466 423
230 446
156 394
372 399
475 581
215 535
195 561
417 642
275 651
194 702
319 710
371 194
429 160
980 172
213 427
134 434
133 446
381 498
213 510
95 454
435 454
352 281
268 273
560 332
356 323
430 382
554 369
171 637
158 629
154 614
349 593
403 528
303 674
327 682
675 2
640 18
978 78
754 167
716 143
407 237
170 423
217 420
393 437
1007 447
200 384
568 384
444 404
140 500
236 464
215 267
490 263
107 313
541 289
651 349
156 327
117 541
421 624
227 712
282 718
568 305
153 266
513 428
189 399
331 408
323 404
269 508
521 489
169 187
944 135
705 233
758 227
717 242
407 252
915 196
320 516
188 638
494 597
236 686
260 656
482 324
481 325
545 320
859 305
281 306
426 256
558 427
175 426
372 438
195 410
306 411
216 454
171 475
530 480
176 482
1028 482
465 498
329 497
718 92
838 81
346 77
959 22
927 13
173 518
316 516
346 549
106 556
201 694
331 653
231 290
130 347
299 340
548 368
474 382
1178 363
298 442
519 442
299 394
240 505
88 484
1007 84
484 229
118 538
217 515
308 315
443 404
331 388
153 454
709 180
814 155
106 523
437 436
250 185
515 160
366 445
415 420
935 126
256 351
451 478
199 431
505 184
237 433
182 348
855 167
307 547
356 488
282 501
876 213
162 672
481 295
446 321
599 293
222 538
653 235
446 356
387 496
946 56
462 479
598 191
232 480
209 249
529 361
131 310
992 125
454 219
383 648
518 133
290 547
368 249
551 408
189 699
134 528
220 565
370 366
152 411
409 646
260 434
429 530
483 296
537 128
939 2
169 488
933 97
193 520
311 644
405 645
294 679
361 213
962 78
178 287
286 335
682 339
247 329
741 39
105 511
167 465
440 237
369 604
713 160
126 392
417 416
218 666
959 26
553 408
370 456
219 95
954 492
304 662
1004 617
391 472
466 398
461 308
319 309
423 687
626 286
958 135
345 663
139 430
606 145
304 677
296 497
560 170
256 415
196 573
461 527
394 219
376 493
309 698
191 495
439 373
221 506
133 450
1013 616
377 428
176 361
431 602
389 515
774 3
138 498
303 596
939 69
129 188
389 655
478 335
348 673
368 465
268 710
264 694
188 536
163 452
1146 488
924 155
907 140
735 317
253 704
282 529
740 233
339 424
185 484
409 516
739 219
380 701
231 458
254 580
304 386
718 57
171 570
140 471
769 134
446 346
952 470
454 383
141 389
441 304
227 440
911 162
469 561
445 453
997 157
238 465
177 524
373 625
325 677
303 655
412 473
1027 67
714 126
483 189
290 532
181 572
157 568
967 648
174 463
244 463
334 477
240 273
579 197
674 58
725 209
341 307
116 472
993 120
658 12
391 609
259 553
729 22
751 221
612 275
456 436
515 292
245 606
352 315
200 415
201 371
1018 91
267 564
258 341
413 360
101 529
219 715
754 189
812 224
462 440
445 218
442 403
1163 536
155 645
493 455
834 85
850 464
418 557
931 92
973 104
398 299
991 104
873 93
393 195
147 336
461 368
1000 114
586 318
839 92
309 668
208 459
652 44
168 570
483 5
280 566
625 443
442 462
957 34
286 428
985 428
245 431
433 335
245 155
850 312
228 415
220 467
326 488
391 267
336 452
363 372
125 158
981 161
185 546
749 156
196 449
286 386
102 409
914 20
259 429
1067 83
1039 144
177 652
637 263
334 263
100 428
702 317
306 267
330 388
739 284
874 116
977 101
325 292
407 635
528 173
137 399
349 236
464 474
163 369
369 400
490 400
320 581
820 66
362 412
95 468
896 152
346 353
451 344
125 457
189 465
130 532
331 481
150 305
336 585
1003 515
539 436
151 476
204 303
1047 169
422 287
352 341
244 367
171 394
424 579
859 173
186 352
462 248
943 161
211 406
289 399
906 242
582 259
1065 21
107 496
201 404
1043 462
1045 376
986 133
881 415
167 563
370 531
552 440
179 272
269 482
1192 458
242 628
382 470
467 234
290 365
811 97
158 650
904 116
780 10
189 409
380 481
159 549
1049 137
568 146
147 251
281 596
858 97
236 523
372 454
782 51
162 329
98 306
389 495
610 264
499 296
118 477
286 408
332 620
188 534
154 436
938 155
197 507
256 709
502 646
827 170
501 426
278 395
158 512
545 339
181 529
570 216
148 473
504 199
337 341
132 452
626 65
216 431
120 438
442 638
561 289
212 272
746 154
687 114
531 378
994 53
859 42
797 57
402 670
441 661
356 502
437 374
93 295
702 40
159 484
998 147
403 317
299 718
239 563
798 56
203 366
369 625
176 436
88 449
297 514
428 221
365 338
325 269
411 522
151 350
425 371
311 536
215 552
932 74
931 113
225 541
622 85
197 388
269 325
222 669
254 421
359 495
166 651
159 314
1104 416
397 297
673 17
93 486
413 407
1175 532
450 638
190 534
244 461
191 504
555 190
1074 628
417 353
261 498
112 444
262 574
161 259
259 360
254 568
832 144
212 315
274 557
144 519
382 421
310 505
178 596
449 455
269 381
313 328
208 440
527 350
858 98
1019 453
409 598
550 514
263 265
175 473
463 269
112 323
975 106
190 556
455 160
171 315
264 628
464 500
208 658
353 628
187 698
545 330
194 662
372 255
163 637
376 396
274 530
478 413
181 448
980 126
652 234
981 150
192 574
487 404
662 262
111 334
375 610
438 357
227 446
383 517
1085 24
924 120
805 17
200 512
335 671
350 718
977 127
312 334
162 317
89 367
120 553
463 499
748 222
1047 74
127 581
988 137
713 96
463 364
958 209
330 474
448 290
106 449
465 476
80 419
377 477
137 464
282 569
239 604
159 515
166 398
641 257
498 247
301 381
162 567
314 434
284 512
380 422
344 469
559 401
89 431
822 319
846 186
186 476
223 702
124 277
108 413
160 505
147 318
126 497
793 137
180 511
902 2
500 690
819 274
117 573
872 97
369 424
308 652
603 260
261 386
416 623
115 446
307 439
278 638
549 329
444 373
965 68
489 408
287 399
333 298
458 268
257 550
861 162
158 550
456 212
953 54
313 483
336 312
218 205
766 143
151 556
111 437
427 363
1027 74
728 292
437 373
253 528
112 537
144 559
338 605
176 595
903 153
225 179
224 396
196 405
565 414
357 470
428 319
477 311
360 305
588 305
464 268
575 268
165 520
191 569
152 650
806 70
1102 57
483 194
842 194
391 399
260 662
845 108
305 697
731 76
320 447
868 160
132 404
239 385
437 476
954 452
153 501
669 370
347 286
351 272
208 660
374 644
509 635
239 591
97 392
97 394
517 471
399 452
204 449
221 494
623 221
992 17
454 711
341 522
598 307
460 376
269 495
180 453
426 235
448 229
929 173
934 179
596 157
926 142
483 136
770 124
595 102
741 63
290 620
441 615
562 585
252 678
246 652
263 710
387 433
271 436
102 461
417 463
117 448
215 469
284 478
117 474
167 505
388 503
276 484
574 351
564 344
498 375
176 380
214 380
1039 382
78 361
937 260
795 274
651 310
231 288
130 249
810 249
508 247
604 222
559 143
899 183
774 65
582 85
839 81
968 92
734 117
849 106
1092 35
692 59
669 11
162 518
210 526
275 537
306 537
202 568
224 548
311 552
198 553
140 624
385 639
195 608
277 619
161 576
196 589
568 598
431 667
412 669
190 668
255 653
315 672
225 678
240 696
509 332
519 334
615 334
309 375
475 368
462 352
637 279
592 275
365 256
121 263
398 268
299 293
216 298
634 318
474 312
285 394
425 391
439 390
362 387
161 413
247 415
475 415
282 409
225 401
263 407
372 445
300 444
256 441
290 441
189 440
197 442
253 432
388 439
453 419
257 416
155 430
267 426
360 451
333 449
193 448
344 453
367 463
154 476
113 479
296 478
360 472
254 470
212 467
459 467
447 465
487 465
319 493
299 494
354 488
376 489
386 486
262 483
134 503
544 500
132 501
457 497
156 504
206 504
1064 96
336 99
851 102
989 110
530 106
903 105
548 112
1045 115
623 71
737 69
1112 81
381 84
1021 84
789 95
555 6
872 4
723 3
683 30
644 27
826 25
722 22
747 18
777 62
837 49
1050 42
751 46
485 143
254 142
855 141
505 138
808 131
1116 128
520 135
803 155
813 153
974 153
559 156
907 158
902 149
1022 150
745 174
421 161
804 161
735 162
747 176
651 177
687 179
883 178
706 181
495 189
650 191
390 186
227 184
358 192
765 192
885 194
840 198
447 201
889 207
411 223
624 220
674 221
543 218
998 216
378 217
699 213
373 250
116 249
428 249
218 255
435 255
380 253
429 245
513 244
737 238
447 236
682 236
730 233
368 232
895 224
563 225
479 227
285 549
257 551
385 544
355 545
176 546
106 553
151 553
153 556
318 564
153 561
179 563
125 568
103 573
174 573
264 542
296 543
221 541
323 537
104 530
388 530
226 531
332 531
344 531
333 527
225 525
428 524
386 521
241 523
288 516
269 514
180 637
325 636
229 639
309 638
589 633
340 626
376 626
387 631
366 629
358 621
158 618
183 618
193 619
353 614
325 611
398 610
480 603
181 600
438 593
186 594
116 597
553 597
186 583
206 583
144 582
443 586
256 589
219 713
459 712
232 719
219 718
334 705
395 704
366 711
229 668
329 669
309 671
217 666
418 666
188 657
380 657
175 658
288 659
316 662
198 647
344 644
336 642
272 640
178 652
164 651
243 693
196 695
363 691
375 691
382 690
188 703
272 679
403 679
402 674
294 684
249 685
490 681
655 266
586 267
567 264
370 265
367 268
805 270
487 261
716 260
187 262
391 258
678 256
445 257
487 280
95 276
192 278
249 279
413 302
201 301
636 301
327 300
336 299
599 299
309 296
129 291
497 291
297 290
857 288
276 289
606 292
278 304
396 307
621 309
459 311
284 319
130 318
629 318
302 315
303 314
442 341
508 343
493 336
194 339
413 339
126 338
129 347
255 346
400 346
448 344
321 345
278 350
133 349
367 349
215 331
232 331
360 330
73 328
563 334
333 335
97 332
593 324
444 325
85 326
108 323
376 321
324 320
587 374
601 374
387 372
745 372
318 373
211 370
893 368
217 376
298 376
157 377
397 377
224 379
251 382
579 383
167 355
469 355
185 353
308 357
235 366
303 366
588 367
358 363
405 363
124 361
323 391
147 390
285 388
234 389
264 385
516 385
445 384
624 387
289 386
271 393
303 392
614 392
146 394
424 397
233 398
252 399
314 412
432 412
617 413
324 414
154 415
160 415
376 415
150 410
158 411
221 411
415 402
367 403
262 400
491 400
647 404
229 405
115 406
255 407
632 445
188 440
222 440
268 440
295 440
226 441
223 442
172 443
321 436
372 436
206 438
347 434
230 426
326 426
167 427
116 424
396 425
336 430
78 428
148 429
81 416
93 416
285 416
304 419
385 419
146 418
87 422
118 422
400 422
312 423
334 420
161 421
217 472
235 472
295 472
440 473
153 475
392 475
213 477
252 478
356 478
540 479
191 464
89 465
380 466
404 466
239 467
174 471
613 469
216 460
386 461
505 463
264 458
192 459
310 459
180 456
391 449
137 448
306 448
294 451
225 454
247 455
257 455
151 452
122 502
225 503
222 500
339 500
406 500
335 501
527 501
192 498
355 498
263 496
321 497
152 508
309 508
359 508
274 509
189 510
140 511
179 507
562 506
147 504
513 504
136 495
202 495
373 493
196 492
103 490
482 490
181 488
278 488
287 482
211 483
220 483
453 483
273 480
587 480
199 485
260 485
289 484
107 486
871 97
947 98
690 99
917 99
943 101
971 109
990 108
858 110
846 105
931 104
889 107
610 106
636 122
1136 122
948 123
814 120
1014 125
876 113
864 112
726 116
813 92
564 93
762 95
986 67
901 66
693 68
797 74
958 74
680 78
828 78
745 79
932 77
1064 1
685 0
870 2
919 2
638 4
822 15
886 15
697 23
768 22
834 21
665 19
814 17
753 29
834 30
1101 55
807 54
793 50
835 51
653 58
754 57
820 63
835 45
973 44
897 40
709 33
1093 34
679 35
701 38
760 144
1053 144
762 147
1018 146
735 151
505 148
868 156
1017 156
850 157
982 153
976 136
348 137
641 137
536 139
918 139
948 142
205 143
659 135
803 135
1122 134
746 132
887 132
725 128
1150 130
711 169
149 168
877 173
794 172
592 175
886 160
662 163
812 162
796 164
456 176
724 176
701 177
918 179
815 180
867 181
647 182
981 184
477 185
765 185
888 191
653 208
943 208
952 208
309 209
438 211
660 214
467 222
935 222
889 221
524 220
635 216
422 219
277 203
956 202
761 201
860 200
928 207
701 193
464 195
961 234
684 233
469 236
485 237
778 237
281 238
849 230
379 231
458 224
183 245
926 245
673 246
827 240
165 243
322 253
333 255
578 255
732 254
844 250
229 566
323 566
423 567
170 565
348 564
212 561
192 562
275 570
285 569
493 574
362 551
416 550
437 548
183 549
113 544
410 544
244 545
200 546
185 556
238 555
230 552
151 522
155 522
1142 522
407 523
172 521
427 520
202 527
374 527
482 527
377 524
230 516
133 519
139 519
485 513
145 512
304 512
165 535
200 535
188 531
270 531
237 530
276 529
489 528
239 542
172 540
215 620
315 621
383 622
335 618
189 610
352 611
514 608
314 609
295 615
247 614
354 614
199 630
306 630
382 628
226 624
305 624
134 626
239 637
244 633
320 632
465 635
171 582
337 582
984 583
521 588
216 589
232 591
238 586
324 598
488 597
144 603
486 603
178 670
246 669
354 664
290 665
355 662
811 663
201 660
522 660
267 661
185 658
411 658
258 652
361 652
172 655
392 654
172 650
469 646
234 647
239 644
367 642
365 640
221 641
303 673
211 676
402 679
210 685
252 686
172 682
382 693
243 695
418 688
321 702
227 705
221 711
264 718
264 719
268 719
192 712
262 712
782 93
695 92
808 90
838 87
938 85
731 66
778 115
981 114
1015 120
1068 111
858 106
882 100
934 55
808 53
676 51
677 63
684 60
947 44
629 34
906 9
749 21
807 21
891 21
526 146
773 159
1021 159
903 138
682 135
664 130
924 129
785 177
623 179
853 179
784 181
504 191
864 203
511 202
795 201
632 199
451 210
449 213
467 249
526 263
660 262
476 260
556 258
278 259
187 266
321 266
198 267
347 265
611 271
600 270
747 268
247 280
632 285
550 284
284 287
588 278
641 278
164 277
397 275
576 275
426 274
488 274
640 298
224 299
230 297
460 301
389 300
411 300
471 303
288 293
309 295
670 291
341 289
673 288
441 316
155 319
394 318
574 313
137 315
241 307
334 305
449 305
515 305
184 304
425 304
593 308
467 309
679 311
80 338
155 338
121 339
377 339
588 337
282 342
398 343
512 343
123 344
632 344
533 345
135 347
479 350
404 328
334 335
433 334
231 332
286 326
389 326
483 324
278 323
361 322
879 321
546 320
239 357
412 359
547 359
528 354
656 367
520 366
335 365
381 361
331 360
583 363
180 380
460 380
559 381
542 378
610 377
361 370
566 373
289 390
289 389
407 389
260 387
102 385
560 385
198 394
575 397
86 396
241 398
376 399
158 412
440 412
182 413
168 415
138 410
402 411
234 408
374 408
450 404
466 405
341 406
234 402
328 403
90 401
251 433
362 432
85 434
96 437
181 436
122 438
331 438
134 445
242 445
327 444
388 444
348 446
314 440
547 440
255 441
273 442
83 443
161 430
167 431
131 428
161 428
177 428
338 428
248 425
566 425
240 424
332 424
433 426
455 422
390 423
503 421
552 420
227 418
324 416
334 472
254 473
153 477
257 476
117 479
511 478
654 468
388 471
244 464
514 466
117 449
167 449
514 449
258 451
311 451
500 451
397 450
227 454
204 453
333 453
94 452
288 463
262 462
112 461
304 461
89 456
143 458
517 497
433 499
191 500
106 502
190 507
134 504
268 505
355 505
375 510
145 480
430 483
114 486
290 486
377 485
415 494
132 495
212 492
224 493
143 580
225 576
439 590
519 595
1099 597
390 602
265 604
333 610
384 609
318 612
433 620
371 618
155 633
169 627
377 627
156 554
179 555
279 553
118 557
106 544
419 545
316 546
344 546
279 551
254 574
330 569
188 567
107 516
364 516
316 513
113 527
11 520
836 520
198 521
471 538
466 659
197 658
407 660
154 661
219 663
209 664
333 655
262 652
265 646
365 647
189 694
223 692
283 693
412 672
191 704
266 704
198 710
902 118
853 115
894 113
845 125
942 101
930 96
986 109
686 92
195 88
669 78
452 73
581 58
882 59
917 53
731 22
927 30
561 139
1040 136
646 132
908 134
896 147
1132 158
722 170
456 173
1006 162
915 184
537 181
674 181
853 227
969 226
780 225
642 231
541 235
627 235
674 232
786 239
410 255
609 255
641 246
422 241
784 211
688 199
576 263
485 261
430 268
377 270
297 267
512 264
185 283
489 283
478 280
417 298
458 297
308 301
404 292
111 316
456 313
583 307
486 309
220 351
284 348
330 344
306 346
86 333
249 333
209 380
164 395
539 393
476 391
184 413
301 412
240 406
220 407
283 403
386 401
113 435
374 433
275 436
588 444
138 445
285 447
380 443
242 424
380 425
280 430
251 416
246 421
413 477
292 478
103 452
218 451
248 448
396 449
344 463
335 492
419 492
332 496
320 557
147 530
135 532
317 535
375 625
487 624
190 613
378 616
414 603
221 694
300 696
210 698
356 645
540 111
871 68
1004 91
888 39
985 45
982 47
851 41
508 149
758 146
843 145
932 132
467 129
916 184
726 242
535 229
448 201
518 192
201 349
237 367
229 363
118 285
334 273
138 314
682 316
170 306
510 392
173 398
247 389
552 443
465 435
174 486
254 482
490 466
247 473
223 459
408 672
561 613
435 581
174 521
322 543
688 76
858 76
984 65
907 125
532 170
845 190
570 138
768 213
654 250
384 232
287 442
442 510
366 501
525 297
322 366
415 345
168 543
806 74
563 233
155 407
202 509
470 245
352 680
1035 102
178 299
518 227
882 672
873 77
256 704
445 441
804 160
267 602
887 131
455 549
817 57
944 199
444 356
371 226
143 354
93 353
181 682
379 512
771 129
152 564
513 286
500 250
487 330
453 214
739 93
260 376
1044 117
305 635
184 468
788 77
1004 74
247 577
127 382
275 292
254 527
152 400
474 615
161 447
409 441
343 339
111 469
488 424
163 477
870 171
153 598
947 209
367 258
292 537
490 280
254 360
547 326
348 401
872 201
771 183
383 714
1007 523
370 632
602 99
328 477
955 528
718 5
796 39
371 287
769 11
323 460
419 497
307 634
386 426
1091 5
397 506
529 443
798 59
444 311
238 640
127 330
360 456
736 261
289 472
912 584
184 422
469 617
903 152
363 284
1135 453
813 230
150 531
136 275
881 578
211 551
163 265
101 543
149 516
359 451
995 416
325 237
246 296
407 612
426 504
136 527
785 489
345 363
222 270
604 261
512 538
285 634
935 72
265 449
388 310
357 236
203 390
458 477
272 401
681 84
998 87
156 670
530 319
942 397
118 432
967 638
283 338
299 515
597 197
879 718
309 388
507 302
840 155
900 586
785 574
145 467
263 529
1146 564
778 506
309 319
239 576
181 657
175 417
171 416
891 493
100 437
426 474
394 252
1021 370
763 158
208 445
261 564
380 313
287 530
390 347
886 532
155 172
191 405
294 431
340 312
462 435
297 682
1142 422
414 354
160 493
585 290
223 384
315 532
343 452
276 464
114 323
262 555
872 116
158 420
493 698
247 342
957 54
170 605
195 648
485 182
162 456
175 348
640 287
550 406
636 243
167 495
1074 112
463 280
215 409
132 546
1087 481
351 461
685 110
132 383
346 661
168 579
807 265
648 160
201 460
615 509
414 691
832 112
443 451
554 473
609 335
1165 253
422 645
329 447
1044 138
478 460
1022 64
879 223
310 638
174 503
849 21
546 342
565 216
382 303
538 216
1094 664
1010 192
583 332
148 499
853 129
772 11
134 497
432 499
326 468
426 268
216 672
540 178
182 470
934 135
950 553
524 506
413 623
206 410
281 368
947 131
334 684
264 327
717 11
222 569
283 373
640 119
694 7
160 620
748 56
606 143
316 445
991 447
281 356
476 180
103 386
920 135
749 652
357 310
266 401
426 515
569 420
369 338
169 569
987 115
243 450
883 13
421 285
449 399
304 601
1041 591
530 290
419 203
459 625
458 595
884 84
1037 502
265 141
465 330
792 83
382 358
237 426
406 504
638 319
200 273
234 424
823 543
714 193
428 662
635 312
320 499
304 650
329 442
1128 517
972 72
982 422
1017 179
880 618
271 480
395 463
762 234
768 128
1107 232
295 567
464 388
263 344
329 332
1165 382
203 667
178 650
147 608
96 500
433 451
701 182
358 302
1254 14
270 356
359 517
427 451
649 95
993 7
634 268
237 560
315 522
749 19
486 644
949 131
227 503
412 577
463 188
296 400
96 337
177 495
186 511
290 706
363 319
1137 454
282 541
241 686
1056 524
981 127
370 429
1116 668
1016 481
516 525
451 307
542 274
486 616
135 523
183 428
222 664
455 188
1005 489
90 432
866 1
208 555
189 348
229 600
785 24
743 155
467 198
570 337
917 618
835 248
337 294
990 582
527 391
1099 630
899 6
1151 514
462 231
941 400
300 480
614 358
262 444
1009 620
650 379
311 278
383 358
333 482
809 33
130 520
252 602
354 331
220 507
550 293
125 450
1145 548
270 429
329 582
908 30
390 617
630 326
731 626
240 508
192 425
201 579
485 67
969 453
329 425
747 57
393 632
465 307
391 295
517 174
168 364
37 335
916 110
233 391
803 195
322 535
1147 135
646 198
348 456
659 269
257 670
178 611
216 410
322 464
143 564
897 194
178 450
296 507
939 131
452 621
444 531
714 43
183 539
319 644
341 306
908 179
673 72
383 555
740 151
354 424
330 665
192 499
115 541
790 125
196 657
325 315
518 360
804 159
191 418
234 455
117 471
963 113
1173 521
482 476
782 52
400 536
278 708
5 145
533 409
805 678
835 82
859 493
326 470
235 480
418 430
153 503
286 401
911 104
700 130
277 472
903 101
613 369
198 650
294 355
706 23
112 527
496 487
225 481
1063 646
113 438
681 60
899 151
169 587
349 618
103 438
431 491
221 168
1034 504
414 348
545 392
232 695
841 99
737 610
193 561
185 660
272 445
606 286
261 538
505 383
474 369
1094 517
364 480
102 520
742 136
228 577
306 596
421 441
560 218
429 497
146 522
1117 587
381 424
697 197
650 102
571 355
1032 381
1150 497
360 596
219 322
300 408
221 654
574 89
85 447
261 353
248 395
198 401
343 502
1003 345
262 508
331 424
879 507
1042 441
164 380
194 348
669 326
827 298
1119 367
572 214
263 488
318 304
408 472
926 472
498 394
975 579
1044 141
680 262
177 519
312 427
538 353
429 216
218 381
358 409
344 409
1158 378
901 599
1042 500
1014 540
365 293
898 33
567 393
312 276
730 75
382 503
478 385
946 85
132 489
807 111
186 695
111 337
354 443
188 640
493 410
515 502
1037 406
968 596
248 356
769 214
563 222
1109 99
274 518
318 357
184 465
1004 54
318 677
191 376
134 283
355 430
319 286
781 120
486 428
435 499
182 561
106 325
120 449
534 402
875 96
106 279
455 443
989 206
827 88
302 506
621 261
966 210
165 507
370 541
844 61
233 343
1113 470
337 410
183 509
268 341
196 441
267 574
597 350
188 463
434 243
501 507
353 40
275 300
537 300
1015 108
892 51
236 508
294 363
445 597
87 494
504 338
463 513
445 191
522 320
958 608
572 5
862 156
219 640
102 487
924 27
258 523
214 704
271 558
190 394
168 490
306 555
884 532
308 383
349 622
164 531
377 569
807 211
219 588
223 545
393 339
1137 499
156 430
525 384
246 541
1139 543
101 446
355 453
356 481
334 642
661 126
144 540
135 610
792 127
198 664
163 608
473 396
364 358
384 624
854 116
275 173
232 301
623 334
164 528
654 329
451 197
348 497
776 139
782 2
397 447
138 504
1126 509
428 694
296 396
853 162
423 316
378 437
854 93
346 525
248 418
595 303
537 409
744 81
872 134
233 611
395 629
725 44
780 296
64 659
200 692
582 285
151 462
770 155
545 159
1064 119
311 558
157 520
285 641
403 303
391 342
661 323
160 355
334 417
489 473
925 163
713 130
838 196
756 20
816 122
168 624
167 574
208 525
132 357
341 282
356 256
455 455
257 483
116 507
345 437
123 387
468 391
156 653
392 698
175 690
198 692
144 593
316 545
214 518
241 357
216 369
537 377
513 300
397 489
98 469
929 386
385 411
457 431
248 423
318 446
671 200
444 209
271 248
376 243
532 168
868 176
1035 189
464 135
877 102
624 96
771 84
755 80
1076 3
835 63
502 532
591 532
408 556
166 568
246 600
365 588
192 681
151 642
903 351
287 327
357 367
246 358
424 368
142 383
336 476
899 456
273 461
87 455
301 495
415 394
283 391
229 400
415 431
85 425
283 443
894 167
899 179
902 157
764 204
874 201
315 253
900 238
924 43
834 37
544 56
752 20
777 2
939 113
610 127
858 103
1037 99
896 67
936 77
904 73
1017 87
161 549
409 514
235 527
406 539
275 538
167 529
328 624
264 631
356 628
1123 639
174 580
247 589
304 680
255 696
220 690
296 690
187 692
208 670
384 712
383 256
489 257
628 259
613 264
410 268
478 269
463 277
378 278
414 273
392 292
318 289
360 302
381 301
523 301
594 297
460 318
363 313
228 305
367 345
239 344
303 346
314 349
161 336
762 342
566 328
673 325
100 326
235 327
298 374
302 373
465 380
253 359
556 359
333 366
307 361
210 384
448 388
457 393
418 395
571 399
527 398
267 396
471 408
375 407
315 405
1031 405
133 400
596 417
230 416
122 429
353 435
164 447
88 458
329 457
213 461
519 460
353 449
419 451
91 452
241 453
486 454
251 478
141 477
269 475
216 474
207 468
328 468
356 469
472 470
170 493
319 495
1123 495
162 489
488 488
252 483
353 482
392 507
836 507
560 509
265 499
611 211
387 212
450 217
528 217
443 216
394 218
275 223
442 221
409 200
652 200
701 200
664 202
688 202
555 192
603 238
782 238
628 235
642 228
850 254
441 245
516 189
885 184
495 180
578 182
824 168
629 165
187 131
885 157
934 159
699 154
945 100
995 102
912 96
904 99
977 104
616 108
282 111
845 115
923 81
981 83
940 85
760 92
632 10
792 8
771 0
801 0
884 29
726 44
689 34
355 39
718 50
697 48
388 512
394 513
434 519
343 516
256 517
159 525
250 525
84 520
378 521
217 523
358 540
361 540
159 538
418 531
437 528
410 532
198 555
323 546
219 547
140 545
123 551
496 563
190 570
437 582
251 583
359 578
323 576
234 587
1057 593
449 602
284 607
1055 604
167 618
270 618
490 618
151 622
462 612
377 624
372 637
407 634
350 684
452 682
313 674
377 672
303 698
269 691
346 668
185 671
190 665
160 662
370 648
312 651
461 655
354 645
279 643
165 641
379 705
276 714
230 282
397 281
192 287
368 277
243 279
347 274
643 272
549 269
186 271
421 270
300 256
289 257
578 259
310 301
459 296
436 298
887 299
173 290
900 295
351 292
147 307
450 315
430 319
233 344
511 344
452 345
253 346
554 346
688 351
482 350
641 348
585 349
483 339
304 338
345 336
136 340
255 340
299 328
298 329
478 330
866 333
238 320
577 323
103 324
404 353
256 355
88 356
476 356
288 361
528 360
553 367
73 370
286 371
306 369
88 373
259 375
426 383
425 378
288 379
318 379
193 377
393 394
473 395
491 393
578 392
90 397
340 399
301 388
526 391
337 415
296 414
244 408
441 411
545 401
609 401
183 400
280 402
557 403
285 407
332 405
349 404
400 443
178 442
328 441
938 441
468 433
322 434
197 439
242 436
541 420
239 421
432 422
574 417
206 416
237 416
82 426
315 425
346 430
452 431
125 479
190 478
164 476
387 472
243 473
352 475
256 465
184 464
276 466
419 467
432 469
468 468
205 470
255 460
428 460
243 463
372 463
1124 462
148 459
107 458
317 457
266 451
132 450
131 455
174 452
198 506
162 507
322 505
465 504
252 511
380 501
179 494
264 495
299 492
124 493
178 493
290 491
347 491
127 490
87 485
964 485
1027 485
580 484
893 486
163 481
356 483
962 218
332 216
497 223
437 221
541 211
792 211
685 208
916 214
396 215
610 200
911 206
717 205
512 195
798 197
348 196
440 233
167 235
869 238
861 239
859 228
848 231
707 230
379 247
499 247
744 255
218 248
517 248
981 170
718 171
336 169
573 172
761 173
489 167
934 167
823 165
635 185
956 187
367 188
887 182
763 181
487 150
595 148
811 144
945 145
506 156
792 156
764 157
956 157
911 158
970 134
542 130
636 128
777 128
351 139
836 142
988 32
694 39
900 40
609 43
758 57
808 56
826 62
600 61
995 54
469 10
721 12
782 13
737 21
780 106
723 105
692 109
956 110
1034 103
746 102
654 97
577 96
1019 99
841 98
778 122
611 123
834 121
627 120
927 124
941 116
827 75
756 76
722 77
877 68
1109 69
774 64
1003 66
896 95
809 94
755 92
899 91
757 90
732 81
138 598
399 599
372 597
907 595
1168 595
383 593
379 602
361 605
353 579
135 576
152 582
201 583
366 590
436 587
341 584
482 635
454 634
369 633
169 628
948 628
370 630
135 631
233 627
215 621
377 622
223 617
142 618
132 608
303 524
454 526
166 522
598 517
164 519
229 513
133 512
360 515
372 514
118 535
508 535
335 528
279 529
115 530
106 531
433 538
251 537
322 544
103 547
116 546
313 550
148 556
308 556
236 557
1144 559
231 563
155 567
315 567
822 567
127 564
167 573
108 568
307 668
237 670
226 671
319 667
381 664
158 659
179 653
399 652
170 654
416 649
183 647
219 690
355 690
254 688
512 700
203 697
175 677
237 682
224 684
197 687
330 716
376 715
755 34
655 38
939 45
690 12
847 77
645 71
360 107
1012 119
449 255
511 251
479 244
390 247
628 243
942 228
270 229
514 235
895 217
481 192
500 195
450 165
631 173
820 168
920 186
639 185
614 191
837 189
919 176
643 146
902 141
325 283
499 283
152 282
353 281
487 285
394 284
658 287
385 273
209 275
703 271
120 270
465 269
648 268
133 267
327 267
392 264
378 260
793 263
663 259
930 296
234 299
430 300
920 301
820 292
312 294
470 295
343 288
465 288
343 289
335 291
373 290
285 308
608 307
296 305
597 315
419 313
675 313
416 316
258 335
437 334
379 332
385 330
111 320
428 320
425 321
588 321
222 325
310 325
575 325
295 326
373 327
858 338
608 339
133 337
606 340
525 346
400 347
116 344
270 348
252 351
271 367
286 366
540 360
521 361
396 363
143 362
384 353
270 354
292 358
401 358
426 382
1136 382
124 378
194 379
339 377
98 375
453 375
568 373
192 396
541 396
409 398
1107 392
293 394
612 391
551 389
429 386
318 384
243 401
235 402
296 404
143 407
401 408
152 409
286 412
282 413
483 414
613 441
348 443
211 446
433 444
220 436
432 436
334 437
457 439
247 434
339 432
574 422
204 423
142 419
240 417
288 429
355 429
216 428
501 428
309 453
98 454
386 455
404 448
160 451
253 451
150 460
299 461
1150 461
266 462
302 457
135 471
296 469
294 465
122 466
199 466
355 475
578 475
305 472
363 495
490 495
112 494
126 493
261 488
298 490
211 482
497 482
502 480
484 487
127 485
145 485
273 506
437 503
150 497
223 623
165 622
327 613
342 636
144 632
396 631
368 628
141 577
155 587
235 586
245 585
269 595
117 593
1015 593
446 599
347 607
359 601
267 519
429 513
399 522
261 524
158 539
1146 541
969 545
245 544
402 547
332 550
236 559
272 575
533 575
356 563
214 661
256 667
250 669
255 671
332 646
186 675
234 698
186 269
150 268
390 256
663 256
707 261
635 273
712 296
432 314
151 364
109 363
629 355
554 376
539 375
206 337
219 343
592 351
373 344
352 346
316 327
219 388
370 388
261 385
290 415
483 440
349 444
305 433
237 435
327 422
121 452
411 453
565 451
537 473
413 468
449 505
497 504
295 511
325 498
218 496
628 85
782 86
887 87
613 81
918 80
579 88
938 93
792 64
849 73
171 96
872 62
691 54
701 54
682 52
861 36
845 19
801 22
897 29
947 11
726 7
360 253
315 251
479 246
451 243
372 236
423 215
773 214
793 213
899 220
928 223
813 204
525 205
673 202
1011 194
1108 199
959 196
431 179
1031 178
921 177
678 181
867 188
1005 191
904 163
887 140
824 142
573 143
795 137
624 148
653 150
667 147
561 590
240 580
386 599
214 624
395 631
156 610
390 512
478 514
327 541
153 574
290 556
417 686
228 683
61 661
419 663
346 670
1109 655
266 710
651 259
357 256
323 261
435 260
250 267
136 286
184 318
266 337
319 329
349 363
399 365
299 421
254 424
256 428
360 440
89 436
114 438
419 386
152 399
219 413
345 459
1059 463
98 467
104 464
424 465
163 476
350 477
334 482
361 486
1103 489
303 510
421 501
368 18
925 29
869 51
949 89
916 90
947 94
426 211
370 236
620 230
216 552
150 536
1021 519
205 579
278 581
416 659
767 659
196 651
556 399
425 423
390 446
188 461
356 466
445 471
107 469
312 475
515 21
695 124
844 97
990 146
395 551
277 622
292 368
521 499
557 502
1043 593
389 557
379 293
236 439
232 563
334 465
462 468
88 473
188 367
955 229
201 611
374 496
271 523
241 670
590 582
445 301
449 541
269 472
147 309
754 94
289 459
725 102
756 124
349 568
277 603
517 363
554 196
227 396
313 393
923 20
1038 37
350 407
586 276
607 215
194 657
474 591
149 131
949 154
155 635
355 317
250 624
197 683
113 270
96 281
237 355
981 51
150 505
231 479
677 289
373 529
125 504
160 495
188 446
335 429
102 489
891 139
274 301
543 367
1040 579
310 438
354 400
888 105
264 417
127 467
469 313
361 628
318 377
532 379
401 261
198 302
140 574
346 522
383 278
602 204
752 268
773 269
202 670
241 584
503 369
658 44
894 297
443 297
537 702
783 153
272 499
301 553
902 95
1143 540
404 649
273 397
370 647
593 251
320 686
393 396
330 656
367 306
728 49
583 361
884 123
334 587
834 130
92 413
690 227
633 299
522 649
833 180
348 691
875 154
221 635
468 200
385 240
484 246
972 24
171 376
160 522
595 248
106 495
305 300
252 360
903 3
735 95
352 296
587 305
697 283
401 354
160 407
176 507
161 593
1014 106
899 142
337 443
379 469
183 419
83 404
491 290
172 463
214 544
213 656
302 357
205 589
544 205
266 125
430 405
528 231
715 45
235 385
511 385
172 497
92 326
316 659
357 326
1038 166
264 596
524 143
827 459
176 481
1145 126
1021 296
406 462
157 480
365 303
356 307
422 627
411 427
824 57
414 482
155 659
533 322
231 467
199 596
149 499
596 218
406 408
380 468
450 232
525 173
331 602
477 578
335 435
470 430
332 399
275 667
791 233
173 463
589 222
741 103
309 540
908 57
319 488
256 489
955 572
202 446
708 113
375 274
456 522
317 363
378 402
967 77
819 58
605 421
774 180
516 441
446 649
730 253
425 635
154 440
690 207
946 205
312 471
267 686
152 452
313 390
1112 537
276 626
1073 52
294 399
109 476
883 508
1084 612
498 468
677 83
242 370
386 369
446 337
448 494
558 393
424 437
671 95
359 425
1146 580
510 432
5 4
371 429
502 329
703 240
1135 535
427 322
476 395
172 351
363 476
657 209
1066 637
240 482
1023 166
1045 478
685 181
80 325
222 486
414 529
183 628
1148 541
404 511
184 366
1007 341
989 159
940 255
273 471
1039 101
940 73
396 227
217 577
1006 418
334 328
982 463
389 403
367 490
181 493
448 467
1037 596
372 632
1093 589
484 245
311 276
625 229
1066 481
167 471
1059 554
946 140
783 188
340 295
843 65
482 366
219 452
212 397
772 151
550 437
178 412
878 183
1000 139
170 625
209 522
565 252
591 310
455 593
644 246
927 51
187 402
985 681
42 33
941 576
243 517
322 653
484 467
574 297
1155 522
377 518
358 329
753 225
593 372
298 309
175 287
527 362
788 84
136 557
581 46
227 714
445 265
817 606
951 21
363 376
1165 494
216 571
950 460
1096 448
525 177
466 227
991 609
286 484
409 408
1142 250
434 252
996 369
142 325
1043 436
156 401
991 320
702 84
882 634
908 439
443 186
141 409
477 251
1074 662
1071 516
843 126
999 520
952 92
1029 611
1055 440
1083 463
1134 552
1010 383
708 668
169 269
360 574
541 338
967 562
1140 545
985 455
192 387
567 352
940 609
1092 555
150 528
766 557
216 425
151 495
1086 503
1045 74
950 4
379 583
808 559
1015 599
1113 525
1030 101
1131 528
359 396
1179 554
539 373
139 400
446 329
66 64
96 529
294 448
921 443
361 388
185 669
85 384
307 503
291 331
365 568
144 554
1139 571
888 545
687 149
312 363
983 642
665 207
1146 493
376 634
257 92
293 610
610 298
263 695
756 578
311 715
353 530
262 375
151 519
929 455
386 396
600 390
1187 418
873 87
1186 543
342 384
255 402
600 409
108 341
1022 457
1175 657
398 652
721 266
269 436
1077 499
679 128
115 565
996 515
870 115
1073 111
901 545
953 60
397 664
116 543
281 453
1055 284
1196 617
102 450
957 169
466 445
991 187
1088 671
485 213
855 641
1029 508
582 448
1066 73
152 560
249 630
719 545
387 615
184 527
202 459
565 50
886 109
139 513
393 498
855 228
267 521
363 681
292 439
159 456
749 643
179 471
976 78
181 494
270 688
200 465
420 507
627 310
981 434
441 706
86 371
301 499
300 704
149 322
1007 490
373 468
732 624
232 275
1160 676
373 301
118 364
516 391
1001 596
703 30
472 319
1112 513
701 67
1007 481
185 421
672 83
322 703
982 505
308 312
104 541
891 94
381 420
663 62
227 480
274 516
763 129
322 552
244 343
272 320
929 72
1097 650
864 146
930 108
140 520
331 502
1023 77
230 394
344 253
183 477
197 499
230 295
1101 697
242 327
577 59
329 417
284 682
195 439
954 231
722 255
189 411
945 594
473 521
191 650
328 257
136 296
264 295
199 454
558 495
980 382
642 479
219 527
136 465
627 344
176 673
917 684
210 439
776 131
347 627
205 406
1111 455
296 484
400 497
453 516
341 292
678 45
422 529
112 468
169 680
340 525
421 234
172 558
382 315
790 201
119 550
235 523
1035 551
269 382
1054 383
447 223
721 664
192 588
543 282
948 106
95 449
256 556
271 310
212 652
390 658
132 509
431 497
221 404
910 558
165 647
239 438
463 367
157 391
413 539
495 501
740 150
378 508
789 126
196 494
869 239
152 528
586 77
1073 538
790 204
249 687
481 414
328 576
197 311
124 437
146 434
1039 80
466 396
125 300
501 404
216 407
849 444
607 388
456 338
283 519
242 539
730 615
569 310
508 502
845 608
1111 368
734 220
733 146
320 412
216 472
868 260
379 398
873 256
234 378
1054 421
408 517
125 500
420 276
135 488
1168 404
1204 390
661 623
1068 289
318 401
228 365
1083 432
265 466
493 518
839 13
279 588
1145 525
180 563
746 543
173 122
496 395
1179 437
430 357
312 715
182 515
1174 440
129 436
536 358
130 492
560 314
255 397
110 467
135 538
115 261
245 332
706 96
368 621
174 694
196 491
228 530
186 419
532 150
848 161
196 309
130 434
906 95
256 492
500 485
801 197
433 330
1120 73
806 11
1036 586
985 435
395 459
240 532
281 532
174 481
175 333
872 79
299 443
219 651
270 385
934 126
898 183
487 464
1034 562
754 334
1046 90
292 447
787 104
1044 371
734 111
432 449
397 357
1154 459
660 274
628 339
291 537
160 392
240 446
314 474
640 107
362 314
457 369
696 36
179 530
885 211
984 104
918 245
199 527
383 507
1017 113
608 347
1027 471
260 349
729 78
1075 575
502 79
758 126
137 582
476 377
184 489
313 304
168 609
387 506
1069 61
164 403
397 468
517 647
312 541
192 552
397 300
390 343
146 573
434 338
451 364
188 444
578 186
776 132
811 207
36 61
152 489
426 588
422 259
1121 537
372 486
1101 71
761 211
365 435
496 226
335 275
241 509
603 258
92 432
401 613
164 515
95 464
204 527
370 459
332 423
298 589
110 407
232 373
588 12
865 213
248 701
719 243
275 520
466 92
796 48
409 148
333 478
111 331
611 357
473 283
251 689
785 38
951 99
222 380
352 265
288 346
291 661
320 491
215 706
890 193
225 427
468 406
481 293
468 290
370 679
230 400
322 355
259 583
107 465
459 324
447 210
289 444
638 294
136 341
1203 449
119 440
958 146
621 232
559 265
113 316
348 288
258 440
102 422
315 654
128 549
857 181
982 151
234 643
183 673
301 581
164 436
408 657
316 322
351 496
308 435
874 163
409 238
373 201
558 207
329 267
881 270
543 304
595 375
1158 481
269 420
249 682
163 667
434 553
428 236
991 76
734 43
458 265
177 325
387 358
349 429
407 441
409 633
202 567
305 556
445 671
356 474
229 460
311 455
139 450
370 577
487 650
192 670
915 161
968 164
843 115
305 334
181 328
101 365
480 287
483 299
196 312
129 317
462 405
595 401
318 415
426 397
445 470
467 486
343 625
152 619
250 524
670 255
836 111
394 105
734 338
339 274
372 439
159 591
326 651
407 697
629 49
250 377
281 273
89 406
1006 387
164 477
506 620
294 543
160 667
379 581
232 459
708 28
355 345
301 641
586 571
933 655
390 523
552 429
440 302
706 35
1078 420
682 453
931 418
361 421
135 573
302 375
1042 526
762 38
126 562
544 304
411 248
809 17
149 401
368 279
247 456
444 250
763 43
246 593
125 521
1009 637
205 547
275 385
190 428
796 565
865 255
186 438
755 97
391 297
409 439
946 20
669 200
878 85
93 472
934 100
422 391
171 328
128 321
433 389
933 228
1031 413
520 389
698 13
75 456
155 591
851 105
874 77
824 266
1009 115
979 702
413 267
431 508
635 267
304 713
154 303
417 675
1029 151
877 578
1050 530
195 262
198 607
308 460
600 479
184 427
353 381
259 419
651 245
417 575
1098 637
826 183
381 325
215 561
280 478
379 250
419 125
444 673
490 372
777 14
1106 236
798 51
105 499
403 495
734 67
581 26
945 36
1062 515
116 489
952 17
395 641
1087 561
208 300
209 355
986 19
170 512
437 491
326 339
568 123
414 200
247 265
1010 113
858 522
601 237
345 410
694 87
263 499
1057 413
1002 525
483 491
335 347
1039 148
838 78
243 435
642 377
952 136
504 241
340 460
462 299
184 302
714 29
522 261
303 542
766 85
658 71
641 241
650 35
305 356
372 535
341 404
196 414
1073 604
998 129
912 188
216 682
1158 509
856 118
649 630
104 436
449 265
219 550
454 227
380 507
373 510
554 293
644 30
176 469
1081 423
486 241
871 593
262 402
996 347
298 398
334 522
193 484
594 310
773 153
93 448
496 55
155 670
1196 392
1081 290
345 642
982 61
715 190
555 207
185 554
453 485
504 261
475 493
900 197
173 446
874 257
246 693
1084 637
1050 614
131 559
368 539
78 422
959 463
833 25
94 456
976 148
496 294
516 245
126 421
274 426
795 103
224 363
674 0
445 464
216 459
790 124
448 478
377 671
891 652
310 311
259 410
258 420
182 587
1124 539
707 289
1105 666
173 509
607 282
501 548
220 539
364 254
902 7
182 669
392 265
1043 638
290 404
210 580
1135 449
1105 442
156 637
795 694
127 529
250 335
311 535
325 402
361 327
342 421
313 644
1090 658
850 95
553 484
872 622
96 394
346 325
718 51
171 456
382 595
385 463
262 583
887 611
1169 624
536 477
983 435
442 491
120 487
1088 558
1148 457
131 451
297 452
109 414
716 67
1100 340
1138 556
151 282
278 474
252 361
984 51
434 391
1133 582
1125 504
937 420
1229 672
273 456
1010 341
1019 366
137 620
367 487
1017 423
1120 629
925 367
308 317
371 461
701 684
543 489
73 436
1111 417
96 542
941 705
685 287
832 716
406 642
562 202
379 644
122 462
359 514
661 252
373 127
362 275
225 494
861 156
388 415
163 457
412 304
384 265
1133 562
319 283
352 257
320 537
904 460
226 540
1176 508
869 220
845 254
328 480
98 539
766 76
1068 500
352 317
216 566
359 444
490 611
882 201
129 325
1072 650
374 255
259 643
897 81
136 448
226 393
961 586
695 22
1197 310
793 3
967 181
261 637
310 637
823 593
313 422
124 455
661 219
358 225
265 611
268 407
286 410
587 164
217 428
461 506
155 466
430 392
427 284
444 510
112 417
712 324
588 485
332 601
650 231
1004 676
634 182
695 21
390 248
584 479
82 358
295 574
1133 494
163 451
613 356
380 327
201 621
439 423
317 531
376 568
267 424
126 496
886 39
204 182
291 421
1141 555
937 74
393 455
492 460
148 487
290 490
424 652
786 165
520 382
526 367
98 452
310 414
454 608
507 224
728 232
978 172
163 558
136 445
278 536
980 137
815 47
349 343
495 490
737 209
97 524
880 514
1012 418
386 355
424 565
590 222
1053 477
242 507
470 376
976 151
743 172
658 381
332 632
161 377
247 719
863 132
161 584
379 647
1118 168
98 308
238 716
265 698
841 229
236 650
268 425
309 526
880 36
470 499
462 500
918 466
968 5
352 647
579 324
405 548
816 629
977 136
278 353
560 75
383 382
355 487
143 421
272 382
140 618
281 502
855 585
1017 308
898 69
176 505
725 244
135 448
318 586
906 484
167 348
893 74
319 500
631 130
427 500
453 479
235 362
494 437
582 276
332 408
482 280
536 154
623 59
380 326
320 641
181 395
745 103
488 401
342 312
282 607
911 25
496 466
869 452
590 400
152 639
385 607
629 196
768 115
459 496
455 476
72 397
267 488
377 587
630 51
987 164
109 319
398 187
670 62
225 141
789 84
628 61
240 678
