180 666
1109 299
313 713
968 662
975 274
991 157
311 698
1084 698
1034 319
949 666
882 330
1009 556
691 486
1065 363
1143 382
886 326
144 87
122 204
991 100
806 582
904 634
1072 247
690 355
982 630
1024 572
309 75
996 345
139 428
378 26
260 587
303 697
380 15
1047 161
1084 286
1193 300
857 636
1152 253
812 717
250 659
868 145
895 682
1120 409
995 293
1075 314
1151 179
159 266
1151 331
306 43
1156 364
1010 688
896 635
860 558
800 363
268 714
822 598
883 528
1174 260
950 372
992 295
1078 87
1114 270
1073 317
874 400
467 70
931 179
192 181
1150 276
417 670
180 192
806 315
702 341
1128 295
1054 132
1120 332
939 54
872 298
1135 256
336 566
774 392
993 46
772 542
163 154
1013 178
877 367
324 33
879 634
1107 319
336 674
220 680
976 711
956 660
967 304
1109 84
38 573
1067 280
1115 302
858 479
1025 140
975 457
1090 255
1147 175
530 489
1203 332
889 661
262 25
1069 293
1111 435
322 87
1153 228
388 190
423 174
327 87
863 407
408 253
179 120
1152 395
222 14
1108 185
1157 180
1067 87
324 711
979 670
833 586
1076 313
1052 213
1172 557
941 703
294 692
195 64
864 549
924 677
1135 287
314 64
188 23
1108 365
905 554
340 108
1132 63
1198 291
279 1
977 244
1154 353
1052 348
1008 632
982 292
1083 258
1123 331
953 672
990 685
891 63
1148 354
1110 105
940 111
828 664
147 709
935 347
897 667
30 575
1049 291
1082 708
1067 120
1141 289
823 612
1122 278
236 616
212 235
922 592
963 658
935 715
473 15
373 55
1109 346
1028 301
1108 170
818 383
764 569
1073 386
1030 702
1142 169
240 187
1135 685
944 664
225 672
215 708
1126 74
610 606
1175 363
741 561
884 613
1160 267
355 6
1097 119
1171 290
779 587
338 36
374 191
285 20
914 676
939 232
946 356
1001 605
880 299
1151 328
123 603
385 55
393 19
958 650
822 626
868 486
380 178
972 34
912 675
667 497
853 584
938 167
1062 718
1133 345
417 285
394 52
972 290
1037 219
1049 339
426 44
835 622
471 69
203 235
171 44
967 236
241 70
1187 331
1092 338
1119 298
273 7
809 187
1036 281
1009 640
308 567
908 405
284 596
904 211
994 299
1166 133
316 687
1168 229
877 647
1173 399
989 311
451 587
1115 166
1007 596
1089 228
352 696
903 410
993 618
362 47
781 314
1039 707
1015 669
389 159
1047 251
278 34
602 17
988 275
623 283
1077 175
938 618
158 72
904 658
1129 103
1023 296
813 555
955 699
1034 716
1170 240
1130 167
1109 402
997 709
842 630
1094 285
366 660
1129 231
183 52
1073 7
320 689
243 598
319 577
978 199
1134 665
239 620
1181 306
895 384
871 193
937 240
1151 319
1002 678
1134 247
494 555
875 643
1120 327
870 373
721 543
738 555
1115 398
959 57
1029 226
1073 417
924 323
1185 325
823 49
1051 327
1091 256
259 705
866 597
1094 198
338 225
1033 117
301 692
1102 354
160 202
1103 270
1091 248
1055 689
1117 324
767 334
770 521
948 178
474 10
1074 93
862 347
382 522
182 621
978 279
1120 104
156 167
1015 249
938 407
1003 66
377 529
1164 299
1114 61
1117 195
1108 301
332 70
1108 191
1123 296
955 687
955 385
1092 372
959 216
1148 258
1183 217
371 48
844 621
1038 285
819 354
1142 295
1140 248
1125 171
773 633
1030 687
359 2
704 510
1179 292
879 633
1182 301
913 609
906 75
904 583
404 97
878 634
843 579
783 484
282 40
1169 689
403 264
887 630
282 610
993 140
1077 331
435 58
159 627
1059 697
1065 328
1121 311
452 436
807 329
845 636
941 710
1139 232
432 82
1150 184
1036 290
874 355
1018 379
870 587
431 228
887 25
1123 274
1137 298
959 447
961 22
186 639
892 217
893 345
967 16
1105 59
1119 310
1088 226
1089 311
274 624
998 379
280 704
1166 583
830 307
1192 323
876 638
1192 285
976 553
384 642
1014 694
1004 144
1045 186
1096 85
244 695
821 146
1110 355
215 129
1156 274
1119 204
1164 311
419 263
1142 331
884 686
375 17
1073 443
1104 320
1085 341
977 205
1106 402
902 220
1097 309
296 649
894 194
709 227
1197 292
856 76
1015 238
982 438
1044 369
1182 198
1084 153
1129 72
1109 318
1082 329
74 641
396 555
235 659
194 56
931 404
504 649
1120 248
249 653
786 315
343 37
1098 347
416 239
253 541
1206 269
1009 149
892 25
893 561
811 330
1022 335
1157 193
1055 160
1077 13
1153 250
1005 318
983 311
1026 18
903 687
1141 176
1022 164
1093 345
1173 181
916 266
136 188
995 384
1139 369
769 552
950 85
433 149
1165 145
921 565
1008 250
1137 307
971 271
261 142
1062 303
1143 315
1168 390
1008 47
949 662
1194 261
933 414
1026 356
933 242
1116 289
346 31
937 608
988 295
1138 275
984 386
1048 306
838 297
295 713
1072 136
1111 286
929 403
1128 289
1098 332
1037 249
967 332
1132 261
743 331
874 16
1125 403
866 640
638 611
378 163
655 176
1120 150
1172 251
915 234
123 543
203 670
333 1
292 36
1104 399
1006 331
410 669
1119 55
1050 300
975 388
321 557
883 56
1134 180
962 3
302 13
163 653
1009 385
1011 82
1217 346
988 286
366 613
977 94
1107 213
1022 254
1134 217
200 623
1058 94
1192 548
353 693
450 558
1178 174
314 627
1024 136
320 704
994 429
410 41
887 75
175 134
893 349
330 369
952 173
288 707
338 658
1097 99
1162 246
1127 297
1149 333
977 275
983 344
1112 202
440 695
941 85
1115 276
939 671
452 509
871 379
316 713
1089 316
951 83
1155 182
847 562
638 299
1082 58
250 691
1100 323
955 227
1151 236
923 365
1134 282
1149 219
867 357
962 615
1005 231
985 455
1012 79
937 98
963 679
905 409
1139 89
408 645
1193 312
872 635
584 426
920 681
990 229
880 66
159 64
320 705
1155 374
982 286
244 688
367 71
1093 218
1075 205
1035 218
1065 73
940 374
911 257
1174 304
1193 240
179 485
1034 218
217 652
920 45
1086 372
797 554
1057 246
896 14
738 609
1033 239
999 425
985 154
1164 345
32 493
974 621
988 273
1018 405
997 277
1137 87
1025 324
1220 361
366 108
356 560
959 273
1147 301
1094 256
914 387
25 526
692 300
1073 273
1170 267
958 134
1032 333
146 615
1100 394
305 698
993 136
1048 322
1167 226
351 599
247 697
992 381
46 571
1018 338
336 705
938 14
231 697
897 170
1067 226
973 260
916 33
441 139
937 385
379 230
211 17
1131 227
945 709
1007 58
1038 359
740 585
335 667
189 659
1004 67
1085 274
215 694
1017 695
1076 204
192 591
32 537
1091 182
1190 311
976 655
1089 291
953 297
524 688
960 49
1070 371
1034 310
982 155
1064 351
1132 354
959 17
1167 271
1173 193
909 72
1086 247
1205 297
245 719
977 306
939 8
107 302
936 708
193 637
995 530
289 649
945 277
748 195
975 371
985 309
768 259
1041 274
1115 175
930 635
1176 284
898 389
1070 398
1059 356
848 298
940 624
1080 97
1034 311
493 545
342 570
1116 318
1082 118
919 609
931 67
1118 233
886 626
867 329
1001 159
884 383
319 714
1041 306
1075 240
944 309
917 368
994 228
380 672
1094 409
1056 76
325 674
1030 356
975 293
1084 354
1114 354
477 688
946 231
958 357
1129 357
1082 89
282 717
929 626
200 647
1171 159
1058 233
466 546
1080 170
1063 312
1170 215
942 285
1078 155
1018 79
230 565
988 105
899 416
482 695
1099 50
1064 229
936 410
888 252
790 248
1111 91
985 69
825 120
1086 291
896 53
884 222
890 353
1138 126
1043 300
214 653
872 351
207 547
1172 315
981 205
1100 195
1041 350
765 170
1110 262
818 91
385 677
452 67
924 388
405 87
1154 146
1083 349
859 568
1017 224
755 298
631 225
145 201
937 353
1049 343
335 0
1117 269
1080 175
1032 193
1047 357
988 169
956 323
29 538
1099 348
1007 684
896 264
314 639
783 547
1007 667
497 36
945 672
1023 100
1136 326
767 607
1047 72
177 132
1110 68
1187 307
375 5
220 599
933 60
252 709
803 550
238 234
299 614
402 239
514 21
837 638
227 682
318 696
905 5
1059 448
1037 361
325 9
185 191
443 63
435 81
957 14
283 678
380 4
406 26
1008 694
902 292
854 662
935 665
928 557
888 299
342 11
356 215
1219 370
305 700
984 716
1095 617
1016 717
376 79
986 640
1222 96
764 542
920 222
989 702
403 143
922 658
354 9
433 56
222 81
364 205
685 454
861 482
905 703
844 66
1068 369
852 564
1158 301
1087 297
1027 325
867 621
1121 262
871 399
267 58
888 596
411 13
778 234
197 9
903 616
775 615
1033 243
794 594
965 168
1004 716
402 27
265 15
328 18
1066 383
912 674
804 497
948 441
1114 333
709 498
272 25
1188 493
1146 659
861 623
1054 400
234 129
205 136
1136 118
887 620
152 189
1020 718
1191 193
417 4
393 172
222 7
873 618
982 693
276 23
855 665
914 653
279 5
288 36
164 125
858 618
807 605
1154 363
840 624
230 124
192 101
311 679
1144 169
377 73
711 501
766 517
987 657
813 583
382 54
1030 190
309 169
137 211
923 655
1006 292
885 574
815 567
944 632
330 2
328 157
159 584
970 137
905 675
518 696
368 232
1004 629
345 565
1159 691
462 93
403 117
1022 93
539 156
878 665
160 706
1108 189
543 384
811 512
950 596
429 116
1026 334
322 708
252 77
234 103
402 137
1027 20
1010 514
241 39
945 689
1059 181
274 21
990 208
414 502
1005 608
960 412
162 243
244 45
1100 701
1080 317
1053 199
1144 115
377 93
293 53
1008 242
1060 297
543 39
284 715
1088 324
712 522
939 325
950 669
837 532
920 434
994 167
237 643
344 6
236 698
861 335
1113 346
1196 315
1085 359
369 684
174 113
956 658
873 378
188 543
362 65
459 27
228 636
902 229
992 241
1050 303
915 240
999 639
358 669
1166 268
343 675
850 98
1121 328
1018 47
981 172
944 213
317 708
974 2
983 429
1038 225
272 706
1104 319
995 62
1100 347
977 286
946 230
1145 218
1085 37
1084 345
345 3
1157 201
1132 270
997 438
988 181
969 425
1034 329
303 598
1149 309
511 16
955 682
946 403
936 10
1060 279
959 279
462 691
792 543
314 38
212 60
1100 348
827 607
1108 102
902 363
1193 307
764 223
999 493
1110 314
930 659
1099 189
320 647
913 251
356 503
328 35
142 520
491 670
1082 60
1155 218
1155 295
224 58
304 497
1108 247
470 607
955 65
360 678
1056 178
957 345
1064 303
1116 344
1121 127
408 43
315 619
189 702
293 699
1130 312
801 515
889 340
1099 267
1059 318
1031 313
1027 279
1005 316
499 711
1097 173
230 659
12 526
1111 171
150 528
931 363
1084 386
1095 249
946 348
963 335
1047 353
860 36
281 591
1074 65
1135 362
1045 374
1010 284
1018 209
988 705
338 698
1013 308
1100 401
444 102
1182 323
1146 90
1115 337
936 79
1040 648
1014 716
1127 306
887 255
157 639
963 29
857 400
1095 131
957 429
691 515
1115 190
1106 345
888 60
1152 132
1068 230
1143 155
854 681
1177 258
941 647
984 138
1139 259
729 522
1067 328
861 562
1014 279
366 640
999 252
1122 366
893 585
1107 152
219 576
158 607
266 664
885 342
835 285
833 223
925 612
1048 378
1161 286
1177 386
1160 308
1073 79
976 595
1123 337
898 342
1113 284
280 612
1169 122
1004 679
955 241
278 701
824 243
1012 326
925 65
1011 268
993 38
940 164
1018 276
1072 230
1182 282
1057 126
1060 236
1125 382
1121 163
1027 117
1146 315
360 626
888 54
938 213
1176 333
1171 271
1089 230
1084 168
1080 331
82 491
1052 201
896 317
961 693
696 689
1111 276
1197 301
1134 153
1155 373
310 53
185 641
1071 166
868 283
1070 300
1045 237
1110 370
871 301
356 666
958 684
928 365
921 320
1061 7
1184 401
937 694
943 35
1071 82
985 102
943 669
963 93
410 34
860 17
817 620
931 203
391 22
736 570
336 694
951 275
207 646
908 83
399 265
237 657
852 597
847 328
1158 253
267 712
915 703
896 377
1086 320
950 679
896 13
1084 162
1019 319
965 700
216 12
780 353
916 376
440 96
907 334
1131 377
1185 235
294 638
1019 684
306 718
1073 231
505 237
314 706
854 613
341 1
1184 271
235 29
865 561
1019 717
1092 198
945 669
414 92
152 137
1206 326
344 146
1054 278
800 313
196 12
371 52
1176 310
843 74
434 235
1162 582
376 134
648 453
189 112
1042 190
310 157
861 588
1029 201
753 565
341 219
136 186
261 69
983 296
831 612
893 582
816 609
885 633
240 143
1016 685
927 371
1002 229
983 696
477 92
1131 449
391 28
880 656
925 617
1072 704
201 600
305 0
835 386
925 682
398 15
771 578
462 51
896 389
1010 709
1128 314
1058 685
973 710
337 20
936 676
943 642
1182 206
386 82
277 18
1121 314
273 697
1103 176
1088 334
937 642
966 432
406 252
921 48
478 84
483 254
1041 276
288 25
1163 657
932 669
157 174
1107 250
167 132
832 582
947 552
937 679
996 651
945 577
979 680
1049 677
930 634
900 657
134 225
830 631
995 675
312 24
499 98
1147 258
873 540
932 706
1160 270
255 650
941 344
1126 302
1140 360
991 650
1095 702
937 618
190 94
443 31
881 610
200 702
735 584
1064 458
922 673
883 658
432 597
963 314
968 705
359 655
150 641
1170 688
1124 370
949 416
1049 186
1141 256
658 409
1104 342
984 159
700 377
1060 382
883 662
1001 235
972 638
1102 201
888 369
153 145
1116 158
984 410
1152 284
838 584
346 684
1054 163
879 56
1148 199
878 599
1104 341
1174 357
793 223
897 313
744 536
1054 206
1125 298
200 32
520 41
925 390
1079 315
1196 302
1037 319
924 596
1195 345
1212 307
1198 246
943 278
1135 167
626 265
936 642
675 250
228 607
1010 430
1095 108
1087 224
843 306
1206 309
300 549
1099 381
1096 329
1008 15
936 270
997 79
993 377
1166 307
852 292
865 321
715 271
914 375
422 648
410 595
1062 177
326 661
1093 413
1016 95
1192 260
1166 299
1115 158
352 542
842 368
1032 370
1100 253
1045 24
1010 165
1139 283
1152 346
985 453
886 224
1026 283
932 438
1147 215
1042 375
1088 302
972 106
938 6
1131 121
1114 253
998 685
938 28
898 29
1156 286
940 73
1012 426
1090 225
1158 232
500 676
1089 377
883 569
1140 249
1168 230
896 31
1191 303
1183 248
332 587
1221 306
1087 302
1077 277
1000 254
985 385
834 541
1081 302
995 97
1023 350
1039 343
1015 337
835 633
1087 113
319 38
1055 704
1165 263
935 320
1165 234
1070 718
302 698
953 673
1193 211
365 445
992 297
469 130
1064 147
936 640
1054 235
939 644
240 588
1222 385
1172 293
1094 335
200 700
952 122
151 654
1067 80
931 19
848 368
1140 162
465 136
1206 245
1120 256
899 325
1132 296
555 86
1103 93
341 62
338 592
752 547
1150 204
962 604
899 359
881 651
1021 281
992 422
967 47
1110 173
940 300
139 617
1121 356
976 697
1055 343
632 471
1069 371
154 624
1133 366
1143 265
1069 155
1089 374
930 575
1033 279
992 719
468 32
127 597
925 601
969 251
1078 336
741 552
945 55
986 604
309 715
368 491
961 651
896 324
917 699
858 645
653 445
358 664
905 108
939 352
352 89
1207 355
1018 696
766 370
1132 236
409 67
332 701
275 576
896 643
1141 233
793 87
452 21
856 325
190 160
206 139
949 646
788 561
1094 380
91 484
248 710
393 93
908 673
221 685
1035 27
482 279
1034 335
145 434
1153 101
911 356
1010 52
306 708
1075 342
1113 303
1120 329
875 623
851 100
1000 654
347 197
1084 246
513 713
980 644
1167 310
1126 214
901 205
1131 361
989 47
1063 316
924 40
154 194
1054 333
898 580
1025 346
975 701
294 670
1061 126
934 353
337 48
1077 384
1000 712
1188 336
966 673
295 717
1212 316
1142 188
877 581
979 75
927 321
1098 189
1132 313
866 213
360 574
894 267
1066 51
1096 90
1164 173
1072 64
971 477
840 310
419 41
1097 167
147 699
1080 294
1127 330
1107 62
1004 22
831 309
929 393
1044 30
958 81
1038 179
982 316
846 271
988 400
1057 337
398 701
983 239
279 569
1117 52
975 254
1210 331
1038 141
1025 637
984 213
356 544
1076 292
899 409
470 88
859 588
249 619
252 694
828 361
1011 185
1090 296
1043 246
213 673
287 676
1170 253
1148 299
1127 260
362 671
326 675
797 579
862 620
1153 375
1125 341
229 67
442 9
1095 251
743 502
929 618
319 719
328 678
424 57
1008 240
996 252
818 570
423 23
914 654
313 591
1010 233
940 645
367 80
374 28
436 569
806 549
355 569
532 399
1175 310
143 241
792 642
454 28
607 541
995 684
863 78
1012 670
275 689
284 627
1174 217
966 430
962 454
1035 295
1009 394
1175 267
375 13
353 71
1024 253
949 440
201 74
975 152
1167 323
1111 315
333 101
1000 662
848 630
1062 137
1032 292
379 86
393 518
903 518
1212 310
170 674
1087 253
171 45
951 680
903 343
1188 309
1056 349
971 595
914 668
1049 446
897 569
925 231
1143 258
1149 276
676 38
1188 256
905 681
933 214
1029 372
178 651
676 321
376 23
894 392
1122 163
1186 333
775 74
1037 61
1033 324
870 293
913 58
1138 313
484 110
1106 139
1082 199
861 560
829 625
1158 101
1205 233
230 30
1070 313
322 663
854 373
1094 44
994 325
935 598
194 685
1006 603
672 319
136 628
934 664
798 576
945 84
367 83
937 616
94 546
1154 210
389 462
259 14
800 598
390 11
333 33
1142 299
758 141
976 301
929 584
965 676
776 478
694 553
862 340
961 701
1013 385
812 615
294 150
929 624
625 18
260 24
897 409
970 341
995 717
1095 641
1045 118
910 669
846 558
216 0
1047 333
1161 371
955 282
961 126
209 101
957 576
323 36
1144 351
401 274
361 103
1074 173
926 381
330 204
1169 227
940 684
403 56
192 77
1124 334
185 632
1067 327
884 662
203 31
1148 193
934 679
1058 300
1018 262
1175 201
950 695
984 190
474 25
844 630
1114 159
441 46
1096 229
219 591
949 32
1109 193
942 678
1027 710
135 230
641 576
1187 531
1014 233
988 674
880 683
1145 299
356 29
531 4
886 634
404 224
281 700
922 659
942 656
960 718
885 631
339 160
1006 85
880 578
991 303
854 577
496 80
344 21
442 86
162 222
1067 315
456 15
1118 289
1045 262
307 41
1113 177
1029 403
1170 586
361 49
1131 338
824 563
943 414
921 625
1041 433
1085 685
453 79
427 555
1037 674
1111 306
1141 334
675 491
1066 174
1035 234
959 9
1088 369
318 663
267 18
439 110
970 6
412 55
873 652
858 407
1159 561
1081 329
1012 640
307 714
960 266
427 2
795 573
1150 112
828 581
779 556
900 103
1164 202
335 65
1190 267
1039 699
386 353
1128 235
1034 305
430 170
1065 384
1057 647
827 385
1132 363
328 14
1118 375
482 312
408 264
1075 107
905 531
564 19
783 581
401 112
981 59
1084 242
1121 33
416 93
989 678
1064 159
865 577
1165 295
403 173
758 703
982 703
379 73
397 41
241 36
1001 66
244 556
853 664
1205 296
968 627
947 671
933 628
926 716
924 593
953 560
885 649
1045 317
969 703
1027 193
352 48
480 88
295 20
1157 306
1011 45
1029 193
1145 183
171 36
1163 344
984 388
1147 350
829 581
878 664
417 9
194 713
169 661
369 64
891 262
937 206
945 638
922 705
348 46
143 192
1067 434
871 360
868 401
434 111
651 296
773 555
303 687
902 219
1062 314
1197 274
1025 326
1006 222
958 303
958 162
1005 338
835 345
297 697
953 698
1130 254
932 199
316 320
1073 296
1154 261
994 614
1031 405
781 226
1126 52
1172 278
1177 282
1196 295
211 687
326 682
1135 193
1177 276
1165 250
247 570
1048 332
973 419
434 286
985 666
1122 326
363 623
139 206
860 234
1063 327
359 570
1210 313
127 164
910 558
1011 188
1063 363
456 45
372 76
1187 291
917 24
341 673
1084 373
1108 323
463 138
1149 248
1011 79
867 593
283 67
1070 86
343 50
1121 355
300 640
860 609
866 687
219 8
713 535
843 588
914 39
1041 126
197 12
872 638
1160 364
881 575
429 122
961 712
824 545
955 693
956 675
249 710
373 105
162 172
1043 85
926 307
881 257
1047 634
339 44
168 87
1137 679
350 119
357 7
916 406
870 188
1130 206
1143 610
1088 221
672 41
889 548
408 279
841 563
776 502
999 694
1091 285
1082 394
780 583
292 5
273 691
363 79
362 714
1188 273
1029 164
989 40
317 684
922 602
900 664
947 718
984 50
894 40
179 611
243 589
1176 187
986 709
789 57
989 24
340 610
167 158
1019 434
905 390
517 567
750 326
860 379
1097 162
348 552
1121 352
958 681
948 253
1039 406
965 392
1154 285
42 575
1147 292
891 658
1172 325
290 16
229 667
962 596
1200 255
1150 256
1094 43
1031 678
923 609
973 432
1146 345
711 534
1017 363
534 110
485 24
348 2
1133 333
1063 376
1148 262
671 467
288 619
131 581
1089 0
803 587
382 86
407 26
951 121
450 261
464 708
276 642
1151 252
867 231
186 625
1011 376
968 391
910 64
1060 335
907 272
1157 270
1053 354
1130 419
1115 88
916 37
900 178
1146 195
222 578
1174 294
942 12
213 707
1156 379
1113 464
1169 170
1041 281
948 376
944 221
975 142
999 217
485 527
1144 358
1066 675
981 202
1075 192
1033 53
1217 364
1192 311
922 400
262 694
471 455
1172 244
1043 43
1144 335
1103 443
1049 430
749 184
1214 299
1188 259
1022 296
207 1
1178 238
1182 317
1044 303
293 689
943 375
955 44
1106 288
1049 3
984 405
308 698
1051 345
949 366
202 618
941 204
947 357
920 614
1062 379
1016 223
1050 269
284 657
1101 449
1083 192
1015 392
1094 177
349 676
1177 309
1019 327
782 289
18 549
1117 128
972 267
1044 188
1073 265
1097 296
306 694
471 690
991 86
1031 271
916 42
408 528
1106 302
1113 312
20 564
1121 263
943 199
932 374
313 604
1141 129
1032 235
942 380
990 308
1014 246
230 620
920 634
1169 249
992 311
1097 717
1030 94
1112 383
1192 217
1201 255
800 315
328 713
1086 318
360 466
1177 169
995 0
1144 300
840 364
357 1
1184 221
842 596
43 584
978 122
890 359
1093 159
175 676
1134 331
945 394
1085 312
999 105
990 398
244 2
821 597
1001 107
1124 363
1035 402
858 230
1189 206
1174 328
1074 311
244 527
1121 58
1168 278
900 191
326 700
1109 222
1152 308
824 169
947 30
1068 320
1076 270
852 376
1092 259
1067 383
1174 258
253 703
980 222
315 629
1057 178
945 60
1160 142
406 491
155 600
942 3
401 691
954 206
1040 143
934 13
1032 106
1085 336
997 85
269 564
398 54
432 517
1086 171
1092 364
980 212
1112 347
1150 366
1018 630
989 457
314 694
1174 305
1014 324
1017 320
966 650
893 368
915 668
1076 321
907 546
332 644
433 653
943 562
317 617
308 684
826 371
1084 359
1143 256
1092 215
467 111
1020 594
1041 503
1129 368
1111 159
357 632
339 695
1078 451
1026 393
1154 212
1043 678
392 258
1147 157
1181 227
888 629
1107 256
1083 295
360 41
1095 233
1144 248
1125 197
1134 300
604 352
342 580
903 596
833 610
378 71
935 691
986 687
1139 169
907 571
904 376
826 613
804 606
491 9
1007 226
1073 359
885 678
893 526
1149 214
1007 12
487 704
1054 368
393 229
1083 273
934 634
17 507
1154 309
956 681
193 70
1147 517
855 593
967 400
232 99
1007 698
257 11
291 11
791 366
223 153
297 24
233 163
833 544
425 119
446 98
408 56
917 686
317 47
995 718
1153 356
1020 716
151 74
1020 698
1030 676
863 610
262 624
1057 339
564 482
431 107
317 31
1159 185
392 59
501 86
1009 715
975 705
1099 332
835 518
785 592
301 34
933 612
871 617
454 101
423 79
1165 297
492 263
229 191
1101 673
856 639
441 84
92 543
958 705
377 254
1148 257
305 534
1120 168
944 33
499 10
1121 185
987 282
834 347
691 552
1023 146
1061 338
1082 378
283 9
1176 324
1026 700
976 703
130 274
1079 425
893 641
805 614
1103 124
1041 194
1020 429
402 224
1062 188
1203 295
329 668
1026 212
1064 287
169 681
274 23
386 171
902 124
316 696
1007 349
925 353
801 320
1027 241
1123 223
157 52
1000 139
1112 99
219 65
997 73
328 681
1068 339
968 337
1054 209
405 70
1057 410
982 290
1051 359
1100 257
886 8
1087 702
913 52
431 69
608 24
1160 320
1192 378
303 688
915 697
992 284
984 695
1076 294
443 9
105 547
1086 319
926 661
319 68
393 20
927 569
323 44
721 532
921 641
1046 65
1033 194
219 719
1044 5
1125 352
197 682
634 543
1090 288
1112 209
1107 359
923 607
893 192
365 549
836 622
1025 471
1156 408
1108 315
796 592
583 64
923 608
995 399
910 388
920 301
973 341
1125 237
833 539
420 26
1117 323
950 550
1081 319
254 42
957 148
677 468
263 178
187 615
976 206
235 681
829 598
1140 266
899 37
176 628
1053 195
971 692
1040 320
155 162
1122 342
194 118
406 67
175 491
979 535
1160 614
1103 81
231 641
1002 674
871 583
1037 159
1031 697
751 511
811 215
943 266
1137 157
1161 293
484 26
878 329
1067 341
1145 306
1171 276
1195 495
956 330
190 131
514 584
1130 287
600 81
1033 377
869 262
972 254
1131 259
908 641
190 159
1027 265
1167 208
961 597
1097 36
1052 710
374 187
140 610
1098 294
886 283
637 308
854 323
314 699
1112 382
994 323
1011 329
957 440
214 645
1107 325
1115 206
1069 462
348 696
1127 221
354 650
1034 270
931 705
1184 316
996 713
481 94
938 343
313 716
1017 356
1132 272
1062 687
388 105
1105 177
1072 73
1091 191
1139 117
413 95
1154 225
967 135
362 45
1032 347
912 408
1194 196
950 456
1008 211
491 660
1106 349
975 681
1105 377
316 646
813 614
319 667
827 579
1091 149
1132 274
342 473
357 44
306 699
273 28
977 261
1136 293
1218 322
909 681
879 238
1027 107
1041 387
1181 295
186 650
1039 257
1051 267
723 524
1006 102
1164 320
931 213
1000 290
1016 404
1050 444
863 223
986 704
956 85
302 566
1171 293
928 9
1066 345
1096 341
1034 391
1163 283
1049 268
190 696
355 534
1188 412
990 439
312 670
1054 59
343 54
980 367
1044 129
1129 286
1172 227
1120 82
1126 275
204 701
373 20
896 368
348 220
323 639
879 357
1176 215
518 356
948 217
291 707
6 497
1134 391
1109 75
1014 106
940 102
1109 174
1002 269
287 708
1104 404
1137 83
1119 286
1152 263
431 5
1095 205
1169 309
1176 262
1153 172
834 73
1149 376
959 336
1039 685
1053 335
1040 138
984 161
1094 309
1116 85
1144 302
1015 72
967 196
940 251
247 678
905 269
294 713
278 152
1114 244
202 543
348 22
1185 284
599 267
569 282
1145 297
902 201
1005 303
440 679
1116 37
1129 168
1219 337
1066 202
160 661
1155 278
764 373
871 82
908 385
1093 158
1130 142
1039 161
1177 306
997 160
1125 134
333 699
1134 265
1022 399
1052 28
1176 304
1024 319
143 594
713 140
1167 568
273 551
956 225
1027 353
893 71
1059 352
401 512
1136 341
883 362
774 545
1056 315
1079 84
1106 312
1026 52
1156 386
287 714
233 653
946 326
916 0
1050 381
1047 197
1035 219
797 335
813 342
1043 135
330 679
1080 111
1118 381
218 633
1113 324
1124 336
315 659
1080 342
945 245
692 279
277 658
923 4
1135 74
1140 107
982 187
1080 89
1104 381
1162 123
1019 347
1115 284
280 711
180 651
1124 250
1172 177
1011 179
977 142
311 671
332 696
1118 416
1192 297
923 422
286 706
981 295
1180 225
1142 313
909 99
1186 299
299 709
915 391
1125 247
1053 182
918 407
959 237
1050 315
1085 244
948 355
808 369
859 366
1047 465
854 200
1056 283
1169 340
1112 28
325 709
299 605
824 272
211 597
861 49
1119 177
467 1
903 77
1159 191
1127 365
324 643
340 208
870 410
1090 335
1021 386
202 628
1137 131
1189 177
301 696
978 91
1162 279
899 363
1073 327
330 622
1068 265
981 460
1000 159
1126 357
445 549
979 140
1146 329
392 617
359 596
1122 292
1090 86
1071 707
1033 191
1049 336
375 685
1041 362
926 667
305 583
238 708
213 697
1058 433
987 206
1048 173
897 337
1201 307
1075 220
1037 338
277 699
1095 14
1086 437
866 371
1066 91
962 391
950 30
945 80
1145 235
1057 328
1004 409
1215 328
963 50
347 688
998 78
1158 326
170 620
469 683
1107 128
1086 288
955 463
814 378
986 234
1107 302
961 47
1188 264
1169 396
875 305
1221 303
912 437
358 711
1139 370
1102 376
919 248
1111 311
899 533
1139 134
1118 388
1207 281
1233 281
1015 160
876 631
1167 396
1022 127
790 166
293 663
199 602
1031 48
786 98
227 693
1066 275
977 259
1033 259
1122 185
1029 30
217 606
1119 331
1135 327
1136 259
1075 305
384 689
213 675
1135 249
1002 168
893 65
946 69
669 271
461 576
1074 233
867 286
350 668
300 711
973 76
957 197
1170 265
922 310
819 357
910 368
1230 485
221 573
418 595
347 653
1101 134
829 50
922 40
1156 88
1048 100
1114 303
384 504
325 717
297 693
195 684
1052 331
1179 332
937 341
924 171
1045 132
1116 295
910 268
909 352
1151 393
930 470
1116 156
1212 247
1021 39
1113 236
183 660
1064 179
279 668
891 16
1027 259
1080 213
850 270
1002 74
1104 24
299 682
1168 151
757 325
950 390
263 650
1181 268
1024 201
1126 282
306 601
1065 220
1036 218
1106 334
840 260
1092 280
915 348
281 719
1003 368
1150 353
298 719
1031 17
1151 127
887 316
1136 316
1105 240
931 389
893 325
1076 33
1063 60
1150 93
930 137
943 320
475 575
1023 218
1134 67
796 278
911 219
1069 192
803 345
969 36
1021 391
1081 324
958 58
860 77
270 701
1127 195
1163 306
1129 338
613 228
256 629
1106 384
904 669
197 557
1133 111
963 235
502 506
1109 211
230 687
456 536
441 450
28 546
1143 332
1050 369
1116 224
953 182
983 37
296 687
1153 347
359 578
1082 242
302 541
919 18
1088 133
1025 177
229 571
918 656
1023 270
990 411
1171 175
939 45
39 525
1052 325
783 337
1136 155
1074 163
1047 157
1194 262
489 504
1173 192
1097 138
1065 400
1143 194
950 420
1153 326
951 378
1118 96
987 347
791 587
1034 45
950 233
732 512
806 387
1079 344
1165 312
1006 386
1023 69
1081 86
386 631
956 151
855 283
1159 241
324 690
429 707
210 685
889 319
1032 143
906 110
394 223
995 710
1149 270
325 675
1108 302
1214 317
172 550
1139 237
1155 261
1052 312
1138 301
1111 199
985 67
1127 277
1013 234
988 316
1165 401
274 77
724 311
292 688
877 73
1207 310
1127 341
1059 308
1127 328
1037 241
1032 181
848 335
804 266
1090 221
1118 265
234 593
1092 212
288 711
185 647
1054 311
965 390
1132 242
1108 33
925 281
1105 261
1169 370
279 653
1134 216
1131 376
199 666
1041 92
904 553
974 661
254 649
1035 215
927 60
1023 417
1084 222
538 713
1068 150
962 198
821 285
980 78
1087 310
921 35
167 647
1215 334
327 702
1171 249
334 684
308 10
1062 104
983 207
985 160
855 344
1094 300
482 23
1002 330
717 302
308 645
786 154
1051 385
1146 294
917 418
1033 422
573 381
1176 201
921 417
916 189
398 455
1102 179
810 323
1118 317
1167 278
1098 411
315 6
874 7
882 384
1089 23
1051 192
1070 249
1123 246
848 382
1055 298
840 72
1008 407
1069 349
638 457
988 94
353 679
841 5
949 661
960 4
1197 304
1060 373
329 579
912 400
1133 338
228 668
906 437
199 687
320 5
1121 287
1177 187
926 69
971 49
1186 309
883 270
317 601
452 13
1159 304
911 521
387 531
252 701
1014 107
296 692
934 370
978 387
1102 370
966 44
1053 320
173 643
270 695
1023 703
1118 197
920 250
414 445
321 580
283 708
1088 338
700 555
846 386
923 34
908 65
937 79
1148 316
1081 229
955 288
979 627
1110 78
1035 128
1145 216
295 710
957 121
905 334
1210 275
269 710
304 32
935 692
1008 391
1202 297
253 67
949 391
895 91
1007 153
912 657
856 582
1102 229
1138 187
511 291
1105 340
1164 273
292 679
909 338
1165 175
1061 239
285 714
129 575
775 313
1110 241
268 697
1027 365
1008 284
354 693
358 520
1149 393
452 537
1141 243
269 619
826 377
1068 114
453 32
443 668
168 617
918 676
978 211
333 685
1163 411
1205 315
1138 199
877 334
979 315
179 658
1114 169
998 240
1024 392
155 551
910 362
462 520
1167 127
1131 352
1189 174
1131 289
889 40
1079 285
600 293
908 410
1026 277
1182 298
908 289
1015 406
274 665
965 155
327 578
1092 17
1008 365
1044 453
280 716
613 235
875 345
1124 286
830 317
1006 164
974 279
1140 382
885 359
359 30
310 650
376 675
1103 335
1034 369
1115 350
1043 240
910 101
864 106
1047 322
1104 380
287 696
983 293
207 654
901 59
1191 291
1168 266
973 421
1079 318
1008 314
522 68
1015 103
344 626
1146 71
186 678
988 420
989 360
1116 328
1200 228
986 218
1164 384
1092 307
278 671
1108 305
1064 135
1018 359
1064 165
306 598
682 335
1159 164
1021 212
1097 318
434 229
1134 337
1132 211
226 623
918 256
1152 272
954 40
298 26
178 641
239 696
1158 107
1061 310
1004 293
1015 364
977 307
1006 303
1115 211
788 112
1165 130
1059 348
975 237
1112 328
914 259
957 95
1088 146
1135 337
314 654
1163 116
260 633
1025 633
1056 78
1139 176
1105 348
955 678
1163 272
220 158
1022 303
1139 109
517 693
1151 272
977 252
954 43
954 374
1017 91
896 329
795 387
1032 316
1055 475
198 706
1080 322
1035 247
1096 288
301 8
989 349
957 379
324 696
336 455
1139 179
1015 336
848 327
93 551
1207 308
951 409
1042 56
1209 272
872 363
928 283
1141 364
931 85
898 42
1092 49
317 713
733 351
1159 177
1071 387
305 681
1155 331
235 697
1146 80
986 338
877 423
889 356
1118 192
271 619
940 320
1058 321
1032 425
1148 357
1019 387
427 641
281 607
181 646
1035 393
1012 339
1105 241
215 560
1037 215
1006 221
1144 194
833 576
1030 299
848 409
975 7
1025 199
1157 335
1160 493
482 76
1078 317
1123 147
1139 644
1180 127
843 322
1120 299
951 366
222 635
805 512
1173 222
502 23
864 615
1013 691
979 647
312 716
1086 304
401 532
1141 141
1028 208
1141 305
1010 32
969 142
301 69
1087 316
1029 140
558 32
838 318
806 357
1065 245
1074 81
1111 104
1174 406
1003 242
1195 310
399 98
1180 230
972 686
1120 350
357 86
362 659
856 596
1121 408
378 702
1211 325
1023 245
858 644
932 700
375 606
354 91
1081 64
671 11
526 25
825 585
191 76
279 595
1069 363
919 276
988 715
987 140
893 631
385 88
1099 294
375 656
405 200
1158 223
1026 96
667 457
1084 135
904 389
1099 339
335 707
950 661
909 396
1121 135
1086 80
1088 166
1128 107
182 154
307 575
216 42
1085 334
234 546
921 404
1220 275
974 46
155 67
328 591
929 572
1168 389
994 673
1083 430
1103 366
1207 329
688 267
