14 496
102 307
996 20
553 481
18 123
479 241
16 182
14 570
40 598
70 657
1162 488
41 633
0 714
55 621
986 231
25 138
54 660
8 552
77 717
1213 700
31 1
71 704
16 534
54 136
555 434
84 683
24 43
540 415
50 243
1245 608
69 31
109 686
29 571
27 596
26 18
1 242
1022 648
5 655
0 448
30 19
821 61
156 672
1266 18
14 444
17 273
47 10
62 66
15 146
484 485
76 19
78 652
902 647
18 103
921 476
4 41
426 298
39 193
25 496
995 306
20 56
25 28
11 616
101 664
1241 643
1083 86
12 696
6 703
1263 653
22 61
11 181
36 3
1143 409
102 333
21 558
16 444
64 574
28 552
12 604
104 701
49 42
1251 685
58 109
60 148
41 611
70 162
20 115
1 88
562 21
83 681
8 247
4 384
29 587
2 542
493 69
855 702
418 679
1014 649
38 620
37 123
1207 678
583 209
62 92
478 421
658 707
47 61
77 681
687 263
39 15
1251 616
2 544
1268 472
14 205
42 148
28 509
792 363
22 481
13 257
6 527
49 593
6 631
38 698
763 113
10 613
72 709
48 85
