537 54
881 9
345 470
857 55
565 84
751 148
844 15
145 410
670 210
721 189
172 273
643 126
627 117
736 688
681 102
649 129
847 85
777 120
441 61
770 99
213 130
704 195
105 329
729 183
1006 31
801 110
992 257
139 473
893 165
851 9
952 74
982 152
970 48
681 75
960 66
1094 99
206 451
207 474
672 31
647 144
143 245
759 21
1100 37
791 413
181 83
116 259
800 80
908 12
174 426
602 189
800 703
1072 257
620 116
550 97
1052 233
338 464
151 324
1002 50
1047 50
680 111
977 254
1034 69
673 149
1055 104
693 45
802 393
617 104
235 196
161 228
770 98
830 678
969 48
1006 136
519 204
973 11
321 432
1147 391
948 404
161 168
1001 125
486 36
1083 354
678 135
1102 303
309 514
691 67
504 118
701 174
1028 178
1009 256
675 42
982 20
124 225
630 63
903 31
1036 95
176 255
752 94
122 530
210 492
971 6
425 516
557 36
597 89
769 711
1049 97
926 22
78 463
130 277
679 145
211 292
354 398
235 434
234 472
1025 45
837 6
934 57
1079 59
121 487
238 103
157 543
1064 238
118 177
1044 53
1110 88
1106 119
1018 151
192 274
182 164
963 67
849 13
969 32
159 425
890 229
252 469
1028 213
947 113
986 35
175 440
815 5
879 21
865 23
1057 245
1015 60
220 184
967 46
190 248
1063 85
1127 129
232 455
111 229
993 42
746 186
191 276
473 677
889 33
970 21
262 256
757 60
931 270
758 33
658 330
589 217
218 165
1074 315
673 107
865 19
832 91
593 211
185 315
949 221
1015 173
106 260
1089 105
1118 105
874 296
157 647
141 126
656 58
939 43
1040 143
109 343
901 13
908 160
191 112
890 9
1160 233
633 276
239 194
330 488
706 204
284 481
228 517
758 335
135 189
1036 72
755 71
971 41
97 469
1012 172
679 682
822 348
1205 44
894 31
1060 145
808 150
1129 113
176 406
1055 64
901 18
986 170
765 166
175 260
677 552
994 192
778 129
1127 103
989 127
504 79
660 80
1106 199
1004 165
269 472
885 190
964 55
619 120
1131 118
1028 195
800 292
198 275
155 429
1019 205
198 179
953 171
1068 38
873 24
148 239
985 259
1072 149
1036 71
1035 78
656 129
869 4
1148 345
614 186
623 71
900 81
308 437
217 203
882 74
1132 146
731 129
138 202
156 441
680 180
183 408
995 172
1002 192
1039 80
553 63
927 28
816 0
620 165
1111 72
1060 171
879 75
1056 88
853 235
772 358
153 201
936 55
174 181
98 268
910 40
1131 112
656 248
214 553
954 33
692 175
907 153
710 118
661 450
639 141
134 180
853 21
755 0
811 31
1036 53
1068 96
253 328
987 278
725 510
1070 191
911 182
166 249
681 230
829 77
215 116
190 88
151 241
1076 166
465 85
161 484
876 38
197 82
1113 254
743 691
516 31
398 427
869 1
982 276
957 56
1042 83
1021 85
509 19
158 205
1107 120
479 543
935 56
1102 73
289 295
1013 223
111 321
156 451
988 50
781 203
877 27
559 63
944 32
979 62
1104 90
179 267
941 26
138 187
1084 95
847 19
1032 213
122 216
101 344
569 29
1084 285
1057 92
182 129
690 564
962 4
292 216
1070 220
880 95
928 8
149 217
163 164
766 46
1075 76
889 27
93 459
883 100
1132 105
944 65
198 477
212 213
726 38
242 153
1060 717
183 453
953 59
778 70
1031 56
1101 129
861 35
364 550
850 14
893 10
976 7
698 575
1080 102
94 394
984 75
129 263
640 9
1039 36
1078 78
877 24
181 196
798 91
216 187
931 34
224 131
1151 317
141 534
1027 37
191 251
1092 116
118 376
738 84
322 439
1034 184
1073 43
1049 104
976 41
354 455
104 381
1116 136
1074 353
928 105
295 494
1022 27
766 153
1055 78
178 288
133 471
282 448
199 175
105 262
989 82
93 491
1025 95
879 10
907 49
1032 30
308 234
988 77
942 270
843 23
1125 85
914 717
888 306
906 186
1080 64
131 185
1118 136
250 438
1050 225
912 34
872 22
983 67
1082 67
112 260
559 66
85 402
162 222
111 362
922 185
201 194
1023 89
1113 35
128 163
139 226
210 185
939 70
187 292
1027 171
906 30
193 203
148 393
916 49
194 67
1085 23
1131 311
978 42
1045 18
1012 167
1158 348
800 172
786 157
924 47
671 202
977 40
1000 157
975 71
969 6
1016 51
986 124
147 447
862 253
244 65
103 242
984 39
741 57
130 468
178 196
169 233
245 369
1090 121
969 9
780 355
943 17
151 393
106 219
145 230
971 54
153 517
233 379
565 81
936 3
205 152
904 93
979 59
89 284
138 529
129 236
903 18
939 44
994 53
93 401
986 27
864 25
938 33
192 244
1021 42
258 129
172 356
360 317
1157 228
897 8
1040 66
231 98
274 362
810 649
226 450
1020 34
1073 79
858 3
1046 52
146 422
85 256
902 107
916 30
977 67
99 289
992 62
1051 57
1091 258
195 469
103 202
331 398
965 70
222 405
178 182
820 10
1008 38
278 256
160 169
1046 50
965 11
1094 102
846 12
1040 109
892 696
930 57
239 201
1034 20
930 7
1033 56
144 204
1093 41
637 74
410 472
709 193
96 491
964 80
1072 80
902 36
285 233
314 464
105 487
277 218
995 13
1134 116
93 402
1149 457
1064 154
288 224
119 386
1049 684
1082 102
1018 210
1028 49
148 465
1074 51
53 363
212 117
204 285
871 13
93 426
240 180
1143 125
1215 33
141 461
311 461
705 564
1040 65
731 180
138 514
174 513
1081 121
126 460
1041 97
205 452
899 26
232 202
1052 202
222 253
138 270
168 557
1050 68
721 165
815 12
315 413
1023 57
1081 92
141 363
677 171
78 313
983 21
187 243
1075 116
920 18
183 166
669 119
826 5
252 195
1079 45
1005 183
959 33
116 424
931 51
1125 113
1056 136
178 138
229 227
1026 71
1093 111
136 135
208 480
1106 103
260 355
110 405
191 341
989 36
929 130
187 216
1011 92
262 490
976 48
787 158
1009 24
804 625
697 102
334 410
752 611
1164 596
180 304
705 34
144 448
841 5
985 26
825 2
1086 107
672 80
279 376
140 220
529 184
689 210
561 689
158 286
1082 53
508 169
589 143
1022 71
877 5
853 26
1083 111
1036 61
907 47
98 494
918 257
917 15
168 475
1142 187
999 140
953 64
645 49
1032 51
1093 88
736 589
1077 232
919 6
173 295
712 159
1069 75
1088 431
138 214
98 468
987 179
986 62
901 44
715 541
976 264
797 709
200 346
1111 167
147 239
123 518
147 157
891 26
1035 80
1115 104
1098 94
1080 37
959 71
1013 88
280 443
207 177
1001 77
264 433
223 429
961 15
172 445
997 82
338 484
1048 314
164 178
1102 69
1001 184
1089 129
978 57
731 95
1020 80
577 533
851 649
792 285
378 692
211 530
1100 69
689 238
437 460
993 164
940 9
587 150
1063 87
955 42
82 401
126 185
939 16
543 74
889 40
262 239
886 31
1124 121
252 361
887 104
1102 91
1100 117
128 385
575 78
959 149
1028 168
1068 82
920 42
1159 144
1026 65
1054 67
1129 246
965 62
666 125
748 692
172 277
798 718
81 441
731 25
966 17
805 394
233 487
891 183
264 236
1029 4
362 706
164 197
161 537
728 39
733 153
636 135
1065 83
1057 188
452 72
976 72
668 103
682 114
321 489
738 59
706 196
253 201
762 136
940 316
890 361
813 301
1076 337
696 66
603 155
740 77
259 216
1044 174
1074 328
824 58
887 247
1057 205
684 25
220 430
957 310
818 705
1142 301
1007 48
228 460
632 211
143 491
598 201
638 148
234 374
1018 225
847 263
209 180
841 93
1055 49
578 55
697 209
116 490
99 280
660 134
698 186
166 541
1008 289
849 222
1100 508
961 311
897 83
610 125
1105 100
96 350
509 93
602 120
786 340
308 322
782 108
882 264
752 9
939 717
786 337
462 126
1031 90
1016 14
233 218
844 248
927 205
994 155
671 234
622 85
1118 285
686 697
1013 128
183 637
291 455
989 7
818 192
1106 131
964 45
160 187
648 9
1081 341
808 417
1022 218
859 205
151 298
1128 118
960 121
748 706
474 159
865 15
509 68
694 254
123 219
912 35
459 49
778 257
775 297
838 332
1047 78
814 325
595 72
944 191
930 127
145 251
1059 273
667 122
849 165
1033 47
987 203
210 331
610 583
845 7
572 94
1094 83
618 187
197 226
227 479
801 208
1133 242
113 510
590 12
716 81
337 443
919 401
266 278
1023 169
1125 375
591 18
887 86
722 18
1006 264
749 191
700 180
727 27
928 119
977 186
1005 147
810 240
638 129
796 242
639 101
624 40
781 329
616 179
943 12
901 250
171 321
998 55
1079 223
1012 265
552 190
719 27
1133 142
753 75
118 498
752 168
826 345
770 695
194 110
687 110
222 474
224 448
911 242
958 53
149 289
130 288
1187 45
948 44
1035 159
1067 101
624 110
876 4
925 29
746 113
799 36
372 432
139 195
959 42
1125 114
1068 97
834 25
321 468
129 510
173 247
172 160
919 16
981 60
1057 60
217 359
125 170
970 12
728 610
627 138
286 462
953 56
1046 57
131 198
132 600
155 470
1061 65
207 269
164 310
148 494
1027 39
1012 45
155 140
381 415
1085 100
905 48
156 140
996 19
334 454
948 43
1004 88
621 215
884 33
1018 74
826 301
879 20
565 188
998 54
195 149
148 287
900 53
959 38
122 232
1094 105
159 540
125 214
855 210
293 398
237 295
1084 52
991 71
904 41
987 22
145 514
81 565
161 123
949 196
489 513
755 626
966 41
1027 90
217 469
1121 112
935 41
983 32
246 468
1121 330
239 389
954 61
1004 61
171 470
768 41
868 306
991 78
875 42
1019 42
222 112
167 322
121 386
897 37
876 32
98 465
964 67
188 474
593 44
286 436
911 24
239 423
268 284
994 81
986 340
934 45
193 129
115 394
1020 84
230 138
155 292
972 66
118 427
934 15
193 133
722 578
104 449
385 414
127 343
1017 74
114 276
903 40
259 406
987 7
214 499
127 163
159 370
1036 38
993 251
256 429
119 203
1043 67
123 305
116 499
1044 109
150 429
1259 600
1027 16
192 313
1002 18
879 13
276 320
927 5
1041 56
960 50
1045 50
202 472
697 252
168 304
923 30
929 30
888 288
147 333
201 155
913 15
847 272
864 232
1092 251
204 431
913 55
194 277
169 295
192 148
953 304
869 179
626 74
168 222
95 391
223 199
169 104
732 274
179 559
1149 264
713 58
913 131
241 122
1042 85
1054 151
879 158
143 455
169 212
1216 274
446 46
1077 293
166 139
711 235
275 471
592 88
1076 289
979 68
292 185
996 169
1052 98
816 324
777 134
287 329
469 102
874 310
864 44
767 90
873 716
249 514
702 210
202 133
516 38
866 10
180 446
634 44
914 241
795 331
484 578
893 266
773 309
966 263
124 313
1022 288
139 475
1065 46
1038 275
660 218
346 432
174 105
677 717
129 511
105 376
238 376
903 332
1115 277
994 430
1152 335
158 160
940 319
893 225
1018 298
471 37
1063 284
1102 87
1145 235
1075 153
929 37
160 528
501 482
1043 94
1047 62
278 219
693 174
1099 124
896 12
729 165
1065 34
744 304
884 295
214 283
270 462
209 422
886 267
1112 111
160 183
642 8
181 112
983 261
240 166
290 437
149 168
225 421
184 195
1008 39
559 85
902 32
179 440
201 244
953 17
276 515
130 442
181 88
1028 94
1099 102
415 403
817 279
228 177
1104 110
752 178
970 119
870 38
982 69
183 134
757 146
935 109
860 376
555 79
261 353
1062 67
255 298
950 51
1117 125
638 37
757 700
1080 159
1015 17
1082 100
758 327
605 239
705 579
968 49
816 361
1170 233
964 243
779 370
284 232
1167 278
718 229
777 626
867 297
1085 60
917 222
1055 247
1092 294
1150 198
927 105
751 13
1067 76
529 115
518 190
1040 221
1019 246
765 42
590 573
911 54
1037 306
513 24
929 99
770 50
146 250
650 77
736 157
545 99
783 45
672 239
985 63
1116 269
1100 259
928 14
1092 104
1092 103
1156 311
274 444
273 450
947 17
877 0
235 303
1130 133
154 197
841 175
176 289
504 226
1116 268
1071 111
811 176
1081 98
710 53
699 596
902 47
1064 70
700 318
238 374
1013 71
659 50
1006 57
712 134
868 22
845 11
213 203
549 101
134 448
1039 28
955 17
82 432
157 538
750 691
109 252
1020 207
827 15
1017 53
1008 117
978 138
1052 26
164 461
823 327
256 203
144 530
1164 216
1068 79
132 422
975 206
1062 180
1131 141
626 138
431 703
609 107
866 5
117 312
874 39
703 50
762 683
155 489
304 366
1021 79
1011 62
348 677
700 58
430 627
654 67
873 81
512 219
868 90
831 362
1047 227
625 75
883 204
565 112
1112 112
257 115
1089 260
232 393
599 172
1134 200
1033 88
168 198
904 35
632 174
890 30
1028 95
636 131
558 277
540 237
926 246
767 2
781 286
968 289
782 296
219 90
883 7
1090 257
896 34
1120 117
1053 68
756 65
1073 101
1128 311
682 140
647 142
1030 59
796 75
895 7
822 282
586 165
894 25
895 138
686 70
1064 90
886 101
108 354
685 209
894 363
943 172
675 171
110 466
229 341
204 217
912 241
1003 40
1035 39
719 148
1110 117
1054 717
255 360
288 522
1136 265
680 65
552 218
298 392
714 93
844 12
612 34
907 24
966 4
312 436
684 203
957 128
1117 220
732 62
1064 201
1069 111
1098 167
993 94
627 153
648 85
139 158
759 79
948 123
842 693
906 5
531 109
228 225
135 510
920 150
323 370
838 661
840 60
741 40
1016 188
636 75
1046 169
142 427
854 11
962 204
791 386
996 275
257 509
1083 193
977 128
531 72
1181 264
125 323
141 486
154 282
148 552
1015 16
363 429
991 55
1031 60
674 133
135 426
149 219
185 171
957 16
126 492
847 253
678 160
116 436
643 13
797 48
1044 227
975 127
140 177
1055 100
869 32
245 442
108 474
612 670
880 29
1041 102
990 18
1060 186
1032 84
1106 343
1002 53
1042 39
320 510
694 89
633 136
518 713
279 272
701 208
703 164
136 161
154 677
348 606
568 23
752 162
681 11
576 593
286 477
966 182
1042 520
1016 82
368 460
722 84
1074 60
1080 69
553 82
820 7
981 32
255 121
611 174
1098 58
870 23
927 266
118 422
870 687
804 308
153 226
807 312
121 338
138 205
711 63
204 452
287 121
267 182
662 112
836 11
900 115
848 343
602 17
367 468
204 427
986 64
210 566
1086 102
461 149
1090 89
240 214
1114 107
985 1
561 35
290 406
766 695
259 469
912 224
823 4
801 338
1012 92
1081 198
267 248
870 98
533 28
122 555
910 227
722 160
132 339
914 59
892 32
985 2
1033 70
143 337
1013 13
237 331
636 251
687 254
431 470
940 33
322 449
887 75
203 545
1060 95
925 264
969 36
723 192
934 64
635 108
1044 89
121 455
676 137
1128 193
771 70
932 234
83 329
1087 61
223 207
876 17
646 71
1109 163
548 21
991 63
226 133
1075 254
244 473
732 181
870 285
250 163
96 365
753 100
1108 609
649 70
721 705
1088 91
948 128
543 22
167 479
1138 224
172 448
256 459
795 346
779 340
703 173
146 320
1161 257
102 491
820 72
518 79
819 373
752 207
832 371
1031 96
528 130
1024 203
838 81
983 211
1137 223
110 270
921 483
1138 291
794 347
134 327
620 160
771 683
543 31
762 694
156 495
855 281
1111 389
1036 86
963 453
756 136
891 292
645 94
1127 292
1100 236
1009 69
777 287
588 57
1019 210
641 97
573 19
493 118
715 102
611 151
1096 272
787 84
1083 279
1061 144
755 25
1065 74
1085 224
856 293
1159 223
755 107
879 156
188 527
687 132
1045 199
674 150
213 274
930 109
641 142
760 115
995 166
1102 174
382 494
802 289
811 58
596 57
671 94
1047 204
641 167
580 34
943 263
673 230
1105 347
991 227
667 64
924 280
945 286
207 369
977 146
266 489
500 48
428 629
889 356
969 255
601 717
1015 192
1033 272
1001 204
966 242
670 133
750 109
606 3
971 136
895 94
724 101
138 583
487 219
599 155
776 129
554 116
909 121
597 115
696 54
565 154
1107 181
697 88
741 171
712 232
1077 604
834 219
1140 245
864 233
676 107
912 148
1105 283
698 85
246 270
983 135
620 166
1117 90
618 173
782 250
677 52
912 121
1158 207
1170 261
1011 60
635 105
757 25
600 157
645 707
908 81
1152 364
321 531
743 73
972 118
990 41
767 168
222 412
775 90
197 673
103 515
703 271
756 125
850 170
681 202
719 143
452 76
371 691
771 20
1141 227
790 696
993 119
750 177
132 345
201 139
1054 65
485 46
768 23
571 68
1173 333
700 69
859 342
814 285
1115 105
1048 184
730 148
665 110
648 35
835 382
642 10
202 250
811 703
896 223
724 151
694 208
882 328
691 77
233 200
972 274
594 186
194 448
601 141
774 180
968 401
738 93
1186 164
753 123
675 166
761 60
1128 228
771 72
865 98
846 404
783 306
1126 113
703 183
680 219
210 190
666 233
808 290
955 335
609 427
1045 179
227 282
923 20
660 188
672 63
1172 338
957 27
988 12
955 260
951 19
206 352
1105 167
728 86
727 282
1020 187
598 57
675 142
625 133
116 285
989 13
995 270
1059 215
146 505
1134 119
918 163
797 383
260 416
1006 56
1021 89
583 52
113 221
785 123
960 270
915 167
1112 92
570 167
998 77
1012 204
242 456
159 263
942 339
189 512
1120 203
1042 59
1084 234
1099 115
112 505
261 271
991 47
682 205
1008 45
291 452
227 421
986 56
980 11
956 22
888 16
308 376
209 399
831 711
150 528
357 394
933 106
928 56
96 286
1095 107
940 38
979 76
394 432
629 3
143 273
342 287
885 21
163 452
316 421
247 429
639 150
171 171
1092 93
992 56
750 714
252 440
869 10
747 76
231 240
174 171
152 163
1073 17
140 567
134 371
246 184
974 74
909 25
944 9
914 10
35 338
1012 14
929 39
582 186
220 175
235 471
991 28
126 254
937 6
885 18
1009 125
450 115
224 338
712 611
122 246
771 7
1116 226
1008 130
873 144
115 210
635 38
86 448
113 293
124 328
789 50
992 18
91 445
161 150
115 348
983 78
989 75
125 321
135 492
1033 60
129 168
698 159
850 4
702 204
965 267
168 170
1135 116
854 78
161 312
361 416
926 285
888 6
698 48
948 48
836 69
1116 102
201 233
1074 76
853 29
266 476
1095 59
242 287
974 60
1242 562
875 693
1051 200
892 18
689 55
760 513
116 188
477 234
431 674
990 334
982 80
693 233
106 329
879 171
759 87
995 68
846 351
749 5
926 19
957 323
174 484
1060 112
185 211
840 261
1013 67
1077 23
781 148
1102 301
831 201
1095 50
641 88
163 189
619 65
1056 50
994 285
775 157
573 36
1052 77
771 629
759 112
698 182
142 489
1091 202
788 57
897 273
819 362
956 301
738 553
667 159
856 14
912 23
1037 137
1017 202
1085 50
1050 305
201 110
223 102
363 407
502 128
654 165
528 52
115 444
995 207
852 486
743 0
662 107
1058 331
979 148
821 522
923 298
255 163
1120 280
896 211
154 129
738 1
1130 132
1005 225
237 421
831 295
983 210
100 410
160 307
605 26
526 183
724 591
572 41
414 638
598 73
905 39
945 179
969 273
269 271
265 309
926 253
910 112
1141 684
661 101
661 330
97 521
882 124
1018 55
978 201
753 176
1025 449
1149 257
1103 432
981 34
864 85
128 316
652 258
1039 329
1123 324
762 712
1070 208
1135 257
926 122
674 146
270 415
256 434
906 252
1011 82
696 175
1022 142
665 207
1060 182
244 199
859 2
1042 56
843 5
949 307
834 75
703 11
949 214
696 264
118 229
743 191
1128 180
1027 76
661 99
536 119
116 176
640 258
529 110
934 37
1077 91
623 213
113 325
881 47
693 247
670 216
1134 182
230 467
877 159
298 444
1168 395
832 86
894 153
209 136
230 448
362 468
358 388
883 15
999 54
618 16
152 220
1078 106
938 230
1043 78
668 77
709 169
211 245
981 1
862 14
1006 120
161 170
960 24
304 262
1116 119
907 42
607 1
529 15
285 434
115 233
206 468
221 567
637 283
1089 111
986 32
669 75
171 588
202 129
130 204
267 130
1102 120
239 119
809 223
601 114
816 2
486 525
1114 297
902 28
243 109
269 482
1069 81
915 148
536 168
695 264
280 361
512 17
955 38
744 156
935 172
1001 162
772 185
891 19
765 11
850 287
597 25
685 71
277 231
186 443
1029 413
1089 407
914 51
732 167
579 219
154 519
1139 229
909 16
755 94
1143 169
938 40
1084 158
1152 189
1021 64
320 671
896 689
671 88
555 10
112 466
858 60
121 368
530 25
870 282
713 117
997 187
740 74
178 520
1160 237
137 184
971 43
657 709
265 112
741 30
1169 379
994 74
811 105
860 14
139 223
856 23
325 345
803 1
1175 209
1039 105
755 607
201 178
276 450
900 129
170 346
865 283
163 209
991 214
759 204
587 72
831 251
182 411
731 163
135 269
177 153
1081 105
946 8
602 22
974 52
122 178
140 332
853 332
843 17
218 460
1019 34
1057 30
179 279
985 56
733 602
1004 86
903 16
823 95
386 431
943 47
147 409
897 22
889 43
770 206
957 69
1216 69
916 53
226 290
898 42
325 445
203 84
908 16
169 163
1016 63
935 11
89 408
142 205
87 364
213 289
855 14
278 351
815 43
901 1
929 46
1118 104
103 304
917 39
984 82
124 552
231 156
875 37
1086 52
870 16
189 455
707 149
982 47
203 172
1043 54
719 565
1122 114
1104 310
607 315
1025 98
869 34
133 166
190 220
88 406
954 29
818 9
834 81
149 313
752 292
739 221
168 317
787 123
889 21
1000 1
104 539
980 74
175 331
290 376
836 332
942 49
911 16
201 112
197 321
870 644
967 44
434 494
139 496
875 21
1051 85
1051 100
993 47
892 285
182 259
1043 81
253 326
169 493
107 477
740 621
739 111
1042 105
123 175
123 487
780 77
1097 101
1069 42
1024 64
111 494
960 20
329 518
882 20
181 304
243 459
169 482
211 423
1057 58
183 233
152 490
267 286
316 438
952 49
231 275
228 140
208 499
249 155
959 231
287 445
678 117
946 39
239 372
891 37
551 401
177 280
1095 97
917 452
231 481
138 290
157 492
148 371
965 6
995 182
874 34
147 281
658 175
255 457
209 525
1000 6
391 400
760 253
595 17
712 149
1091 120
928 4
1117 103
1037 55
231 56
910 45
994 45
873 8
144 298
1085 114
282 268
249 292
185 214
194 214
150 583
1126 133
659 101
1104 112
247 470
865 16
1159 188
731 51
974 121
963 189
931 226
826 13
1017 236
1137 174
588 41
637 64
1096 200
767 0
752 144
154 184
171 266
1177 233
1040 75
998 225
803 75
624 5
972 5
148 167
127 505
628 12
689 158
228 127
945 48
124 460
149 205
135 428
986 155
291 685
751 704
901 16
103 299
233 203
993 34
721 111
1083 89
1096 89
998 242
886 16
281 400
97 409
713 98
1054 110
831 666
1140 382
140 287
1069 173
1004 320
1160 341
1183 370
667 113
1138 374
651 204
1176 356
841 247
899 25
1117 94
216 693
1028 65
846 267
220 424
1057 165
945 38
980 252
1013 66
728 144
561 50
651 117
1070 53
1100 163
976 34
181 147
1085 95
734 33
930 15
472 297
949 280
670 86
167 546
629 93
703 261
688 64
303 0
166 356
775 709
1161 256
125 225
964 40
221 661
735 84
641 137
803 310
846 63
580 82
640 118
140 424
1117 132
940 2
128 263
114 364
1055 34
160 376
1075 156
216 449
279 472
856 175
832 78
947 16
844 260
874 70
289 464
160 419
1064 93
607 194
1103 415
814 350
213 200
243 425
916 199
981 240
763 74
683 271
248 264
740 181
186 385
718 97
283 143
793 315
683 246
839 22
141 199
1097 91
920 165
818 61
916 105
1085 159
1017 358
1078 297
746 14
1082 125
1065 204
910 35
823 670
894 226
562 14
807 394
200 352
1006 197
1048 242
215 160
865 203
996 158
748 695
1013 6
192 163
861 209
880 20
915 33
743 164
691 73
88 402
1020 54
778 50
813 222
855 195
910 46
1143 191
570 92
130 203
1070 157
1015 85
1071 235
372 508
839 17
1001 95
983 73
99 308
741 173
289 504
121 268
335 716
919 38
1093 115
247 472
733 567
717 77
733 686
1081 233
81 443
1006 24
714 13
119 423
1087 100
980 123
630 146
249 218
375 493
518 97
148 266
931 35
865 3
885 23
1222 23
889 13
1024 59
287 452
133 372
1046 64
989 68
1056 47
953 447
175 603
976 66
1097 115
1003 64
130 530
1088 102
1038 47
942 13
773 365
952 533
675 155
1053 46
110 332
1035 106
428 484
211 454
977 166
149 484
1042 72
994 7
252 238
919 17
228 579
1100 99
685 250
100 357
140 563
758 170
930 24
959 53
1135 384
900 37
883 29
1026 92
150 376
116 257
653 135
704 256
891 1
111 274
1019 71
1091 114
943 39
1002 170
182 238
1091 157
308 479
963 62
793 625
957 41
935 39
1060 159
219 168
1141 186
1098 91
688 149
694 155
144 561
859 197
113 485
228 457
302 159
173 141
176 287
627 60
313 433
715 20
863 26
763 138
550 608
646 31
943 59
848 23
867 80
1039 38
1058 214
187 426
1040 43
1035 163
804 253
1023 29
1125 138
1082 88
847 108
303 459
1069 51
431 401
718 120
1022 45
1091 45
267 302
870 87
201 154
1084 100
196 164
537 32
535 44
130 529
188 215
1102 78
959 16
625 136
1084 117
983 0
1043 246
860 17
103 402
1052 66
848 204
253 468
1069 77
178 216
772 384
648 145
1094 299
796 398
145 423
1042 54
832 383
228 175
133 306
987 187
701 135
414 396
665 695
662 77
1042 92
735 158
867 9
944 58
345 336
688 178
935 23
742 644
857 9
98 308
132 483
760 414
941 40
1077 111
955 26
709 93
326 685
1170 543
1074 89
1119 104
998 86
227 117
347 358
1026 101
154 435
362 425
936 130
1161 243
970 183
921 426
625 182
1019 50
1112 69
102 290
220 181
254 115
1000 76
332 387
164 508
1099 114
105 197
929 5
996 26
294 210
1035 36
943 19
114 311
172 466
959 60
1051 26
111 470
1047 57
946 18
739 616
1034 179
932 385
134 182
152 531
704 510
105 473
969 41
1065 76
971 32
981 57
925 48
854 24
342 361
355 450
277 455
1084 93
732 595
116 394
732 611
217 413
238 170
183 448
227 242
975 56
839 684
1022 68
999 66
1100 97
1105 287
319 216
170 489
188 213
752 51
84 413
142 467
907 10
855 31
886 278
857 22
113 488
197 174
220 168
191 404
109 368
362 436
1059 71
829 0
899 49
691 83
1068 80
183 485
144 146
267 391
1038 116
224 485
145 415
948 15
250 129
131 180
741 614
200 195
120 471
146 196
999 14
856 29
834 15
226 167
168 449
256 361
846 18
213 455
878 27
161 565
261 187
104 415
1068 103
888 275
172 551
163 323
271 466
998 44
155 361
985 77
730 620
1124 127
1075 67
1003 55
303 414
745 104
1089 103
975 69
732 601
943 58
992 40
1114 108
820 657
1015 15
924 62
189 402
130 517
976 240
920 698
134 302
799 276
226 175
189 294
134 199
986 14
320 216
1105 97
316 142
266 460
1273 524
982 76
239 203
1100 114
811 673
303 502
151 189
1080 45
4 10
1088 83
190 260
132 398
1030 94
671 566
922 47
109 200
653 65
146 208
984 34
15 601
214 122
589 125
997 85
276 153
1048 91
153 461
154 126
142 178
183 152
88 30
997 47
295 375
1074 83
590 232
933 12
348 490
948 50
906 84
111 307
411 368
916 696
900 191
286 311
1027 69
1071 60
118 286
205 273
945 23
154 28
349 686
876 22
100 380
431 485
1088 70
1022 78
1095 123
1112 115
923 28
981 33
328 352
119 244
205 502
106 367
1029 53
940 18
945 12
1039 83
885 20
187 341
128 207
739 624
1000 38
516 574
726 131
742 30
785 361
802 316
166 376
1088 59
1025 63
272 163
1049 74
63 84
1039 34
257 236
1096 114
192 113
844 30
716 601
1078 102
102 439
651 129
935 291
1067 213
936 142
212 248
849 202
1015 172
732 565
908 48
912 51
729 44
778 107
897 1
1143 287
829 7
682 127
1211 664
776 709
1081 161
692 1
723 598
617 26
1020 87
834 16
168 197
209 183
612 209
906 352
765 45
563 61
180 215
1079 207
754 699
1057 90
944 38
768 293
511 157
16 6
1010 56
808 287
388 427
735 125
1107 711
940 388
720 16
484 47
569 9
96 284
924 279
619 194
1047 199
130 242
892 332
854 12
652 108
681 78
988 195
923 3
134 211
102 289
557 70
322 444
815 705
749 353
680 110
1106 106
684 257
939 52
797 35
1150 230
937 155
174 127
150 187
176 139
767 123
719 132
164 291
298 404
285 100
1151 242
832 2
114 201
183 476
848 25
1039 254
290 140
1038 75
899 269
1170 226
177 162
1140 261
693 236
201 130
329 664
978 413
955 236
891 15
1034 482
289 170
987 195
174 167
879 6
608 134
643 136
126 540
241 499
517 69
1080 12
830 57
806 48
155 335
1153 213
740 81
164 179
919 56
164 446
1127 359
180 494
765 71
870 11
885 156
954 64
121 192
943 43
116 503
412 463
805 632
508 163
998 249
117 348
311 394
958 35
1084 119
881 92
160 198
190 340
1056 79
724 550
625 122
929 335
194 299
991 173
614 573
292 415
1141 216
227 460
713 159
997 26
1002 80
915 24
694 185
584 91
1003 74
244 257
570 168
155 582
1026 14
1002 73
1060 57
964 201
883 6
812 136
291 403
991 283
170 228
446 131
1099 253
85 416
1071 273
752 130
258 614
570 110
559 2
141 142
843 656
662 35
901 37
847 16
122 429
725 213
624 7
1078 111
976 249
967 49
935 191
133 329
563 116
714 157
1139 267
913 12
983 347
863 676
1102 507
674 216
891 240
939 278
1129 408
899 42
112 473
809 43
941 7
1151 385
727 693
630 162
895 205
969 182
199 438
188 357
867 36
661 89
277 150
1084 109
167 415
859 32
770 165
1019 191
827 244
784 149
850 19
686 89
676 53
293 473
958 9
857 266
134 487
905 37
1113 276
530 36
910 134
708 359
1119 370
249 179
334 355
272 431
862 25
912 104
817 108
1146 210
893 37
578 102
1128 244
309 471
648 189
1008 71
227 478
969 224
745 131
879 167
82 326
641 5
669 116
910 243
1119 197
696 254
1086 261
786 153
208 462
797 318
215 227
1013 65
819 59
832 100
1007 146
884 285
772 106
797 310
637 195
247 178
782 710
857 18
788 339
605 141
1056 83
234 185
704 4
543 20
306 248
559 60
1065 173
724 142
973 493
680 188
576 166
816 352
647 98
973 23
879 202
1036 161
560 101
794 409
342 450
1030 190
1012 216
530 77
940 102
674 57
212 179
1050 290
705 187
181 251
870 294
909 348
746 195
149 465
447 658
777 102
768 36
709 129
310 699
125 266
1106 125
863 356
669 108
819 668
882 281
906 409
696 170
765 706
1023 81
1125 118
624 126
570 22
966 407
359 41
555 110
821 363
205 465
543 24
1010 40
204 442
140 283
1016 33
966 216
1095 156
941 225
170 516
919 23
1003 63
1050 95
851 690
694 181
892 86
726 604
1140 213
578 594
641 94
159 147
103 225
703 79
891 21
430 464
757 105
634 47
598 168
734 24
508 151
203 488
668 62
435 99
878 340
620 211
716 9
652 133
602 59
1035 187
505 83
802 378
1110 120
1104 159
741 3
124 190
1127 171
644 24
739 389
112 237
600 21
781 712
989 274
847 4
1152 370
905 26
732 232
678 178
912 130
554 220
628 128
1029 35
629 176
832 197
564 263
774 132
823 6
1043 516
898 32
999 25
768 141
951 119
780 612
551 66
890 41
736 42
1008 42
1112 99
1014 234
594 559
169 195
457 122
1005 59
1012 69
1046 102
260 341
286 386
690 707
936 59
98 495
1055 106
1094 56
1058 96
174 176
968 153
1050 48
1065 94
593 263
851 33
195 280
939 192
831 7
235 186
892 39
1067 90
310 234
873 213
866 30
189 123
986 76
282 238
210 147
1090 119
739 606
1126 128
974 72
137 315
195 458
863 18
240 194
905 24
116 444
851 30
918 39
1144 137
103 9
1091 170
301 392
967 29
140 335
128 180
889 35
887 33
834 276
722 606
948 32
128 522
1079 73
124 226
217 513
201 286
1084 70
973 57
125 235
162 452
192 479
1090 117
204 586
107 369
148 468
967 50
136 501
110 222
915 23
708 602
92 269
1121 73
178 188
298 333
1104 88
175 456
1094 61
672 72
192 429
178 110
185 575
1057 38
253 486
935 78
585 44
167 475
127 201
981 56
1087 96
137 290
1063 82
115 375
179 266
1090 94
964 66
203 149
1053 64
953 69
142 271
1100 85
870 24
570 30
124 551
245 445
221 295
104 372
276 363
137 460
981 64
236 406
982 48
108 475
111 410
928 50
890 17
130 402
1074 108
873 133
299 423
126 290
1235 623
850 7
105 455
716 604
114 268
826 6
1064 107
881 34
842 18
1216 540
170 150
767 646
994 23
1127 101
928 12
168 171
1114 106
404 403
254 556
1071 89
211 476
197 180
1063 83
999 41
175 181
84 381
649 419
250 390
729 593
174 209
901 685
827 668
968 24
101 361
1092 102
988 89
958 28
880 207
969 20
333 263
148 477
910 43
163 105
138 396
980 60
869 9
1106 64
915 5
261 411
569 26
974 1
1045 92
1056 30
946 20
1007 43
835 1
311 323
223 401
1060 32
1010 50
173 325
1086 120
1014 86
1024 86
193 152
977 13
1109 114
966 29
1010 29
890 371
1102 107
1025 22
195 182
239 469
1017 85
939 51
216 214
1115 75
845 19
953 78
953 63
169 323
827 7
1120 127
871 18
172 310
1011 22
1009 49
162 209
246 333
206 481
236 200
83 386
231 248
95 275
874 25
193 138
995 77
511 712
175 332
104 464
1006 60
1039 66
1043 87
472 443
173 469
856 37
245 178
1038 13
149 292
273 483
93 340
958 52
869 39
246 239
303 504
886 10
100 314
197 198
992 17
167 474
963 46
96 436
837 10
924 56
192 334
227 166
1050 81
916 40
620 215
1122 133
213 177
259 164
871 17
847 23
274 439
220 267
1099 119
156 197
281 160
1021 83
918 30
154 250
1093 71
908 1
485 413
1175 17
118 257
98 473
270 353
1093 63
1056 102
1045 71
893 4
604 68
1102 116
1183 673
922 181
158 420
1072 96
1061 83
815 58
253 155
220 388
148 138
257 261
716 162
114 414
1101 70
976 8
976 27
978 229
690 216
810 643
138 526
1057 48
120 198
1057 82
889 18
845 9
608 91
189 179
895 43
1074 43
208 287
1053 99
245 462
856 19
133 177
324 502
948 14
311 434
204 171
316 323
491 227
1087 58
222 223
560 24
938 19
177 76
204 424
1121 115
1083 50
514 547
888 28
231 386
115 373
880 33
143 472
169 128
1035 77
193 268
932 41
150 353
114 533
1017 98
1045 82
180 470
201 185
184 171
1011 67
1094 219
260 142
894 247
233 383
1060 53
1024 45
103 468
889 12
270 533
886 24
946 65
419 98
1016 28
977 53
1111 709
941 187
919 54
512 28
1011 96
274 222
976 75
1126 134
941 20
749 13
890 161
940 382
184 114
900 236
1102 185
1094 78
639 134
1004 41
1042 87
349 685
1015 233
191 427
179 215
119 307
976 61
203 195
1024 13
846 237
944 76
1128 305
1054 111
1073 97
156 175
1079 234
275 522
208 153
1100 669
744 648
177 169
207 141
154 310
206 290
600 151
153 309
1013 226
742 174
134 555
109 472
711 583
561 6
760 11
146 418
217 200
559 31
774 352
477 422
1042 79
822 3
164 398
1156 335
809 4
1093 472
571 45
1029 227
996 77
255 119
904 20
1064 108
1126 284
703 194
116 471
1047 65
1027 87
237 383
660 147
1149 120
222 469
1064 57
175 484
563 83
1103 106
172 169
701 219
728 148
721 160
732 25
977 182
162 399
