676 341
882 53
755 316
338 508
570 4
425 304
950 109
748 295
145 311
822 127
971 390
246 152
986 122
830 222
786 87
833 220
666 276
733 333
714 529
623 264
761 248
766 241
539 137
403 233
417 130
508 418
336 172
35 584
716 647
532 326
393 267
926 57
133 390
884 81
990 87
223 47
150 458
873 90
764 153
281 142
1068 239
1044 100
1012 590
841 674
974 189
486 484
551 408
581 54
557 460
388 359
448 251
532 459
165 650
957 210
356 571
701 547
799 177
656 167
624 368
840 611
701 355
670 89
556 20
633 188
564 413
167 52
741 82
241 716
311 264
1009 57
34 569
671 426
975 75
829 101
871 225
252 466
767 160
301 196
671 257
21 566
696 485
640 284
394 707
751 95
611 171
13 589
539 299
846 298
799 205
32 611
787 640
826 241
969 308
12 589
855 300
488 348
405 245
318 428
429 118
639 287
206 427
596 476
324 709
1118 229
363 430
504 479
505 554
646 554
333 432
1091 124
880 191
977 43
1025 46
961 88
698 223
531 202
870 185
840 175
825 43
481 534
1036 219
876 701
559 99
141 319
236 606
789 674
424 349
1003 2
895 86
718 293
109 447
817 214
535 359
842 60
866 129
683 82
294 209
857 370
239 704
656 310
645 152
1036 19
882 44
380 498
831 169
26 526
348 353
179 341
754 159
573 518
777 704
1028 21
889 33
917 114
376 108
951 268
833 133
605 427
729 503
103 164
651 337
722 136
805 309
626 151
901 44
913 225
812 159
848 80
695 124
1111 165
638 422
834 58
928 403
102 463
54 598
110 431
371 667
219 147
276 183
946 9
1185 469
1038 281
751 148
47 579
871 711
929 158
472 323
925 448
390 558
283 710
278 402
965 80
863 196
317 534
454 500
414 195
1024 332
744 262
968 606
704 114
742 120
853 660
845 47
1163 492
540 445
1080 90
696 278
970 575
596 442
893 103
776 281
518 716
804 294
1068 24
797 332
923 666
613 515
572 246
1026 415
665 96
38 615
839 206
870 103
1043 53
648 200
943 10
518 241
672 483
1043 152
559 401
827 41
363 40
979 239
801 267
655 550
1130 163
924 113
650 97
433 488
990 89
462 218
999 625
395 588
1040 13
1016 18
782 117
187 436
387 348
600 405
1061 23
571 93
803 696
190 315
585 102
340 173
476 532
893 133
942 74
775 119
432 337
760 285
898 660
765 268
759 577
841 247
427 23
659 193
925 714
712 296
416 106
1117 224
436 288
1189 648
390 406
898 83
577 479
337 586
896 194
829 136
883 131
902 175
709 128
918 57
424 468
523 371
982 90
783 653
830 150
808 243
494 112
1042 665
430 327
355 85
998 86
128 281
895 676
493 284
909 62
762 313
646 328
600 509
988 147
983 58
734 263
1007 94
439 101
914 90
1009 40
559 497
612 478
288 420
969 600
299 416
702 108
656 504
330 594
643 364
791 216
930 6
926 127
279 437
100 361
517 12
770 645
392 131
869 566
555 492
551 32
915 141
753 51
322 184
832 191
800 268
745 271
747 25
950 16
659 154
952 292
1053 28
291 436
439 437
691 108
980 173
771 105
747 42
470 462
827 130
611 160
771 111
613 346
690 226
816 288
546 408
436 98
923 79
1060 26
912 277
934 102
940 121
993 32
316 201
81 422
900 78
188 6
934 208
268 64
176 513
1173 269
902 82
588 435
931 29
833 266
726 691
457 117
597 452
874 198
664 467
584 462
391 32
905 233
98 436
1032 5
906 178
367 441
750 666
198 542
930 648
883 111
652 390
837 178
855 193
679 285
762 471
613 336
553 184
258 464
1264 665
874 12
1194 702
636 227
542 593
610 415
774 14
315 264
967 103
950 35
542 195
391 255
845 510
522 440
901 108
380 128
972 76
774 284
797 702
1166 641
895 571
745 287
608 87
490 245
841 685
534 158
806 293
591 532
597 443
689 258
555 242
568 408
1007 2
692 303
550 254
852 144
1015 53
935 578
1024 35
1010 142
845 41
766 311
660 592
461 180
278 256
879 68
921 702
965 94
955 618
532 38
701 111
165 286
433 533
576 226
200 404
630 263
724 488
934 17
421 444
275 481
804 227
579 450
591 350
971 163
173 211
964 102
789 31
1095 177
895 596
432 342
827 372
241 464
880 206
851 381
929 133
814 319
646 193
903 167
856 216
677 666
666 77
398 390
999 578
1121 140
951 125
706 474
638 483
527 121
831 259
565 410
689 366
1124 177
1075 642
989 18
83 406
933 693
716 298
520 426
1036 10
1105 706
257 150
908 50
609 301
814 517
607 310
973 36
774 594
1104 151
434 565
911 90
881 86
883 242
347 12
458 131
1141 639
777 297
502 380
271 71
1010 23
553 185
761 679
936 444
742 262
608 89
835 704
823 252
1045 206
304 104
505 287
604 509
1057 144
656 395
137 452
345 428
497 77
929 195
776 8
524 564
300 50
763 24
946 228
285 485
862 226
1036 145
895 115
796 519
838 168
874 475
926 175
633 284
944 177
658 45
956 584
891 633
385 411
367 78
554 393
38 644
735 175
997 394
701 217
574 143
149 219
604 318
182 266
83 285
967 49
948 71
563 206
751 203
446 41
641 113
309 399
482 74
292 406
618 133
904 198
877 174
826 109
307 419
889 315
1118 690
729 186
410 121
379 671
377 698
749 339
387 352
179 93
785 254
874 702
804 244
539 56
847 356
458 443
172 467
895 20
794 197
574 124
833 619
570 441
949 569
761 351
575 6
273 701
370 286
663 286
222 204
23 508
446 220
628 338
981 52
766 65
434 469
641 577
589 387
838 144
890 181
785 169
467 433
647 554
171 428
772 511
111 394
912 156
643 341
930 21
955 150
376 408
110 422
643 193
999 106
763 249
153 493
566 142
758 305
734 109
621 503
901 148
767 107
1118 155
592 28
214 157
796 137
944 20
540 497
732 263
705 532
717 198
282 395
515 441
764 718
505 119
444 231
1026 112
327 532
457 215
685 6
721 10
790 258
833 182
700 262
677 45
608 402
916 44
655 195
654 85
556 439
683 494
790 269
948 102
1116 204
777 14
100 171
644 349
645 326
580 455
985 667
896 37
861 156
315 470
489 113
879 193
590 169
940 123
686 128
919 40
870 70
33 631
955 104
800 707
604 438
936 152
611 43
717 209
871 142
489 530
605 280
207 155
899 121
513 163
717 72
965 4
384 56
874 167
202 508
648 377
574 45
128 333
177 154
943 623
93 473
577 532
982 297
718 414
766 466
731 283
385 335
672 258
705 254
470 145
815 36
717 285
1274 645
637 386
630 352
424 377
965 68
604 160
699 63
614 183
525 29
674 420
313 235
443 404
786 78
766 254
535 310
958 79
103 239
615 77
89 439
862 209
1031 23
943 87
615 398
586 328
402 452
629 548
1035 138
659 446
359 567
953 579
724 267
755 335
478 482
669 357
645 181
883 224
361 433
396 150
572 401
295 262
945 53
659 464
896 622
364 276
431 541
453 354
653 163
284 473
259 440
702 3
921 133
141 292
926 38
987 85
773 302
976 115
917 123
674 232
638 230
677 272
875 264
435 140
750 156
160 291
840 17
874 17
815 110
852 629
330 399
682 364
645 397
391 425
524 551
427 405
423 101
819 194
1026 263
410 257
662 362
872 47
121 189
533 99
132 478
702 118
675 17
786 208
1110 234
669 326
515 41
961 127
553 149
381 66
482 544
832 287
327 410
963 197
565 516
230 220
522 487
94 423
897 172
707 390
992 17
1031 696
835 182
928 691
374 486
1023 38
972 68
594 222
483 284
879 178
864 166
497 400
292 318
834 712
618 212
636 342
329 511
931 184
905 537
641 130
847 245
933 108
867 180
937 82
704 196
323 16
322 259
897 60
570 264
370 201
562 15
234 315
1003 188
444 336
190 137
892 59
880 262
1034 20
277 187
603 70
732 252
927 77
998 97
1143 359
316 712
236 368
886 114
854 51
102 397
820 263
839 70
354 679
908 198
24 504
782 129
569 142
907 173
540 367
781 91
847 36
1005 12
108 331
810 41
877 175
1069 175
953 559
969 20
441 416
836 105
780 205
391 512
962 116
777 245
976 78
827 505
802 165
1068 166
215 273
169 235
641 395
681 349
600 155
1020 66
853 41
494 228
249 350
827 260
101 638
334 438
1035 19
995 632
478 506
1113 177
639 458
456 232
463 171
906 84
907 84
90 464
617 389
852 700
966 5
1064 131
612 267
930 613
693 537
224 134
950 95
627 436
1105 178
375 117
812 93
768 171
447 512
867 187
849 252
959 218
662 121
855 131
1033 30
752 268
117 213
908 657
639 362
928 152
449 162
443 697
578 431
1031 633
476 503
838 72
473 468
125 233
969 503
539 415
757 405
864 109
903 172
660 291
760 346
766 242
1028 10
616 438
627 328
1039 167
997 31
218 334
207 478
17 490
322 325
964 225
743 205
834 51
485 202
151 99
997 39
604 7
1012 46
959 57
852 112
976 67
929 134
988 107
985 130
437 28
801 530
910 41
454 277
750 274
976 30
159 544
256 127
923 155
225 412
600 294
760 232
762 186
806 186
946 210
467 49
529 402
383 383
972 18
705 164
733 288
481 472
141 374
747 503
929 152
774 115
1147 666
508 569
877 316
621 370
254 328
775 59
323 187
945 193
254 171
1043 464
806 290
175 532
149 391
442 384
296 235
744 63
597 153
928 118
913 59
621 178
609 578
113 148
541 148
269 422
456 147
987 108
631 292
610 406
941 385
819 233
391 66
545 93
235 337
681 28
827 330
900 111
455 564
282 336
611 515
1032 123
728 317
934 62
685 70
1008 86
970 32
709 451
938 20
889 229
415 537
637 423
448 271
688 331
668 199
119 397
447 325
978 708
1031 12
814 147
445 506
780 580
418 395
883 30
629 225
747 256
857 76
574 207
612 500
1018 100
992 106
926 161
352 94
107 451
930 41
924 705
628 346
957 22
1031 44
842 279
861 192
836 273
182 621
919 160
456 140
953 65
877 713
364 480
324 462
779 121
620 284
979 378
233 380
351 215
733 244
652 402
785 307
918 228
604 339
994 3
394 384
657 304
651 379
137 696
335 492
741 121
796 90
284 250
780 175
1017 12
633 410
549 503
1028 58
792 302
859 307
855 172
920 70
1030 97
1205 273
1065 680
553 424
506 229
903 274
723 104
614 331
756 151
85 419
400 225
787 606
371 232
849 258
801 494
312 593
243 111
176 94
759 93
1023 49
481 485
170 476
343 449
435 40
241 458
929 150
460 541
764 252
702 274
472 301
753 700
440 124
494 100
770 100
223 445
578 534
606 437
992 67
575 58
571 565
886 292
423 442
220 147
461 369
900 180
243 368
912 53
897 219
957 637
502 496
810 162
555 318
964 1
91 215
805 251
801 269
445 153
598 95
513 242
1014 18
772 162
904 390
845 119
371 345
737 278
990 170
466 259
112 512
456 64
1032 43
946 91
613 354
942 135
658 388
863 213
990 85
277 209
1042 35
846 140
596 44
814 50
861 70
398 517
962 24
427 107
1017 25
31 567
980 174
762 226
356 166
238 90
484 396
967 16
238 465
1158 609
261 507
514 237
179 191
805 162
33 619
623 441
1025 616
851 98
345 716
588 566
799 132
224 351
538 351
618 103
771 461
607 269
518 370
22 531
468 220
497 267
254 695
462 459
749 81
515 266
362 211
725 293
942 73
315 439
462 376
366 528
653 453
587 456
99 200
953 107
717 376
531 521
716 122
1013 38
360 453
470 96
982 80
454 250
820 198
1042 649
1064 178
229 476
913 120
556 224
1047 14
676 442
940 321
258 709
641 413
659 83
952 100
277 427
529 466
437 175
363 103
217 353
560 467
926 145
1037 8
1036 6
939 710
819 70
695 289
676 85
676 360
904 60
926 206
1105 222
490 224
865 489
807 102
754 120
935 77
1042 45
713 7
889 709
1008 44
847 318
961 166
979 673
552 479
430 63
824 58
997 68
802 221
333 452
1133 112
829 131
960 82
735 343
863 707
938 126
801 139
921 135
650 308
850 58
638 254
170 144
651 473
750 233
595 510
259 389
665 304
734 57
337 215
848 81
468 521
776 149
547 480
338 385
267 385
125 356
675 292
1074 625
154 708
892 622
746 234
661 471
1181 656
529 464
669 536
338 341
205 427
423 438
910 523
418 342
892 712
438 357
564 425
658 552
860 159
833 710
100 187
192 307
286 505
117 353
632 139
571 507
441 313
106 154
535 44
575 366
96 328
949 91
654 435
820 539
747 102
551 160
1006 289
789 717
505 476
894 200
42 564
659 443
248 148
770 512
683 315
360 407
525 430
953 89
831 613
613 431
636 542
946 65
540 405
610 447
741 147
552 25
516 154
773 501
777 184
94 392
1026 15
317 499
738 305
1053 99
637 392
869 61
803 208
981 675
479 138
699 275
107 151
509 355
821 444
1026 24
433 352
471 489
1066 37
605 351
653 359
750 200
884 613
795 695
299 432
1027 77
1027 41
255 459
805 189
47 637
522 464
589 454
184 438
640 407
810 242
347 229
804 91
929 132
256 318
270 372
1010 2
1138 671
550 89
884 289
598 524
405 461
1109 672
886 46
880 111
1034 124
1119 124
127 443
867 124
504 318
145 695
442 301
574 456
975 39
625 343
618 335
241 714
982 8
830 183
804 177
420 163
1020 57
623 346
227 290
1050 17
570 452
925 21
883 71
659 184
1025 4
596 330
878 130
981 83
459 541
646 82
693 273
1025 215
654 348
1017 631
814 502
866 518
552 555
535 424
494 466
560 396
461 116
461 40
857 622
763 699
606 373
938 53
910 247
814 71
763 300
638 194
282 452
677 311
602 8
775 300
510 448
350 706
1006 174
640 383
875 177
663 440
365 302
326 703
30 608
955 19
861 700
377 94
479 667
312 107
458 522
963 86
490 296
346 231
579 360
946 157
650 333
1069 25
554 504
110 334
864 110
412 1
607 55
898 332
704 309
855 11
881 72
617 531
668 254
793 155
1153 671
907 143
736 587
632 396
958 39
681 98
530 391
800 250
964 78
867 491
891 139
600 349
801 178
965 462
750 192
819 350
395 455
1132 122
294 532
1049 7
1037 18
745 171
1056 627
1014 52
1037 28
1032 37
736 327
1045 24
973 161
433 456
817 83
971 111
1030 621
631 38
566 427
183 33
912 99
504 502
890 106
939 666
437 493
661 220
901 56
681 575
868 143
148 454
392 101
912 18
428 160
205 385
683 309
653 375
968 118
341 441
520 380
545 359
743 251
379 285
507 310
907 46
605 173
589 146
915 47
236 351
596 434
332 417
1016 454
780 198
1098 194
676 101
717 287
945 45
568 570
457 290
755 160
450 166
605 342
690 329
445 400
472 226
682 40
913 124
1040 96
153 330
962 6
424 215
554 511
217 152
894 247
440 195
892 74
887 653
645 322
910 139
1066 641
673 274
965 1
797 517
439 208
651 210
863 200
773 216
175 323
1097 112
1141 131
708 238
433 407
238 510
971 143
458 235
508 374
646 394
1028 65
1029 27
1038 15
595 335
703 397
948 267
543 117
750 336
753 213
190 311
1049 202
734 291
922 95
750 9
536 354
550 427
466 504
914 60
716 127
916 36
773 166
721 560
962 176
487 206
686 206
850 93
139 129
350 341
871 251
966 330
285 436
782 711
581 489
468 39
694 500
719 194
730 362
592 310
1023 60
441 120
816 187
423 221
712 129
537 427
644 427
768 290
739 279
1019 87
763 92
557 316
773 518
1164 254
606 357
114 152
921 22
410 378
860 225
438 308
152 293
569 506
438 433
426 397
354 494
476 156
465 467
153 147
249 165
941 14
1264 14
661 532
129 665
1021 8
895 21
560 303
916 185
991 671
434 481
835 298
284 202
410 87
947 199
748 648
812 497
1079 642
164 150
1097 150
813 39
161 600
892 182
1035 7
1007 44
881 140
647 257
942 154
821 225
870 72
836 126
630 427
736 115
983 13
1036 623
1054 25
855 227
280 528
965 471
901 218
386 509
668 661
542 80
884 386
710 192
161 264
911 56
686 297
909 508
589 354
842 490
1004 93
390 220
354 487
872 506
799 217
900 84
999 21
423 483
907 102
725 277
935 112
854 91
681 303
949 32
810 213
780 232
490 281
446 224
535 382
757 200
327 694
345 37
513 550
995 672
799 235
344 324
756 241
419 522
645 226
408 118
383 374
734 296
834 265
972 237
1002 2
725 299
885 219
1025 53
869 239
570 497
895 91
802 194
892 194
538 114
960 76
122 684
926 179
985 97
663 83
307 471
781 212
723 153
154 314
781 358
798 520
662 98
1097 676
816 84
963 250
972 105
985 128
614 374
855 65
694 172
227 468
786 137
926 394
573 416
884 170
275 315
297 286
828 259
782 539
651 343
427 335
661 251
640 112
775 144
1194 671
502 479
384 279
777 109
735 327
586 462
795 156
906 62
844 138
567 502
702 691
496 490
812 232
302 220
529 387
945 115
249 234
673 459
661 233
828 169
596 601
858 209
1045 51
742 111
668 375
924 27
586 449
692 236
615 186
756 475
939 148
998 53
569 18
470 558
910 84
788 528
695 380
485 426
808 150
987 153
1044 22
1074 139
132 144
299 571
1011 44
805 306
392 472
847 203
769 267
290 413
590 77
803 77
655 388
834 107
634 109
569 154
594 416
183 527
619 365
848 565
548 405
400 425
866 128
186 182
1088 146
892 37
370 132
294 594
548 501
416 512
933 5
940 48
203 468
118 144
593 521
525 271
749 127
406 182
574 597
1037 17
999 72
658 355
806 229
24 604
680 319
621 249
793 254
993 39
709 553
1066 107
807 36
1078 607
772 23
911 76
966 10
531 98
664 270
640 464
721 43
600 159
1098 119
534 550
1006 611
658 365
889 210
618 297
641 498
696 183
585 447
479 524
761 314
811 193
1046 655
1056 20
399 244
610 513
815 83
329 501
1103 188
885 229
810 248
1055 22
1147 663
904 207
159 263
1014 88
790 198
815 7
315 503
114 446
361 603
230 485
1029 147
957 121
605 407
701 359
383 12
341 584
300 409
824 215
1018 97
859 42
840 61
1063 709
737 185
122 222
169 417
891 112
724 187
948 87
484 390
1122 154
544 190
411 31
467 541
847 88
914 380
1183 645
26 577
913 70
1017 215
597 330
1032 207
557 379
388 385
683 174
723 276
845 124
746 336
553 439
756 292
812 218
137 530
289 469
849 466
328 325
514 107
952 668
543 199
585 188
1106 182
851 60
921 192
921 181
1029 195
762 154
672 563
400 451
589 213
1037 75
859 192
256 414
624 285
897 195
568 477
1087 173
744 111
2 482
508 169
665 169
802 712
847 623
900 66
636 312
203 500
419 385
614 385
1044 37
403 287
902 121
1032 35
882 669
985 9
479 536
728 536
536 448
1069 17
259 467
725 305
625 453
553 369
1079 172
680 4
819 685
640 326
883 106
792 535
467 50
423 10
786 307
964 29
637 442
751 257
843 180
728 465
390 381
513 190
565 24
418 293
202 84
711 60
1068 153
781 258
487 455
869 122
585 499
654 118
869 637
823 160
321 450
400 484
860 183
1104 183
804 326
226 21
855 174
905 672
1204 568
652 303
986 49
899 683
574 438
997 35
739 138
992 129
1024 615
576 301
811 702
601 409
876 538
842 252
616 561
804 695
1107 272
1035 119
686 518
428 138
685 332
564 119
404 389
582 484
631 334
503 373
615 35
271 415
836 128
752 297
924 159
989 75
793 120
706 35
581 365
740 185
981 16
244 323
900 65
954 148
834 57
874 222
914 26
864 88
950 620
668 301
550 316
221 224
699 404
649 423
285 188
639 342
1069 82
248 178
732 277
718 41
318 453
284 416
716 207
334 405
580 50
317 145
804 202
692 480
342 116
602 493
984 126
870 127
669 293
831 556
910 698
733 243
714 303
622 551
830 185
346 259
949 89
837 227
890 48
887 193
562 497
655 430
629 234
564 440
864 151
538 405
724 331
791 259
974 110
287 524
494 187
287 512
898 232
517 213
743 611
831 154
914 16
186 15
892 55
901 53
486 2
472 518
817 589
687 129
22 538
172 160
525 138
871 79
853 58
892 617
186 392
953 646
785 520
602 239
555 438
178 486
251 333
811 81
593 436
540 468
1040 36
1183 671
873 137
687 316
1165 601
296 256
810 689
83 423
665 4
355 394
676 326
647 373
173 456
652 419
328 546
641 330
816 153
513 500
531 260
671 583
877 583
465 501
925 202
807 592
880 237
837 606
845 255
711 48
969 58
541 530
665 173
823 177
1019 135
895 217
238 239
608 420
849 209
468 5
761 141
1046 117
728 656
89 362
581 414
374 359
356 331
738 528
727 78
381 498
219 328
213 715
1183 715
575 576
1205 359
385 333
513 260
572 13
894 669
936 449
236 696
919 217
1139 182
763 66
516 396
655 462
880 270
846 63
808 210
801 155
984 62
580 392
1045 88
933 42
947 170
654 395
270 345
628 558
585 132
1162 682
741 414
133 478
727 7
845 223
936 2
487 164
772 271
858 167
858 688
167 268
603 406
850 559
554 4
1020 28
899 211
951 15
171 213
867 67
751 246
821 221
265 389
642 343
508 237
589 562
907 73
587 492
1092 150
826 85
440 547
634 308
990 32
1005 52
602 238
681 652
1000 95
874 88
658 236
681 512
637 324
947 11
748 264
896 25
660 526
436 341
667 514
389 406
341 199
569 174
406 35
857 71
577 607
245 448
690 500
680 202
936 173
595 447
861 507
247 24
922 107
1136 341
1035 142
1002 53
648 4
1069 114
533 232
535 507
822 121
356 686
930 57
993 89
1035 29
1149 453
329 404
1040 670
456 99
486 0
519 264
243 501
313 693
723 308
317 332
138 479
315 481
209 452
133 672
752 140
1127 145
696 98
120 402
819 136
876 131
745 298
781 231
612 444
622 396
732 287
896 106
191 473
463 163
566 207
558 329
669 351
1141 509
890 96
1000 65
323 707
889 128
644 508
195 326
498 286
1012 62
475 461
668 695
799 325
744 268
711 236
456 73
810 93
839 558
980 9
620 317
627 72
1012 20
382 515
753 66
636 398
915 589
886 197
600 432
916 204
666 179
929 115
563 236
788 676
985 515
617 513
982 546
872 517
789 166
914 64
437 506
125 123
333 218
832 49
731 498
1028 668
896 585
749 312
843 528
1041 48
499 280
972 659
672 353
377 404
861 218
1097 76
968 645
645 111
540 471
676 510
1105 665
1138 681
766 149
682 42
714 172
616 450
684 402
865 616
828 255
752 302
753 521
721 482
425 185
417 526
558 145
375 416
767 3
273 364
728 179
762 303
404 68
962 66
635 325
239 431
717 79
684 524
846 215
1145 500
320 62
844 38
801 73
828 13
821 239
513 454
257 443
960 57
926 95
1022 67
565 259
1187 443
184 308
294 415
514 466
981 55
740 180
90 312
784 124
410 511
528 118
242 486
491 499
471 415
403 574
480 396
771 214
308 718
984 6
1036 45
128 651
951 13
807 75
914 307
913 206
532 714
918 145
869 73
938 404
831 234
527 462
328 482
1074 196
871 92
174 197
878 51
1054 26
812 155
660 433
676 356
941 71
385 363
657 486
669 523
919 121
702 163
912 82
519 386
754 316
1123 197
1117 210
971 164
740 444
931 189
617 540
801 21
822 12
759 311
597 115
722 285
672 283
722 437
916 123
969 94
147 590
761 466
1049 124
896 75
798 161
982 602
607 116
493 18
560 426
90 350
619 517
826 66
200 498
921 141
1045 38
560 403
793 154
965 104
1045 30
473 496
967 68
929 165
485 216
1022 108
750 288
632 394
718 181
715 270
670 264
886 216
597 472
736 265
966 622
521 337
1007 3
413 528
457 385
710 142
841 184
124 269
675 273
228 18
789 279
959 73
753 249
1066 12
953 224
943 57
925 152
719 317
942 166
1165 657
1042 140
420 122
913 210
1172 634
758 111
473 475
171 569
968 6
905 176
394 159
824 526
821 708
1008 714
446 497
775 661
789 222
659 254
723 7
726 96
213 9
759 466
653 478
658 152
819 152
429 218
728 636
603 40
1022 25
938 51
649 357
1152 301
202 196
160 414
661 542
629 447
1026 59
733 289
928 710
172 204
942 13
608 335
977 52
614 444
1002 96
515 445
1040 37
662 391
1191 672
601 253
154 714
126 529
811 604
788 248
645 411
1024 22
893 68
723 474
275 120
866 76
733 455
794 264
684 260
978 67
831 271
563 415
1035 198
1046 184
1086 677
612 30
643 32
354 331
1038 29
405 535
163 505
515 50
565 470
550 275
455 496
705 74
1025 19
801 534
507 350
268 431
1127 164
999 131
1001 634
909 114
613 358
700 251
539 523
741 251
450 134
559 66
1042 192
19 579
454 527
872 103
722 294
764 671
884 7
305 712
695 409
629 397
932 57
138 122
1153 208
116 157
565 326
75 272
933 54
211 600
320 416
700 52
833 244
220 285
990 24
826 686
105 631
571 396
815 515
377 701
510 476
1145 128
181 99
984 674
873 195
531 222
804 159
683 39
764 92
904 33
916 158
566 435
718 99
658 220
507 51
899 188
650 421
745 325
695 254
511 430
996 18
761 284
1031 189
1047 38
388 398
1256 40
1001 167
417 322
1066 74
823 46
977 5
949 54
1074 220
712 470
841 102
772 224
574 14
338 460
577 338
1139 140
655 538
739 312
331 330
657 88
747 307
380 174
607 461
598 19
525 289
961 66
177 49
804 267
919 195
840 162
803 271
882 86
875 132
694 267
753 143
1024 25
179 250
437 547
1 516
12 547
465 63
847 649
643 424
963 106
1210 437
743 295
1059 21
2 601
1033 82
969 116
1218 407
630 386
743 316
316 715
517 534
857 507
839 180
839 65
897 169
833 310
672 276
419 457
743 6
975 522
375 710
143 679
1029 30
465 200
103 318
558 557
949 44
287 714
895 47
745 559
597 269
912 203
488 66
707 481
644 221
544 506
860 177
348 429
101 223
517 19
868 539
735 245
915 60
385 384
270 228
401 528
1003 19
811 288
834 281
1178 493
930 149
862 255
774 309
511 678
837 540
243 198
713 412
827 46
126 432
561 134
755 3
918 700
880 563
654 50
764 138
874 62
807 494
511 455
661 538
1031 666
744 182
330 242
173 190
560 280
819 110
524 363
892 239
688 49
931 158
586 479
944 77
871 48
479 717
666 629
414 35
536 437
750 185
1202 439
371 407
920 567
773 319
572 350
593 450
530 441
526 162
20 525
923 55
192 391
1025 41
994 59
778 508
528 400
1008 81
822 22
257 354
232 114
793 83
684 434
292 513
274 143
206 91
620 461
539 8
982 102
589 447
334 464
918 1
642 110
149 67
992 29
593 493
532 323
936 6
452 12
88 439
103 520
752 512
222 21
895 117
534 322
442 232
136 382
731 711
485 118
991 40
860 385
1005 106
622 353
964 201
715 448
967 81
371 182
972 447
1047 160
320 92
643 242
907 177
930 64
244 478
998 209
848 132
989 109
605 466
857 140
744 278
953 115
872 142
650 357
813 247
240 417
103 163
618 463
1123 508
524 421
229 463
1082 144
58 589
879 566
818 283
534 174
621 172
872 113
616 76
707 719
673 211
1142 205
114 703
744 471
931 434
776 243
15 579
801 129
945 133
835 227
864 207
520 439
453 133
979 229
392 245
560 294
106 329
1202 388
867 188
941 701
1135 627
529 435
902 223
643 399
772 291
1025 3
464 14
385 714
575 503
790 544
306 408
342 713
867 224
738 230
89 402
162 76
652 415
43 82
688 258
925 127
524 284
721 362
967 635
778 518
567 396
993 182
199 466
941 24
899 222
739 125
383 202
935 59
673 232
660 57
521 675
593 27
445 201
540 510
921 30
132 334
1125 623
714 271
596 566
978 561
988 164
1043 298
157 80
767 280
979 452
830 178
802 155
503 59
892 95
491 186
380 241
219 164
160 367
826 187
667 363
1062 103
690 364
1122 259
412 545
119 464
768 547
477 290
426 401
916 564
885 212
999 221
555 520
793 187
959 603
904 81
862 9
306 399
1068 348
444 555
918 46
711 227
669 468
614 242
1020 33
1057 40
763 252
626 396
859 93
396 161
458 183
790 119
1168 651
810 68
121 378
712 106
1045 59
929 201
919 91
819 234
712 347
477 379
957 128
165 444
1087 164
948 144
698 585
1164 203
904 50
654 415
762 194
877 491
963 16
1024 23
1141 667
684 488
889 40
1007 42
1042 37
856 544
1030 44
932 36
850 676
1038 234
867 142
1089 85
1071 329
767 224
927 52
739 324
914 15
1067 152
665 265
168 210
214 203
86 271
511 215
143 430
875 589
892 51
855 715
542 321
699 425
766 286
948 90
920 203
952 203
529 105
521 216
993 36
915 197
852 221
293 80
782 61
889 261
980 186
676 506
117 134
1058 194
770 247
509 271
865 216
692 630
576 463
874 236
974 195
425 388
390 493
915 73
123 469
911 139
725 380
916 594
401 558
788 256
1025 177
1024 49
396 470
1004 75
829 62
1016 121
857 191
626 240
598 234
190 275
691 151
516 365
1055 137
934 31
733 291
786 220
933 256
756 198
994 231
995 23
590 439
298 510
261 55
301 488
865 49
586 331
933 77
817 63
955 598
663 308
891 587
240 719
940 627
779 312
383 251
816 126
1020 52
1013 37
989 206
347 622
1223 666
817 49
444 692
701 132
998 21
995 625
721 230
438 448
614 358
723 194
974 198
210 108
325 73
633 429
82 350
892 69
1061 136
506 502
500 518
787 622
159 45
900 189
1006 73
786 171
459 3
612 80
848 674
1191 634
863 50
844 245
578 237
797 191
444 297
446 196
1181 696
540 244
415 326
775 326
884 199
211 389
502 173
791 159
1005 61
726 287
931 230
977 11
671 349
985 181
234 16
401 488
639 537
920 551
903 263
1078 30
484 506
607 328
643 328
23 639
455 374
751 223
176 136
535 498
963 403
675 141
213 298
947 168
842 109
775 93
649 155
1194 451
998 25
794 154
974 486
490 464
494 307
803 294
352 301
757 174
798 90
516 192
819 217
1105 148
170 514
800 50
845 226
1190 544
259 412
583 412
592 322
853 53
750 261
806 102
877 106
502 211
794 208
1104 209
710 256
433 522
377 486
277 120
118 382
1143 666
454 183
1018 189
529 485
859 276
898 116
628 290
998 139
967 107
84 267
522 546
1007 617
855 705
812 621
128 704
841 358
447 584
835 251
515 379
700 268
976 571
1033 14
614 210
830 138
860 7
348 601
786 102
714 54
1128 139
797 250
735 90
887 279
942 148
370 229
495 312
756 181
430 105
753 271
648 321
958 71
806 704
397 398
123 451
993 180
873 83
302 604
354 50
924 19
892 58
454 405
714 86
228 210
249 348
465 10
540 10
1034 42
415 133
453 149
452 567
966 31
1132 718
842 630
1030 56
869 117
98 231
662 135
806 288
1024 11
1170 333
154 631
831 698
980 42
964 19
462 361
1101 195
1069 6
263 466
509 431
656 283
611 371
702 308
657 324
258 404
480 123
1064 66
285 589
24 5
1112 119
583 371
557 172
741 189
881 41
928 94
890 125
382 526
360 422
286 561
810 30
395 652
569 383
939 108
857 183
524 238
767 33
948 8
957 30
1118 195
160 486
595 420
438 378
917 87
17 568
667 408
814 70
964 7
599 351
412 392
878 36
628 262
969 199
236 719
984 63
681 96
611 363
988 118
973 22
910 103
1020 18
949 142
15 553
802 162
919 221
970 706
440 557
743 339
858 211
587 134
291 526
527 196
515 8
912 130
157 421
583 592
905 219
566 511
530 442
727 200
747 443
9 520
957 90
678 493
788 120
217 460
915 173
714 147
941 133
940 287
760 184
810 220
974 41
214 223
465 197
877 197
897 693
115 685
865 299
603 327
629 210
879 90
1011 700
1038 24
802 277
447 25
266 340
749 133
831 263
630 197
926 7
726 501
690 134
457 534
903 63
391 427
907 560
858 213
743 680
1103 694
365 330
598 201
826 225
783 151
447 56
1019 56
743 247
737 255
1019 65
556 29
1081 28
787 139
1055 60
1093 678
583 476
1013 90
534 160
200 217
955 94
757 345
3 580
779 206
819 262
645 484
146 440
1063 181
624 177
472 159
554 421
739 133
811 200
565 528
354 681
697 341
991 30
872 76
855 601
657 357
968 71
421 88
197 611
333 181
886 181
105 172
1 497
1024 195
34 628
1062 15
551 525
972 214
1005 36
723 288
893 222
974 32
425 235
950 126
979 60
952 187
938 77
634 417
274 534
527 354
1109 145
591 441
1183 638
376 523
867 247
713 202
417 105
876 223
242 197
878 201
668 198
820 140
963 52
673 284
860 109
929 34
970 156
1178 328
96 432
636 569
523 308
873 716
561 0
758 248
549 128
805 95
883 93
842 232
651 618
1038 81
441 326
777 198
952 198
884 228
164 568
1173 712
504 386
984 252
921 512
915 88
124 465
538 444
1108 184
821 516
799 595
377 482
622 47
810 104
1108 182
428 269
821 0
872 260
689 711
904 1
906 41
963 27
838 609
800 592
257 409
860 562
692 188
917 2
968 172
953 129
992 379
887 177
546 472
428 170
992 186
652 82
655 498
928 117
621 280
367 119
330 288
317 432
998 6
946 55
798 242
849 496
898 154
993 18
708 218
1054 151
860 193
781 501
593 38
838 81
1017 15
825 148
157 706
698 311
945 317
355 430
1104 314
1004 102
605 42
1006 18
878 252
200 555
904 147
961 58
447 391
1125 144
770 275
353 206
795 6
841 222
585 548
186 204
603 168
503 138
796 715
842 195
155 717
169 363
626 135
560 4
633 403
1176 638
888 0
954 555
526 551
492 167
840 104
1019 33
689 322
854 136
629 32
309 65
944 85
865 504
400 454
733 118
510 147
606 72
1033 4
544 84
881 76
446 150
907 125
762 243
534 472
1033 50
830 113
730 124
955 610
600 576
934 179
924 53
822 518
101 414
1000 58
987 161
885 165
506 313
618 592
819 676
522 372
947 322
161 536
384 370
731 166
507 545
884 364
672 428
511 54
478 66
190 237
729 293
731 187
272 409
766 592
426 304
357 393
943 43
977 273
995 51
767 353
1136 138
846 81
616 473
1119 196
489 324
387 303
918 119
677 341
854 540
239 357
1014 12
939 35
707 141
1056 127
899 607
893 712
778 619
336 417
792 591
879 221
587 16
741 260
957 56
452 395
318 245
687 674
915 123
720 717
876 138
999 90
531 275
868 613
378 264
939 213
562 138
916 622
945 685
742 150
857 302
161 96
1089 165
815 259
287 146
884 619
438 438
697 696
573 433
643 83
910 453
938 145
755 322
875 94
146 201
1169 615
497 425
692 486
981 172
169 433
624 516
364 210
801 310
655 582
786 104
159 289
146 699
211 119
237 573
572 168
786 268
437 437
875 274
787 70
964 389
225 495
688 490
1099 655
893 37
292 300
225 505
524 221
347 588
439 521
240 406
908 69
230 301
612 368
748 24
1064 221
218 447
911 85
690 321
927 54
582 197
944 89
973 187
157 693
996 55
