44 709
53 135
827 58
49 90
1249 628
41 643
764 640
70 83
8 400
905 177
747 691
506 331
1277 674
532 355
1266 609
16 596
82 55
1231 674
42 678
20 48
44 191
57 673
33 714
15 458
58 37
803 460
658 451
531 253
558 413
897 436
1061 679
323 299
1076 477
1181 207
403 339
39 444
88 365
344 425
355 331
352 671
852 349
417 264
175 230
758 324
516 562
7 660
33 699
1004 348
1084 317
22 40
352 280
449 301
200 628
188 216
68 625
737 330
566 457
0 618
1236 670
1252 649
9 480
13 291
37 708
1216 698
4 374
328 174
59 697
1122 579
1091 40
16 427
597 526
1121 451
545 244
20 26
1266 692
5 60
760 152
37 76
862 258
253 19
907 247
20 240
6 361
58 16
1232 703
237 134
799 648
858 50
27 93
1243 659
93 25
