1187 276
803 404
1087 381
981 196
980 493
804 293
677 444
1088 296
407 628
929 66
824 583
960 29
838 330
782 426
796 59
354 172
615 650
1048 350
891 462
540 142
475 323
677 335
829 499
568 29
892 323
896 203
373 415
983 402
522 446
586 514
425 713
865 370
271 719
1066 122
826 215
1052 256
998 105
535 371
720 357
927 454
820 321
1054 134
525 535
1125 303
152 512
773 217
617 390
716 382
823 154
881 194
584 88
1158 430
929 196
768 165
976 165
631 443
962 393
875 54
400 190
923 274
731 415
770 270
1135 234
776 13
323 713
601 109
548 513
949 106
994 231
748 344
1159 650
762 339
752 155
915 111
733 277
927 523
1064 304
816 370
694 337
608 476
804 149
897 259
1088 263
768 487
763 419
1047 107
949 466
495 68
905 225
829 429
1149 148
1023 669
932 296
3 45
712 453
693 3
868 381
856 198
1044 156
809 465
1026 250
716 435
994 266
973 189
859 409
744 329
1032 713
736 378
434 300
985 158
696 288
1032 39
1079 40
150 370
890 245
24 586
395 692
1184 293
988 348
241 273
543 102
796 209
997 232
1056 104
676 242
1055 430
1133 450
915 366
901 455
1005 85
980 147
524 455
216 683
812 173
716 211
460 218
295 703
903 145
1159 393
409 698
227 680
751 252
379 701
1040 115
14 544
898 525
895 221
1196 610
875 247
845 469
975 37
476 341
267 716
997 176
895 270
828 273
812 170
1076 291
866 276
1095 98
845 157
829 279
606 24
984 402
803 69
803 587
941 124
482 50
684 258
355 69
435 715
1061 129
573 557
857 568
846 440
1011 54
1174 250
694 566
1092 48
1013 367
969 261
898 430
1140 555
902 129
205 50
792 564
1009 37
1106 129
607 14
623 574
840 121
922 323
929 320
693 484
1013 303
1120 622
1043 333
397 696
1076 285
775 403
882 439
911 252
894 310
176 307
472 441
1080 13
529 103
852 105
902 366
769 216
331 717
963 172
260 690
297 459
1054 124
941 325
1048 393
971 467
1090 222
1104 25
1088 21
855 486
728 175
257 430
647 484
425 645
1161 331
585 168
995 242
926 368
30 508
544 492
758 410
990 391
673 586
1012 307
984 323
703 639
811 124
963 99
1125 99
863 212
1108 120
803 393
115 668
739 418
984 34
723 135
664 95
894 127
405 440
383 78
1003 555
856 109
1048 102
941 145
437 10
392 680
1191 621
728 495
1070 119
787 255
484 581
1022 279
636 117
1203 317
861 481
409 706
660 480
893 404
883 407
1045 249
195 339
942 42
1007 412
657 250
980 129
224 49
1035 257
1003 468
1086 342
1088 341
634 206
775 448
784 396
842 148
950 85
1076 516
825 388
1168 371
479 606
1038 69
803 516
983 259
868 411
1061 436
540 408
1114 628
947 390
958 136
1040 275
1059 402
533 91
700 430
635 497
393 131
758 341
1014 403
205 535
902 60
507 468
928 567
577 392
886 298
1076 144
904 270
134 336
461 552
1082 126
663 492
673 624
1197 242
1029 78
1091 362
733 496
1146 367
481 396
1012 423
804 428
1069 254
810 569
160 257
982 465
787 3
1018 395
985 114
1060 125
941 248
659 491
663 491
989 432
957 76
573 605
92 268
432 229
1145 225
1145 135
762 251
958 454
338 8
341 463
790 105
594 151
345 706
587 639
836 528
942 305
850 402
572 393
199 289
1058 148
339 455
868 348
756 408
815 210
1132 283
1015 73
833 376
965 240
757 444
955 333
1079 392
966 349
616 22
836 376
217 553
722 444
682 334
810 267
817 205
494 206
415 171
16 569
104 671
981 298
742 315
361 140
1189 348
859 338
1068 80
273 635
922 465
754 365
1098 113
1047 95
928 263
1035 88
538 332
832 346
965 50
535 275
1151 652
1134 169
1177 371
499 110
719 224
1001 169
601 266
671 178
1115 65
1073 189
919 75
1087 75
1078 278
958 493
1056 69
1184 324
1065 178
465 495
714 247
681 59
705 216
99 192
997 21
520 410
994 395
1038 136
513 406
749 255
553 582
553 412
872 519
1001 109
865 238
854 427
927 365
1120 211
986 75
1117 126
893 708
1127 171
957 17
201 674
751 417
1104 69
459 265
982 658
758 552
673 300
922 283
646 506
396 420
597 399
1108 211
521 267
612 138
737 338
931 363
1034 96
388 384
1101 243
679 653
328 707
673 518
748 90
856 210
122 651
669 290
543 718
163 303
917 294
539 517
1102 127
795 427
155 627
1225 47
772 164
439 346
949 236
1050 194
985 253
919 241
693 442
1028 55
666 549
711 315
1125 124
820 135
487 380
884 257
690 546
1035 195
1018 266
675 301
3 494
540 52
409 548
303 697
1042 27
790 428
662 476
901 79
1044 55
191 395
756 342
815 405
163 50
377 391
199 433
859 579
177 64
828 18
836 311
999 460
956 119
349 706
1059 82
899 385
1058 241
464 719
831 94
591 71
352 404
822 92
558 304
193 423
461 287
1125 359
408 210
935 202
161 325
1033 255
963 218
888 132
520 558
506 532
773 413
869 221
691 111
922 317
784 306
986 131
1002 408
147 715
709 615
813 207
1135 97
1134 98
761 263
667 199
816 445
643 475
558 395
620 595
1152 380
763 644
851 528
771 372
655 406
283 708
971 282
1123 232
723 520
521 389
925 30
1128 451
376 700
719 566
867 182
989 468
266 132
824 416
589 581
903 239
44 615
885 209
258 346
992 165
846 308
536 202
824 76
403 39
655 503
650 581
764 486
893 494
576 5
954 712
865 552
1085 605
984 252
1043 168
703 498
921 282
135 657
1176 219
291 637
1109 160
697 280
620 625
534 566
987 268
1158 272
1176 682
816 184
792 114
849 159
379 55
1002 519
238 360
927 399
1101 356
904 101
939 85
626 313
1046 136
1044 116
1020 100
477 256
1033 167
804 276
770 81
1019 269
804 310
986 288
1099 358
1121 112
970 425
959 456
834 216
170 407
913 281
712 268
660 639
841 368
803 61
927 172
911 716
928 73
1093 146
378 356
1138 375
516 234
797 335
935 335
782 396
675 541
833 170
822 297
1029 265
1155 422
856 235
1118 229
892 430
959 75
752 180
906 83
976 535
316 244
1130 406
899 388
637 555
1094 114
1071 104
1013 142
1072 533
770 401
1105 262
633 489
943 314
1033 218
234 512
988 104
881 173
350 431
1124 121
597 527
932 546
1134 400
831 302
920 36
1157 630
776 129
733 453
717 326
863 339
822 118
1173 324
683 524
623 262
878 175
658 255
809 319
756 102
234 656
1162 338
720 291
937 348
811 244
1084 105
821 378
613 189
712 586
863 88
866 163
862 42
520 615
1107 126
402 489
498 581
273 512
785 537
405 412
794 88
715 512
837 13
1066 346
1026 10
1045 177
860 500
1186 231
1018 245
783 88
1006 77
410 693
917 576
1010 35
480 622
519 2
835 307
254 681
619 141
800 428
684 416
1170 325
185 329
957 149
827 414
990 588
965 286
1096 163
917 329
857 448
484 281
1014 310
1038 126
922 405
967 453
845 42
667 612
931 407
537 164
702 214
960 410
88 409
906 34
1097 331
943 56
768 437
980 56
1036 40
252 411
310 237
1086 415
804 474
547 621
908 320
1021 262
919 99
999 193
1045 180
761 274
963 274
1137 418
704 415
566 417
847 399
411 145
684 443
521 27
363 142
1054 427
1132 431
777 177
612 141
1173 239
963 199
965 42
699 592
1098 17
737 373
737 545
1163 392
1184 323
633 305
781 332
976 383
1051 62
115 666
666 378
834 24
613 97
1024 327
860 353
418 89
1032 56
1066 119
596 458
475 390
700 595
431 379
751 151
827 527
1090 228
180 408
294 336
1198 661
1048 224
684 541
219 352
866 183
647 510
1007 249
1084 93
690 370
819 278
699 386
793 350
729 439
907 83
947 110
1151 220
946 116
1063 309
849 55
350 245
1095 108
396 464
345 5
477 61
785 121
988 363
971 186
1029 310
476 529
761 157
1144 130
809 440
815 273
767 308
980 461
737 559
755 70
973 271
981 143
369 526
908 130
586 416
768 264
1139 232
1002 558
971 92
626 646
805 198
791 245
791 399
1051 158
805 339
930 335
355 447
1027 191
398 513
676 400
901 306
998 187
712 351
454 254
981 262
1050 188
775 509
748 128
434 569
877 260
885 438
919 279
1063 482
941 319
540 610
949 164
123 719
651 362
403 13
822 481
997 43
934 181
446 229
1098 364
1162 389
741 37
1176 285
680 376
443 75
947 214
1022 78
769 410
816 489
764 324
367 293
893 280
657 281
352 296
996 84
728 434
1053 116
1067 112
520 56
854 57
881 389
1137 136
710 306
783 386
815 307
887 2
970 188
896 357
871 209
827 272
1049 261
476 605
786 430
60 33
1012 259
1092 206
702 527
470 77
363 379
1008 83
766 507
897 210
775 578
1062 125
718 403
585 529
552 129
877 190
572 547
1057 498
746 345
705 460
688 369
622 451
810 451
163 696
827 199
1044 33
835 407
918 442
620 304
128 650
652 649
562 329
884 218
658 416
1148 648
915 331
978 34
804 322
826 225
291 657
962 510
977 46
993 696
1039 454
679 384
1169 392
1033 356
493 104
863 199
1012 198
1165 259
891 31
1012 227
829 341
1070 303
804 385
940 116
917 190
1107 257
650 383
722 109
273 458
781 143
747 214
753 423
403 402
894 125
752 135
1129 395
701 510
627 73
1173 234
948 80
540 523
846 382
1086 382
816 29
470 417
1112 125
832 335
373 29
557 401
700 438
1054 718
390 259
442 54
1100 165
908 326
489 438
395 532
734 445
783 467
943 646
834 232
900 81
867 465
967 320
494 586
1187 290
985 258
1097 454
672 498
1112 83
673 385
841 385
680 452
1018 196
586 414
951 144
500 199
971 275
510 403
338 158
946 158
471 115
857 422
1186 276
399 519
667 97
938 492
1044 492
1100 223
258 390
626 342
1057 59
1017 54
836 654
500 196
520 201
970 54
941 213
499 88
995 262
624 431
1081 163
631 512
1045 248
577 546
592 317
780 408
1099 243
959 453
581 592
963 186
250 461
1010 162
1137 375
1074 180
897 142
983 29
986 423
1020 121
821 326
896 197
892 230
987 206
353 482
551 461
526 590
1091 698
1118 54
646 50
601 489
989 180
525 149
897 314
1060 98
1031 26
949 310
816 125
1118 229
737 442
1143 467
299 456
1003 299
985 266
797 327
830 305
630 409
1147 632
936 243
527 505
1086 47
1017 469
1057 350
878 419
859 334
942 82
592 62
943 116
826 136
836 221
868 51
703 408
1031 135
649 428
887 369
1050 293
438 460
433 166
687 366
1082 144
972 593
332 9
601 112
1082 239
319 312
119 209
1030 344
1027 223
943 244
718 187
542 175
909 332
956 261
1052 127
770 122
788 391
718 535
679 360
321 458
1074 179
975 195
183 542
951 309
950 48
922 314
1173 403
651 225
148 379
727 227
619 579
777 554
789 594
766 263
863 495
263 515
940 266
927 178
970 171
1125 62
856 357
829 323
1027 197
624 286
465 1
1047 82
976 560
859 235
510 563
1062 105
843 329
1050 617
693 60
1011 336
583 503
952 155
1020 105
962 548
721 354
608 227
958 542
626 403
1124 369
314 522
756 454
934 366
999 635
974 10
1076 190
550 37
972 48
881 228
1126 167
793 99
593 58
972 365
804 460
564 101
1091 329
1063 218
660 254
1130 236
1015 217
922 138
539 589
1058 5
917 16
958 229
932 516
1067 77
951 231
910 59
1068 118
294 518
966 100
968 237
702 98
361 411
647 374
726 72
920 375
357 407
960 273
831 347
472 343
945 499
993 560
304 410
88 200
954 250
527 577
680 503
671 98
1064 118
695 385
1171 223
1180 706
1220 660
873 266
927 48
863 135
1187 274
1094 50
782 233
927 89
809 499
988 110
804 23
933 282
679 179
706 512
881 358
868 330
727 311
524 273
1172 262
901 475
787 156
671 450
1165 332
786 126
616 387
486 634
571 198
810 313
1056 26
841 389
998 33
1038 7
627 188
601 193
261 404
625 535
718 264
606 551
939 684
513 171
1144 692
1197 586
745 396
133 698
970 229
158 171
686 111
727 444
672 585
907 135
803 423
228 408
454 92
483 404
830 297
1027 40
790 358
657 159
1012 195
900 292
946 233
1054 650
1209 614
1036 104
1024 512
503 569
648 688
919 237
588 608
830 362
413 140
919 92
625 521
743 474
769 120
926 317
756 465
995 526
686 326
407 36
940 404
930 712
723 538
1021 301
1004 390
870 380
400 164
898 26
740 381
647 392
1044 111
865 390
887 135
625 62
1049 178
862 321
450 204
917 328
231 14
1165 201
743 287
1029 205
436 684
905 220
888 22
959 241
211 272
662 257
454 226
769 285
1129 340
832 492
653 499
791 349
1067 469
847 229
973 284
879 694
624 211
808 400
633 296
639 195
1025 376
456 408
775 225
747 448
687 459
581 454
896 356
935 86
606 409
352 675
1032 91
1153 146
115 687
730 547
1136 214
708 125
1143 283
1157 316
195 118
1087 179
973 47
387 503
106 631
951 548
476 93
656 49
737 415
839 356
1051 217
797 233
1129 128
1007 267
922 400
1069 400
152 364
672 28
709 367
658 575
834 215
1017 630
1205 76
864 331
561 464
934 286
1126 245
764 352
943 91
839 460
878 717
740 444
869 317
875 516
1127 664
754 356
1203 309
869 378
627 587
1271 587
1026 266
336 154
849 76
668 457
898 28
165 425
794 415
925 87
933 66
336 485
998 184
967 79
824 88
494 401
1027 116
1018 236
825 358
1015 163
980 202
1080 689
921 322
543 444
876 35
1104 510
400 538
841 514
1068 113
1012 310
894 96
1205 618
996 48
846 23
415 153
477 431
520 598
985 433
1278 165
894 180
1084 78
284 368
652 39
1053 616
893 196
952 253
1170 510
825 371
477 198
572 526
952 89
1035 107
918 563
735 434
945 503
759 439
547 583
1115 271
454 549
752 477
1081 134
35 508
153 73
197 625
557 20
931 225
943 225
795 0
118 670
662 394
1078 28
520 123
518 18
946 310
598 231
612 562
782 180
912 206
1077 476
605 425
689 617
916 716
852 367
572 570
471 431
994 385
929 211
751 503
1203 311
886 430
1128 435
959 116
854 711
750 618
877 575
825 437
1208 606
841 129
984 560
558 400
934 53
1040 116
977 445
1025 593
705 492
714 396
678 107
921 429
1013 102
238 288
1015 203
219 331
976 545
705 400
784 469
1099 65
1024 65
855 376
815 409
719 300
892 240
732 509
105 369
1087 362
714 416
1094 693
1147 636
1078 241
901 476
799 333
823 287
1002 390
918 365
790 167
410 126
892 133
974 258
906 106
1020 95
1016 83
420 447
1273 126
1090 453
1011 85
532 425
968 304
1009 290
418 3
998 79
604 479
1038 87
1050 53
966 380
438 302
1107 76
745 253
1109 281
176 320
345 101
871 392
749 161
923 248
1047 34
442 543
1125 447
568 341
1154 333
728 479
1102 123
1110 114
806 380
919 413
168 246
1074 419
718 420
338 581
180 620
868 530
139 545
881 556
801 293
616 480
220 403
827 129
1008 56
450 454
976 21
851 128
902 180
848 298
357 476
917 711
823 567
941 305
781 327
643 256
885 372
1118 229
765 192
881 103
548 595
826 203
690 82
907 145
236 375
984 539
857 554
1151 296
700 462
956 294
364 303
1085 133
873 371
502 471
880 702
721 277
874 366
743 283
93 259
1152 385
215 285
356 178
122 652
380 221
814 140
212 420
967 232
923 199
967 309
1089 177
1118 151
987 392
647 650
759 490
137 294
634 254
599 319
1039 240
622 342
1010 231
1054 70
638 528
990 231
930 107
536 523
990 568
1195 686
901 202
149 707
840 393
406 442
1059 367
1043 92
888 259
708 618
95 245
1067 245
951 291
961 291
932 372
981 269
1067 152
1011 131
594 536
1114 326
658 65
773 423
1124 74
1023 15
218 440
738 559
1134 188
795 465
785 359
773 290
819 381
1116 85
773 504
927 565
550 413
784 310
716 208
253 425
1060 270
884 168
846 377
700 280
957 190
1110 323
1096 71
784 121
773 526
884 575
984 537
1068 131
865 359
843 379
822 608
849 89
757 269
354 64
600 635
655 508
84 339
961 186
936 332
1012 143
759 219
262 541
1135 706
1132 394
922 193
988 399
368 52
699 514
537 407
618 568
466 28
680 561
667 233
566 153
1028 476
668 515
927 50
932 185
906 558
923 86
821 406
945 77
1131 146
216 435
804 18
965 12
851 315
857 258
867 258
596 334
798 250
897 138
664 111
925 523
513 389
1027 180
1138 363
604 631
915 94
726 535
1143 224
649 153
924 284
613 442
413 212
796 322
1011 73
1030 246
757 448
645 502
870 152
957 479
771 228
862 2
942 351
476 128
805 395
1066 153
977 349
941 277
897 332
845 517
1007 70
948 548
1016 420
821 354
759 335
71 390
842 161
812 85
569 463
966 99
703 392
760 226
655 282
82 395
909 568
1191 391
902 276
991 221
314 238
1057 132
961 36
136 518
448 184
648 465
866 433
849 81
744 542
1108 40
881 457
1066 215
974 122
1099 107
811 455
539 42
857 50
682 277
864 366
694 283
627 119
961 41
917 170
847 331
519 398
682 156
623 436
1089 18
400 355
138 309
779 240
815 573
352 5
141 120
779 186
957 581
868 65
1015 90
702 93
832 205
382 432
781 432
949 391
819 308
325 364
1041 642
390 98
781 457
1196 288
662 344
1130 95
958 329
963 6
995 634
1039 28
645 407
1097 33
184 18
792 353
839 363
122 427
220 23
1023 59
804 472
898 63
732 262
1001 418
996 292
1001 205
683 434
857 100
946 327
579 261
709 392
943 53
873 62
107 426
232 410
526 226
291 23
394 1
407 540
1047 189
965 135
994 466
836 494
791 396
1135 279
292 37
1156 252
745 516
903 254
518 39
931 26
564 218
979 287
637 308
433 426
912 176
967 112
1019 256
664 429
941 211
838 406
1134 220
876 56
463 413
873 252
741 388
754 342
893 557
894 122
1052 374
683 520
616 526
1253 22
613 479
1143 334
1125 152
805 455
1161 698
532 160
753 3
1018 265
806 276
778 528
925 294
726 205
682 248
976 55
678 278
717 84
792 34
706 366
911 127
1063 75
833 148
594 413
750 305
933 689
933 56
580 617
725 13
957 117
1019 152
1074 38
686 573
674 272
611 57
1116 255
775 416
843 536
1012 557
969 125
679 336
1045 158
752 279
77 270
584 20
909 300
992 104
592 222
938 248
564 537
472 92
805 163
123 237
701 451
427 132
1035 129
1176 646
843 89
923 152
1003 224
889 486
1232 686
675 510
751 330
717 300
998 217
1185 434
1122 164
745 408
632 367
770 382
1122 249
858 386
916 195
885 495
351 348
1085 208
1204 605
631 586
1089 234
1009 128
202 261
962 104
241 311
889 366
947 302
548 265
701 378
962 121
840 408
640 499
1016 181
636 515
799 400
726 361
927 139
738 518
885 424
994 162
990 198
613 383
184 386
928 247
556 415
1126 328
947 278
1023 76
1250 138
598 173
465 416
929 318
1183 410
1099 352
817 488
492 222
760 503
786 402
1106 286
975 86
897 208
1150 367
997 137
699 159
81 267
1004 90
1045 581
634 269
820 270
868 622
1034 110
814 368
809 23
934 519
1013 124
333 306
589 36
357 496
419 415
392 511
1087 27
396 486
1177 179
420 202
866 53
902 296
399 655
603 69
352 229
624 220
1137 257
771 122
1033 259
299 455
1045 172
703 219
799 288
964 187
291 227
1036 162
970 661
898 155
1156 371
1113 449
1024 24
1041 250
1079 127
1018 66
880 367
690 388
561 538
1123 128
835 315
907 459
516 595
104 402
294 616
596 378
681 205
683 231
971 277
165 270
175 179
1002 200
494 521
872 147
931 38
380 227
952 244
844 328
1025 120
605 489
1025 9
970 196
773 323
330 447
171 28
765 11
1040 50
844 562
1074 95
338 610
660 517
1048 302
656 474
243 412
806 343
759 304
523 246
747 401
1135 277
813 78
806 389
859 32
507 373
545 302
952 266
1161 405
973 118
951 301
449 527
1164 372
1139 107
586 345
1026 291
748 464
1080 224
1139 144
1148 125
1011 69
687 161
754 229
185 397
331 77
641 550
195 210
933 565
157 306
332 438
585 431
914 208
336 110
827 360
837 400
429 242
572 114
909 150
831 49
689 387
1048 158
454 289
1047 111
413 60
281 286
1004 12
952 400
157 687
876 516
667 568
1041 273
1040 221
532 420
464 708
854 581
573 431
572 281
843 140
745 38
1093 234
676 434
398 699
653 101
975 198
524 69
236 167
887 363
995 498
140 550
409 21
930 292
830 226
973 202
1019 15
943 188
789 358
97 164
1044 187
1113 214
659 331
834 299
702 435
964 708
503 570
8 498
927 255
768 223
671 279
1039 45
520 292
575 38
954 289
399 463
861 419
930 142
1027 500
1203 615
893 355
549 293
1213 642
921 391
967 115
984 90
124 319
484 609
719 598
273 421
180 104
831 323
1076 67
1145 708
932 114
815 268
899 111
884 138
1053 240
572 211
832 57
1173 655
665 377
468 539
924 355
272 78
978 42
814 193
892 248
927 124
946 137
1088 128
706 375
840 375
614 531
871 673
1138 183
935 278
425 305
1040 104
1051 556
688 396
768 414
1000 271
686 241
814 147
1006 257
325 344
847 302
766 241
644 596
229 120
1165 371
602 519
863 170
977 561
417 298
691 510
906 103
831 611
159 68
823 396
1058 393
681 367
627 200
1157 357
1052 125
629 36
1148 280
946 127
935 511
770 467
1025 144
378 312
428 70
513 331
736 125
904 48
647 486
393 707
421 34
338 357
543 242
448 246
733 406
914 692
591 318
959 638
674 418
332 233
1005 83
822 165
1021 200
770 207
526 614
924 183
155 57
1020 369
858 409
669 254
1023 254
937 689
1107 297
1072 438
308 280
971 274
750 519
1121 97
1061 317
987 352
436 235
740 409
1166 206
841 287
854 54
903 52
1099 462
797 461
863 358
1093 76
525 36
874 445
1165 429
1136 671
986 676
487 325
933 209
799 357
970 207
974 432
840 37
736 281
767 456
570 379
1079 16
906 124
838 540
758 442
519 506
1135 126
777 394
630 396
1078 261
936 180
855 280
943 155
1088 36
244 155
1018 583
984 102
1028 563
783 128
994 393
625 0
1123 284
920 125
742 63
866 577
858 167
1146 289
282 331
134 516
1016 113
806 442
849 661
812 292
1040 252
487 181
758 437
680 555
535 391
528 339
1087 118
606 509
694 240
173 333
988 73
674 334
898 239
1015 523
995 335
1000 244
734 323
860 178
327 709
442 441
1098 388
966 103
846 379
756 511
804 278
1030 317
879 121
864 337
454 698
922 313
1104 120
690 635
700 479
786 245
794 177
559 628
1033 164
947 238
362 712
330 384
1130 319
770 33
949 318
946 143
721 456
1066 231
417 104
807 420
998 409
1150 196
977 433
846 56
1064 85
760 307
1234 54
981 40
1097 380
845 78
569 164
968 238
1004 464
510 365
539 717
860 348
729 268
959 416
986 476
519 460
672 250
1009 390
828 460
753 507
168 494
947 261
1033 348
1190 343
517 327
964 25
1078 62
828 580
1049 131
217 268
555 536
762 612
934 116
1065 295
522 248
947 84
245 413
848 478
588 502
717 508
917 145
1094 437
975 154
1160 437
924 301
1010 153
1034 80
80 433
750 160
864 490
890 51
976 213
753 252
1016 153
1095 370
874 704
1039 621
1078 178
920 561
1117 104
128 545
877 281
1029 220
971 324
187 357
1037 292
840 363
991 460
580 445
957 204
430 410
1010 430
132 220
586 82
947 31
1131 217
1205 662
657 328
964 240
553 454
136 396
620 356
775 243
847 426
986 82
982 607
510 27
902 398
737 403
1037 385
1170 241
973 161
400 20
822 134
679 316
1025 249
948 251
782 444
949 294
762 116
706 157
1038 409
844 125
1151 218
1133 434
896 378
949 393
576 215
496 326
938 172
688 606
976 130
1064 176
766 83
165 395
905 444
736 391
930 248
687 288
903 126
1070 348
341 143
507 402
1083 101
923 100
947 172
717 131
843 363
945 209
981 271
1122 112
1067 249
1163 433
440 537
903 282
981 90
894 473
570 244
776 333
958 381
958 570
358 261
809 140
1115 402
821 342
1136 433
746 466
1063 211
366 56
933 126
998 701
448 468
579 506
909 301
939 521
1057 269
1075 88
640 444
717 45
726 584
1128 125
744 537
113 686
742 109
279 475
870 329
899 30
874 278
960 311
1003 7
550 309
675 485
765 318
775 304
803 27
488 77
875 378
840 315
596 412
803 339
563 534
978 266
1011 477
776 353
942 367
372 299
639 332
249 212
1039 414
984 129
806 398
1004 68
827 7
919 60
408 454
633 630
432 293
963 237
751 414
1035 346
368 355
1167 317
149 403
940 143
1089 342
755 424
386 340
819 269
731 215
294 289
1096 115
1116 45
589 443
1055 161
1034 275
484 29
1002 90
1183 202
595 609
914 637
916 99
644 32
639 134
802 458
599 254
999 244
943 290
1108 471
944 259
309 472
600 407
1132 695
825 280
255 200
904 351
0 33
359 234
829 153
673 441
1070 265
709 434
791 434
1174 623
648 507
516 180
831 510
378 449
866 115
777 269
830 390
767 231
427 257
430 58
981 459
655 388
951 339
409 402
932 135
1001 397
29 32
1067 123
296 430
676 209
744 64
875 303
1068 237
611 311
886 117
814 296
972 422
867 342
839 135
1005 441
947 210
606 477
824 310
713 550
733 571
98 213
973 62
492 138
302 308
1064 471
765 380
451 503
1038 168
994 384
130 684
986 89
733 544
83 601
755 15
752 206
962 220
748 307
464 414
502 606
633 558
394 433
1043 228
1070 138
270 107
968 104
994 26
732 434
807 259
1022 97
1073 90
532 392
463 169
1068 382
631 210
1159 384
742 698
450 236
651 319
723 453
640 354
988 106
1016 148
837 123
694 629
665 468
573 584
437 229
1084 157
389 8
764 439
511 60
1066 251
434 192
622 454
625 303
941 61
766 418
838 615
744 174
778 542
758 427
735 420
714 93
769 487
188 385
704 361
1193 619
898 81
932 81
792 16
1063 403
758 296
552 621
913 289
977 100
805 330
246 710
834 46
433 411
661 566
1069 125
1037 463
977 63
689 569
904 134
914 390
383 709
874 73
306 443
956 35
977 197
658 344
908 387
928 511
465 547
766 439
1013 68
901 146
795 366
1173 261
1067 115
623 377
669 564
579 570
953 200
1092 363
461 66
516 348
1025 421
1170 301
1046 139
753 579
1092 262
1191 712
223 302
966 253
778 450
752 526
344 325
1068 310
1087 157
791 355
1152 434
1095 331
1097 15
906 193
1198 631
596 550
228 407
1012 33
977 395
569 201
869 123
1066 34
905 62
1051 379
786 291
654 38
743 250
639 603
602 515
592 517
989 513
634 374
1046 248
256 363
566 470
470 495
576 294
877 502
624 179
947 480
923 402
598 571
295 240
188 412
683 144
132 123
792 424
651 590
848 365
952 197
926 180
762 274
916 131
124 105
491 593
762 586
88 303
362 443
969 230
903 484
790 450
869 275
838 497
884 250
918 192
1007 23
874 383
1063 111
507 490
1051 145
821 340
1099 368
723 330
915 427
843 187
471 262
594 595
665 373
1068 158
721 578
1030 263
984 279
964 395
1137 135
638 596
516 129
1049 51
831 343
550 528
989 388
501 431
852 65
1007 200
461 438
750 475
1134 472
941 320
846 73
896 241
1158 368
1135 175
1067 422
863 80
500 4
412 695
733 513
926 76
750 363
1174 228
450 698
334 421
940 320
1088 122
727 458
918 259
977 200
424 187
802 516
919 236
126 105
818 255
895 279
705 509
449 139
757 355
507 513
731 413
817 373
670 23
937 56
796 497
700 571
240 449
967 516
688 607
1094 119
493 464
736 297
1008 222
932 291
425 545
554 458
765 426
806 469
447 520
395 261
956 524
1076 93
843 186
1061 171
446 179
899 566
951 72
791 414
1074 83
571 382
1100 122
310 526
837 392
325 3
431 278
553 74
1190 262
855 363
1176 363
674 30
758 26
756 156
957 113
228 524
731 419
528 569
595 372
941 492
1049 36
682 311
690 395
309 430
526 553
1179 304
490 617
375 0
372 165
592 519
441 260
843 230
1021 77
1031 120
749 555
790 351
197 405
734 123
835 138
498 403
1080 122
995 166
1131 116
1065 99
820 251
939 177
283 2
823 400
1042 145
627 564
227 199
762 224
1006 75
853 87
1135 313
1045 338
884 162
678 45
642 93
1079 214
189 552
786 335
772 587
1080 92
574 234
753 232
988 83
417 41
878 535
752 268
352 418
885 386
743 453
734 366
1036 139
823 451
913 646
500 385
1048 212
560 440
923 330
852 324
819 111
963 80
809 454
855 199
471 177
666 649
1013 211
1062 510
1006 83
1104 83
769 66
822 444
818 79
434 543
644 499
766 16
959 10
1050 252
1199 269
1155 446
708 439
1107 299
718 87
910 364
857 240
559 560
427 267
1015 429
864 534
956 43
672 502
214 119
795 375
612 421
992 421
1059 114
361 474
368 190
109 398
977 132
625 600
502 113
1089 382
663 585
821 403
475 181
682 55
793 398
1047 2
762 319
808 373
1110 714
1146 454
683 343
996 231
871 338
1105 380
126 695
674 133
1069 147
872 444
741 453
800 453
1023 713
1070 27
731 486
836 485
840 378
1020 303
748 535
1076 82
974 330
741 586
959 298
953 321
734 440
504 274
522 578
1058 395
670 231
991 225
547 264
82 327
669 313
602 255
503 393
182 334
984 46
978 579
413 32
1087 144
325 556
754 416
545 711
481 489
1057 121
743 299
776 360
710 466
761 534
381 484
362 449
748 343
686 577
1100 495
961 278
826 172
716 269
976 323
234 291
823 442
760 78
587 425
995 556
1083 287
963 288
663 380
928 330
984 50
969 296
1043 156
991 101
1099 74
671 83
1032 433
283 584
374 422
406 176
952 407
989 149
1125 219
491 436
902 363
752 340
384 711
581 486
503 471
913 307
869 349
858 34
499 541
615 635
587 452
1015 126
627 329
1024 61
596 504
147 703
646 395
339 136
1011 171
1180 360
520 223
752 392
1109 83
826 412
827 508
808 361
490 618
1143 419
939 101
1060 118
961 132
890 433
911 547
552 477
583 281
1038 191
732 297
725 375
913 91
684 581
1011 219
570 287
877 266
743 547
908 157
114 125
531 517
605 410
21 599
1122 152
649 445
941 326
386 22
787 355
787 373
814 317
687 588
879 460
483 409
157 407
872 348
343 587
827 419
1051 365
285 419
611 86
871 344
786 554
448 276
1015 186
711 463
640 150
664 451
324 716
724 125
644 261
1005 534
508 465
729 449
1064 511
223 707
737 362
821 57
1108 425
630 270
795 518
745 486
1025 202
647 373
185 388
825 145
380 428
993 143
86 222
1168 189
624 653
435 169
120 661
1068 99
1021 531
863 449
324 418
801 130
881 170
343 95
1138 95
549 252
885 338
910 82
702 152
851 397
797 439
1034 124
802 441
1106 80
1053 85
578 635
942 323
571 493
157 105
797 572
460 452
1018 344
297 6
1001 93
780 54
1094 358
684 185
1140 104
905 99
1016 276
1110 142
692 367
913 361
689 295
935 610
534 21
171 403
466 602
941 106
868 415
876 169
592 550
843 448
975 540
1120 594
788 439
40 615
938 182
706 480
1052 400
1017 447
438 262
430 225
571 481
862 397
1199 350
478 469
1067 86
634 339
923 331
783 144
888 550
464 248
961 290
935 292
1041 244
1162 319
621 341
660 599
726 473
1120 97
828 340
858 259
693 55
837 430
1072 332
1019 328
903 83
1070 41
962 333
288 657
1063 425
1137 267
693 527
1074 298
1071 29
891 230
1089 56
975 214
795 422
961 526
1005 265
725 272
808 329
885 247
841 407
1109 430
633 214
773 381
1039 405
766 35
984 0
828 472
223 647
1018 589
771 240
827 324
619 336
831 382
670 603
879 394
939 528
688 22
203 473
873 12
752 501
991 27
570 115
670 553
370 451
1093 422
257 425
393 389
1151 700
706 381
886 80
747 423
664 523
745 419
974 180
883 118
613 498
268 380
1066 82
984 95
1110 76
824 326
1081 52
102 203
946 329
670 563
1159 192
1019 151
1144 244
912 178
585 54
758 461
932 102
1116 401
704 11
895 70
837 315
866 361
836 276
1036 302
1159 302
378 688
715 304
407 252
1114 84
1014 352
597 238
867 337
632 668
349 236
112 182
1067 645
852 347
1027 248
888 168
886 134
776 352
755 467
557 157
939 287
1032 73
889 2
1017 295
986 239
878 288
833 256
944 173
650 607
920 127
1098 309
1007 258
672 171
776 349
923 141
852 364
697 65
698 87
754 389
813 134
959 289
960 200
895 401
954 180
1056 165
905 363
579 475
106 523
338 708
939 117
827 14
629 42
570 28
345 695
746 393
986 466
719 53
398 524
1020 86
708 579
152 403
925 192
1129 111
548 400
1050 230
793 310
878 479
1027 80
508 642
950 102
903 182
337 274
739 434
431 711
302 718
651 476
607 393
14 548
1045 119
942 650
755 382
851 481
959 657
650 665
957 426
576 570
1171 368
1106 118
905 369
915 421
464 77
990 145
550 577
1107 271
794 182
351 109
309 169
616 357
664 303
525 717
1036 361
1064 89
863 368
1126 657
1139 158
647 136
241 521
982 213
1051 381
585 500
638 487
705 26
1162 286
785 382
874 176
1082 345
1003 386
969 462
974 410
799 156
1149 386
637 529
1018 205
343 586
526 517
1027 403
755 288
421 276
380 707
954 343
1177 634
596 88
975 295
894 28
4 543
533 462
1042 54
1001 236
1160 633
591 419
746 368
520 390
926 375
961 183
1120 569
972 247
504 433
998 147
533 603
419 374
1180 309
730 537
838 516
524 228
640 611
757 303
181 559
994 120
867 324
814 152
547 23
653 214
507 240
634 124
937 120
924 129
1083 236
914 589
809 226
973 54
144 688
1001 89
1013 126
1145 115
1070 229
854 303
899 432
652 535
723 212
1112 254
1194 349
626 672
283 707
939 328
870 371
1193 282
1101 198
735 88
453 715
1008 157
1118 258
684 357
7 474
977 263
792 540
744 431
734 352
906 347
554 521
796 136
1003 149
299 673
1137 651
383 685
195 689
351 49
1069 700
961 286
896 319
1161 652
1075 230
1076 262
816 571
409 699
967 394
407 711
1009 427
541 569
165 342
699 408
695 425
507 709
302 712
903 4
685 520
1091 131
817 382
356 12
483 39
657 96
340 116
1058 250
368 488
934 157
956 558
938 291
937 304
639 533
1106 113
342 450
890 281
1009 164
816 123
954 210
322 576
988 237
623 522
367 325
849 72
732 140
732 531
750 499
949 334
236 436
164 38
883 75
873 29
614 576
578 5
926 426
215 678
1130 295
795 380
1022 118
973 148
844 393
1137 120
605 159
597 114
836 123
467 303
1107 691
978 171
1088 191
1136 120
933 79
876 42
968 328
587 542
267 325
943 90
907 149
246 501
402 267
759 0
822 396
314 247
794 529
464 96
1031 240
900 28
955 300
493 196
540 379
799 379
348 458
746 69
1191 642
1042 192
596 9
573 581
861 37
966 131
1085 166
1059 178
736 560
764 266
385 10
986 158
416 129
885 118
484 514
1089 75
800 402
942 104
784 324
725 404
1132 181
1014 50
965 137
1190 676
860 262
1028 594
955 125
974 329
850 260
648 155
788 222
1095 157
1097 157
672 341
552 511
683 534
177 235
620 168
751 320
922 111
1145 133
1000 337
898 338
866 169
621 1
783 381
578 322
843 413
851 415
861 341
920 103
681 598
844 540
461 316
1129 144
1019 168
1167 239
725 424
1006 129
277 413
461 331
930 146
1097 87
671 341
858 323
275 150
677 504
1020 93
919 309
263 704
856 291
1035 113
442 425
1058 100
1073 75
940 279
984 109
1192 383
258 82
1171 650
1039 246
690 391
1091 394
616 0
644 185
321 431
182 317
810 524
1167 365
463 66
486 350
784 249
924 326
1112 256
508 182
505 289
587 277
910 401
1038 172
926 376
122 476
476 456
1028 242
570 309
1036 395
1011 405
928 488
738 455
693 620
547 314
756 638
1045 47
695 519
1096 135
955 293
1102 130
761 342
542 516
368 348
926 26
495 171
824 397
329 178
551 170
426 699
766 377
842 75
785 412
1086 56
836 372
568 148
952 29
1087 431
722 455
778 397
833 349
947 217
402 709
676 391
636 3
543 258
1187 637
955 89
1048 273
844 226
386 82
1053 128
673 425
744 310
907 465
1126 204
809 332
1190 698
966 364
1105 450
794 448
367 712
691 543
1160 194
1108 663
573 615
164 660
1182 658
757 605
628 454
760 294
303 699
1083 310
676 343
976 33
838 75
1171 247
1004 280
889 217
970 276
629 496
920 141
844 275
365 72
729 252
968 260
693 281
1131 292
24 558
665 273
862 663
743 439
334 86
1011 323
1083 113
1034 27
1036 202
480 157
655 201
282 717
900 163
518 56
759 379
762 379
928 234
1060 433
450 47
1001 215
92 210
603 214
983 226
100 658
692 515
1156 317
855 261
1041 193
849 540
938 352
750 244
559 410
868 68
547 148
590 63
788 43
801 288
1076 569
1042 126
828 339
1166 236
586 445
539 309
826 195
842 663
647 418
296 710
636 328
796 236
689 592
561 456
1072 98
1023 209
963 324
911 72
461 131
964 266
683 478
998 478
702 518
635 583
1156 646
710 394
836 86
276 25
747 442
1006 209
797 544
801 291
485 278
455 254
702 498
1112 106
541 174
1057 116
811 276
1021 419
1123 135
450 298
706 491
816 546
935 3
1074 73
1160 650
1014 611
668 618
655 667
1057 298
535 352
886 274
725 568
755 466
858 395
433 176
1136 386
790 120
291 300
865 554
982 249
815 149
750 438
975 141
594 362
1115 110
546 129
319 716
1070 231
1159 677
520 432
732 432
676 229
366 69
177 191
541 589
1253 117
968 235
599 286
824 333
916 144
1112 60
946 45
984 292
1055 188
1046 48
1003 289
560 514
1021 89
873 422
1140 128
243 706
895 316
674 628
796 96
523 423
738 430
669 457
773 141
1014 228
223 417
176 286
318 538
1003 582
392 686
777 412
302 115
1012 449
956 437
817 422
969 240
859 242
733 347
609 232
646 4
885 85
850 107
763 482
201 550
1035 172
848 241
721 628
471 274
348 40
1178 286
853 590
927 312
804 195
420 509
1071 343
619 359
803 169
1024 103
1142 261
614 383
474 575
1150 402
1155 299
692 491
826 715
653 320
373 418
993 285
584 550
903 395
795 485
781 337
928 85
884 215
454 310
636 323
686 422
1080 283
728 414
688 177
854 161
1103 39
708 349
937 94
1185 302
1080 383
189 374
979 484
799 174
705 547
630 472
873 343
988 347
720 305
839 152
744 420
825 527
992 158
913 297
1025 422
844 215
697 424
1075 658
810 517
1033 201
858 435
941 543
678 326
720 12
1098 90
738 156
489 296
998 121
193 365
1185 343
708 423
1088 206
952 103
712 396
1076 77
530 598
1011 416
932 509
734 327
858 189
709 316
738 392
782 350
1180 439
903 375
885 699
373 67
806 409
456 307
258 94
621 323
862 384
176 515
1091 49
1057 238
464 97
855 695
759 401
726 244
648 597
1142 123
884 88
1204 591
1097 115
578 265
797 425
933 208
593 309
1044 19
884 31
987 124
741 472
396 436
699 385
454 88
681 72
876 582
993 412
912 250
1063 210
913 107
1004 122
493 469
889 53
963 509
795 178
943 706
1037 104
1133 101
266 446
697 490
950 213
373 404
587 590
1060 277
907 106
1040 355
771 76
995 560
564 173
916 287
89 209
1101 95
1131 178
897 535
1171 321
885 116
790 193
956 165
634 275
1119 85
1046 344
995 529
854 162
805 251
692 439
948 93
901 288
946 446
635 229
1128 77
1157 662
837 350
669 101
179 346
564 666
850 189
976 84
767 197
463 349
930 180
155 693
924 8
408 539
475 156
1000 232
667 384
495 160
899 17
943 223
752 243
659 595
961 275
1034 457
741 417
654 506
827 125
856 225
975 442
