990 684
837 375
880 428
743 278
1082 451
472 313
1096 386
1174 416
1114 492
1096 468
952 283
805 389
1118 458
1153 446
1139 324
916 684
997 646
1102 445
918 454
1134 523
1138 428
1021 713
1123 486
1149 430
778 394
1150 493
1005 664
1049 694
961 637
1134 471
1076 603
1074 390
1150 462
884 468
1124 478
1171 470
483 314
594 262
1107 506
1146 477
1140 415
1026 371
1202 508
1112 439
958 648
1093 476
1018 451
457 307
1143 507
1067 439
768 316
665 390
1159 450
1040 719
1111 389
1099 405
1130 329
1164 468
1085 508
1158 503
922 705
1094 384
1118 493
1061 477
678 716
1013 392
595 206
869 694
814 383
906 474
941 532
1063 509
1025 710
1037 355
1016 695
943 499
1109 468
987 560
806 499
1071 343
991 567
983 419
1181 560
476 530
1166 505
818 269
1063 430
773 592
905 487
704 358
1158 500
1076 574
923 419
956 334
949 628
959 711
1006 470
982 567
914 617
676 441
1165 450
915 675
853 302
1141 497
145 163
893 674
986 699
952 679
817 350
1056 429
1195 548
1149 408
1064 587
933 500
847 462
757 395
823 338
993 696
1132 488
958 289
1160 503
1153 455
1150 354
1045 507
833 395
1154 486
1172 425
1141 463
1004 459
751 593
1113 397
1023 618
807 688
1177 476
1120 477
549 232
471 625
641 245
927 492
949 388
701 577
1084 611
1161 409
990 356
995 494
1106 413
740 417
976 369
1125 455
771 655
1104 357
886 490
972 591
619 286
1030 441
1029 438
1085 577
1183 440
979 333
1145 487
778 406
839 429
1093 416
1142 479
1111 505
1034 357
1057 382
1118 428
1174 364
849 356
793 310
945 521
972 436
1019 367
640 668
619 683
928 430
1001 354
1174 435
1070 357
1023 407
841 355
1051 355
1046 421
1138 506
1118 569
1018 408
997 381
1062 422
1144 492
1076 438
791 443
512 606
836 369
851 306
1137 494
438 486
1181 473
518 568
704 230
939 446
950 446
462 539
874 456
821 391
1029 430
1020 612
428 517
973 516
1084 469
1060 438
816 217
636 460
921 403
844 497
1170 424
903 538
1147 453
1090 439
1013 719
1073 508
1129 562
1160 484
1187 443
1104 452
621 252
811 412
1033 444
1178 470
959 319
1188 461
360 373
934 530
955 478
867 691
815 493
964 499
957 466
693 354
1096 429
1070 454
1077 591
993 355
930 372
1138 424
1118 528
994 360
811 317
903 366
1132 457
1021 390
1150 498
1022 486
1104 420
943 489
656 293
836 630
861 511
1166 518
1132 528
1112 484
798 617
1081 394
1040 338
1119 499
1122 504
978 719
1149 414
1163 455
861 396
603 271
1064 346
1112 543
430 292
895 497
1115 477
904 376
1121 478
681 284
859 458
1136 397
983 614
942 677
1086 485
1119 417
1122 393
850 445
766 278
957 395
1207 514
652 693
1004 431
1136 393
485 578
1164 461
456 279
1048 279
993 450
843 442
1069 379
863 497
1088 483
1040 404
890 376
1166 361
1084 491
909 305
984 480
1005 247
1007 717
945 321
1091 441
1129 435
1067 471
1043 370
1107 460
1153 457
1154 468
1029 692
912 508
135 480
1132 517
1143 477
980 443
1180 475
849 689
1126 568
1134 455
1148 476
895 433
1049 705
990 460
980 459
997 565
1112 444
1011 674
1087 495
1096 419
1086 359
975 670
993 321
751 402
600 412
1116 412
1029 348
506 328
1046 430
1138 420
532 659
1005 388
1104 459
1127 363
894 448
1182 375
1012 405
1156 504
1128 464
1147 574
1046 387
1073 426
1117 446
741 298
996 436
1084 436
1123 507
1138 637
1156 558
676 206
825 402
1007 676
1090 369
1117 403
1163 500
629 415
1159 415
1156 491
1026 413
1188 507
1066 410
1115 456
930 316
655 248
1074 493
912 543
862 516
864 425
909 701
472 307
1170 442
914 564
554 402
1175 466
1145 494
954 512
974 373
892 487
772 291
945 351
759 414
1170 474
928 557
1050 495
1022 435
1143 435
1124 582
790 439
848 357
747 389
1033 421
1125 416
1137 509
936 555
972 461
806 397
1049 453
970 527
940 553
1037 625
899 432
998 405
1022 603
988 462
1135 462
981 545
1077 403
1110 454
968 389
763 323
1139 442
1136 460
1135 324
877 395
1066 467
1153 399
946 413
726 365
932 309
1094 507
651 474
1127 407
830 393
1168 471
973 336
1090 380
1047 499
1155 483
971 550
851 404
1136 387
836 365
1139 497
611 254
1161 463
1082 466
1161 472
896 326
909 568
865 353
633 228
1068 457
794 302
855 304
931 477
974 391
1104 504
788 464
1130 519
1031 424
1091 392
1144 406
1048 329
1183 462
1033 327
952 393
501 338
892 299
819 301
829 398
1035 388
1110 516
715 304
887 454
966 420
1016 424
944 410
1121 456
885 349
870 717
453 316
975 385
1068 395
976 556
509 627
1041 595
1131 424
1087 306
1091 422
794 352
1112 497
1080 471
892 355
1157 500
1021 262
1107 305
1147 426
1146 418
1131 499
1049 419
1059 407
1165 508
1121 573
1109 377
1185 468
1148 424
1118 402
938 582
817 395
763 284
519 575
902 486
1136 511
1153 415
1169 434
1061 376
1068 478
905 352
949 317
876 346
1059 481
1151 493
1102 449
1187 467
541 578
1116 578
999 345
1148 436
1002 496
950 543
1157 434
1086 518
1113 530
961 519
1073 454
1076 415
1147 508
1175 467
1176 467
896 327
873 494
1153 494
996 611
1051 433
1044 614
449 259
537 627
1147 315
857 395
984 650
1112 475
1125 405
638 713
1112 492
1024 465
1133 485
759 641
641 281
1099 507
988 454
836 355
851 413
760 260
780 425
846 487
1026 683
840 483
881 505
1030 505
1130 586
1123 409
1144 599
940 655
932 480
759 283
957 312
739 336
1147 458
1145 412
1138 569
840 462
1071 358
855 372
1068 432
955 570
982 313
978 424
955 337
917 476
877 537
606 676
1008 346
531 383
867 515
1112 398
731 337
1122 409
948 452
1160 488
848 480
1167 480
1048 402
903 375
977 375
1141 487
951 498
1013 611
456 612
986 610
1130 499
1145 502
1099 412
410 384
470 528
965 383
755 360
788 410
613 203
641 310
1033 436
944 700
1040 398
918 439
1051 346
1079 294
1125 486
964 505
1167 505
963 460
964 597
1089 430
946 498
1001 301
933 306
803 382
1014 495
820 484
1065 505
904 473
615 193
1147 466
986 476
899 686
1020 415
1058 415
959 492
1024 500
617 273
949 292
838 410
1101 517
957 577
1158 464
986 718
1113 467
1094 472
734 289
686 212
1083 387
972 412
822 465
1057 417
1026 414
1132 459
1039 328
1050 399
909 702
980 489
510 132
852 318
1171 464
951 507
836 689
1051 479
1144 479
607 441
874 528
1008 404
744 402
950 667
855 526
1125 452
1070 358
1093 385
1163 476
921 579
941 395
889 398
946 368
925 540
1167 435
1041 436
545 581
1153 583
780 370
967 482
957 689
793 388
1050 388
751 344
906 335
1117 548
1035 438
1085 513
1147 404
483 302
854 358
1087 383
947 506
1038 494
1006 478
906 514
1021 311
828 499
973 542
1004 422
651 275
1048 397
1139 488
1141 477
967 648
480 297
1016 395
848 399
1175 429
742 419
936 545
1123 434
1142 502
570 697
1119 524
947 456
1125 529
1141 490
1139 414
1080 506
1090 506
954 287
817 373
748 389
723 300
1138 575
910 401
910 371
1145 426
1006 563
942 680
1145 432
789 430
1148 377
1056 395
1148 409
803 394
888 664
1161 408
1149 508
994 369
1023 392
1088 368
1109 514
931 346
935 501
797 462
720 337
1057 461
1121 461
890 447
587 626
1119 377
932 349
757 411
1120 333
809 485
1019 695
1021 480
409 243
782 308
941 465
953 715
1134 515
1183 467
406 557
967 432
1154 432
1143 478
984 510
946 597
1124 412
1137 412
1067 473
1092 307
1013 348
797 625
1178 442
1163 451
1119 560
716 377
748 372
1175 365
1151 418
1103 426
1019 478
605 233
790 320
1018 511
999 461
1120 402
829 407
1119 512
940 577
975 395
1137 480
1110 416
1163 441
515 538
897 333
985 604
945 393
962 376
1023 609
916 332
754 423
1162 423
850 392
1045 392
1104 444
931 318
1010 405
1026 270
1010 446
1065 475
1156 459
1134 550
973 362
438 300
1139 443
1118 496
1179 448
561 230
1137 574
727 273
982 356
606 281
505 713
464 104
635 260
929 520
753 527
962 576
927 380
618 671
1135 485
1056 506
1140 560
905 697
472 183
1120 417
726 525
1094 390
1172 479
1154 477
918 315
1076 392
1002 379
1132 317
760 286
1053 464
992 499
925 328
667 705
1078 424
1010 621
1041 413
1151 425
951 391
1046 503
774 377
1141 469
931 474
662 232
889 320
1004 320
933 330
1164 485
600 192
969 398
1062 387
1136 492
934 484
1129 420
1122 449
1051 370
985 550
1143 451
830 388
849 455
527 187
838 366
841 414
1175 484
691 229
1122 397
1015 373
1114 441
588 671
1040 358
1047 357
1102 413
1100 384
838 417
1079 475
1034 485
918 505
1149 505
1054 465
1023 484
577 228
783 467
1117 463
621 415
1190 440
483 335
1115 470
1108 425
835 330
1166 315
1081 454
860 541
1062 377
944 451
1141 416
1005 346
993 497
1138 494
1018 484
897 478
1138 450
967 607
1155 444
815 433
854 504
472 535
1123 462
936 508
924 570
1011 387
1015 485
834 361
964 657
506 332
1065 427
818 273
674 696
1027 372
1072 501
1129 504
1048 507
1185 475
1088 423
1157 429
779 446
1170 437
691 717
1185 424
1014 469
1155 500
1120 537
784 415
1148 415
1090 460
937 667
697 365
891 361
1177 453
1066 468
926 501
972 409
806 419
1014 701
981 489
1158 499
1073 401
1137 439
1145 454
911 514
818 345
962 486
1148 420
1120 525
1158 450
1162 430
1045 399
1131 492
1112 535
1159 433
1015 407
893 555
947 529
546 383
947 585
876 480
708 457
1058 478
1168 478
817 698
975 709
1069 369
877 427
1190 427
1162 444
1161 471
1123 482
940 507
1147 516
822 371
1172 422
915 409
992 409
1114 419
988 356
1136 406
1132 491
758 383
1009 310
818 334
1050 379
1187 440
427 511
1132 632
1167 424
722 523
1158 339
1003 332
820 352
791 498
796 268
1172 444
928 525
1160 404
1154 402
668 362
768 321
890 300
1040 462
1180 352
869 296
1143 569
1009 393
904 394
856 313
677 334
939 632
948 513
849 444
1055 410
384 249
593 238
1086 375
885 439
1174 421
1134 486
1015 487
850 518
1157 451
1186 343
956 685
977 384
924 381
951 356
1082 419
1036 693
1147 422
1174 475
1144 540
919 362
911 434
1133 548
925 348
621 258
1084 627
1155 569
416 404
1010 411
1127 592
801 396
1124 399
1055 436
1035 504
614 663
609 190
1176 475
1076 424
945 536
1126 536
1149 586
1083 497
888 592
1038 329
585 212
906 499
933 495
917 333
516 713
455 263
1040 496
816 678
953 375
897 514
1029 415
512 154
966 378
1165 481
955 491
857 477
988 512
937 710
482 116
705 441
1181 433
803 423
1163 488
1095 449
1094 381
885 338
137 553
1102 443
1145 428
897 450
1177 348
1096 497
907 374
980 367
869 439
917 420
984 687
1013 356
1176 416
1062 458
573 649
848 417
863 457
825 483
994 624
747 330
644 307
848 418
871 506
1012 601
753 291
645 232
607 209
923 492
982 493
1046 382
1118 509
1058 411
1040 373
1134 457
916 505
1126 325
1014 435
1048 391
1011 464
634 233
994 377
1006 312
971 328
955 322
948 518
961 404
867 361
707 256
953 331
837 396
1053 421
1041 428
777 304
1097 598
453 313
1100 484
1024 607
975 549
1090 314
1013 511
918 555
873 478
1157 490
960 375
1138 558
982 373
993 359
954 306
1145 504
446 484
1056 356
1131 404
603 240
978 648
1064 337
758 269
830 422
920 400
1007 455
1116 463
889 493
904 533
915 579
1122 581
979 480
951 494
857 510
613 397
919 434
1111 434
1074 290
925 374
575 176
542 196
478 535
1105 457
722 464
1093 482
1062 330
1016 373
1095 373
823 378
935 568
781 370
1142 476
1110 482
1062 509
1181 358
990 379
831 423
891 309
1080 486
664 297
573 610
587 232
564 155
1077 400
581 173
1128 431
1120 483
1174 483
965 563
1159 405
1004 416
1165 493
1005 392
448 292
988 370
983 503
941 416
1149 517
1054 495
1140 550
1057 410
1003 619
1169 404
1123 487
893 512
678 243
898 371
1074 495
923 497
1050 390
1160 485
1102 400
1042 476
1150 476
1050 455
918 697
1132 329
866 505
1007 437
1150 586
1153 222
734 308
1015 322
934 565
1089 470
907 549
889 460
1140 506
1138 519
473 292
1064 313
939 497
941 614
982 705
928 450
1113 430
899 511
1096 417
1002 434
933 407
919 498
959 494
859 420
1042 424
972 389
1062 463
1049 615
1104 499
1022 353
853 461
1151 456
1180 419
1136 635
644 204
903 676
885 620
941 542
1092 405
964 549
630 258
1118 404
990 606
903 589
574 207
1041 405
933 548
977 350
950 575
1114 443
503 677
863 519
882 537
1164 435
648 267
1084 367
1035 404
1098 536
859 499
879 308
843 401
680 224
1110 544
1094 411
633 168
1174 417
1068 493
923 467
956 571
604 212
1044 348
785 407
908 704
1104 436
909 423
1049 286
872 432
868 686
1004 352
1155 532
1089 447
925 397
763 292
1014 474
1093 614
1003 503
984 699
872 433
319 353
776 325
1140 320
1083 429
990 341
953 645
723 330
806 642
1091 475
1094 477
1101 424
1102 480
1108 535
949 420
616 274
626 219
439 239
907 522
1142 522
1032 391
1143 474
582 399
1092 385
1037 490
798 504
617 304
1043 483
1007 599
921 338
782 385
1073 492
1107 471
1057 507
748 404
1137 504
777 436
980 391
408 434
962 359
749 398
810 398
909 488
1083 488
983 363
591 169
880 614
419 386
1112 549
1151 323
904 338
680 371
874 512
714 501
952 476
795 346
984 437
999 570
928 695
1071 352
481 317
943 572
920 504
646 673
782 389
1066 379
1173 440
1108 412
1163 499
1078 461
925 509
1159 414
1061 370
1151 469
628 454
995 335
1159 507
1077 339
968 527
1022 398
439 302
1040 500
1010 415
970 528
948 568
822 345
673 258
865 518
1005 378
1070 369
868 661
891 682
1120 577
956 706
921 456
880 338
972 414
1199 531
1056 459
953 501
789 613
830 707
1002 569
813 311
1137 432
943 360
909 518
785 390
974 672
1143 482
954 511
1139 413
888 502
1140 514
1061 440
839 428
943 487
907 320
814 404
1101 427
449 541
912 452
787 462
793 274
909 470
989 470
808 310
846 402
1154 500
1102 391
860 329
1178 431
1027 440
1023 509
995 472
1113 613
1157 561
1082 425
1077 489
1139 479
841 696
475 565
959 439
1121 439
570 526
790 381
575 183
1165 403
1129 444
674 481
974 474
640 297
1147 494
971 344
940 361
788 389
940 623
1009 416
946 504
836 322
781 454
1093 431
1013 403
1017 387
942 515
932 347
799 390
936 564
787 435
891 680
775 447
917 475
1055 372
1075 409
1031 421
427 114
532 382
636 225
1109 486
1122 565
1103 434
608 262
888 341
1060 523
1024 481
870 631
1021 487
1056 383
1134 488
554 667
1118 391
1009 484
861 519
1056 386
1169 448
955 685
990 674
1029 406
994 323
1088 468
1134 468
1183 364
1145 547
1054 493
1157 493
1132 484
799 384
913 499
951 522
1162 420
882 378
1026 694
988 411
990 423
964 319
888 481
1100 357
883 309
1029 687
707 703
974 384
967 304
931 560
1125 436
1114 374
691 411
960 511
842 303
761 624
778 690
992 710
1136 453
1160 453
497 269
824 412
1143 341
1171 411
976 452
759 403
1147 413
1008 461
989 484
590 198
1129 445
1018 439
1153 507
837 384
641 285
130 566
1058 356
1114 448
1140 433
629 324
1021 441
888 713
974 650
1120 471
1038 387
1112 418
964 339
975 701
1063 449
544 669
987 485
1156 413
1188 377
1044 572
1113 478
882 457
1103 376
998 656
1181 350
1024 703
1062 520
972 547
999 661
1116 502
1140 595
1119 626
952 697
969 682
1001 710
935 470
1039 330
1135 419
1012 331
913 523
1096 480
1048 433
1123 642
934 621
977 566
803 350
571 89
679 226
1036 372
979 574
1012 483
960 371
1147 491
1002 364
896 670
1088 431
592 187
1164 478
799 479
1132 411
772 589
889 717
989 363
884 522
1093 481
1014 370
677 361
1085 451
113 223
1125 476
1071 393
1077 503
1058 481
885 336
97 389
931 491
804 694
902 524
1166 509
1062 571
898 354
956 427
995 384
1139 509
916 529
1087 356
550 126
783 451
495 493
941 346
1166 455
950 625
599 241
990 670
904 327
1112 562
1015 574
1150 434
923 570
668 219
960 457
1138 443
902 719
1122 392
1164 459
832 370
866 424
1138 540
988 618
977 604
1130 627
896 493
848 421
1101 472
1113 524
1120 453
1144 567
467 284
942 710
838 636
923 499
904 610
1017 357
843 428
1171 479
1170 455
932 425
442 305
875 511
466 522
1037 404
1028 681
1134 429
1099 492
757 403
140 611
853 497
1116 488
765 393
1019 414
939 688
882 406
970 499
999 469
1155 435
1093 405
1145 409
893 412
1034 700
1133 463
1114 489
515 365
971 367
617 443
945 359
1045 364
1143 393
977 481
1120 506
418 262
1116 410
931 399
1102 455
872 329
655 238
1140 500
966 381
1096 411
789 394
1081 372
1067 620
637 462
687 285
776 376
1114 402
950 508
1183 432
1178 359
844 477
971 496
1137 500
897 374
1140 491
1052 387
876 370
651 243
1173 480
1122 481
752 571
679 230
1091 399
1168 489
1166 528
911 424
985 572
968 390
462 442
1096 403
1091 454
773 430
1172 431
1026 262
938 505
1003 432
1144 490
845 316
1038 448
1183 424
1095 464
1126 542
951 518
1130 561
921 306
941 400
1177 428
571 638
955 572
442 262
1029 383
1148 486
941 343
1134 409
973 438
870 345
831 410
1132 521
1118 495
652 446
314 335
884 482
820 394
930 472
859 408
909 347
1076 371
1013 570
575 579
1117 444
931 549
1110 550
1060 426
1119 532
926 548
788 436
1156 488
980 711
1089 465
894 486
918 526
885 514
916 385
1130 582
943 422
1031 466
1171 466
1117 321
877 306
1057 449
652 261
477 169
967 416
837 434
484 478
1100 442
1019 337
1052 337
883 511
1158 429
1036 416
1168 477
1063 483
770 366
847 449
709 288
1006 505
675 480
1154 475
1165 469
604 264
1096 319
497 569
1046 495
1055 411
570 207
452 307
740 388
1079 428
830 341
1176 451
473 531
884 438
747 619
1111 510
887 561
943 561
1140 417
1158 435
905 517
488 302
929 434
1151 491
974 403
1142 481
963 387
1075 508
1161 488
1137 541
1122 451
776 677
1019 707
1094 366
1153 564
1146 443
831 422
877 344
826 466
1155 583
769 610
972 364
961 313
488 539
1138 419
568 232
1068 470
655 235
636 272
989 507
1142 437
928 329
619 399
1148 484
1030 395
1173 368
928 375
440 464
641 303
1131 509
1084 316
949 551
1110 292
1206 522
890 441
1046 432
874 339
998 335
819 629
1006 683
1170 487
783 461
887 473
1173 473
427 271
695 349
1119 447
1053 395
805 459
1072 442
1065 335
1174 455
1086 449
1127 581
807 655
840 637
856 485
1136 450
1052 613
1078 406
900 627
1126 460
507 355
772 304
793 292
598 275
1135 479
784 351
780 405
635 307
868 513
906 461
1126 407
1092 599
937 544
1092 476
508 634
1004 286
913 568
1165 458
930 680
904 459
974 361
1129 471
499 315
1170 429
1004 564
1037 590
1163 502
824 409
1082 435
1118 519
564 605
1065 396
1063 717
1059 456
493 484
1031 596
1064 499
955 650
1167 479
584 192
1097 465
954 422
858 450
1068 394
1113 537
1195 511
888 434
749 600
764 265
1077 424
950 550
1171 460
1107 452
953 377
839 343
1170 343
1105 455
1085 456
1171 339
1112 464
987 540
1155 497
905 407
1092 383
1178 464
1105 380
538 712
933 684
1148 417
1011 431
929 329
1089 498
1124 488
1126 381
1004 340
506 182
780 634
1126 519
1087 400
795 336
1124 477
1079 430
1154 435
453 273
972 528
1032 610
771 387
765 343
1117 552
982 471
1083 356
747 652
594 261
1144 498
1097 435
1020 374
913 379
876 505
1130 339
929 369
792 447
1087 467
967 425
829 504
1150 640
960 514
1094 437
1020 466
953 317
942 346
688 246
1206 509
1127 401
547 541
1049 495
1139 571
1068 418
991 467
842 486
1091 419
999 608
992 331
967 598
1076 470
1123 548
934 553
859 709
1037 357
1150 470
1150 423
571 199
1171 472
746 308
1019 475
1143 504
944 357
947 552
779 411
1060 414
1170 454
450 289
1009 339
672 708
1064 423
1140 447
1143 572
1177 472
1132 494
1055 428
700 221
1157 475
648 216
1140 470
1122 482
976 600
1182 453
1156 436
837 295
1005 397
661 306
1162 527
1089 579
580 237
528 628
1114 513
1055 710
497 595
1133 461
835 413
920 330
1040 410
357 221
1176 450
1124 489
813 299
1175 462
1019 351
1004 411
1061 475
939 474
955 600
936 588
895 477
1142 309
998 463
1008 429
1149 511
1117 452
1146 554
1111 424
737 415
922 345
747 354
949 401
784 431
1085 442
1011 603
1050 413
888 457
1126 504
874 355
1115 492
852 362
936 482
1176 331
1000 427
951 471
776 658
949 417
909 397
742 277
784 418
704 296
1116 459
1115 429
1067 496
1097 466
840 309
1120 494
1144 419
798 420
1065 420
997 479
1115 436
1024 378
902 399
946 484
780 302
1153 538
1002 452
974 359
1093 441
1020 473
764 280
1139 435
1009 358
882 404
1167 436
963 589
1116 536
860 513
915 432
981 432
956 407
1155 478
1090 507
1101 449
1133 388
1183 453
1036 414
984 498
551 591
818 433
833 480
1133 480
1141 480
980 576
974 573
1073 370
899 457
1145 577
427 531
868 349
755 382
728 319
803 393
879 355
1057 601
927 400
1152 352
1055 466
993 479
1031 409
1061 379
590 211
1171 437
1060 487
1000 361
402 260
1119 500
800 679
414 222
1025 333
1142 563
1144 551
939 533
789 471
1148 399
1043 408
1088 473
370 594
1097 374
640 326
855 396
1154 443
578 693
570 266
899 330
928 544
1129 380
1169 480
1106 497
1082 297
1011 517
1044 349
998 441
1006 404
477 499
1067 470
948 592
982 391
1155 471
922 341
1136 504
890 522
999 611
1123 424
976 615
870 388
799 379
971 565
1005 426
1175 450
935 544
984 616
1081 398
1148 398
973 672
962 329
1045 432
1128 466
886 537
1051 438
869 494
923 454
1092 409
1116 569
1143 489
1015 372
1035 323
871 441
1069 453
604 204
1022 335
1114 437
1067 342
1016 459
1129 559
912 696
1109 322
1003 351
1152 488
1000 500
786 340
945 347
1122 468
1099 311
1073 380
1154 377
971 315
930 719
1082 489
1102 389
793 440
717 621
1040 604
482 495
782 419
1138 497
1007 467
893 134
1002 384
1087 477
860 342
829 661
1085 418
1165 418
1114 417
992 463
864 505
881 663
1028 468
957 411
782 343
847 337
1013 437
1024 361
968 568
1149 327
890 419
1109 513
845 425
1056 505
1099 411
617 208
1122 507
835 713
1120 574
886 353
514 616
945 688
791 412
820 655
148 581
1038 447
1120 413
1039 382
982 684
1088 400
1059 502
942 306
1052 417
1104 487
1077 484
1106 457
672 194
899 508
779 663
1059 406
1076 433
1059 390
1124 535
830 690
1097 468
1093 452
630 434
823 686
1133 510
1109 537
828 295
1156 415
1117 541
970 399
1107 409
434 281
1153 416
851 719
1020 515
985 706
940 689
905 676
949 550
1118 450
1122 503
912 485
865 369
895 349
961 306
974 503
1164 530
905 692
1075 355
833 637
836 366
1012 568
1043 438
957 572
595 271
986 501
1095 613
596 219
1111 397
425 260
874 343
1074 489
613 220
1163 504
852 306
839 311
193 655
1054 437
774 339
1017 592
972 671
1126 508
1150 508
489 318
734 514
1161 479
870 661
774 421
938 406
800 412
831 444
847 316
1091 460
1207 503
983 379
1032 697
1069 451
1016 694
921 549
981 529
862 531
886 503
1009 356
1020 384
1058 344
940 332
893 351
839 486
1031 490
557 634
1020 347
1120 480
964 325
796 342
1088 494
1074 587
489 668
1142 583
1018 383
1140 516
1009 331
1060 394
737 334
1006 689
1066 385
902 425
728 632
1151 453
735 716
1033 465
915 487
1107 417
1163 398
1143 584
501 615
1138 433
1017 386
1146 548
752 303
1080 459
609 216
916 481
549 382
1035 432
1130 400
1026 479
1111 479
1011 440
833 328
1051 478
452 517
924 558
769 297
1026 389
1118 408
1158 408
915 430
930 486
1085 403
814 382
1173 426
1068 450
1151 457
842 291
1091 479
1169 428
317 320
834 349
812 380
816 415
969 415
903 478
1016 478
1167 413
1039 620
886 505
1115 511
1106 439
295 407
1096 407
1149 481
1021 503
724 413
942 593
514 164
499 157
1087 372
825 440
954 434
1106 443
515 353
1092 368
892 420
840 395
388 260
805 438
744 356
1013 687
943 477
1085 408
1179 436
826 689
1129 431
500 532
1167 423
992 554
1098 435
1103 453
1154 494
1067 432
1006 389
449 526
1133 505
1048 495
909 429
954 425
989 661
860 537
847 475
1087 437
1019 384
533 224
1008 314
1078 407
1164 414
1127 393
407 404
1071 482
970 572
1160 483
967 684
579 396
876 378
641 659
937 587
841 511
947 551
856 326
946 491
1136 410
1096 473
811 271
946 548
940 435
1006 411
806 450
1107 395
1120 544
843 423
1159 534
1054 447
527 353
927 343
1214 425
1010 377
1113 481
948 286
472 328
1021 508
1155 455
1157 455
1132 635
899 360
984 614
1205 509
1136 452
1152 334
1157 499
1037 430
956 399
483 126
1000 624
1092 403
1038 477
546 163
1041 500
1022 479
1177 479
928 516
815 418
931 528
917 551
605 270
945 708
1018 488
480 320
802 473
1057 421
1028 713
1106 504
881 468
1048 405
1070 405
1047 280
614 211
1159 442
1042 393
1110 393
992 258
833 427
875 341
870 462
1023 481
863 337
684 246
1008 355
825 407
1110 460
562 395
1078 398
863 666
1171 459
957 629
1117 532
740 373
964 373
1074 507
1022 446
428 455
794 412
966 324
1078 380
931 517
1115 484
765 338
1124 433
1043 515
595 395
1127 461
889 702
1133 468
1018 415
979 566
637 219
866 365
905 342
887 471
1157 476
1133 449
1011 391
891 302
962 380
505 347
836 405
1089 595
921 435
1069 581
944 441
1032 408
931 545
581 410
763 525
1119 525
692 245
950 659
1199 508
909 654
887 671
1075 587
1082 467
932 306
1031 455
715 249
498 124
965 488
1155 503
1148 500
932 359
1138 439
601 238
564 189
961 602
1013 455
1158 487
936 346
930 502
1074 443
1165 480
580 171
887 354
675 677
1152 355
959 645
854 710
615 425
1194 495
928 426
1121 469
1009 380
1050 380
1203 500
941 325
1114 534
1025 614
988 705
1200 540
1139 601
682 312
970 437
844 476
537 673
1174 478
849 659
1095 431
926 556
629 237
1170 440
895 617
960 421
974 321
594 683
598 226
417 589
1140 541
859 468
1008 394
1080 495
589 625
1001 424
1068 472
1053 401
1073 407
866 413
937 413
776 594
512 143
1181 436
1060 329
859 360
892 367
1108 368
942 457
1020 362
1135 456
1087 600
550 222
639 222
1026 426
1095 437
813 693
1019 340
1049 340
1077 493
790 596
1151 521
945 650
966 669
487 527
944 686
1153 375
1005 653
772 405
1127 445
1143 404
1092 435
1074 440
816 659
1145 533
973 342
946 455
885 314
946 559
1105 383
1121 415
1144 477
1132 463
970 379
893 550
781 617
933 685
454 448
1138 571
1112 454
1116 454
1128 476
1082 421
1127 394
1008 342
1022 343
976 480
988 355
816 319
1120 513
1138 549
632 308
634 661
1130 502
889 706
1096 412
525 358
763 374
951 386
1104 451
986 401
544 367
981 389
962 399
1164 493
1132 490
938 522
602 239
1147 441
1058 440
1061 352
605 248
1099 509
612 427
1133 515
918 495
1138 400
936 342
903 378
797 372
1046 347
1153 464
761 404
1096 430
1172 450
1150 510
1124 451
533 519
962 476
1079 474
954 335
1162 499
1124 518
963 692
1158 341
1143 418
1116 494
958 455
900 522
704 343
1156 470
788 420
1133 275
967 371
1147 446
646 305
1023 421
625 716
773 267
881 298
1066 353
1093 483
1108 483
945 514
611 252
550 390
963 329
660 349
918 409
1136 400
1124 463
537 664
1139 441
1058 426
1127 488
703 278
1028 487
1138 552
1087 308
1069 416
730 595
958 413
1116 496
1056 289
956 371
931 424
597 430
1138 489
1054 484
946 509
890 400
813 480
735 371
1011 414
954 538
924 547
988 440
1076 474
1166 335
1058 395
1018 356
472 137
1006 401
1027 483
878 322
1152 450
1055 502
887 375
1117 375
1134 537
974 434
983 434
831 399
1060 453
1022 625
792 442
788 337
492 568
520 195
1157 503
1120 446
998 494
810 395
761 341
1089 461
908 307
833 383
1044 378
916 555
1149 546
1159 513
889 469
1159 500
1137 449
1125 395
919 440
1027 398
1123 489
974 381
1148 458
748 396
613 211
1085 417
978 401
898 474
1113 499
752 416
405 462
1070 432
1061 444
1138 478
898 343
1117 513
1147 555
922 464
1050 428
799 320
890 459
981 615
1095 312
479 286
966 562
1126 514
844 516
964 477
1143 313
979 547
1072 360
1078 433
967 563
1119 490
980 321
754 375
977 415
1024 410
788 378
1061 402
1122 501
977 545
1060 342
596 663
1165 421
1081 465
670 713
1036 472
872 476
459 287
972 362
500 504
1012 466
1060 374
1156 474
1057 365
773 593
961 597
1148 557
1153 515
1192 462
1090 458
925 389
528 184
778 366
984 478
836 332
952 450
1146 341
573 233
1134 469
1161 425
777 554
926 554
1136 446
617 237
1116 436
1153 424
113 541
891 462
1134 395
801 605
1094 463
1078 443
906 518
856 473
809 298
746 249
1094 284
575 242
600 189
1141 507
606 407
1053 420
1030 350
978 505
913 514
969 490
1050 481
965 352
1131 584
1113 303
907 443
1104 458
896 345
705 225
938 519
861 461
899 546
925 491
1029 331
758 280
1132 507
918 358
986 355
899 350
805 343
1178 343
1057 496
1142 420
1053 415
483 292
870 408
816 380
554 192
1157 467
1049 471
723 364
1154 569
1013 321
1101 386
1010 468
1165 464
1041 713
402 531
950 309
1165 552
718 387
949 559
1051 359
1056 474
1128 505
1112 453
974 475
1166 406
645 271
1127 578
1167 412
1144 526
955 445
975 478
976 388
1161 508
1160 468
536 643
1061 439
519 600
1086 392
972 418
443 291
716 235
1101 489
1101 375
1133 532
889 344
1160 470
1081 476
918 501
931 501
943 545
960 576
1139 411
1117 482
1100 363
739 312
892 312
1071 412
907 346
953 491
1060 383
1148 383
998 367
1131 467
1179 467
1004 479
1151 391
913 535
749 390
1135 521
1093 484
1098 454
1121 454
1103 507
1167 481
765 281
710 360
966 552
1011 402
855 677
965 527
1100 445
1142 343
1010 582
669 268
869 506
562 638
1122 382
846 391
1159 449
853 413
1138 480
1157 450
1032 394
405 396
1069 473
1079 408
465 538
917 559
948 442
662 229
962 439
927 329
614 193
921 447
1164 456
1007 497
871 522
930 286
636 256
952 486
807 320
457 279
1146 345
1109 403
944 556
1095 441
1084 489
783 358
853 337
1039 367
1153 451
703 311
996 410
934 579
963 545
933 405
458 582
994 498
601 261
1117 575
519 189
994 488
967 571
805 411
616 678
1115 467
1087 505
1124 505
775 408
1059 507
875 325
734 523
862 389
923 371
1056 328
1157 505
1001 480
948 499
1037 499
1149 579
927 294
949 369
918 443
1135 542
1079 409
962 669
1036 426
923 414
469 279
951 470
881 405
897 405
551 607
1148 311
1010 379
821 422
1125 382
1022 496
1060 385
383 223
909 459
1015 509
1095 303
1121 388
1103 470
763 348
994 443
1050 443
931 498
1115 533
821 396
998 359
575 691
1042 428
1066 400
934 325
788 366
472 254
928 390
1130 335
1132 530
775 626
915 483
975 483
1089 454
1144 592
874 361
389 268
1152 428
640 216
1104 500
1064 386
556 217
921 320
599 242
1126 489
1049 425
1043 477
1139 478
977 484
919 356
1150 420
1146 490
538 352
992 568
687 323
943 494
768 398
814 374
659 284
665 284
1044 386
1023 472
1093 472
1113 501
979 365
1123 558
775 388
980 388
807 438
1097 518
827 330
1136 461
954 510
1117 489
1151 433
589 621
1062 401
1140 528
1139 400
860 335
906 481
1164 498
1178 455
1142 546
1146 494
1089 345
927 674
1032 447
1037 605
956 415
892 374
1131 506
1000 346
1081 346
972 458
945 548
733 249
917 375
950 518
985 383
1006 462
1087 373
971 381
1058 500
1023 365
1105 306
889 552
1118 320
907 568
1121 506
1154 496
574 684
1078 363
642 425
419 224
1180 471
1030 482
1168 321
1156 486
994 477
930 335
1088 422
793 465
879 408
1161 539
1092 479
838 416
337 319
597 410
696 475
744 653
1179 437
826 500
935 541
1100 444
599 189
1019 456
881 388
1078 597
817 645
843 372
1105 465
1100 496
1075 299
1103 520
767 393
1023 461
632 239
1037 453
960 699
921 374
1167 482
940 715
633 238
609 249
542 385
1081 458
1150 541
833 355
974 676
878 658
920 653
1045 502
1192 422
849 494
979 567
1060 719
1004 689
1162 439
1088 602
1027 600
1041 694
907 715
631 202
535 186
907 322
778 419
701 457
1063 363
1089 511
1024 495
1024 261
598 208
851 292
887 694
1131 533
1056 413
871 680
982 601
515 620
1121 482
1136 566
926 491
1123 536
938 344
678 683
920 540
922 437
398 408
922 486
1065 345
971 429
1142 575
1158 558
1130 447
1060 425
972 357
1076 465
756 349
1157 420
804 609
1107 494
1027 371
490 343
941 450
1064 450
977 409
1113 512
1087 411
642 273
1098 442
897 537
615 685
905 547
1120 430
1125 376
1186 353
979 407
1139 551
1078 454
1113 307
604 281
1001 394
1017 492
1119 465
792 681
1134 388
1138 510
558 129
488 468
1100 464
1148 470
580 410
1142 410
305 422
1072 480
952 513
938 504
1111 369
978 354
540 373
836 312
1044 312
551 374
1075 379
1119 423
1144 494
975 455
781 439
1117 458
930 341
901 470
823 626
765 534
897 536
1125 325
1088 408
624 206
1175 433
1019 595
1180 463
1120 493
557 172
987 382
758 423
1022 478
848 471
925 585
953 549
830 709
660 208
1057 357
1010 367
1095 403
837 495
468 94
737 371
966 554
1082 360
896 405
640 667
631 233
1077 406
515 181
1105 494
1185 439
907 335
1098 350
1004 168
816 358
1166 437
986 414
941 312
823 402
633 443
957 321
757 291
904 367
1167 474
809 391
1080 446
832 333
833 460
878 505
744 344
872 311
1118 636
1121 447
1050 403
992 694
1014 694
942 493
1113 493
648 243
915 628
882 455
463 453
1128 306
798 647
619 248
804 393
573 618
1044 390
933 507
840 638
924 496
879 336
646 318
984 677
977 478
1144 525
1111 294
1123 326
945 576
1186 430
1063 709
665 469
1110 469
1064 609
1050 395
895 549
783 466
960 689
1036 422
619 199
1162 488
732 270
1145 348
703 319
751 587
873 510
1125 493
647 677
996 305
1170 415
1166 417
1117 495
709 298
1207 515
1049 464
944 584
1040 483
1054 451
1127 478
1011 438
801 325
1068 354
715 379
934 350
1078 402
957 528
549 630
863 331
1129 482
593 699
865 506
954 544
897 719
1041 396
957 589
1010 599
944 501
951 662
1150 447
1155 468
1166 468
985 582
904 340
1080 441
799 376
898 467
586 683
885 524
937 394
603 434
850 434
1158 463
1165 484
639 256
1132 475
1048 392
1065 431
1098 598
1092 491
976 571
919 543
1105 324
1122 406
1128 510
928 391
879 326
1178 370
1152 564
723 310
1115 518
944 402
960 519
683 276
972 490
926 679
714 241
760 622
890 452
1151 533
614 233
1129 486
976 344
1105 381
1123 510
546 578
918 429
925 385
1059 459
1138 459
917 354
1158 390
1101 391
889 676
333 59
1135 550
1124 523
1106 323
1025 373
434 130
1005 440
790 385
986 567
1154 497
1057 716
1137 444
940 503
1168 403
888 335
1168 451
1160 538
891 353
983 428
1024 415
860 359
794 429
383 433
1026 425
1145 531
379 79
979 350
1146 568
1139 480
801 451
1042 412
930 397
799 329
1004 430
993 564
608 202
762 525
780 403
884 324
634 252
750 396
955 528
1063 443
1012 634
983 359
586 163
1002 414
1002 399
943 560
1133 438
637 262
644 688
1073 462
1099 449
879 388
1046 463
806 409
596 174
955 372
978 502
943 496
809 399
865 454
845 390
1138 389
945 712
1133 430
1011 401
1060 366
1159 468
1100 450
824 452
1123 402
891 481
874 547
1042 403
693 271
572 392
1096 460
423 244
928 490
1100 417
1105 415
1037 385
397 446
594 286
838 441
1116 525
507 568
836 422
934 574
965 533
1168 427
776 363
1102 510
1118 411
890 387
940 302
710 265
866 315
1154 513
1011 586
926 581
823 367
1042 332
793 392
1146 251
698 314
753 293
474 273
580 261
486 660
869 527
1130 423
824 355
1154 356
741 289
861 463
1019 485
775 390
1126 470
1012 322
1150 539
597 215
577 686
1117 429
741 418
872 357
1176 423
775 385
1015 385
643 656
1059 379
801 456
1065 456
1135 435
488 300
954 337
1147 593
748 368
547 167
814 392
985 608
1013 604
1164 539
909 377
1044 377
638 323
675 485
501 314
833 314
761 303
1161 449
1036 452
1018 475
895 417
958 419
1007 364
1120 520
1116 486
775 299
668 697
588 695
498 358
1135 463
513 346
1032 423
753 534
1153 511
1052 426
1135 337
1175 337
663 690
988 331
1103 402
997 373
1001 373
1089 457
1045 413
1071 443
1095 316
1140 454
590 622
1150 436
886 560
917 427
891 487
1014 408
1085 295
814 343
725 316
955 599
1140 401
1165 472
1161 467
1129 473
421 228
412 394
698 225
1079 381
958 327
1079 501
560 617
859 455
1129 519
1146 540
1153 568
1152 453
658 232
569 218
1131 521
843 325
940 399
1024 380
582 408
662 296
1125 379
982 347
1112 412
916 450
960 450
1056 450
1113 459
614 647
789 316
409 278
999 393
1147 503
741 420
1105 527
637 439
989 409
945 515
1130 588
906 505
1065 440
582 271
929 527
1103 472
961 466
1101 357
864 323
889 397
1181 417
1165 477
629 233
1004 368
603 706
1051 379
595 220
947 459
1075 447
921 656
585 644
806 414
759 419
884 479
935 475
1121 468
795 352
531 672
638 193
667 207
1073 451
1159 483
931 482
668 706
1158 455
936 359
724 382
517 494
956 583
954 567
393 253
618 198
1053 387
448 266
1130 548
1101 399
585 661
933 481
512 647
1137 416
998 561
867 522
813 403
818 403
1126 566
1131 547
1104 467
961 532
894 313
1182 430
741 380
939 380
993 421
989 607
1160 463
1164 463
1100 500
1112 373
915 565
420 418
961 475
1156 513
449 293
776 298
845 420
1085 434
504 356
431 281
1082 445
1025 489
1186 442
1151 562
1094 367
1099 414
867 452
499 554
1189 429
1186 457
872 494
1187 351
1115 407
833 387
1095 412
1155 576
1043 415
959 392
855 343
1029 370
1002 376
654 282
502 648
940 397
687 714
754 386
1039 421
1034 593
457 52
866 329
1129 329
1047 321
635 427
1122 407
412 231
900 293
1110 372
1119 371
1114 431
1062 445
1043 400
1186 463
986 449
957 480
1081 484
606 658
1126 575
691 278
781 383
1132 383
950 362
783 429
1046 419
1147 419
941 577
770 662
1140 438
949 478
1157 453
1060 458
996 304
838 343
774 375
976 553
1103 392
412 455
1134 510
782 368
1072 368
1124 398
887 521
863 299
1169 478
1046 320
999 341
1129 436
923 531
1021 509
1147 507
1105 403
521 661
1129 586
578 405
934 445
1047 437
868 511
562 623
1064 297
1166 459
1000 508
459 322
958 391
995 603
1127 421
1148 519
902 472
965 462
838 426
743 408
1008 434
1025 341
970 394
1142 457
1058 451
1159 484
1148 497
815 438
1043 468
1106 473
859 480
1130 492
860 416
856 454
389 489
913 542
1071 487
898 338
1074 380
747 383
848 396
1062 388
785 458
1169 417
769 373
1019 619
915 379
704 710
908 313
937 313
1080 599
1014 356
1115 319
437 508
807 477
1049 482
936 328
975 538
891 488
1070 396
870 469
1136 583
1154 493
980 334
1052 382
1164 416
804 324
1051 381
910 491
1114 428
835 438
793 369
574 184
850 418
953 396
971 558
588 409
1140 579
473 454
920 391
631 320
830 397
817 330
1103 372
1085 298
595 287
1032 410
921 556
1169 483
797 442
538 207
984 487
1154 352
1061 360
765 298
1005 448
892 493
1140 544
1152 525
1130 536
1046 614
989 482
743 325
1110 410
815 273
939 541
1155 467
1152 462
1147 517
527 163
594 202
1045 450
736 580
1161 512
1022 459
1116 408
1057 476
939 526
859 338
830 406
1165 457
1134 491
624 211
814 629
945 622
925 324
1054 348
1136 505
956 463
834 475
615 249
1129 583
970 557
944 365
551 359
645 458
891 440
672 234
641 189
1002 311
544 663
1051 409
1093 580
1114 565
779 359
932 586
997 328
586 278
1093 455
1126 570
925 356
1039 356
850 340
947 340
1070 411
1023 503
1152 322
478 544
997 509
1149 550
1030 461
1158 465
962 410
1179 426
1066 437
1139 468
1040 436
907 713
1163 503
931 487
1018 385
1165 431
803 677
907 523
1147 463
895 517
396 249
1098 490
841 400
879 472
1087 355
958 293
743 312
893 664
1007 360
1187 360
1009 326
1056 327
520 537
992 467
913 507
541 719
525 356
1054 504
1045 333
849 340
940 416
476 466
1017 688
921 323
1096 475
987 556
874 400
981 400
985 676
1121 304
1124 540
1066 463
1027 415
1044 352
1145 525
1146 424
958 342
482 307
1034 472
613 663
1122 420
1181 458
117 529
789 432
832 448
979 568
817 298
1029 390
1138 346
858 480
1137 425
1173 486
1031 410
969 512
921 316
621 285
846 409
809 447
899 555
1151 555
1166 358
800 271
871 383
995 463
824 431
894 534
1183 449
1134 466
886 488
521 380
495 473
551 671
769 351
1163 474
857 492
931 558
999 310
765 366
1163 438
1076 450
902 712
973 689
844 499
1052 357
1118 532
813 341
980 616
1176 365
1072 466
1152 474
593 171
641 232
912 350
1130 455
1152 445
1118 551
562 177
653 267
1039 457
1181 457
1024 580
1101 520
841 360
844 519
1136 423
517 548
804 380
1048 380
914 315
982 639
818 482
398 455
948 559
1098 453
834 379
993 415
1168 462
1063 420
1136 483
888 372
685 348
1084 400
1121 533
422 98
937 354
1021 458
465 109
747 374
1025 390
1073 414
903 556
1186 339
669 485
1155 469
1015 411
963 295
1136 466
1134 570
872 499
943 567
619 249
1004 451
917 487
897 323
878 477
601 193
1150 457
674 309
1133 425
986 359
887 639
830 483
1050 373
1090 373
561 185
510 335
1133 465
1150 577
926 498
1007 627
775 304
1022 457
968 582
909 616
1069 377
1141 517
952 511
895 502
904 479
651 264
572 411
974 442
1061 442
1108 494
946 516
1102 463
836 636
909 439
780 435
1169 484
946 499
1193 511
637 194
1053 282
588 198
1031 527
1039 431
588 401
569 196
1154 528
942 307
754 413
1074 413
1123 413
932 408
732 366
1079 476
714 341
1129 538
581 180
1036 378
1060 422
601 415
1155 460
885 347
1097 410
746 569
823 264
1159 478
990 662
614 436
1171 441
1173 459
932 578
958 434
1089 446
1162 474
602 238
897 322
649 245
719 365
941 485
1053 485
1158 498
937 411
918 355
1073 342
875 497
1057 415
935 452
883 479
1148 477
619 211
965 588
1186 465
881 501
735 331
1091 315
1099 408
1046 367
1074 367
896 468
1046 383
714 384
1125 443
1164 507
668 671
625 221
1167 524
504 196
912 484
1090 478
1181 368
980 590
1151 488
1153 352
1115 508
975 616
908 564
896 412
1079 419
761 434
869 453
1081 305
1014 406
946 649
948 540
893 355
890 440
650 472
760 685
1134 500
913 437
791 625
956 308
1094 456
1120 488
1135 480
596 197
423 559
1150 467
890 482
1111 413
702 351
1129 522
928 678
1139 463
1116 560
1152 435
1137 484
1008 340
1167 456
875 361
1078 361
943 501
890 394
1093 593
976 362
1112 436
1093 439
920 446
1105 446
860 526
1135 539
671 202
1158 326
486 481
934 536
803 357
109 383
1096 426
1130 576
1149 558
1100 474
1075 469
969 645
819 390
628 702
1031 316
550 640
1156 477
1176 477
1160 350
1021 634
917 504
663 295
413 517
817 421
1122 558
778 269
806 343
990 507
1062 418
144 586
847 374
684 284
821 420
479 291
1099 476
528 613
1148 579
1091 390
1090 319
1163 323
1145 462
820 371
1067 371
1027 329
864 509
599 693
1147 456
913 518
912 524
1031 430
925 698
1019 418
1157 351
786 423
413 261
790 382
431 302
1062 468
982 699
468 340
1112 303
1079 420
1119 477
1113 523
583 394
696 229
954 586
1034 609
991 306
899 525
977 289
1143 447
982 576
803 330
936 474
610 264
1011 339
1000 417
1107 436
698 218
1151 499
1131 488
999 688
1147 571
1118 531
912 455
1098 422
1038 351
1055 351
461 277
740 294
967 359
946 461
992 555
1019 442
922 483
959 538
944 358
843 319
1113 526
1142 399
1116 429
779 433
849 703
1007 341
1178 468
1132 566
847 302
926 689
1159 458
1007 337
1164 464
1167 411
1011 589
952 397
1015 456
409 274
1101 436
672 255
1041 354
626 276
974 455
1120 455
1081 347
1088 281
529 199
1192 433
922 571
971 233
951 579
1133 541
1059 426
825 387
1062 417
862 459
1066 459
984 605
1113 376
788 277
1000 398
1024 386
832 406
1180 417
814 415
713 317
1043 432
578 247
1033 381
1076 427
1049 497
875 330
993 382
932 310
866 352
1152 508
1120 505
885 685
1057 349
842 408
1110 409
826 412
1107 388
458 306
846 423
912 480
401 261
960 425
1138 467
961 571
677 207
1061 415
872 355
559 244
1006 376
919 452
817 445
1150 566
891 441
974 614
927 564
652 705
1078 423
292 304
975 539
1150 475
921 477
434 537
641 184
583 389
1114 447
1128 447
1042 431
908 341
1045 394
1097 514
922 578
1163 470
840 481
1026 600
1031 507
994 346
953 641
882 359
687 227
614 416
916 458
925 706
1152 491
1052 415
628 273
964 474
1033 593
977 542
1179 441
724 330
854 337
649 220
640 433
1062 494
1167 478
1191 444
878 404
967 472
1145 403
1108 390
963 334
923 627
1105 500
429 526
1021 443
515 348
1119 517
1179 449
940 398
1030 398
889 439
896 681
696 302
990 558
663 665
974 552
818 498
585 178
951 428
1071 440
1113 416
633 223
1000 443
953 384
861 518
1138 395
198 165
521 587
627 288
927 252
677 711
976 443
1133 537
1163 436
1111 391
1138 544
1110 531
854 390
998 394
1132 497
943 347
913 364
621 293
929 304
809 297
493 312
841 374
777 331
1097 360
1003 420
802 337
890 561
1027 351
913 544
801 472
1154 415
604 408
365 445
1143 497
1029 618
594 274
814 419
946 542
875 516
938 585
877 384
485 333
918 558
336 186
1011 705
993 675
1119 450
947 577
845 521
739 371
1028 464
413 533
1158 477
683 712
1157 454
1112 440
928 372
989 370
836 507
954 349
966 414
811 358
1077 341
941 345
445 553
616 235
584 645
1175 464
930 313
981 312
697 695
472 519
476 519
396 103
454 271
1029 374
981 579
927 512
812 474
835 434
1006 597
1145 530
1022 339
1028 356
1165 522
1142 345
704 280
877 549
859 445
1154 294
957 563
985 563
714 357
1026 357
629 229
575 415
631 268
849 518
1129 551
1144 476
1159 461
1045 416
720 323
1039 500
1137 534
1080 509
653 214
842 635
1101 387
1108 428
767 420
1101 445
1005 464
901 481
498 130
655 435
1008 511
787 297
1143 531
953 522
895 444
915 464
935 448
857 495
1047 408
418 46
842 300
1016 481
1165 352
1007 401
1001 357
656 438
830 482
893 482
791 675
1113 511
461 293
729 527
911 649
1117 323
1114 499
1139 333
445 449
1028 506
1002 522
1017 507
1082 465
1130 465
945 462
1048 353
460 448
1134 585
1168 350
989 610
704 347
1136 459
1113 439
1061 384
999 389
1176 448
957 523
769 327
1065 390
805 405
1113 375
498 110
1142 417
946 305
503 682
1126 454
837 421
577 196
950 348
826 358
1087 510
648 212
707 498
1023 611
866 478
1148 525
920 710
865 416
838 647
1003 513
1132 468
1108 448
1022 473
1152 473
541 597
860 353
988 690
386 237
1003 352
649 254
946 627
1123 589
1135 518
1173 458
999 713
945 501
995 697
792 457
1091 598
916 485
1098 517
501 350
417 240
1002 573
932 384
824 406
1020 498
1129 503
1067 505
1037 398
1144 344
1030 583
1152 457
658 263
594 637
1162 455
720 497
1064 467
977 445
385 387
1108 406
899 409
1083 367
1069 424
1118 529
1019 403
833 364
540 231
673 205
1050 439
689 233
1197 511
1156 461
482 343
925 425
1031 415
1137 584
1069 405
1123 475
399 485
580 187
1164 358
464 92
811 552
1127 454
931 507
709 306
945 534
627 238
1162 489
923 571
740 301
1111 534
631 214
911 317
609 283
1131 422
971 426
923 315
983 425
1045 457
1028 424
1120 420
1147 493
1129 533
1013 404
838 432
1047 406
1143 532
677 455
1108 491
889 324
898 325
726 225
1031 711
663 194
995 395
537 569
881 513
1150 513
1034 359
891 388
834 499
858 444
1110 385
1106 460
997 351
923 320
980 528
947 572
1138 416
936 517
753 321
447 432
1160 518
545 595
1108 385
1034 701
647 303
886 303
985 355
1140 406
827 644
1102 438
1099 469
1083 369
481 306
1143 468
823 494
885 378
646 229
969 518
1131 558
438 276
644 214
992 450
759 260
1163 556
942 329
923 313
1132 636
759 354
971 544
401 407
1108 447
1063 423
629 226
1158 402
765 396
1007 471
619 182
887 343
1068 444
925 410
1128 486
566 183
849 315
481 342
996 301
433 492
984 393
685 271
1051 711
1066 479
1029 326
816 438
826 374
1133 574
628 308
821 452
701 345
1068 385
827 354
1168 420
672 305
872 429
1070 503
1091 411
946 341
1139 447
1111 453
1118 441
1126 463
1111 628
932 481
725 305
1159 460
926 407
767 372
1123 531
1151 428
1123 532
1148 502
806 371
657 316
1063 617
1003 336
1056 451
472 314
971 430
883 485
566 384
1087 393
1093 386
762 434
1102 408
1103 369
761 294
1050 392
938 493
919 700
895 483
1022 363
847 339
991 425
997 427
923 468
1042 438
1102 423
1113 312
987 401
652 642
1121 546
686 253
1036 524
791 400
1141 601
1107 508
1158 480
618 701
966 424
1160 473
1126 551
442 186
908 360
1189 345
1114 373
911 577
899 351
1161 459
1108 477
794 400
1154 498
921 532
1142 636
1003 344
637 186
1041 605
1012 621
992 317
1188 447
850 507
1057 440
882 540
1186 469
1120 472
1149 578
788 341
488 577
945 381
1125 374
1111 475
1088 436
968 571
699 325
996 416
991 454
565 595
848 670
1094 415
1069 426
1094 426
951 573
1122 496
1114 460
973 375
997 478
1168 466
1141 519
973 462
1047 372
915 450
1078 396
994 331
942 321
784 442
825 435
474 316
859 351
1114 444
1147 500
1120 516
459 314
957 436
940 524
1062 323
702 235
1100 594
741 570
1169 343
500 351
403 257
529 563
1135 469
868 408
1140 459
977 456
893 504
1114 358
805 448
1185 462
859 372
1139 436
884 675
835 350
1091 356
1068 451
1139 495
1144 489
1144 491
936 253
980 337
1007 418
1099 504
1115 542
747 346
1131 407
940 382
867 475
910 490
1047 622
1083 461
608 245
1101 415
648 293
1085 305
425 268
953 536
1122 327
977 544
589 667
926 355
917 341
936 570
1121 455
574 240
839 308
1148 530
1040 360
649 321
951 605
614 422
1158 512
435 292
577 214
889 537
1068 286
1182 446
791 649
1089 347
1030 371
870 415
836 342
749 382
1187 426
1092 499
989 481
761 430
621 224
1052 381
1129 576
1130 489
1171 388
981 379
953 629
1077 490
1073 569
550 347
934 703
983 297
647 469
1167 358
914 683
974 564
950 353
486 60
740 304
741 304
1084 457
979 681
820 331
529 539
620 290
631 426
1123 374
511 355
785 391
1014 310
943 523
803 272
1033 400
981 537
444 507
996 373
1151 436
687 473
1102 473
599 269
761 582
1017 612
959 372
996 453
621 422
544 684
1126 567
1077 413
908 421
903 709
989 660
841 702
851 669
1154 483
829 485
570 312
996 471
807 484
809 346
1019 675
1034 396
1102 429
589 706
806 337
1127 486
1134 524
955 395
1010 484
751 387
1140 437
881 454
1126 562
819 354
1115 386
1135 555
1097 593
622 244
910 332
1108 393
852 371
1174 432
1123 464
1041 484
932 470
1161 435
890 709
1113 401
914 525
965 655
1037 437
969 495
1145 495
832 715
1142 497
1141 446
945 533
614 264
1004 341
984 489
1117 435
973 707
1085 430
923 501
949 415
971 643
1016 342
857 340
821 334
915 699
909 344
925 670
1165 504
1154 471
1137 635
906 404
539 172
1131 523
965 375
928 483
1015 705
1015 460
624 279
1087 446
1002 685
914 489
1118 511
1028 686
811 673
907 365
759 355
1049 373
436 291
650 471
946 301
1033 605
1166 508
1172 508
1106 418
924 686
1006 715
928 374
973 556
647 206
960 702
975 547
1085 519
1140 484
937 416
1105 458
997 702
1139 605
1045 409
1146 454
778 417
1041 387
874 536
1153 349
1177 329
945 437
1099 437
1126 500
966 326
782 406
824 499
728 481
1167 492
466 104
1032 704
1151 490
648 244
920 443
980 447
1152 514
624 207
462 283
1101 504
1137 408
881 437
1156 462
1134 428
1032 440
1156 481
947 441
523 112
399 263
931 316
1177 454
533 178
698 253
992 371
553 689
880 474
555 229
769 663
1081 418
1040 406
959 391
977 334
552 632
972 662
941 528
953 569
874 530
946 580
960 571
1008 675
1029 579
848 493
445 320
591 411
954 715
1054 368
762 304
940 380
1095 380
1049 435
1055 435
807 627
636 273
610 256
1104 450
1134 434
1049 410
1085 457
1119 469
524 629
638 203
1175 326
658 430
988 474
821 495
660 241
907 375
1013 357
843 398
688 498
831 454
1085 406
808 414
1133 475
1066 409
1178 482
820 377
1094 393
930 493
968 375
879 479
1143 571
1116 432
854 463
863 406
442 299
1085 468
898 403
954 669
1072 423
1087 448
913 355
1084 355
552 710
1012 306
824 662
919 561
1081 442
875 386
1205 503
896 677
990 359
1136 537
944 477
1150 497
1071 475
669 218
1052 388
1019 700
1075 477
1062 385
884 418
806 336
1091 425
1016 505
656 204
992 397
1095 484
1162 424
904 449
1047 429
1116 413
723 386
1058 378
1153 493
949 290
610 675
1074 399
1186 502
1140 402
1147 600
853 480
537 381
876 463
1090 590
815 476
482 696
760 408
905 657
550 700
835 325
1018 703
1185 504
928 558
445 160
952 509
974 671
1009 671
1124 377
798 404
1015 688
131 449
1159 475
1150 486
884 493
1146 493
1008 697
1010 387
501 304
882 426
982 358
1090 494
937 655
868 385
825 678
1141 452
831 388
1019 604
690 689
937 364
945 641
898 408
1080 408
781 295
919 705
1058 419
551 383
1163 489
747 337
852 684
1070 590
810 348
1121 393
1126 382
1077 450
843 386
1151 476
792 465
1173 501
1176 470
1127 549
829 396
523 567
789 702
918 619
937 632
1052 369
1160 499
1095 440
797 367
1086 453
642 214
1174 426
487 309
856 646
767 658
1063 451
881 488
931 351
1150 563
1011 332
1031 719
859 374
611 273
890 472
1008 353
1061 714
539 638
1031 704
463 322
863 350
646 235
1114 472
860 625
734 241
1147 511
839 359
1113 450
1139 412
1022 597
1049 362
992 578
1057 438
1137 491
1009 675
978 349
897 403
1071 402
818 621
1106 524
751 611
1175 476
945 701
1107 457
101 483
851 503
943 503
1128 451
683 706
1073 415
1060 389
881 355
1058 370
1141 489
768 337
1121 406
1008 423
934 341
1215 349
948 644
1196 511
915 701
709 424
831 421
1009 325
899 557
560 179
1154 564
1128 427
1087 585
1120 476
941 674
645 294
999 694
893 696
1002 678
801 688
1137 464
1124 510
759 594
905 530
1010 679
1134 337
1102 466
1007 680
1034 380
1090 581
877 367
1092 487
607 244
1119 522
1120 393
1140 475
979 423
1170 481
914 531
497 490
1121 480
988 607
548 606
1096 584
1168 505
1177 489
921 348
948 632
898 433
858 701
651 310
1052 718
1128 404
1163 461
1032 333
984 432
866 700
1168 464
1146 484
1106 507
1157 430
978 353
1145 490
1129 410
613 204
842 698
886 401
1162 498
660 238
1051 390
847 463
1136 471
1115 432
126 515
1025 409
1116 421
626 203
830 432
1138 466
988 670
959 578
1000 400
1032 384
1025 609
905 336
1016 387
735 522
1075 499
1082 499
974 375
1138 568
750 593
1120 439
1111 467
1165 467
618 626
1152 447
1001 389
1043 389
1099 486
982 441
882 347
696 221
1137 496
815 336
831 322
965 576
1172 486
1141 325
612 241
937 388
1017 383
622 267
1151 395
803 462
1143 462
394 480
843 374
1158 515
1113 420
860 333
1113 395
885 367
750 324
1005 605
883 440
973 639
1103 308
946 598
619 435
1136 588
1175 417
998 580
549 134
648 240
772 616
890 521
1113 533
915 380
935 522
992 460
528 185
932 565
976 545
1152 477
654 242
1079 380
924 499
1142 424
621 255
826 401
968 368
733 343
1152 493
1020 418
1174 418
1159 431
488 147
691 312
625 414
1102 362
943 293
1150 421
947 333
1154 501
951 600
893 686
1006 361
1146 439
1172 534
1116 402
987 462
1114 360
741 411
1183 451
813 485
1168 455
1021 391
1146 569
1083 396
1052 509
471 682
750 321
1093 440
988 503
973 574
1159 423
1165 473
1114 515
1186 479
1140 485
1094 403
586 619
1003 455
939 505
1126 549
1015 488
1167 507
894 433
1124 397
1155 568
1008 475
1097 370
1100 323
1121 558
956 374
1035 447
810 432
1037 389
1141 455
691 216
1018 341
1079 410
1174 470
774 387
1110 502
1087 312
932 307
1099 422
899 328
949 458
692 490
933 518
575 145
839 395
985 657
1009 605
353 412
1040 322
967 539
1195 497
937 345
972 345
662 482
386 489
1120 489
1035 387
1011 389
622 301
641 290
1179 457
964 409
1124 409
771 296
672 210
979 355
967 534
812 414
1174 458
765 673
1045 349
1045 435
1159 435
1022 370
952 538
1134 493
1140 479
997 660
1039 424
1111 408
1039 358
1114 470
1160 461
1185 437
437 296
609 679
1152 642
1080 465
618 203
460 306
1025 394
984 429
753 258
904 476
955 567
593 211
880 484
1042 489
726 268
500 596
1149 342
1066 392
1139 456
1063 413
482 546
1030 387
1068 438
1126 480
1163 433
1019 458
993 616
1053 347
651 686
642 225
935 402
1135 636
1137 448
621 244
1093 310
1036 436
1157 444
772 317
791 654
1026 719
1083 393
606 624
980 465
775 375
1141 534
985 492
1042 376
673 243
1138 453
1143 428
877 415
1060 460
785 701
974 677
1067 451
1157 484
513 555
1009 585
1082 381
969 315
899 357
873 314
953 538
483 322
1108 524
862 466
568 398
635 267
858 482
652 326
1140 515
818 671
789 382
1161 480
1072 390
730 337
1151 580
681 216
1109 428
1084 510
923 716
896 303
1153 406
925 719
1040 452
1048 431
1084 430
643 209
790 422
1061 385
807 476
1029 413
1080 433
977 540
943 343
592 218
1111 407
824 326
910 448
991 590
665 338
558 618
834 362
1077 494
1054 630
1102 392
788 593
1093 462
541 704
1123 430
933 519
479 281
954 517
971 395
1077 395
1128 477
915 561
926 381
583 655
909 398
966 555
635 218
1165 443
1214 493
567 259
992 350
886 405
1098 424
1002 582
1035 368
1081 509
660 308
956 305
1093 401
818 296
840 343
922 353
574 603
1174 428
1109 536
862 487
385 239
1010 445
942 716
1075 520
941 324
1136 433
1013 509
467 675
607 198
1218 458
1002 577
981 485
1121 434
647 432
1004 453
1160 431
790 410
1157 410
1196 524
1113 406
977 642
1048 511
767 357
792 373
1160 498
912 488
733 576
931 419
1014 398
1016 508
958 683
1109 532
978 653
824 424
846 321
989 321
867 422
1183 422
761 247
789 446
1127 424
819 329
951 671
1134 421
1130 434
1018 718
533 675
811 393
1003 407
1030 377
779 279
654 223
1007 684
1152 420
804 633
994 442
1148 450
1159 439
793 643
896 702
1004 691
633 253
1061 495
606 668
1044 409
1042 509
1061 423
1159 472
1151 550
947 649
1075 484
1171 484
891 506
890 692
1106 464
1110 451
1085 487
600 250
993 463
844 416
728 280
776 399
1154 315
1034 598
747 580
949 497
1134 584
1137 385
670 225
1166 429
953 523
853 372
1162 516
507 180
840 693
1154 510
996 358
1175 489
1175 430
618 267
860 317
1061 306
912 326
1064 408
444 250
556 710
985 673
1168 443
1038 359
1037 483
1128 396
1055 379
816 370
963 648
1071 492
1171 478
919 667
882 487
819 444
1108 441
820 689
1054 558
1043 401
1157 456
941 360
1040 442
577 640
460 310
949 330
760 620
1081 405
986 491
890 558
857 660
757 267
975 496
1011 685
933 291
1002 298
844 460
630 280
1068 437
1143 485
940 472
1123 483
1176 339
1032 511
963 652
1074 453
961 430
932 572
950 343
1015 416
1175 416
1124 415
1079 451
436 440
665 438
749 539
632 317
874 462
886 511
1071 520
924 713
915 523
1160 450
828 679
1090 385
907 563
1117 538
627 451
1029 360
803 388
851 389
1109 618
568 683
853 487
1160 511
649 206
900 342
1093 468
933 417
1147 497
848 455
1021 394
1102 425
882 474
982 396
1028 332
903 536
661 481
790 697
1020 458
846 404
845 713
1107 497
1070 512
1115 463
1013 318
1046 699
695 488
1009 354
1105 464
705 250
723 709
604 272
562 667
1146 448
917 613
1059 715
124 519
877 528
868 309
1044 702
830 716
923 441
1020 355
912 416
1019 416
1113 384
747 375
1134 467
469 95
890 717
867 414
936 548
891 694
656 197
1171 468
1023 594
721 623
155 200
1005 613
908 414
1052 432
1036 380
906 433
540 602
812 376
1059 340
1155 340
978 693
840 493
1104 423
1143 457
968 329
1069 394
368 217
1003 380
962 518
893 517
965 559
581 413
797 415
790 623
955 339
969 708
1152 511
1013 309
1131 459
1140 348
932 385
1178 448
1044 449
1055 449
1172 435
1090 421
580 690
803 690
1101 494
939 685
924 464
1146 413
1126 639
558 640
975 499
983 405
630 237
990 339
992 567
1033 425
959 700
1113 394
1092 350
1100 457
1033 418
1158 434
1068 443
1110 465
1043 460
1091 448
742 414
943 679
1091 437
1102 478
663 484
984 368
979 448
648 260
983 492
1163 482
1058 409
775 410
936 672
952 518
925 676
783 683
925 714
906 553
1181 466
1123 304
849 393
769 392
836 649
946 382
612 236
1047 396
790 660
881 659
919 438
942 526
1132 505
1150 506
538 683
1172 357
824 366
477 272
1035 420
707 257
997 411
1114 539
1061 465
551 387
824 427
1098 455
914 560
1077 439
936 442
1020 446
1068 578
1110 483
1186 470
564 585
1054 482
786 378
807 372
1097 428
804 362
352 378
983 420
990 493
875 517
1156 483
1093 447
750 607
1148 474
920 334
1151 489
826 425
906 487
844 711
871 460
991 321
1092 485
1113 480
602 642
1065 466
700 262
1152 545
898 344
846 500
827 490
1036 403
1075 342
994 563
1070 431
1153 518
1042 387
1107 426
1123 459
1113 466
979 405
1018 444
702 713
1097 398
985 655
1081 402
825 644
818 408
844 474
880 399
1066 399
1059 332
1106 437
1073 504
959 653
1079 464
498 609
638 423
968 593
1125 338
661 354
1168 502
1020 677
849 496
1094 490
1134 635
656 219
618 214
624 283
1154 495
947 428
878 337
1159 465
898 477
458 200
670 326
951 582
937 358
1116 469
741 582
806 682
950 637
1098 509
878 520
941 538
1087 415
1003 318
980 544
1059 436
1110 389
972 514
990 368
908 690
1164 342
1099 420
640 63
1062 450
1142 440
833 488
994 446
1136 487
910 329
1036 397
1054 425
920 452
530 212
851 298
719 494
691 215
1144 407
854 383
1045 479
1179 479
500 308
561 393
1160 575
715 296
910 489
1176 444
881 497
842 446
719 291
1075 386
661 708
1169 481
953 366
1037 623
1165 426
1186 426
878 399
911 372
571 663
1019 370
959 560
972 484
1154 409
892 542
915 557
583 419
907 391
957 361
708 228
1030 616
467 575
863 390
991 327
981 564
1122 480
699 708
952 368
486 340
1126 388
721 397
896 486
1116 457
939 508
1169 508
1017 516
461 325
1014 387
1074 378
933 419
1147 492
1117 308
982 617
921 399
983 335
1110 514
912 502
1065 389
1128 454
776 292
1126 396
746 333
1100 362
936 585
489 342
1045 270
1015 477
949 445
795 339
692 294
1131 461
819 433
363 355
798 423
456 524
651 440
1185 465
1108 498
1116 415
986 565
1080 442
1060 403
1149 434
918 474
912 437
864 690
1063 453
883 481
804 374
1156 508
919 476
1049 391
1043 322
986 581
1037 433
829 481
1067 405
1136 413
1000 479
813 304
986 504
959 704
755 296
862 313
840 467
608 402
1106 434
669 476
1118 465
842 412
1129 405
778 464
975 493
1064 399
1093 463
1066 439
990 543
588 685
817 419
1136 509
404 261
1000 678
1107 499
1018 401
1063 405
982 581
958 315
505 198
984 611
632 185
1042 434
1165 476
986 390
1083 453
791 297
1138 576
928 561
1180 348
614 665
867 453
514 513
995 360
988 422
989 344
864 341
834 656
1132 545
1176 433
432 478
1050 478
1012 406
1149 562
1012 410
841 453
1188 453
907 459
1138 507
910 449
1143 407
947 354
1109 429
624 308
820 428
1006 393
997 446
432 439
975 401
156 556
513 348
1101 384
1042 407
1162 448
964 377
583 647
784 293
907 497
1040 497
1136 501
1126 484
837 422
1179 446
1194 464
1086 471
774 608
689 361
985 369
579 217
1001 347
1101 421
610 189
1095 458
867 320
933 338
911 331
821 315
911 381
577 674
518 561
930 295
624 680
936 484
1155 560
978 325
393 86
422 506
1142 347
1058 450
724 504
1151 504
942 503
1109 519
1001 449
1136 581
1116 499
1057 325
933 547
1012 398
944 443
1162 443
881 512
940 511
1055 421
615 232
1039 270
867 544
1099 385
933 479
1096 479
1097 481
1024 350
969 413
773 410
1128 433
1133 507
724 388
864 303
897 330
1187 441
808 378
1073 385
932 393
1102 525
1108 313
915 465
1051 413
903 384
534 368
952 431
657 689
943 386
1012 337
949 500
374 241
1024 510
909 474
957 491
1072 340
1131 332
1151 585
1167 512
640 282
1091 363
965 421
1021 452
920 699
1015 441
1111 530
1160 507
1136 419
950 330
1095 454
830 379
1139 588
1046 443
782 464
1034 387
936 560
1065 385
755 316
1070 474
697 687
884 514
830 339
996 517
895 351
990 448
1123 511
1133 511
1021 506
1053 328
1124 328
533 116
827 385
1153 508
1042 415
1091 428
1026 490
908 545
766 657
928 573
1069 489
1090 422
1156 564
1075 493
587 208
1095 515
764 391
1136 500
996 688
1079 453
484 594
928 476
743 332
795 408
890 358
1024 358
1122 522
943 442
1087 399
1122 510
703 361
1022 379
949 706
618 648
1160 446
836 436
954 436
984 438
1123 480
854 309
1149 525
891 710
1121 470
1113 460
1058 433
895 466
954 391
1034 499
546 685
1183 450
1071 500
524 209
1089 444
979 413
775 343
898 360
920 547
901 571
1152 522
1166 473
808 330
1172 421
825 481
720 379
1085 446
888 491
1139 491
981 486
813 338
875 376
1011 398
884 441
957 344
1049 515
919 387
1133 387
807 399
1107 528
714 320
972 312
1059 480
807 410
1131 561
666 460
1003 394
991 397
358 363
659 229
828 481
945 479
1011 376
1145 488
317 325
1099 484
1145 343
1007 331
964 527
1009 429
834 409
467 314
1149 445
998 324
890 451
544 698
1156 455
903 546
1134 415
662 695
547 399
828 421
1037 498
1132 498
1141 484
1083 469
492 304
957 540
1129 535
1153 524
930 512
1002 579
1071 405
1158 433
1093 423
1152 500
399 69
602 223
623 188
1072 444
1099 429
1043 380
754 543
747 312
859 407
968 470
1137 460
1127 530
976 537
1131 582
1097 321
922 328
438 273
1103 475
1114 456
1150 456
1020 420
1135 421
1120 522
1171 450
1120 376
796 411
518 191
503 356
1026 418
925 563
1157 563
1040 430
1150 538
1117 550
1119 493
1068 387
923 573
1045 324
1148 515
608 719
1157 445
1082 414
541 367
1146 469
1083 522
1054 415
948 509
978 557
618 411
1025 504
689 282
1121 463
570 410
783 403
1074 406
462 296
967 344
1049 402
1083 411
1135 429
1111 426
1030 447
1169 447
1145 477
1153 462
1003 460
1147 496
1150 481
1106 528
649 703
966 358
1010 359
834 368
956 350
840 323
910 423
1166 443
1177 443
1071 444
1030 389
1140 385
829 402
1067 406
986 451
1167 451
1176 469
945 491
1076 496
589 654
1136 513
659 218
1138 335
1046 413
1122 387
893 489
1115 488
1133 585
667 673
1179 418
1148 485
1169 485
967 561
1011 345
1141 340
1107 532
1063 382
1128 455
1165 452
1128 495
765 610
895 331
940 477
1151 472
1048 599
1124 366
463 273
997 453
1077 471
623 264
1169 355
1101 438
1089 515
1181 455
756 288
1070 488
470 338
985 432
623 204
989 367
650 681
1016 334
943 507
607 242
934 419
1090 419
481 565
604 195
718 293
1172 483
896 551
1086 438
599 225
914 443
825 350
1004 684
964 448
1155 433
1109 418
555 597
1105 471
1149 471
1125 450
953 401
982 504
645 666
812 704
886 473
891 358
454 521
1097 385
880 445
633 318
887 432
1121 561
576 239
1162 483
771 384
1126 573
1065 362
1023 450
1128 520
901 477
941 550
1055 509
918 504
1094 438
817 351
749 357
935 464
1102 488
418 240
969 435
1034 435
1101 426
921 427
1097 431
593 278
1108 434
1187 434
478 273
1118 329
890 525
970 525
956 529
1073 443
538 603
596 267
1070 343
1154 325
949 528
608 161
398 246
1127 464
1028 481
1018 389
963 323
1031 323
1024 356
1152 353
1137 568
788 553
1107 488
1110 414
643 248
491 596
645 713
1080 457
890 497
885 320
919 579
1048 409
578 176
856 394
1020 708
1006 422
498 347
963 347
1007 307
883 556
976 324
1005 451
908 332
1134 384
1164 504
862 472
894 535
1123 371
639 436
790 462
1106 484
577 221
616 256
929 295
770 379
1054 379
1184 433
1141 532
1150 492
1156 506
1173 408
1092 406
421 504
532 176
918 431
831 455
1157 460
1022 500
1099 372
871 432
990 432
1033 392
589 223
942 585
469 155
565 401
996 306
1164 494
921 289
936 447
1025 360
622 424
478 561
894 445
1080 372
1048 400
678 696
1026 393
802 313
564 631
877 369
764 376
1178 454
1026 395
1033 397
725 509
1036 607
750 356
1150 461
908 476
1114 440
876 496
998 570
1086 417
1182 444
1101 321
719 345
1119 381
1169 479
840 499
1056 446
1182 472
970 534
724 286
683 240
809 430
927 586
998 415
127 237
874 451
540 645
1127 514
1003 440
958 703
1018 490
933 359
866 484
1025 484
754 340
1153 536
1070 373
999 403
1155 482
905 472
860 370
1106 476
1038 415
792 309
906 437
1057 399
1167 463
474 305
1069 299
712 365
1115 521
1091 480
533 180
926 543
741 328
1102 435
736 336
997 361
907 635
900 454
833 391
875 353
713 294
1086 494
889 538
877 401
1070 272
623 445
819 300
1018 326
1087 466
833 493
888 487
1107 429
967 325
824 370
1111 446
940 563
927 480
1100 488
1058 490
433 291
1134 540
1084 492
982 418
1173 423
883 385
809 443
852 443
970 373
896 422
1034 441
788 621
1015 614
1055 446
1103 465
949 549
1094 383
930 342
1055 484
897 402
1157 431
858 332
913 516
1111 514
808 311
1049 333
919 502
1109 457
971 418
1160 403
869 515
1040 634
677 209
424 282
991 336
1165 471
996 430
1124 410
1165 487
1146 446
936 572
880 510
944 528
1097 389
1028 398
843 421
835 324
539 383
1114 531
1113 319
882 362
863 371
1036 331
888 467
1045 330
1046 616
861 322
1035 501
1086 501
930 446
839 378
989 554
927 412
817 682
1164 453
973 323
1028 323
1105 411
529 574
1073 442
982 376
898 328
963 465
901 490
918 576
910 537
1020 354
1051 336
1061 468
755 409
1086 415
581 228
586 236
940 313
958 469
901 702
502 126
433 420
1057 505
1149 494
524 326
531 574
895 441
1031 398
1111 470
956 420
915 533
1156 390
1154 512
1169 512
510 139
633 701
862 391
922 322
941 318
683 266
958 461
944 704
1085 588
866 457
849 483
1151 515
705 482
997 703
1065 486
838 700
1009 251
988 711
555 710
726 382
470 331
1163 514
1115 560
1098 431
993 490
1106 490
1017 604
1134 325
449 100
866 450
1098 466
1103 459
501 488
1159 522
816 398
998 483
967 487
1011 611
1037 366
889 468
1112 411
1173 416
936 376
799 445
889 466
800 469
1060 363
898 556
998 270
1132 428
1104 398
1129 398
1087 471
1153 471
588 264
1164 444
1109 482
1029 583
603 259
947 364
976 306
1164 430
1199 507
981 466
1122 575
1057 418
963 461
1162 543
619 285
923 494
1061 485
1149 545
1076 460
1092 345
1031 623
1080 511
917 700
501 579
726 501
1119 520
1087 342
596 704
875 543
1101 396
1005 608
921 576
1167 510
628 695
1184 478
1047 399
1159 402
1101 451
876 361
895 421
1083 434
1011 512
917 495
909 567
944 699
909 404
993 301
1126 493
1167 455
905 394
439 268
1127 332
759 420
569 229
813 683
1110 404
501 587
1002 587
602 218
1043 433
926 459
992 311
1084 601
446 538
565 205
602 283
579 186
999 357
946 545
860 446
913 435
895 442
923 505
1131 478
917 316
1132 399
1038 380
989 312
981 369
1142 496
984 357
976 347
615 234
633 412
420 477
1145 535
929 566
1032 461
843 419
1088 447
1134 403
885 322
1150 519
967 527
1061 421
904 334
1005 348
969 345
1074 487
848 407
1109 383
1105 451
945 542
1080 445
863 402
634 199
882 377
1029 697
1133 469
1141 462
1101 420
1056 406
954 569
660 206
779 281
888 446
1041 710
1052 494
1083 419
1085 455
707 566
861 405
1042 432
976 466
302 319
1169 360
1014 366
787 269
433 416
462 610
977 501
717 300
1132 467
1160 497
1055 500
774 369
1163 464
1161 491
978 346
776 281
1059 341
924 689
959 484
1044 461
867 409
596 291
1073 471
1116 322
1101 314
744 375
989 402
666 271
852 467
1036 432
1103 367
460 475
1088 583
965 499
635 250
1055 518
595 275
966 416
773 405
824 478
938 699
1172 484
1075 420
769 422
767 527
1019 338
978 654
1026 363
1162 456
876 492
905 538
1022 697
748 309
1128 565
1123 572
1131 644
480 313
1177 471
1008 420
951 535
488 553
902 621
981 687
849 452
1041 600
654 207
1004 456
388 92
837 710
909 339
984 644
785 338
493 328
989 377
1110 494
1061 448
465 306
571 403
498 308
459 115
1062 505
986 485
1057 384
1120 540
1125 540
1044 393
1127 495
1184 449
1022 377
1135 510
1128 457
1156 563
1137 471
1038 597
1160 513
1104 477
29 476
1158 476
821 318
871 465
1078 431
1033 623
1027 460
1044 491
1120 458
1006 455
844 514
1088 476
1082 356
1048 430
818 373
753 318
1039 412
1055 392
1154 526
914 709
700 234
1178 362
1060 424
985 559
919 468
1123 515
520 157
621 273
1142 474
943 433
1143 459
933 451
988 376
1083 514
1129 434
1123 388
954 446
528 631
453 109
958 515
915 525
973 607
1028 403
694 297
860 475
852 658
1122 562
617 282
756 289
1176 436
1077 487
929 348
1026 383
743 371
1024 431
1048 517
1121 515
993 429
752 577
1062 442
473 497
442 272
875 473
335 403
1077 346
519 592
1177 456
825 634
1085 376
893 660
1071 442
763 370
942 399
965 379
987 683
1135 538
736 380
910 542
1086 483
876 529
1088 586
829 484
1008 324
907 369
1116 515
901 489
944 450
983 380
1185 452
892 294
1139 427
1095 415
1179 421
1145 594
1175 485
1143 484
924 530
677 214
665 218
1127 543
805 649
719 356
812 660
1071 362
1140 473
862 467
1058 495
951 511
1152 494
1000 406
1167 468
1170 452
773 640
778 327
499 357
863 393
835 425
1127 629
987 567
1054 450
615 239
518 179
801 380
1012 497
765 656
759 279
1127 520
1119 473
773 606
908 632
786 323
813 642
1053 702
936 326
111 445
884 433
1094 433
1031 352
921 344
776 349
1012 706
1163 512
410 443
1077 422
770 455
1180 452
1079 434
702 711
962 342
1008 379
746 416
902 403
916 393
966 410
834 387
975 575
787 614
829 713
1162 450
621 263
835 497
330 333
1154 489
529 193
843 484
1141 376
957 370
1148 498
967 700
940 520
1067 326
1021 718
1164 490
1154 507
874 464
1182 361
1027 612
1125 330
915 315
835 670
1129 460
944 404
1157 418
786 441
1143 599
1147 483
1109 438
747 316
824 392
869 324
887 588
737 349
1130 479
777 404
1094 470
1044 441
877 708
1153 543
861 356
1100 403
1118 403
1009 401
1111 398
915 530
1182 452
1113 383
1187 424
913 699
1045 420
101 450
1041 698
622 157
1124 462
1219 389
964 456
958 521
1099 441
959 715
760 600
808 397
1025 332
976 360
1112 443
1150 560
930 714
825 657
906 714
909 392
938 369
827 699
908 616
567 665
976 655
967 582
1093 612
982 665
861 702
1123 420
836 305
780 388
884 636
799 302
955 439
1151 498
760 574
895 679
988 611
1122 553
998 681
927 432
1112 421
1103 440
155 583
1153 470
1118 488
815 427
1141 387
596 673
1057 495
1060 412
509 353
908 500
1065 512
1012 602
973 544
1072 361
1014 403
1019 409
924 493
835 364
752 363
1152 484
910 710
878 627
574 686
1147 477
715 234
1072 514
491 292
1147 452
1094 460
952 338
815 482
1169 503
1123 425
861 334
1019 441
895 311
834 633
919 329
1160 459
878 659
744 315
565 524
1003 492
800 371
826 704
505 556
1046 498
1219 366
931 452
1045 358
901 471
1122 479
974 636
505 695
497 313
1108 626
879 314
927 691
533 537
862 331
999 371
483 129
934 719
1051 482
1056 702
817 297
812 676
1190 510
953 651
577 391
194 155
863 701
1176 361
783 612
575 616
994 680
1112 469
729 321
1146 574
1138 640
939 525
758 351
840 382
1123 496
884 471
828 485
849 404
746 286
1105 435
1109 499
945 711
1143 408
871 518
641 259
934 320
986 557
773 311
935 346
960 522
1069 446
715 385
1170 435
1106 495
1207 486
1142 485
1028 437
1110 622
1153 441
1044 499
1152 418
641 225
947 450
1149 450
876 365
776 396
1090 444
826 683
1009 674
1150 411
945 668
1007 573
1151 487
936 607
794 374
1065 503
929 351
932 410
1101 447
966 679
1120 429
770 619
1100 459
908 686
437 438
1099 438
935 337
1063 349
1058 439
945 678
934 502
1085 382
1170 470
1159 456
790 639
993 666
583 406
1123 488
1027 491
867 366
1073 570
579 174
928 419
889 501
817 625
1035 379
1004 661
1065 482
723 346
777 610
1143 433
909 572
902 476
951 657
1145 461
876 648
1117 406
434 262
1102 592
107 388
1038 709
898 699
1023 696
625 215
1107 430
1028 333
845 638
881 670
945 526
987 714
1119 629
988 672
981 664
969 636
1013 686
985 381
789 473
1166 439
1024 376
919 662
874 690
1154 487
1189 502
1143 409
432 265
1000 693
1078 281
880 714
1094 595
985 684
1188 448
869 436
1114 457
943 543
1163 477
960 618
876 634
689 708
1012 678
826 363
1110 426
1209 498
913 403
1070 434
824 717
967 381
843 371
1156 505
1011 667
917 516
897 692
700 228
740 252
987 713
1165 483
941 640
1147 468
636 295
774 622
1099 467
997 573
1100 435
847 638
910 311
967 249
1164 486
992 667
878 718
1152 400
823 705
1078 434
1066 487
795 668
1138 492
908 121
1005 672
1099 613
874 310
987 436
1152 461
923 685
1116 533
819 463
1097 479
1155 479
1023 496
1019 677
629 622
1058 442
963 522
989 387
956 708
1094 602
1028 367
962 591
798 622
1100 433
1147 554
1197 512
991 407
141 149
1057 371
1118 480
975 503
832 446
1068 409
1137 455
630 443
958 379
1030 588
942 482
966 492
1170 492
861 684
922 392
1093 616
1092 459
1131 468
656 463
1122 490
944 442
942 679
590 423
809 309
623 270
1052 419
854 323
929 688
991 561
774 344
962 540
642 264
576 691
823 428
975 366
654 688
1123 493
802 328
578 667
999 454
1117 542
1014 674
1154 459
998 604
810 690
848 589
490 325
961 472
493 301
528 341
1159 494
837 403
1172 441
1098 383
933 464
1164 518
1048 390
1120 424
1061 431
984 673
869 529
1087 468
727 238
1103 354
1106 489
999 505
1104 433
974 536
788 429
999 374
460 313
1176 452
1050 515
790 416
1027 322
1015 345
1073 409
1141 525
799 658
859 319
983 655
935 514
1186 454
1050 494
954 595
600 214
704 503
961 640
856 663
832 675
1110 507
1104 397
480 308
805 284
746 596
956 670
847 513
433 468
1063 377
457 663
500 350
1128 489
988 309
1050 464
936 371
1140 586
977 426
1064 426
424 240
1180 472
1067 709
1170 351
927 501
1071 460
1108 450
1175 468
980 476
683 352
967 701
996 572
979 702
1022 667
923 517
772 311
828 490
1096 482
1126 461
903 414
1206 505
1081 495
711 372
1049 561
1039 437
1148 468
1150 437
967 627
1069 485
1129 485
929 465
1147 429
1129 526
1057 445
1032 383
811 361
1104 455
917 639
1170 434
1027 430
1096 418
945 551
1102 522
775 689
1045 404
1007 380
1044 412
1023 513
892 389
804 321
1016 441
853 700
1059 487
901 699
962 375
1130 382
1034 459
961 702
1040 354
1112 516
518 596
950 698
910 435
1106 395
904 451
1112 395
842 351
932 490
568 704
981 668
722 238
1182 471
931 353
802 601
1153 485
888 394
1088 479
1088 406
866 572
852 432
1187 374
1110 405
1118 421
1055 479
683 686
1131 455
870 703
1163 493
1083 470
978 381
832 432
1001 702
1114 479
1159 417
993 523
1148 523
1024 411
1100 427
484 503
1113 507
800 697
1154 469
968 348
838 685
949 505
1098 426
865 373
1043 499
1159 440
1051 403
1117 473
1067 509
1101 423
1128 472
662 476
1084 446
1154 521
904 515
1050 421
932 568
1140 339
792 397
1096 361
1145 465
812 396
875 470
900 327
915 476
878 522
1082 600
993 352
1055 368
1155 449
767 611
545 177
1008 326
931 462
594 195
825 624
708 561
985 349
906 484
1154 508
996 352
1079 417
961 393
1107 454
1035 717
730 598
1127 436
1113 400
669 545
541 634
1138 484
605 418
961 322
906 625
739 340
915 709
1122 464
777 389
568 27
1073 460
1021 485
1156 468
918 471
1009 504
890 466
906 357
1139 481
822 341
1080 475
763 655
1070 470
1050 366
1123 337
511 552
1028 388
1140 549
729 380
1096 516
1144 527
1055 353
1069 511
773 317
769 332
1004 588
529 652
1073 474
1172 364
1172 428
952 436
1042 319
1163 449
972 539
825 430
525 196
935 530
1116 401
1011 346
1153 351
939 553
1143 437
1144 400
1059 442
835 683
843 358
916 488
1032 378
1085 436
1060 410
1180 460
510 117
765 379
991 419
986 472
1134 472
1115 418
1004 607
820 411
1149 527
914 362
1125 515
756 368
1060 392
1163 431
1097 415
815 412
1106 423
854 305
800 440
1141 470
1095 394
1044 374
977 556
769 443
1132 434
551 688
1157 508
447 160
813 405
956 648
682 697
1168 425
870 454
1040 365
1025 383
1106 518
1166 458
1028 603
1106 467
514 594
955 521
1138 600
963 685
1130 466
893 445
1137 418
1175 483
763 420
1123 641
1075 491
967 545
869 414
1072 393
872 318
1091 413
1125 475
1074 428
733 324
1091 473
962 349
667 209
870 712
1151 572
942 357
810 336
1141 436
842 682
795 464
498 560
1093 412
1169 440
1096 472
847 446
978 661
635 418
706 494
1134 561
973 396
1173 417
1135 487
944 517
957 429
1161 507
1087 449
1131 508
1043 455
900 500
1001 344
827 397
1118 457
612 210
1060 449
584 650
694 441
1149 427
822 421
779 618
1063 436
944 439
763 303
1158 501
1172 447
1006 475
830 671
1124 479
805 316
842 499
735 337
1160 496
1174 407
1119 429
795 644
1137 564
866 414
1180 441
1034 494
1104 422
947 504
1135 415
902 446
511 692
1164 509
1157 507
1154 484
834 486
1092 472
1056 374
1152 464
1138 535
1091 381
849 347
949 341
900 544
615 681
1050 409
974 499
744 643
905 459
1105 459
856 376
916 531
994 375
1140 483
1051 502
1090 502
641 456
818 456
1057 391
1097 517
1135 405
1121 481
1104 415
1139 546
1120 422
456 304
560 394
981 504
1004 360
1030 341
995 364
604 659
1094 373
1143 492
613 208
1160 464
1090 397
937 481
968 460
1151 524
620 246
1035 397
1006 472
1140 486
964 653
1118 537
885 711
1041 440
1028 359
885 442
658 290
842 436
1161 487
941 564
1115 381
1143 466
1111 452
1105 489
738 620
1161 502
937 432
1043 703
817 360
795 606
970 537
956 703
1058 464
1100 449
470 323
937 607
1007 354
540 206
1091 491
949 700
1172 494
1125 457
104 303
1072 440
1087 440
1097 446
481 466
1001 718
1165 491
1171 481
1157 539
816 327
839 438
812 692
989 698
1044 510
441 536
1139 316
976 683
1126 488
1138 475
635 281
1036 330
516 707
1030 618
941 618
610 295
1004 294
1044 382
1089 358
1157 447
939 576
939 693
1135 398
1143 449
1037 451
1135 436
1144 424
855 337
477 285
1117 409
858 491
1098 414
867 719
1039 715
891 687
723 572
1170 468
1166 465
1157 417
398 265
1023 380
986 674
1078 503
1003 574
879 311
988 587
1094 407
1095 443
1161 443
612 660
1158 474
1008 376
1118 395
918 692
1131 513
1139 340
1144 473
949 540
1043 707
1140 429
868 318
883 318
1150 478
906 676
577 596
766 416
892 718
950 554
1102 442
957 483
874 502
1105 519
842 375
1059 446
952 514
916 348
1046 504
907 437
1075 474
686 496
962 552
1000 718
1057 350
954 448
1033 323
796 353
479 322
1162 478
1010 396
870 382
1110 475
625 195
1027 494
795 453
1130 405
1153 405
1031 497
