618 309
726 4
988 386
292 666
1171 562
609 66
1058 423
396 669
138 546
1032 607
489 34
603 481
506 351
432 321
647 347
638 229
593 183
1043 9
578 204
475 88
1005 603
204 675
753 444
561 289
770 25
699 89
687 295
365 350
210 684
796 322
1064 322
238 664
807 433
710 411
1079 675
686 55
218 718
984 168
271 124
977 28
973 420
198 642
549 157
1138 585
322 145
742 366
425 357
758 423
1125 396
515 339
557 332
519 14
246 657
900 256
334 16
1004 366
310 365
374 408
446 442
733 366
461 235
169 572
1076 338
614 350
513 72
905 382
199 650
599 271
698 44
806 256
840 460
491 307
346 236
730 88
421 81
770 465
856 358
412 384
521 69
217 378
850 619
713 195
1060 422
483 227
1112 346
217 332
1150 231
485 393
1172 333
364 671
1049 326
1184 381
222 129
392 607
431 120
1077 301
1036 203
213 708
1058 332
650 196
869 58
532 271
557 83
657 220
525 76
267 117
207 715
999 201
416 307
1091 86
1033 392
681 331
268 663
1145 156
489 442
1104 442
229 161
753 155
937 625
884 187
842 605
524 321
789 157
633 258
1009 358
714 122
1211 206
748 194
500 494
728 47
888 700
440 492
1104 375
998 299
572 265
288 137
743 366
190 99
329 408
857 387
464 221
707 480
901 479
1166 412
770 203
880 345
434 80
1185 272
388 86
685 442
1073 350
691 269
1182 421
602 455
658 204
867 347
1038 428
1161 283
501 95
827 310
297 353
1095 405
610 283
952 303
322 121
591 208
812 163
967 390
800 277
519 253
791 117
579 0
876 382
353 48
302 114
1133 222
1124 358
831 418
524 86
297 309
496 2
410 277
747 102
605 245
307 1
439 127
585 426
772 205
878 498
11 549
387 83
884 282
1089 348
709 351
320 288
293 661
986 316
643 37
738 294
201 79
878 296
766 220
767 483
684 377
800 543
773 396
310 658
1148 319
626 290
1122 349
726 61
846 266
858 327
958 165
897 299
206 294
763 138
543 276
961 295
876 479
909 344
207 31
866 186
1030 359
892 319
936 330
260 46
541 227
205 47
800 389
341 125
810 436
600 341
156 58
1191 276
533 433
517 350
772 7
507 308
446 394
675 327
314 633
392 404
734 218
566 4
788 155
484 124
544 82
303 279
489 248
979 342
438 335
372 50
760 261
755 718
321 187
995 423
856 103
597 181
878 290
762 413
650 166
721 463
144 82
797 507
142 337
727 141
644 16
645 57
774 70
714 41
335 305
205 704
83 374
67 620
627 160
690 150
739 144
949 702
242 651
869 419
452 348
719 85
603 9
130 134
177 657
959 322
891 671
667 68
892 225
975 271
931 712
472 393
739 196
459 118
775 462
1003 294
381 286
1012 223
226 290
712 450
543 27
1214 290
531 251
300 314
503 90
437 363
250 500
459 31
700 284
646 341
385 623
520 165
671 157
488 104
700 190
609 677
818 40
626 311
619 115
401 136
992 476
195 657
937 212
853 62
441 511
501 230
237 90
645 694
691 237
1018 282
181 377
806 262
319 14
1065 416
628 233
972 458
891 23
653 8
1027 335
626 267
251 315
717 380
210 150
340 133
500 231
580 55
457 321
1188 435
704 36
742 693
565 292
859 164
604 72
735 79
1097 635
1001 247
734 97
1101 475
306 624
857 47
800 43
676 145
993 232
270 107
473 68
602 41
1181 405
703 404
675 133
1167 234
1014 216
941 645
716 138
1132 428
968 394
274 392
1076 41
481 398
278 209
611 329
853 337
1116 382
746 23
438 269
354 242
475 296
1097 375
878 48
1102 442
770 263
765 486
892 428
577 105
1114 496
637 278
345 238
839 6
464 146
645 180
623 483
794 168
365 35
852 113
111 600
817 405
115 351
611 86
962 346
723 210
1003 357
968 378
287 717
1238 592
606 202
276 673
1150 289
431 81
786 135
1052 678
314 340
367 312
855 133
308 22
515 284
618 95
284 406
1154 475
909 422
635 72
462 243
186 106
1160 251
873 380
383 172
692 199
1034 261
834 655
905 360
1021 506
122 150
299 117
821 416
805 172
758 151
126 184
827 133
756 420
577 188
252 391
570 13
653 73
1164 294
880 49
260 145
749 366
454 71
1098 281
510 235
1072 326
414 136
463 405
959 97
1026 64
799 130
766 32
459 214
1042 347
949 349
680 701
585 22
789 498
912 187
1067 405
841 693
486 15
1128 270
1165 391
829 68
831 380
1113 429
269 225
321 263
605 210
664 293
332 63
731 183
525 64
643 428
405 50
380 95
381 20
903 256
129 552
677 223
163 252
254 642
319 342
720 336
420 222
1115 337
868 106
691 351
527 364
669 26
84 56
388 136
779 432
135 221
1084 404
474 310
1108 391
576 414
757 515
422 71
199 23
1045 296
811 36
694 21
1093 508
452 177
826 79
1013 411
826 711
956 660
358 329
811 381
1050 318
1119 291
650 171
839 187
766 193
411 2
675 272
1234 679
978 230
252 270
756 88
282 326
815 316
896 7
576 202
449 509
840 143
502 276
1085 396
744 205
122 151
645 382
819 591
669 183
483 243
1121 259
1028 631
255 16
444 146
1099 268
401 475
970 331
582 278
1148 278
1001 11
963 499
1049 631
1119 468
786 496
206 80
585 196
1066 267
1070 329
772 436
1020 202
751 185
922 141
51 19
805 165
310 46
199 193
670 296
825 412
1096 346
800 190
835 468
417 237
841 516
1177 297
761 414
434 282
1139 156
776 147
185 239
878 508
679 161
976 388
571 9
1156 344
542 248
1096 595
530 72
475 38
823 290
359 43
846 25
231 324
1137 387
388 46
917 454
1163 272
692 105
657 252
94 344
1104 342
260 52
726 350
1074 33
735 214
182 657
648 70
1085 477
1118 595
953 392
506 247
157 649
413 188
1065 350
323 248
913 283
991 185
437 262
825 200
1198 436
249 483
851 38
584 338
590 452
823 109
366 13
1176 282
680 229
654 281
1129 648
549 411
862 373
644 392
747 240
678 221
1098 371
517 367
1129 339
654 38
390 630
869 200
989 66
221 54
790 348
612 289
899 384
911 479
905 703
607 107
999 470
574 26
719 132
175 151
678 249
507 58
498 16
663 396
1216 688
552 210
270 288
628 205
586 269
1076 599
733 670
338 251
662 125
637 248
837 248
444 90
215 303
1118 556
999 319
1089 417
347 188
709 670
173 151
907 695
595 692
789 110
242 82
671 148
1106 479
759 600
847 111
922 623
333 40
197 646
309 657
1016 709
775 237
507 375
260 270
1005 29
681 128
633 122
946 701
556 278
743 516
1065 98
424 61
402 660
958 681
1049 612
217 710
902 715
1059 340
499 467
906 454
314 394
1004 574
846 162
857 85
299 712
887 218
1179 407
825 309
450 438
745 375
393 103
1009 29
853 620
1126 335
263 48
601 281
707 383
859 67
389 89
451 142
588 420
335 400
525 174
1157 311
789 326
416 145
1077 240
736 237
628 112
406 419
446 276
939 687
757 305
1064 23
399 306
346 374
935 594
138 574
781 700
801 706
842 35
577 331
1139 449
986 250
1010 461
169 652
1117 395
856 228
238 65
1150 364
627 227
827 618
470 298
1065 63
1101 508
687 172
146 325
960 413
325 89
766 663
522 345
1107 467
627 252
593 229
1013 412
1171 461
1040 194
540 73
211 647
528 2
878 315
880 96
802 220
539 45
357 10
582 317
210 99
940 637
877 77
1166 191
802 631
1039 447
1087 474
743 644
1161 362
487 129
868 709
584 219
645 198
563 494
959 504
843 36
1159 427
465 490
355 131
1051 386
766 152
435 10
735 213
852 76
667 302
339 44
252 243
218 648
418 162
872 93
753 320
1087 411
278 265
902 65
676 185
930 517
1042 20
467 431
660 132
817 638
218 618
436 49
863 650
1178 290
701 169
618 217
766 176
694 324
583 388
68 426
1164 421
333 15
864 239
1084 44
1027 311
856 47
876 168
976 664
520 190
626 220
215 377
626 64
427 315
762 315
1065 344
476 36
603 119
527 411
272 385
159 613
1136 469
1118 363
419 214
786 510
683 301
654 96
948 683
583 342
1078 391
674 691
781 494
1173 260
654 59
495 100
566 39
1131 443
1031 696
978 512
1156 354
640 356
854 133
509 342
397 637
662 202
681 40
1169 297
1069 235
844 432
823 99
1046 427
378 341
201 476
1052 8
854 322
693 233
754 355
568 348
413 125
1131 473
820 33
654 91
898 451
833 271
1089 647
672 141
849 241
438 88
363 328
910 481
575 286
226 700
379 499
726 647
463 396
520 172
994 232
866 442
426 289
583 4
791 337
842 119
1053 395
700 239
722 38
1142 237
638 158
428 381
1062 338
233 342
323 81
682 200
551 242
560 446
757 402
658 401
383 36
423 427
988 336
239 364
616 10
488 216
543 6
660 297
423 4
568 8
1150 399
374 335
1028 602
402 45
1202 387
1197 253
1055 347
1168 429
852 218
874 388
1104 194
972 457
245 44
364 203
842 284
405 297
1069 229
490 364
486 60
261 373
434 281
395 31
671 61
270 152
919 289
1137 433
789 84
240 661
440 294
1114 430
496 434
1037 228
328 506
365 402
823 682
554 208
872 508
679 304
707 427
785 41
953 670
373 149
694 153
109 333
815 160
959 242
929 487
1021 290
373 225
755 201
474 245
210 91
260 297
851 385
166 364
851 16
999 191
807 115
976 462
366 53
844 117
618 249
685 70
1122 390
632 369
805 147
922 154
1155 578
563 137
887 459
774 211
395 184
1213 7
99 278
778 285
645 321
292 13
521 386
479 288
218 319
140 126
589 569
451 99
705 285
918 260
421 397
396 407
567 134
646 161
624 177
1162 280
573 0
486 429
760 311
659 145
842 129
833 199
1246 582
562 391
528 238
529 434
213 639
598 1
482 461
849 438
1150 448
606 376
775 50
655 332
879 374
724 205
386 294
70 376
439 241
1061 683
713 154
450 257
877 67
243 692
452 77
589 95
293 57
993 627
312 347
772 632
712 158
178 589
158 226
1001 313
596 249
1151 281
711 136
386 39
785 485
436 427
915 497
603 385
347 10
458 55
657 383
891 213
635 154
455 255
516 187
604 259
343 100
1012 488
1047 352
1181 352
756 407
963 293
579 4
958 507
956 515
703 310
815 183
369 495
201 163
740 42
818 289
166 331
505 321
656 151
785 313
565 319
576 375
1125 375
366 16
805 26
645 322
455 367
907 467
934 665
46 588
451 331
440 125
720 200
340 321
937 333
876 519
546 110
1125 312
467 68
279 31
568 281
309 175
877 175
953 329
588 282
693 398
1115 76
318 307
446 50
848 312
1019 464
1161 470
1071 226
512 197
513 0
265 657
533 199
18 553
1034 461
1183 377
1052 359
613 75
483 39
1201 332
490 24
515 334
691 268
269 120
1027 406
781 78
1059 457
495 41
1070 438
902 384
1093 693
740 238
847 266
351 277
979 483
1136 637
846 26
1075 464
136 177
1075 474
541 272
817 155
353 171
626 394
234 206
291 305
910 262
228 390
833 116
353 137
493 135
749 54
159 107
746 173
843 273
816 518
304 312
714 36
711 133
1046 493
802 143
722 235
936 315
866 242
284 30
1082 217
387 51
719 188
715 186
623 13
403 446
730 146
846 154
756 241
450 402
138 360
1056 267
1055 458
191 49
348 558
77 623
686 211
767 359
791 7
265 711
610 292
609 239
829 34
595 25
509 424
1061 304
518 170
388 428
426 115
173 117
508 117
329 130
687 39
948 39
896 211
396 322
500 334
854 434
1203 426
1087 517
304 272
828 24
858 107
846 15
767 353
347 380
857 332
929 707
489 304
303 303
1114 223
1083 408
552 235
572 6
713 261
384 456
760 214
1082 428
353 395
230 153
637 221
1064 369
850 0
738 225
617 394
761 144
810 154
1074 204
869 389
389 292
215 36
195 386
765 170
127 181
1124 428
409 64
342 182
780 55
482 159
732 253
212 287
736 244
614 272
958 703
368 638
731 420
609 415
653 225
273 460
712 125
762 225
750 490
347 87
548 87
795 62
1127 275
435 26
423 309
179 354
804 88
629 113
482 13
200 708
811 20
750 345
1198 316
330 16
230 82
634 263
514 283
780 31
867 254
1022 410
273 261
164 548
769 235
1103 125
1077 223
671 59
477 171
623 3
549 95
706 273
437 13
533 406
429 299
857 475
501 68
497 262
577 472
687 218
822 175
1122 317
126 126
733 247
285 670
758 191
296 314
277 515
1016 437
519 187
531 146
614 361
951 604
417 165
2 502
188 581
705 32
817 231
292 280
868 321
857 462
369 346
500 291
1166 479
986 209
1041 616
866 436
209 369
352 677
781 373
710 484
1112 625
893 702
1080 333
827 32
267 648
680 29
898 391
467 348
926 664
1011 564
442 213
432 111
898 499
902 190
491 295
782 155
407 12
770 198
492 381
662 315
427 40
793 186
1013 707
334 312
810 672
583 237
929 309
354 322
854 126
604 393
1039 460
565 304
347 193
598 340
866 229
1196 360
624 95
709 15
624 25
427 262
257 300
690 387
292 244
768 533
693 70
1085 495
952 426
1094 218
1146 342
867 12
440 230
462 41
674 651
458 312
167 579
873 47
229 51
915 406
848 681
747 243
1067 298
934 449
614 250
1166 470
514 55
1012 22
804 680
596 16
294 326
745 159
800 187
1161 415
461 297
677 197
1144 406
351 661
748 218
452 275
902 33
202 41
1174 345
210 286
182 109
552 75
94 349
760 383
871 101
88 482
179 227
1178 355
624 22
331 442
862 70
973 321
860 128
1172 304
956 629
649 470
1035 250
875 354
372 524
340 103
1091 203
251 299
871 362
548 228
1165 334
1037 268
230 387
239 131
613 218
1002 6
559 77
880 702
589 60
824 429
848 457
977 300
852 58
537 131
797 131
428 162
283 662
811 312
42 570
500 360
798 403
742 26
1094 42
539 390
953 256
469 513
460 10
396 205
1033 367
247 705
702 155
1041 247
385 176
527 421
730 229
1142 235
144 340
989 318
1226 682
1095 327
610 154
877 120
776 146
800 0
410 225
362 344
927 216
1126 386
365 210
525 269
266 100
790 289
352 94
1105 260
922 182
486 152
731 288
745 267
1181 407
1078 79
522 491
510 287
376 8
1010 707
533 185
286 323
278 65
1082 442
832 209
659 66
689 20
403 226
1055 401
681 249
1133 328
443 423
1069 455
643 207
169 157
444 403
702 175
885 298
1052 439
140 349
690 406
311 352
1077 215
774 23
1069 661
1200 359
567 228
850 98
442 104
256 665
496 312
1023 431
754 644
764 621
312 24
1119 329
203 626
478 415
1118 634
676 217
360 643
289 662
584 276
783 704
862 679
543 95
314 332
647 162
492 274
625 139
760 644
829 170
764 438
161 529
777 657
229 632
631 185
208 656
328 62
411 519
887 672
1075 435
577 434
653 77
291 441
116 194
1002 29
1103 370
1069 38
1053 17
855 336
850 659
1154 343
1035 301
807 239
746 369
680 674
1034 390
674 82
201 622
906 714
941 660
625 355
106 290
312 199
1155 323
1100 55
408 148
256 673
416 131
1039 67
908 261
967 690
1084 235
479 434
1188 325
393 520
743 409
617 34
804 383
137 331
533 411
761 497
749 445
625 93
519 198
312 45
116 341
918 693
411 271
405 198
705 139
714 60
468 240
442 338
1047 219
864 423
327 66
1202 414
419 128
497 407
325 121
161 155
864 65
636 314
301 113
846 405
696 284
688 210
569 369
761 203
1029 428
1070 303
329 460
609 87
362 7
361 351
692 71
389 69
416 427
810 215
421 216
476 55
150 343
669 196
961 318
725 151
490 401
1121 425
687 59
275 365
1152 546
887 334
142 391
515 126
725 207
868 67
625 166
577 244
813 64
1178 406
349 476
526 13
116 219
867 261
1021 659
739 627
574 99
418 22
1093 700
418 336
476 238
939 232
1118 58
201 39
918 254
618 21
867 694
1191 467
824 604
34 153
10 711
1024 670
776 443
718 296
481 136
264 171
1092 378
651 119
190 104
1049 453
534 361
713 41
994 446
973 211
385 86
725 23
549 0
1039 225
1113 80
1173 574
808 126
270 89
741 66
583 499
46 602
888 625
515 12
598 12
641 483
1077 275
717 675
520 188
130 148
846 57
193 622
608 189
998 336
1069 492
768 199
337 435
438 138
714 201
874 345
425 49
501 167
877 13
367 318
262 287
683 290
602 118
341 158
129 334
645 221
629 228
108 328
750 31
386 47
1112 439
161 64
378 426
372 41
1036 235
802 159
775 291
1114 591
460 446
620 397
25 569
1245 569
1109 359
1042 330
853 231
665 184
643 247
392 203
513 50
779 223
798 245
243 351
1061 259
1069 462
608 70
290 354
161 230
460 9
14 110
1000 505
787 691
490 404
635 295
1020 390
525 43
531 127
837 251
770 266
872 36
534 388
69 379
217 342
634 458
608 155
753 689
500 56
316 383
244 72
759 102
732 307
534 79
842 411
855 288
633 86
845 86
680 327
744 161
913 214
1020 474
992 417
1062 345
958 476
525 448
672 138
614 277
1134 460
272 283
809 48
794 165
405 371
782 17
395 105
542 290
1159 357
778 362
869 346
1146 479
618 185
1151 491
885 451
813 94
836 232
836 26
772 403
9 197
256 359
535 338
585 207
444 314
608 164
1056 503
247 310
470 342
1203 400
337 212
845 448
218 58
577 27
567 278
923 511
478 72
289 89
814 344
430 416
1110 343
740 378
472 392
848 385
564 96
514 31
370 279
1145 495
586 237
445 479
518 291
915 235
921 375
361 286
984 501
476 218
799 101
1020 36
367 463
853 378
1013 356
1126 228
1077 707
981 365
405 2
418 186
947 446
686 89
761 74
576 332
1078 496
464 241
550 370
262 17
832 319
699 248
784 219
367 118
1066 201
693 339
344 221
966 605
258 310
515 405
625 405
241 14
662 0
968 468
853 307
787 147
437 88
477 388
637 34
591 444
323 222
886 159
1125 355
329 95
772 81
575 180
471 3
523 328
614 423
868 64
277 655
1036 392
594 454
793 454
286 65
299 247
834 154
714 281
768 35
656 47
1076 286
348 435
282 50
638 34
107 327
339 75
385 151
842 528
1031 406
947 439
740 298
578 482
958 525
1149 386
381 3
1117 326
327 68
1194 486
374 298
723 265
471 445
559 255
580 374
936 290
804 477
443 137
802 331
1027 382
748 224
190 628
718 357
450 195
761 244
756 17
772 353
721 190
1022 425
205 35
76 259
961 441
822 438
1132 319
862 202
371 73
590 23
611 23
607 309
124 349
755 525
338 474
170 585
408 193
185 109
924 173
421 401
627 45
960 264
523 179
811 158
556 82
924 259
239 24
632 91
945 381
907 263
496 298
782 328
955 374
1116 310
923 230
1081 484
1049 458
494 397
409 563
118 248
339 226
421 115
300 23
781 141
1166 487
359 162
905 264
1098 491
714 208
312 4
1032 240
230 37
655 174
573 378
380 31
461 515
848 413
643 74
328 355
598 75
605 372
569 152
720 323
322 279
1062 57
40 9
1256 136
683 270
792 3
776 137
757 108
479 162
648 162
678 309
1078 488
919 186
370 183
814 32
416 286
589 374
235 21
781 293
1154 220
612 470
270 324
594 73
611 266
252 32
1023 224
850 119
753 16
1003 268
659 362
671 32
535 319
819 223
718 144
521 352
876 444
810 188
986 246
635 2
884 513
675 202
431 125
715 125
504 303
559 303
571 190
614 85
828 347
675 258
631 6
398 53
834 36
1089 491
908 257
662 132
606 214
761 198
963 283
610 378
633 241
618 284
866 40
788 48
795 453
456 177
193 155
1023 486
169 248
675 290
660 41
656 219
1096 371
842 74
1166 368
833 326
528 40
1147 276
521 141
599 65
1037 259
799 339
1133 260
583 468
1164 352
357 44
818 368
126 178
1139 334
467 22
616 22
539 32
827 57
476 132
129 221
396 92
1208 365
510 423
770 343
761 3
875 437
611 179
981 322
628 14
552 436
569 183
817 223
318 32
1032 393
734 55
667 397
723 272
512 310
422 398
879 363
300 10
696 157
850 55
916 316
847 517
710 307
1108 379
889 282
443 242
1002 177
427 279
917 390
561 9
630 248
876 496
516 156
582 188
1056 402
729 455
189 255
852 278
969 498
807 128
319 346
651 225
687 205
314 14
808 318
153 249
970 499
977 423
658 206
1166 396
223 85
697 321
117 293
453 237
1004 237
740 155
619 6
841 137
739 209
991 312
767 24
600 105
515 513
563 359
982 239
558 369
376 49
1199 297
663 208
596 44
1163 233
794 152
1136 400
749 97
182 48
1044 408
221 335
725 57
421 179
742 224
346 409
754 380
473 222
503 6
901 545
1120 319
1183 281
874 480
390 165
428 332
729 289
843 158
486 432
818 439
378 412
563 244
203 75
1132 462
590 45
1108 420
644 140
591 99
935 183
795 6
991 448
344 22
86 321
1077 393
724 394
723 372
633 300
260 235
886 235
808 130
789 5
263 83
472 501
671 174
877 659
659 62
733 494
727 104
1032 346
290 10
381 306
257 26
718 286
764 343
648 346
844 199
953 393
545 291
700 73
457 330
506 421
305 328
328 253
1183 309
736 400
655 51
248 119
462 119
707 88
670 227
1035 422
818 161
731 452
598 184
877 87
357 28
645 278
991 493
900 260
941 250
888 300
546 284
968 395
190 128
976 232
765 345
802 112
769 192
681 292
642 219
856 219
614 66
367 210
261 388
962 472
928 417
157 55
95 371
494 33
257 178
489 303
760 163
351 80
778 75
131 420
892 467
1071 206
701 335
554 288
111 309
616 396
1179 396
577 242
933 355
548 22
633 112
676 34
389 407
404 220
739 490
923 302
864 95
219 52
721 52
588 86
590 86
967 440
472 430
1075 406
739 412
661 202
1173 326
1013 331
772 357
969 466
206 42
440 36
375 109
228 174
108 161
626 132
984 233
607 106
1250 582
324 228
652 318
946 406
1097 388
880 109
487 43
979 175
1222 82
785 143
746 408
719 19
800 376
465 379
696 195
588 0
542 459
890 301
646 319
628 203
576 279
831 434
617 393
465 450
496 403
439 336
634 276
865 230
305 358
660 4
796 144
585 38
909 431
601 116
92 308
729 381
660 205
432 2
642 367
459 151
1102 355
845 282
339 255
849 326
522 393
1096 393
803 108
659 424
309 156
258 175
539 336
291 365
859 364
254 126
829 157
261 74
310 179
1135 467
520 443
982 334
614 373
225 301
623 96
484 191
195 99
476 212
417 278
816 207
646 213
224 667
422 52
874 313
213 663
1135 442
710 41
856 632
963 341
653 166
257 447
880 713
468 393
1264 10
590 53
612 53
1048 23
615 221
758 119
902 187
418 430
202 20
614 243
609 117
824 462
141 205
262 205
583 159
341 13
1069 291
443 402
804 118
279 715
218 13
481 709
1098 365
513 28
586 406
517 48
1099 311
323 192
549 192
1118 82
467 31
539 296
682 138
175 37
744 253
31 579
275 61
185 433
1077 478
684 305
363 164
474 23
286 371
1117 223
1247 471
426 357
254 47
920 364
642 265
460 338
539 161
463 254
308 245
506 53
1185 266
731 196
699 263
575 300
393 448
244 7
670 264
738 318
354 125
982 221
921 270
551 317
406 468
1009 452
561 97
308 161
681 379
924 663
613 378
896 251
1007 374
655 80
1157 367
550 401
457 319
963 519
397 188
1076 507
924 287
419 308
1099 486
715 123
711 32
493 262
614 48
94 267
809 228
405 299
690 238
1236 19
364 327
731 173
418 442
414 169
658 309
289 91
1131 296
693 381
616 194
447 479
512 297
876 156
472 157
650 239
625 369
880 234
895 660
720 694
457 34
527 9
855 624
876 26
580 2
1166 399
117 220
184 130
645 350
287 65
855 197
520 217
453 89
710 456
840 182
449 448
613 346
901 383
717 228
706 60
121 231
816 525
447 366
429 184
511 184
335 648
988 283
466 156
701 156
771 74
726 32
611 143
747 210
275 393
241 113
472 39
566 190
356 279
773 200
637 199
518 243
298 72
173 201
753 398
974 677
810 283
905 24
358 291
1110 209
580 179
571 295
441 92
1210 312
1121 395
1187 395
431 188
687 31
1274 43
809 385
812 398
44 595
181 128
915 5
1164 482
834 93
633 91
566 324
1274 551
490 158
707 217
1134 426
666 386
425 118
822 2
1116 231
426 173
412 207
1018 24
651 310
1059 351
407 53
575 56
303 410
687 274
1067 427
740 286
1079 362
383 416
665 254
508 3
473 89
438 308
544 61
275 194
549 300
802 163
985 473
667 435
676 348
263 169
490 32
259 331
1077 246
433 69
687 397
366 91
999 393
243 709
127 207
1188 448
1068 571
247 105
816 303
387 524
584 241
725 124
1175 299
744 692
643 43
765 245
965 210
939 397
513 395
560 407
137 169
1043 469
845 127
820 711
509 394
296 23
1115 426
474 82
1016 492
597 364
882 364
635 237
218 17
864 473
1005 473
1042 472
374 644
1101 459
615 270
446 233
720 21
460 425
910 425
964 273
885 51
869 480
733 196
1037 344
685 234
912 370
430 53
1146 490
1107 486
681 173
443 32
70 476
683 268
510 251
519 382
165 136
384 322
423 93
468 32
719 381
636 192
422 143
1053 290
308 364
697 13
444 79
615 127
757 311
582 167
1017 433
808 187
428 354
793 135
958 512
574 312
1115 335
458 61
705 206
925 596
820 461
1022 467
938 500
1176 203
399 227
884 34
892 22
409 28
474 66
715 44
1021 315
266 340
477 318
952 318
518 290
387 217
472 134
1121 254
1137 509
726 7
499 148
391 391
862 15
800 359
478 184
520 154
568 64
665 152
417 428
697 302
471 38
788 198
788 24
388 146
949 183
789 43
957 340
1121 303
438 2
1184 239
792 120
755 298
134 149
912 6
173 164
1043 486
732 50
899 213
587 144
864 306
427 13
352 380
1015 467
807 480
740 249
721 133
574 136
745 120
594 44
466 95
517 172
1015 383
863 164
438 67
939 290
883 488
1195 235
910 334
457 303
807 14
886 245
233 135
767 216
774 221
1063 338
526 114
791 632
880 309
1066 408
666 106
967 476
755 294
1093 425
556 59
588 343
766 346
1176 394
767 405
1032 715
480 96
931 285
724 259
31 113
621 273
724 36
778 271
198 20
684 266
516 349
675 29
1199 648
602 164
310 352
764 351
444 391
384 209
980 385
671 269
452 347
469 184
800 145
963 719
702 500
1145 316
713 217
716 154
544 253
949 151
958 329
858 99
428 150
440 42
794 519
1004 194
1114 431
290 200
680 344
743 5
969 501
749 71
1051 245
957 485
1107 297
467 214
782 352
1004 364
508 61
1047 351
631 262
220 333
847 257
510 442
726 369
905 455
1141 385
1097 328
893 464
463 105
84 240
805 371
259 379
628 375
1111 262
504 410
163 110
181 188
985 169
374 623
1038 456
749 322
810 502
779 457
854 114
155 73
984 191
385 405
259 118
1166 444
702 135
583 467
554 308
539 306
612 337
883 274
644 133
505 400
324 77
798 136
871 194
863 17
1029 296
746 242
685 358
1169 401
1103 369
793 9
178 201
494 32
695 2
884 53
431 209
343 286
692 59
371 249
198 317
987 477
309 493
813 156
600 150
165 196
1045 364
1001 216
760 668
894 237
44 601
638 261
1047 357
580 256
486 249
624 284
364 186
648 34
171 294
285 95
606 230
413 136
587 76
480 44
727 290
507 426
721 36
787 25
1160 383
946 238
963 347
507 82
1064 474
1043 210
637 19
1092 438
918 443
780 392
219 70
1091 481
1140 344
726 320
170 663
382 78
779 459
737 489
538 24
794 99
255 171
925 283
342 648
885 500
1232 89
838 278
569 417
614 296
967 472
491 240
893 397
1111 63
390 321
354 223
546 223
1043 375
1122 450
564 232
1084 444
968 641
588 378
528 255
342 634
737 682
953 466
534 123
485 331
1116 342
784 437
404 430
692 343
232 55
73 75
1025 442
847 167
489 29
1136 252
478 261
849 222
635 686
508 501
608 257
683 337
747 406
820 182
1173 399
515 61
885 289
978 492
691 315
168 333
629 100
810 109
683 289
616 258
1042 589
896 442
753 152
807 177
272 675
710 447
461 126
649 209
988 430
592 22
296 480
345 291
428 127
819 161
347 38
717 330
954 428
877 304
1053 424
587 383
886 659
475 381
261 234
226 229
446 28
523 492
1128 374
941 483
523 263
676 190
1102 415
228 681
723 73
730 236
879 304
1035 708
597 392
539 430
945 395
653 354
584 168
454 315
679 29
684 58
280 200
570 311
322 422
190 644
383 81
937 477
498 128
143 84
920 642
1034 606
797 223
168 359
790 124
942 666
1092 381
1080 22
71 443
724 173
943 591
498 252
451 35
514 230
712 239
730 96
107 364
1132 82
895 209
666 162
842 155
894 166
274 45
905 509
1167 394
745 226
355 221
1018 639
855 100
821 195
891 30
345 189
248 180
705 118
220 668
542 18
1026 261
726 429
387 380
737 386
330 276
1004 232
397 97
923 509
1137 327
1118 481
663 137
797 364
615 207
622 701
1031 685
969 685
825 14
821 415
1041 415
325 33
347 374
990 375
329 86
188 660
532 127
270 374
444 98
725 219
798 317
292 52
775 256
1113 477
279 423
981 211
726 300
678 318
895 64
767 7
823 34
669 119
256 290
256 401
312 92
431 83
477 231
299 100
609 428
969 419
1153 457
301 354
1118 339
432 374
542 355
749 475
645 216
175 106
1108 221
813 317
753 338
215 70
142 104
614 364
974 24
601 206
724 206
242 1
952 259
475 320
463 111
310 341
186 58
1027 354
368 159
650 108
1027 459
858 191
875 293
360 688
797 3
1111 79
307 51
1095 596
1105 324
1035 434
802 439
1195 383
957 407
764 496
434 237
884 54
120 345
631 74
468 25
298 294
341 261
527 203
373 370
636 249
1077 335
276 431
896 27
987 405
946 336
995 390
1048 383
543 19
175 323
687 367
743 50
369 99
215 136
837 13
1094 411
1017 340
1014 648
738 253
546 123
602 435
817 454
358 42
280 104
1083 470
772 207
98 30
398 167
1060 419
745 275
906 406
356 339
1032 470
577 115
278 35
331 166
524 500
997 373
612 412
688 54
353 65
266 133
528 46
534 451
745 12
289 159
1113 452
402 354
710 190
612 237
435 450
344 122
507 355
1081 263
850 443
1038 327
781 334
304 472
1243 616
595 287
1017 202
683 91
943 510
714 429
151 329
376 673
110 147
1170 466
256 85
1100 312
176 112
115 424
609 166
842 461
924 255
744 35
823 108
707 11
139 185
281 286
728 225
653 253
691 140
1095 384
1046 465
1054 425
1200 264
22 109
253 333
168 64
1204 374
1109 236
560 448
268 94
657 136
840 142
366 41
790 274
847 85
763 224
778 27
686 253
1095 324
721 183
425 57
696 10
776 387
217 417
973 393
351 59
1162 495
532 22
567 428
792 267
1079 373
742 162
761 162
631 407
508 275
997 214
816 414
563 226
953 182
824 372
667 162
614 401
572 11
359 377
494 194
896 394
369 364
460 133
326 409
443 175
632 93
1070 245
761 411
417 289
980 382
706 78
521 497
585 17
1200 256
691 19
616 20
782 311
604 383
573 164
528 10
382 400
1046 472
825 101
41 58
892 323
590 51
820 50
270 14
482 5
520 100
754 463
1140 314
939 467
350 316
507 376
1120 429
901 47
1170 542
925 345
1198 620
366 320
1156 398
518 270
911 474
562 302
729 12
253 140
537 133
996 313
88 245
1097 379
687 8
721 354
669 95
174 74
733 239
668 317
642 128
380 420
882 176
922 469
665 126
594 301
664 158
652 181
697 483
471 259
296 519
934 237
808 27
892 134
912 421
482 142
658 325
636 401
687 293
492 10
713 53
127 334
712 71
625 3
868 265
919 436
194 344
734 318
1150 300
731 241
457 58
998 237
562 477
414 386
191 348
1184 298
377 339
673 326
576 454
151 132
910 486
649 268
840 126
511 472
781 408
1038 315
840 611
874 467
740 442
14 512
694 304
725 212
928 427
907 250
549 311
282 202
467 313
621 285
1185 412
803 144
819 314
516 271
1123 366
631 87
542 392
647 52
602 427
1011 377
566 21
816 470
340 646
658 70
658 132
328 209
980 192
573 62
486 75
841 123
703 39
251 474
313 7
118 399
228 73
414 123
405 3
302 262
440 317
169 128
700 151
794 466
319 409
380 349
635 165
948 294
1051 463
730 153
1011 31
549 110
1100 485
689 353
799 0
762 634
512 11
746 50
645 76
1079 330
71 354
233 53
512 28
661 75
347 309
231 22
491 11
1153 279
770 67
789 432
565 369
328 268
1260 115
393 257
572 75
653 394
888 32
527 334
787 9
51 611
102 183
894 101
1025 5
546 228
489 141
320 677
139 105
139 348
594 164
454 336
1007 619
278 135
683 433
1169 312
839 8
770 29
470 292
1000 662
480 12
1151 427
248 320
411 107
668 121
325 132
627 369
1077 437
1272 93
547 45
692 48
1030 671
1132 320
734 254
536 103
607 103
942 282
299 212
217 36
133 349
392 110
427 150
1138 451
539 122
830 126
1153 378
393 33
801 640
498 58
347 93
995 383
538 199
1127 616
1073 24
1197 295
772 137
421 170
592 19
1001 523
713 223
673 293
627 187
1193 311
144 182
1204 615
899 438
766 3
1070 492
985 634
654 150
769 520
895 186
413 489
738 390
713 704
913 419
720 115
778 652
627 285
321 77
140 97
108 235
756 495
284 466
405 38
336 403
756 2
924 324
838 541
544 215
1015 516
1091 427
693 313
561 369
565 251
315 297
558 73
918 482
174 202
798 200
1146 428
812 418
615 377
370 99
119 270
381 346
952 284
973 213
969 422
642 256
755 85
479 3
1168 488
519 41
526 329
443 120
857 299
614 252
1036 448
697 91
697 180
531 315
168 56
502 491
424 169
366 313
658 6
411 135
626 242
324 84
696 38
841 205
85 292
1068 453
727 431
1103 324
329 318
359 353
951 210
956 417
894 706
659 85
351 43
814 47
769 284
844 118
672 309
408 96
443 363
491 273
1011 299
848 110
653 183
699 297
122 210
396 368
1100 429
453 473
371 346
744 156
275 639
309 0
346 101
710 101
303 201
444 39
499 196
42 88
796 333
499 274
935 232
770 220
1014 218
912 253
381 277
759 501
568 338
455 91
174 468
883 69
740 381
996 374
1032 38
666 276
707 385
667 441
1091 87
893 308
935 308
1068 347
706 194
1049 448
636 212
653 115
1152 400
379 315
370 187
1028 404
652 177
454 36
784 421
261 328
283 418
282 176
461 50
409 156
735 109
471 398
215 633
46 393
802 275
499 468
224 655
947 611
1138 375
1277 52
635 349
634 182
712 432
276 303
662 81
304 66
161 347
618 286
637 287
498 280
95 548
615 301
652 144
682 91
651 221
614 142
468 50
789 119
661 329
886 1
175 50
440 465
570 12
274 42
450 355
615 5
265 317
1177 331
559 504
974 658
1091 302
599 357
277 344
866 64
600 259
736 271
440 34
624 190
596 453
1073 453
263 3
738 162
1043 349
347 629
543 145
465 253
1055 510
806 237
587 357
457 168
915 317
297 151
607 151
380 340
827 277
251 262
358 212
225 307
476 169
377 180
648 227
1017 234
201 350
221 249
766 44
556 305
324 321
661 60
656 259
1182 546
728 167
22 112
1188 393
588 144
243 32
635 247
954 672
997 390
570 333
346 16
259 46
660 246
943 694
719 319
789 256
816 239
738 423
290 233
1132 365
299 84
1067 2
543 101
879 597
325 64
456 202
664 199
747 252
1105 500
631 136
646 249
817 274
1015 373
1163 467
327 53
877 284
397 19
1137 456
862 357
255 361
835 423
1064 397
625 95
780 481
1105 560
640 57
1088 439
237 81
160 167
885 483
1134 566
776 144
719 25
364 33
335 645
1105 114
1225 114
911 193
251 306
358 371
393 178
192 677
1240 95
668 439
1061 301
1030 239
956 299
1029 365
267 27
746 237
585 414
800 168
579 274
1080 621
429 225
210 673
702 71
281 77
803 598
401 620
989 314
693 113
667 58
526 249
940 453
353 33
514 317
448 273
796 148
735 84
414 60
291 623
797 513
1133 588
1119 340
1089 260
142 111
259 377
1077 487
463 374
998 495
737 434
296 194
370 326
793 340
1115 97
457 365
1129 75
1223 666
423 168
1015 367
252 47
681 701
1177 677
911 413
693 311
752 6
1191 352
815 170
343 316
1068 16
325 31
731 277
1004 399
1022 229
916 430
496 494
97 360
594 19
652 700
1078 6
1108 477
465 180
805 681
340 4
855 700
881 635
442 69
745 242
627 379
553 307
1141 411
622 310
1012 19
843 649
361 658
376 98
679 23
374 327
1193 355
588 437
976 668
682 255
1051 19
574 283
959 709
1092 387
869 404
444 67
653 408
299 636
622 299
891 442
603 57
772 40
679 343
406 163
509 53
424 227
845 51
993 247
616 305
843 7
842 69
903 636
471 408
307 259
815 681
963 314
224 374
252 12
432 34
787 138
336 275
889 546
938 653
831 348
914 307
791 547
1075 22
179 186
280 324
238 104
1034 391
425 378
479 82
245 20
443 422
868 481
826 211
777 237
195 33
890 652
1109 498
1086 265
554 40
615 463
900 401
418 377
496 228
931 167
776 347
1074 291
999 214
816 242
1011 254
1109 610
789 81
1087 79
1009 636
671 167
448 217
739 20
720 13
200 334
441 251
598 496
518 88
290 632
1167 434
904 60
540 397
700 457
1210 243
1098 439
330 354
593 214
695 207
1006 211
90 278
342 108
705 382
806 73
617 26
629 389
346 154
918 668
1198 235
764 42
764 140
391 639
907 312
857 132
771 292
543 322
1077 217
712 11
131 120
675 148
194 358
463 149
661 72
664 213
851 62
528 95
651 168
666 173
618 255
631 48
179 667
387 243
983 287
1138 394
792 389
300 209
1024 693
413 630
705 56
1158 429
818 18
716 680
689 51
1104 436
755 246
948 698
956 635
1074 112
1162 582
942 442
869 414
782 25
449 413
893 671
599 59
915 473
717 138
1150 323
584 116
566 369
1015 216
1103 445
853 55
277 658
314 681
890 185
473 21
1095 331
413 357
941 215
1129 319
171 283
846 631
360 159
193 152
164 121
937 421
319 620
1024 43
450 289
179 377
688 606
340 272
1019 445
936 263
517 126
1054 696
922 235
266 672
113 175
938 336
234 639
1033 272
1198 237
1039 670
1043 713
591 31
507 291
989 670
174 528
809 310
184 636
1058 476
337 296
706 669
1016 364
944 443
1180 358
600 151
787 719
1059 3
599 250
310 49
684 394
565 102
519 132
1113 52
712 156
103 197
753 149
19 536
1190 264
631 368
1212 623
129 243
721 161
614 362
362 25
164 631
373 387
618 295
385 382
771 457
679 26
584 414
392 47
1111 352
688 678
654 287
897 445
593 10
300 81
257 113
638 404
480 93
975 348
829 6
370 347
310 35
801 696
770 34
762 234
905 234
784 102
423 341
160 306
639 378
209 360
1119 267
1106 679
713 250
725 661
486 160
560 14
1203 315
260 321
394 146
970 95
673 190
593 102
404 18
110 180
448 69
464 383
740 71
239 696
808 507
878 92
1003 713
836 659
353 108
270 8
1056 700
1135 443
1015 656
376 94
935 259
257 658
484 221
1160 303
869 344
668 553
583 17
1010 427
707 155
595 135
622 355
768 336
421 163
226 190
1187 269
504 406
648 199
765 63
284 677
254 633
567 467
482 308
914 418
1045 702
638 131
1035 397
487 39
810 377
189 333
985 354
983 358
488 200
477 289
817 47
119 271
502 266
798 141
873 300
483 28
258 657
220 336
531 51
858 285
11 698
965 665
280 97
469 440
1086 496
470 263
198 322
968 685
1087 447
877 44
500 351
583 263
271 45
1047 46
663 223
1134 121
1080 86
382 417
674 176
308 63
443 388
632 387
723 476
620 97
1046 38
122 219
327 92
177 677
262 355
819 123
317 139
227 194
902 687
868 216
660 104
801 370
710 328
904 497
811 440
832 76
504 368
466 69
1097 74
1163 366
605 305
433 211
351 90
132 181
735 371
913 131
707 267
106 286
630 355
694 40
579 119
389 204
1054 385
587 75
473 92
775 105
1040 360
364 298
488 96
1037 252
374 301
902 181
537 432
213 167
411 398
1006 359
511 494
415 410
759 201
400 27
710 215
423 146
345 501
455 296
691 434
363 397
155 161
521 149
975 495
255 242
608 276
881 426
653 126
430 2
1169 230
1089 600
1095 453
909 170
1190 376
584 314
568 188
984 351
977 365
133 254
554 109
741 499
270 265
903 239
1104 446
214 73
537 26
394 50
668 101
772 431
862 269
1050 715
457 13
1218 663
661 159
579 367
1139 458
833 175
1096 382
1077 480
375 618
232 349
535 307
186 18
1201 399
622 33
326 111
447 309
1030 342
280 64
909 442
666 331
378 269
1098 303
832 449
762 374
502 246
517 315
633 247
448 221
914 334
530 401
678 0
509 130
519 124
390 48
1114 353
647 224
389 114
137 216
1121 455
997 457
955 536
10 21
921 284
1049 434
547 392
952 674
897 39
387 235
1136 463
754 385
688 262
852 331
826 142
265 48
547 476
1016 476
494 205
127 126
797 650
687 46
635 3
707 237
863 518
197 246
1006 417
826 20
709 2
391 33
533 239
450 71
1050 66
322 111
822 17
624 134
379 20
875 36
1097 468
762 31
1027 340
506 158
800 327
681 404
920 345
1064 408
1170 237
614 57
982 440
290 357
228 14
164 335
481 335
595 335
893 2
890 661
263 412
288 68
636 162
575 38
804 305
558 353
421 126
788 23
579 50
1037 342
1113 280
527 242
270 247
928 315
1113 587
925 202
537 317
504 210
465 3
852 275
505 306
450 106
810 50
230 372
38 547
703 373
110 199
372 235
964 435
940 344
563 191
904 2
926 238
776 399
322 314
252 107
316 142
720 515
477 243
163 352
551 356
638 482
862 5
162 416
783 251
601 158
802 529
1059 206
415 381
638 39
1188 319
253 429
328 374
698 166
72 320
286 34
721 647
347 303
296 96
616 18
1077 448
806 158
821 50
616 385
1044 33
835 45
573 47
863 696
812 69
1014 461
682 348
1032 453
111 518
1081 343
416 110
218 48
572 358
281 646
784 197
368 64
898 604
265 287
1106 347
957 397
784 129
888 340
929 196
1035 196
650 121
202 132
1156 332
415 85
445 311
81 394
713 394
496 264
992 507
86 341
616 211
243 283
838 166
654 174
337 241
840 141
236 16
623 95
131 412
405 6
175 276
307 694
735 286
492 299
565 314
177 77
300 275
301 311
794 64
1068 198
633 102
811 394
212 92
958 233
764 70
172 184
636 169
835 489
1151 337
478 171
388 481
723 66
1103 290
938 298
473 336
562 216
430 220
378 112
1076 47
438 409
727 77
896 388
586 339
647 156
945 457
106 218
817 367
306 300
386 102
513 257
629 135
120 343
263 261
886 471
548 118
491 60
549 181
368 600
503 14
1148 470
896 241
681 138
301 299
1207 349
371 68
665 231
640 378
700 263
321 48
1174 362
603 482
310 314
334 247
399 40
879 292
1058 289
448 133
544 25
780 2
176 193
950 312
422 136
191 33
6 226
1014 366
124 127
633 171
286 395
385 198
478 75
1103 342
445 323
1029 238
142 100
502 73
564 75
1011 580
720 149
1152 241
616 263
839 96
547 116
1143 289
1191 241
1187 437
550 21
945 325
488 79
702 282
1069 284
757 203
559 23
604 391
518 45
237 691
197 650
952 327
352 644
659 287
1035 639
314 188
275 75
999 151
901 129
608 148
541 210
1010 20
614 181
796 451
837 141
1151 554
243 648
992 252
786 521
927 411
708 431
989 22
1010 272
531 471
817 612
166 592
774 254
292 249
998 394
334 216
834 677
822 100
601 256
1064 473
1102 353
273 13
300 296
1131 487
903 215
649 715
768 502
1035 261
360 665
1111 92
1180 339
661 148
554 453
258 689
291 619
363 12
454 68
653 409
418 5
326 702
753 427
986 81
195 669
568 12
316 62
694 332
970 668
746 292
941 454
230 305
517 88
674 304
706 1
728 221
855 481
512 255
689 638
999 341
917 674
1158 498
746 125
927 425
415 110
232 274
1009 253
1092 330
293 710
801 128
818 266
778 130
895 233
923 265
849 217
448 107
535 352
1167 355
934 258
904 616
523 272
211 707
1078 495
676 103
648 304
1040 4
279 628
918 712
748 426
383 125
275 634
311 16
616 71
620 89
743 633
999 454
894 177
960 222
189 36
686 255
1181 398
1096 424
746 129
285 431
642 392
821 476
302 59
268 73
937 404
104 371
579 5
715 292
269 308
723 83
315 98
869 253
609 165
1194 369
840 708
479 443
876 613
739 351
331 380
335 329
313 278
931 668
1053 61
1143 237
121 382
1092 567
980 626
454 240
857 240
887 713
871 497
835 329
698 200
938 269
864 45
974 495
155 192
274 709
497 438
1102 272
845 356
670 256
604 227
401 313
1046 677
629 16
754 214
1071 211
207 64
330 23
801 687
320 690
932 184
980 708
269 167
815 701
980 612
196 81
1195 69
720 104
1110 246
1035 346
289 708
1194 334
438 111
653 19
594 375
165 619
215 704
434 236
637 18
707 298
823 308
553 107
699 226
828 7
809 430
487 323
477 178
451 245
405 339
755 238
716 460
686 705
183 387
538 281
742 155
1021 265
506 318
848 332
740 173
1090 384
420 344
460 347
207 56
243 65
546 304
304 683
940 311
226 18
80 343
278 127
599 139
1105 719
759 147
703 94
411 184
372 645
699 245
210 2
541 133
728 7
522 61
1069 18
884 209
1082 409
642 43
842 84
1182 285
845 29
754 257
743 329
445 3
882 173
826 27
823 128
528 52
177 304
485 378
920 386
1156 233
642 118
89 243
359 105
252 647
212 648
756 32
774 634
431 163
171 569
1137 312
930 337
1009 484
1141 278
743 383
252 345
340 430
759 82
993 337
711 342
288 407
701 236
703 371
403 20
477 64
681 303
360 185
106 6
475 381
1009 196
669 169
483 329
378 294
1263 714
1041 676
768 276
250 135
508 319
583 229
89 355
539 130
789 449
336 392
378 41
982 456
843 0
499 234
965 341
498 263
503 460
750 351
373 474
944 687
614 220
1035 54
230 289
849 299
874 370
125 338
466 319
964 468
456 278
1045 322
585 34
570 261
716 638
576 325
775 473
530 118
191 437
795 160
473 268
510 19
1111 450
968 671
1168 470
851 445
240 687
926 433
904 626
922 685
808 24
633 292
539 149
667 641
919 671
528 76
129 551
345 677
796 386
515 11
657 11
783 474
992 436
714 53
983 712
745 189
629 250
709 250
786 201
455 278
622 278
757 149
1156 381
884 206
502 554
768 171
835 656
500 47
233 325
1049 334
480 629
803 645
262 712
684 64
144 209
902 503
772 328
403 99
1066 567
757 241
282 349
1126 443
564 304
1096 78
1085 606
919 709
422 309
529 158
348 106
759 286
394 348
720 319
351 88
599 78
215 669
761 340
1088 388
1103 660
598 66
521 240
512 383
299 641
908 678
172 122
705 272
277 74
1113 255
1035 351
416 18
802 643
832 652
144 562
498 432
794 606
515 251
853 303
686 130
418 639
793 162
496 100
269 32
855 268
488 121
431 162
621 320
215 342
353 242
1221 699
698 29
284 717
674 292
822 208
726 104
883 496
684 270
870 198
862 131
905 303
393 418
270 707
551 63
803 85
536 461
1193 342
198 174
784 54
343 28
581 27
633 259
928 325
953 190
281 46
443 305
759 46
876 87
340 383
357 112
591 85
242 689
221 46
939 384
643 305
510 89
787 89
1096 700
416 321
860 420
919 361
713 673
491 7
1022 634
1141 338
873 674
344 0
546 146
582 255
321 185
395 397
512 502
613 421
230 381
1037 468
1026 683
1056 350
231 673
5 222
708 59
847 139
706 179
1056 191
153 185
343 342
493 353
654 706
564 244
723 311
782 461
979 486
721 240
555 422
934 285
415 0
513 24
382 434
381 215
698 278
758 25
829 458
799 156
462 218
1192 474
1076 210
1079 253
775 2
611 440
931 404
721 220
718 395
751 216
617 63
301 36
1133 249
1002 676
887 719
690 14
462 421
891 544
832 488
492 154
1061 332
1117 558
540 198
755 142
264 104
595 179
913 181
448 144
1122 359
1056 327
1179 443
1189 333
536 396
361 660
992 711
833 59
923 641
788 457
805 444
166 310
339 254
299 89
417 404
573 415
147 201
1017 32
821 95
398 1
1165 454
839 662
343 3
759 249
676 365
944 183
613 83
644 110
848 373
428 253
1022 19
437 195
980 506
889 254
401 44
1080 37
723 239
708 299
382 8
475 455
354 18
469 21
859 624
521 98
213 383
809 129
170 451
400 378
582 387
754 69
836 4
634 294
744 221
694 146
934 304
1070 421
1035 3
511 436
715 25
1159 391
881 469
284 337
998 297
502 312
920 34
773 355
585 175
409 13
567 378
443 226
409 22
999 505
686 209
990 454
460 284
752 140
1012 237
291 663
492 151
188 430
499 69
160 203
466 131
1136 514
506 390
677 87
523 132
1106 598
722 519
649 243
726 35
305 314
642 168
321 359
1062 207
736 661
1066 394
180 63
516 325
299 225
353 135
717 520
1073 229
918 433
578 312
495 328
210 263
597 31
214 87
852 502
592 446
593 507
1069 212
303 54
751 164
779 291
1110 319
1108 493
518 97
922 147
599 22
817 133
441 10
459 407
1188 432
983 237
909 668
1123 445
722 84
808 500
1011 658
637 88
155 136
510 132
524 171
988 171
460 149
381 110
944 365
878 346
340 64
427 44
1143 331
888 333
675 321
932 219
895 408
799 164
732 70
699 259
649 182
852 521
175 254
1117 266
532 87
503 71
992 416
81 453
909 135
394 330
610 365
697 69
316 131
1026 53
725 198
590 201
918 477
556 94
298 54
600 23
509 120
872 18
877 324
871 181
425 399
959 345
591 92
1028 437
564 147
491 272
550 180
447 252
405 392
454 209
1145 396
296 15
591 4
405 440
357 657
1050 448
726 329
197 217
985 673
759 234
414 385
1107 327
330 3
602 119
953 641
500 461
1137 275
513 337
515 439
630 230
898 283
426 376
634 31
1201 335
780 387
473 337
248 360
973 618
1257 142
762 35
361 409
624 253
934 516
871 403
857 38
584 150
263 50
734 78
78 273
957 240
963 419
652 298
567 213
851 349
266 291
1064 483
257 173
315 169
364 353
533 29
864 131
379 71
423 267
492 202
705 479
133 236
728 599
764 62
901 331
195 55
758 176
842 697
926 229
1185 460
310 345
339 290
335 110
794 134
1005 259
852 182
1078 310
957 283
623 445
181 247
815 123
888 187
722 334
1143 194
916 676
1197 337
843 182
1068 314
442 38
395 455
998 462
1067 210
1188 317
452 241
613 34
671 440
462 444
95 339
833 140
1111 432
585 192
140 368
940 226
600 253
521 394
321 470
480 55
1127 371
948 474
781 34
418 253
1033 428
460 187
947 598
808 149
839 139
512 428
692 294
465 71
722 28
694 220
720 177
1035 447
1058 340
646 46
822 454
963 388
844 257
766 235
940 379
366 228
783 101
514 114
344 78
943 292
1158 397
869 76
854 155
824 96
748 250
1139 511
1070 515
743 66
743 410
450 210
491 331
741 310
636 163
287 235
546 325
359 412
681 84
633 33
493 46
562 159
324 100
1012 525
1173 386
852 157
617 335
335 84
684 261
764 6
668 57
751 57
493 70
326 426
280 54
1192 258
379 341
1193 341
289 177
345 294
448 350
388 160
577 457
477 347
494 469
506 243
465 302
501 485
597 1
589 266
944 712
479 84
192 58
327 318
489 59
220 317
1070 320
804 280
904 483
839 356
807 231
345 84
403 181
227 342
351 290
558 79
232 357
248 302
641 352
136 261
1135 284
508 116
549 264
727 269
859 319
242 313
274 168
793 281
507 258
182 172
316 218
1051 31
631 181
700 358
288 70
561 10
31 596
947 250
716 205
1064 200
921 265
850 291
666 354
1078 325
838 167
589 210
406 83
580 105
369 217
874 246
154 348
950 506
307 5
356 89
393 184
1063 448
446 70
488 181
794 153
801 468
839 138
1078 399
359 96
162 313
1062 323
508 151
539 254
426 296
539 224
727 40
950 446
242 333
919 162
799 198
550 206
324 276
333 8
1008 320
424 647
192 30
805 305
599 88
387 145
892 200
621 153
966 475
438 34
534 36
1148 390
349 84
852 632
1012 389
821 183
1028 441
27 603
632 344
923 360
1092 354
777 182
804 240
736 74
246 131
205 36
1040 476
737 443
1138 359
516 242
317 279
1143 279
855 191
1067 16
850 133
787 317
606 319
568 275
810 310
319 259
690 165
896 292
284 4
1147 371
1094 477
403 380
170 164
528 419
304 270
846 194
512 167
251 335
629 390
465 242
523 174
376 46
861 66
278 482
878 461
337 54
420 391
465 205
850 419
407 123
302 347
476 405
1033 270
324 407
784 283
386 150
160 342
1097 217
360 47
384 210
265 25
716 701
553 301
585 124
649 275
779 144
534 122
533 86
785 197
74 268
784 80
969 131
393 129
393 192
842 323
727 184
535 362
314 353
350 32
796 710
442 401
735 318
833 427
360 26
844 341
689 621
537 258
317 398
492 21
756 108
1270 705
700 241
718 343
1092 280
1080 328
514 415
899 644
1011 405
956 207
995 359
1061 426
1067 479
839 489
1099 484
665 203
544 422
237 112
946 502
528 493
411 200
727 659
1027 206
708 78
1010 237
1087 237
254 45
643 213
674 289
490 177
967 453
525 283
52 617
357 22
240 655
1059 324
934 372
596 33
657 368
649 167
334 544
459 353
472 64
867 307
154 384
1007 386
791 63
538 37
503 358
159 579
739 68
937 178
916 361
1132 469
834 46
601 2
420 88
494 105
757 248
704 26
579 188
136 352
482 152
478 198
238 11
704 294
414 6
495 379
324 622
1048 363
609 68
1129 506
448 212
714 39
952 418
613 132
1049 369
608 94
577 343
181 253
332 33
1199 403
468 28
851 348
278 336
577 380
287 376
568 5
805 347
622 246
843 695
1080 471
557 89
543 141
969 611
989 379
1168 379
260 697
918 417
827 45
176 93
378 10
202 39
484 313
908 297
923 227
752 410
472 249
96 590
85 483
486 166
984 175
1201 254
711 23
1027 288
425 327
532 476
648 244
230 237
496 106
567 399
290 35
550 159
810 1
1058 272
197 302
973 495
984 416
843 439
833 68
639 80
159 296
517 382
787 137
185 102
1268 670
504 426
721 194
785 280
859 148
853 104
400 247
291 41
801 226
1049 328
265 269
789 150
1181 334
828 200
514 343
421 428
652 101
748 98
507 337
806 200
1164 161
219 328
847 244
996 369
854 466
1165 149
261 422
912 452
1099 669
609 214
374 270
1055 245
825 499
813 123
700 177
1009 441
750 516
661 113
592 412
1144 239
810 56
942 499
646 398
860 264
643 589
746 289
778 340
1191 340
708 5
11 554
873 50
902 169
630 683
1041 30
664 227
534 3
1187 415
1184 329
978 363
323 27
1124 605
671 121
275 57
1086 57
1120 549
549 381
367 55
330 262
586 153
351 208
697 2
754 311
777 650
657 376
849 365
586 109
1138 210
812 446
847 123
589 292
689 293
1142 576
475 89
1223 32
285 172
838 181
606 600
1057 486
606 267
426 15
1080 329
1011 283
368 434
1174 434
567 80
380 86
589 45
831 431
499 238
749 374
251 98
996 645
1089 26
95 286
960 364
534 48
855 450
395 52
757 178
982 453
771 634
611 213
179 602
920 520
754 150
569 464
1074 349
755 633
324 34
1184 431
356 144
563 10
606 290
1033 290
295 432
541 448
717 348
706 702
772 252
222 60
534 35
490 503
309 297
501 303
776 80
967 314
510 79
637 186
1146 589
619 54
998 608
405 338
675 639
356 172
830 674
610 645
616 670
720 345
199 675
178 115
86 531
950 407
654 138
746 57
744 133
325 324
944 695
1037 317
783 418
244 68
807 630
595 302
369 390
981 483
296 666
348 628
729 154
266 34
865 311
654 210
700 302
618 317
855 257
289 702
542 104
552 131
372 107
1011 356
1101 307
569 482
1007 442
588 489
1088 489
1095 276
469 80
687 283
1084 398
415 186
589 59
308 110
177 362
1054 376
451 63
659 14
1181 238
395 266
738 28
433 31
512 29
1018 441
304 315
795 316
1154 390
980 69
561 87
192 91
654 444
403 151
962 509
356 550
903 428
268 681
627 245
648 685
862 435
1140 629
922 252
763 340
965 391
1185 453
521 272
490 131
703 74
803 257
314 194
735 210
1120 412
452 276
706 29
695 130
810 428
1067 342
244 651
480 410
729 307
1100 210
634 309
184 442
529 491
1189 430
618 186
827 124
1273 161
402 468
1203 662
760 11
320 327
894 465
734 122
789 407
609 355
1052 216
888 77
483 131
289 139
39 593
196 633
1157 246
593 298
347 170
715 178
1047 467
536 39
834 412
594 349
407 488
205 683
250 256
224 342
1037 371
450 336
694 72
1116 65
522 320
585 441
99 357
1012 453
1215 353
784 201
322 73
371 636
663 393
1022 189
908 248
211 178
35 562
948 174
799 236
206 711
105 321
592 363
575 134
373 406
809 5
1078 655
480 171
861 630
1069 197
386 131
497 61
685 103
717 103
715 305
1126 428
566 84
1065 371
834 418
775 142
990 443
532 510
305 418
660 174
1035 310
782 472
710 703
1029 496
343 49
734 490
1030 455
633 142
965 164
601 321
901 315
826 268
197 657
697 312
1068 672
298 21
481 361
703 384
997 235
492 332
549 119
629 397
623 399
864 424
1013 329
769 465
830 346
1017 489
777 10
618 455
1030 712
862 121
329 351
271 70
706 162
479 496
211 408
1153 367
279 519
238 372
1154 407
856 409
1022 358
1046 37
1064 313
812 289
430 624
746 318
841 220
896 655
358 341
988 216
138 304
245 673
126 537
93 306
741 65
937 666
1095 338
854 141
1106 423
1073 50
1079 703
908 190
569 49
628 417
497 15
22 544
625 110
236 670
1191 373
121 592
930 423
598 294
810 664
1125 397
790 333
508 206
270 602
417 346
718 454
677 57
891 295
922 181
756 176
720 147
696 662
1089 368
