788 65
1061 112
708 537
640 53
692 703
1100 188
846 74
971 123
733 114
624 65
163 199
904 93
784 33
1028 190
913 123
1091 71
701 99
918 20
1133 158
924 468
975 48
1022 136
1065 167
820 93
502 101
1102 43
717 21
96 353
477 404
610 283
305 19
918 70
792 211
441 129
961 65
437 385
501 338
544 112
703 112
481 279
488 151
1142 291
408 59
600 70
723 319
1133 113
756 225
370 74
1061 420
1072 558
923 132
806 214
1049 390
651 29
1104 170
1114 183
663 512
583 445
714 578
588 394
1143 122
414 333
871 430
959 131
801 7
209 624
736 448
1087 202
118 229
1048 166
1197 334
357 370
730 183
711 72
342 206
734 337
853 31
789 48
906 145
247 72
1089 147
1104 532
907 84
386 717
747 18
539 416
818 138
851 104
872 155
920 16
259 289
986 60
536 291
127 283
695 102
731 324
864 538
380 402
164 228
779 145
982 346
262 522
1112 205
392 403
360 368
710 708
802 147
778 217
156 86
803 572
866 68
682 480
386 386
1189 207
575 367
739 115
735 259
865 381
838 6
910 60
1047 546
242 500
964 25
410 287
1099 134
960 312
810 37
933 261
1008 42
850 649
675 9
1200 443
487 232
647 14
214 33
1072 153
822 138
225 46
718 27
748 486
318 215
456 186
859 710
662 386
655 50
603 131
655 210
945 563
1084 161
370 154
796 333
411 235
771 440
656 688
580 241
843 497
1030 159
355 389
502 527
172 286
1019 561
524 271
911 35
752 17
631 122
700 299
1020 305
480 334
703 367
953 372
1107 177
179 709
651 316
481 404
691 74
384 83
968 564
746 319
718 321
687 203
1247 296
689 229
782 284
243 2
675 561
731 569
954 80
400 288
574 191
1014 154
895 264
919 40
1060 109
751 199
742 2
854 716
747 69
1121 91
872 401
792 92
963 364
614 51
549 162
503 472
931 164
636 407
647 34
773 585
1046 250
441 166
933 115
738 141
324 468
796 17
802 19
1043 192
1063 192
771 122
1008 145
1064 176
333 172
684 32
700 28
743 10
476 117
741 60
442 329
962 359
1074 191
868 571
822 268
1128 96
1148 209
481 439
793 147
1103 115
464 501
1147 505
921 250
562 472
691 359
935 100
936 122
711 119
771 8
433 381
1154 200
287 179
721 345
441 515
422 467
446 453
621 244
1097 143
470 218
536 616
948 100
85 343
782 700
676 25
696 25
167 233
893 67
794 138
1066 36
765 22
959 411
486 251
842 616
319 236
679 166
1127 417
849 61
495 372
694 370
445 7
783 615
1081 156
902 106
544 297
746 5
612 48
622 70
876 409
940 8
1017 171
618 71
1019 109
945 35
978 107
652 64
733 263
453 406
789 396
915 155
614 66
580 470
1082 165
853 151
783 65
896 115
1022 135
94 397
403 393
455 207
459 449
584 531
503 240
378 26
659 479
874 2
975 100
383 113
321 468
458 374
1148 119
836 264
613 289
80 281
958 49
757 450
427 83
461 146
521 462
832 98
570 177
741 149
452 599
956 112
415 717
829 621
546 102
929 106
312 479
883 131
837 711
762 270
1058 136
498 438
1107 270
341 704
364 166
331 590
478 60
638 404
878 76
171 56
1160 198
403 314
1078 185
1035 192
932 692
411 56
790 131
585 379
630 114
849 620
828 93
375 103
683 20
683 418
93 229
429 488
73 345
385 441
786 222
784 44
1074 56
384 168
499 379
803 615
850 15
810 386
472 65
536 258
449 204
895 434
1047 151
381 10
666 227
552 333
646 202
234 19
729 8
806 619
645 309
534 401
524 118
663 41
439 159
960 537
834 183
897 262
658 92
475 354
756 13
472 508
708 89
833 145
654 2
1137 517
885 74
807 260
941 97
539 125
968 95
764 222
303 104
485 72
940 1
1073 164
848 44
795 68
658 45
682 406
1249 666
1041 129
1096 150
1014 66
723 593
848 89
709 520
959 61
937 74
1064 141
1167 212
241 210
1129 95
811 153
801 650
591 454
480 216
724 184
395 75
1107 200
467 113
798 104
790 195
896 449
754 303
733 266
720 525
426 443
680 504
381 502
717 368
1003 168
905 89
922 231
634 37
458 476
1063 691
597 183
787 353
519 273
413 41
876 227
873 139
449 429
180 215
416 221
464 112
1090 98
1085 134
1136 193
359 71
194 36
786 444
670 232
105 468
677 400
439 353
1076 53
1009 61
369 477
462 91
146 597
1029 406
680 60
339 468
961 50
513 31
494 77
1029 379
808 117
941 128
1019 57
831 379
786 106
812 123
752 250
728 76
1101 126
388 504
868 411
492 591
1069 403
734 113
790 113
742 429
627 38
808 42
644 261
594 34
285 97
520 505
691 9
821 19
881 81
812 0
997 53
728 308
778 56
561 176
537 324
192 250
908 386
477 103
751 454
923 714
675 116
591 265
332 100
1186 286
688 237
1078 606
997 465
446 199
888 126
333 352
375 20
420 272
518 204
820 94
724 473
902 160
677 84
1060 180
1209 55
434 135
202 207
887 221
1048 171
395 421
414 308
975 1
1192 270
1028 161
943 608
387 436
816 219
400 304
973 45
311 69
796 595
941 292
786 559
1112 456
1120 120
343 187
563 67
500 415
666 490
612 439
827 34
701 561
974 295
743 331
146 245
187 50
16 544
884 712
786 53
449 95
419 281
727 424
699 555
95 361
1119 91
717 78
1151 255
702 497
619 510
458 215
346 48
1119 207
607 386
907 494
588 253
857 418
962 266
972 569
558 585
479 108
208 4
973 544
671 40
897 136
599 103
610 332
1044 593
1002 535
967 217
548 356
411 229
533 197
777 275
1049 79
426 251
367 400
852 385
473 108
318 200
1200 159
878 463
322 718
862 278
1060 417
1003 533
909 153
508 370
759 92
386 401
1014 64
757 1
549 4
1161 188
994 59
327 12
681 459
859 72
496 490
881 48
639 62
379 473
812 58
483 383
428 46
742 496
1216 342
962 120
892 216
817 443
882 0
313 247
1005 74
429 106
1184 488
517 279
967 387
122 226
260 25
227 30
372 147
647 463
503 144
447 342
1096 118
1006 105
755 0
776 557
1044 21
446 488
1161 202
911 100
470 273
406 173
798 199
783 333
969 152
791 253
806 62
663 465
330 445
1155 220
1049 164
800 597
785 76
686 500
168 204
233 29
472 238
765 222
761 522
1170 221
939 237
643 82
973 573
537 399
462 189
797 141
844 56
925 15
805 669
532 151
722 522
874 636
513 114
117 278
695 40
960 167
576 411
366 384
1185 247
670 189
1003 242
131 354
752 63
323 34
446 62
802 31
594 247
936 498
531 442
249 84
638 47
405 53
829 151
384 14
792 111
417 126
699 323
949 671
902 8
427 265
366 366
658 87
754 483
54 167
1057 175
400 327
632 195
226 614
829 684
857 114
446 5
735 142
1005 85
1060 386
467 465
568 100
129 256
684 17
229 4
228 719
788 60
692 308
858 76
534 133
1208 316
660 520
399 101
940 711
908 83
693 285
857 5
572 234
659 494
503 535
452 72
444 51
912 506
529 600
863 600
251 37
579 371
235 106
236 56
525 438
202 28
599 319
497 308
913 101
737 350
376 18
483 491
390 304
433 51
1084 170
486 232
850 21
417 41
392 14
629 35
950 452
245 694
754 137
1062 137
1045 183
866 286
1027 424
611 518
865 160
902 437
427 392
1056 505
778 481
557 316
662 2
874 465
1053 206
1086 49
603 231
1093 651
560 491
1133 319
1033 272
1122 129
1165 157
684 422
768 204
518 521
1011 10
738 542
540 568
540 7
998 95
425 326
1152 189
878 613
285 12
434 384
450 121
725 453
577 501
1060 378
641 129
881 5
673 82
589 6
550 529
735 472
907 392
901 368
1222 399
972 61
338 475
471 555
507 125
1046 520
95 422
1038 153
741 341
1085 147
1014 159
574 265
1144 136
895 457
422 140
969 78
443 53
1118 94
606 115
447 361
341 413
825 184
758 249
400 486
648 100
89 391
411 483
586 267
714 376
834 445
948 72
1178 494
511 323
746 93
877 113
899 89
134 419
709 57
954 146
138 271
818 154
1124 114
730 92
134 607
470 321
375 550
1034 469
1029 403
102 252
813 522
958 442
793 149
450 400
1062 382
483 407
1028 27
766 631
1005 439
764 6
854 460
704 572
1040 135
429 436
775 24
589 36
1112 250
485 345
840 148
652 27
922 125
846 561
713 257
509 200
623 252
1013 176
868 77
685 302
197 44
1086 119
932 124
723 103
262 64
911 129
913 129
788 636
488 114
769 3
436 354
748 30
895 570
768 66
731 388
443 48
213 71
699 47
1021 102
1099 190
882 6
750 339
179 257
894 90
674 15
971 327
1164 213
159 77
621 68
622 59
242 52
772 3
1139 126
481 573
502 358
532 550
969 48
835 136
819 424
742 116
807 78
546 70
756 26
1041 134
368 158
871 644
612 364
327 197
754 455
780 294
172 65
760 136
481 524
876 327
889 160
740 280
691 450
929 268
921 505
1069 112
370 348
151 272
869 105
1104 177
840 550
776 192
896 95
637 324
1085 543
885 559
364 174
911 53
719 69
581 430
870 68
872 68
941 118
676 15
930 134
434 164
691 411
499 100
885 39
595 285
427 427
1067 373
1011 139
965 169
297 109
497 432
708 433
993 53
546 438
746 587
1102 126
1011 6
548 452
797 145
844 506
1140 655
533 395
432 301
1108 76
936 501
733 110
995 140
175 250
1129 72
298 31
86 325
975 290
192 50
934 50
934 43
746 324
654 18
696 2
575 540
1099 89
1017 128
808 573
992 26
669 673
861 13
948 103
126 333
856 46
560 263
803 144
292 36
1020 121
821 109
927 137
863 6
872 62
385 141
394 136
109 290
815 715
951 106
796 74
167 585
454 215
444 42
891 24
883 12
768 48
594 10
348 190
756 436
215 49
149 201
127 514
750 132
626 70
418 352
87 492
813 123
1162 180
1018 111
692 99
775 109
1117 179
809 9
785 28
774 18
295 47
967 153
1101 115
428 3
727 69
625 78
918 6
278 170
907 117
162 298
897 353
700 25
1109 192
994 13
751 93
881 101
389 5
898 162
1110 55
1133 100
1037 59
915 133
807 220
991 114
167 271
1026 50
780 515
791 237
559 114
397 484
673 697
570 338
1038 165
796 135
629 90
1002 0
621 36
1115 161
770 108
674 402
816 113
190 584
668 30
1020 113
691 363
1059 135
211 602
1095 98
129 396
250 176
808 67
990 295
1068 126
879 31
778 39
966 163
125 312
329 37
540 90
904 167
195 245
341 10
949 110
830 98
285 63
414 88
599 339
664 74
861 91
234 196
1001 172
352 491
899 277
1036 176
87 314
790 24
1025 85
877 94
136 216
912 114
176 261
709 266
1115 77
1075 84
757 589
327 396
383 199
660 46
718 128
1055 518
840 334
631 339
428 352
707 406
449 282
808 593
789 26
1043 0
1151 519
418 449
890 131
1006 170
769 57
903 150
919 75
743 435
86 380
686 381
612 65
899 383
709 96
502 348
689 106
752 492
1131 80
578 542
889 98
208 20
101 468
1061 50
1106 605
991 21
242 27
936 27
540 288
528 145
1159 212
1058 139
668 495
679 707
1071 75
973 96
830 137
576 264
344 474
1100 196
1056 139
524 325
87 398
708 260
608 486
810 209
651 59
401 41
1068 363
899 424
437 38
231 543
488 417
977 29
593 249
642 428
290 457
443 457
627 14
719 391
535 300
790 311
908 43
715 2
749 401
697 96
162 426
880 100
1000 124
426 218
813 383
725 101
947 127
119 561
532 566
143 268
952 35
744 227
957 51
946 102
709 380
1053 95
876 80
785 19
1192 307
506 473
1073 185
711 104
854 217
684 35
938 20
937 56
617 84
740 615
301 708
721 59
901 41
700 700
988 97
922 117
949 123
665 691
487 237
1131 182
733 128
489 335
1001 404
742 440
1120 168
1050 57
1101 206
767 78
944 55
583 377
794 34
648 704
571 301
994 560
867 366
793 69
1074 329
168 587
1048 163
603 75
925 70
1044 181
1122 197
907 159
206 0
996 42
745 14
730 266
1055 165
700 361
701 98
701 528
640 452
440 345
356 113
1025 21
650 55
791 29
104 537
728 522
793 145
1189 282
226 575
793 644
441 9
787 565
741 466
244 56
565 266
1022 578
812 181
174 98
556 294
747 493
823 564
794 114
397 464
965 146
506 364
403 269
412 327
299 487
443 0
1023 161
924 41
1063 440
360 351
738 114
611 30
632 38
861 116
553 42
1007 20
385 446
902 89
106 259
553 43
180 36
1114 73
395 34
1008 137
542 118
711 713
705 124
929 117
502 308
821 32
862 458
964 116
454 499
465 509
864 105
1023 150
842 671
776 132
1135 146
768 124
1047 163
707 365
992 28
1178 207
383 202
462 200
565 220
819 124
942 87
351 202
600 76
404 152
284 48
592 110
759 533
1000 117
97 418
612 34
800 255
231 582
628 80
769 95
772 30
360 189
879 574
369 10
1007 551
811 332
1087 491
942 252
85 354
650 12
519 423
870 104
749 11
448 255
358 305
407 249
944 82
448 186
207 14
991 164
98 240
773 10
671 48
571 427
545 581
778 128
666 385
668 13
907 89
247 63
389 220
496 210
1108 653
662 15
1037 160
343 506
77 391
956 16
907 428
471 264
1024 65
493 176
364 20
196 25
491 84
431 351
567 496
82 300
889 515
1078 91
182 648
938 13
999 155
1044 654
777 87
745 420
956 107
598 57
1130 190
707 249
1039 67
5 700
361 236
1041 43
727 101
509 338
678 376
1005 159
874 116
664 533
998 141
786 207
1137 193
822 284
439 234
886 155
856 51
976 154
400 385
607 494
891 61
874 363
442 508
649 27
1014 272
325 34
1091 392
932 29
1000 36
999 79
476 206
1131 121
664 67
860 377
1101 643
507 427
1013 58
1147 425
673 687
723 711
585 309
611 478
462 68
686 35
990 23
1086 112
870 41
906 164
615 32
730 114
990 140
151 624
82 321
981 106
1131 215
896 580
867 49
92 529
1130 207
1133 186
561 102
976 96
845 28
1050 166
206 613
785 44
452 148
943 131
796 145
162 649
448 51
488 342
816 108
924 146
77 368
547 104
889 132
998 132
1000 131
79 385
672 18
879 344
953 68
665 35
338 427
982 237
1085 637
899 70
713 95
816 381
827 334
1058 25
652 22
641 17
228 337
895 77
219 42
749 452
801 506
842 147
492 295
587 318
1224 305
996 101
591 18
691 59
559 394
1012 156
446 409
900 25
491 283
555 127
167 408
710 19
1092 513
678 44
1093 592
1129 545
681 61
410 167
637 86
864 93
659 36
1192 337
485 137
459 501
1067 146
993 282
979 117
713 378
1015 34
136 275
907 544
420 241
1019 163
1119 192
525 396
715 74
874 281
440 531
80 296
1086 541
376 532
236 615
164 288
245 32
936 5
314 124
855 516
954 521
455 113
613 460
592 439
778 45
794 432
346 171
413 148
131 296
515 474
879 306
1061 158
658 9
748 302
568 463
602 147
423 327
409 262
986 409
842 418
1144 495
513 312
1116 533
525 246
118 306
721 134
788 85
872 119
676 370
1013 9
558 475
977 280
350 46
979 95
524 318
701 165
751 273
627 41
780 217
280 643
400 425
898 355
1108 490
645 220
138 584
995 717
105 505
854 56
1059 116
538 176
1025 40
1011 33
392 9
193 266
316 20
827 26
869 93
939 77
95 286
767 121
441 66
1151 175
1095 52
773 600
365 262
766 604
189 205
953 116
783 115
655 22
413 454
677 554
392 388
928 114
797 213
777 209
740 430
863 435
333 127
720 239
783 352
248 52
432 243
866 542
860 709
658 359
898 123
802 403
701 484
561 204
783 343
375 338
366 262
883 224
370 487
518 348
1145 205
721 201
527 324
663 411
368 189
709 512
123 377
1008 29
527 92
1150 426
659 77
976 162
726 574
769 63
778 300
736 359
981 288
245 29
1022 390
664 560
420 164
408 288
308 454
764 46
598 318
333 703
167 541
626 31
1136 176
485 273
368 361
921 713
484 305
675 329
897 329
983 132
743 601
392 259
621 301
864 32
630 411
701 426
456 489
820 184
675 413
772 112
896 496
778 124
279 25
957 445
389 155
883 396
957 346
806 616
946 441
484 409
433 198
1012 282
396 396
1140 488
1054 111
866 271
265 138
505 381
586 350
758 197
1003 256
188 275
1057 608
458 67
744 14
1053 360
666 265
814 384
811 555
614 309
877 384
945 94
397 310
803 427
402 28
885 90
814 43
382 502
935 155
1065 195
719 300
455 397
1007 150
84 429
444 65
500 603
740 386
800 362
838 118
611 85
1069 127
744 327
177 588
802 520
762 436
1063 138
584 328
390 210
1021 516
1035 63
711 390
742 545
483 140
911 99
742 65
886 393
386 447
75 354
944 119
866 103
913 22
376 510
1025 585
955 306
782 535
921 32
104 274
794 89
772 452
361 328
448 367
579 478
386 289
820 471
1135 439
714 90
1025 349
700 15
829 93
1043 380
569 425
230 37
503 142
706 43
804 43
430 103
440 419
1055 293
747 240
1085 670
917 468
419 196
80 447
728 520
355 520
1030 185
217 35
994 519
434 1
604 40
947 367
773 367
725 476
886 260
456 119
1094 116
332 205
316 438
593 57
409 324
656 73
894 73
1129 176
154 390
389 221
461 359
727 474
876 31
301 25
1185 99
1168 476
531 477
406 119
254 45
796 393
916 96
370 702
880 140
789 418
544 528
908 240
534 453
560 204
1072 469
1246 343
477 254
1083 190
754 242
403 361
436 429
1097 188
921 162
1068 430
767 359
69 474
823 496
106 298
926 17
855 397
938 568
1006 151
1112 133
337 435
936 89
1032 463
580 147
186 8
256 24
860 76
472 223
316 4
303 477
666 405
899 540
941 467
945 436
662 371
637 154
697 541
520 311
1074 522
695 414
658 81
999 490
894 144
742 600
618 198
1104 210
373 324
190 650
512 482
350 169
764 224
405 142
419 352
550 261
1094 184
766 42
976 42
752 113
621 113
697 405
911 467
684 83
1021 44
370 350
164 62
893 167
588 238
887 11
557 546
1064 543
808 404
313 431
679 73
769 69
870 35
1004 171
390 345
594 339
700 116
829 104
1047 426
144 252
233 75
668 715
461 134
1032 664
367 567
1027 106
1086 22
855 89
615 124
868 353
317 48
672 440
1011 166
769 606
484 355
701 2
616 349
408 474
780 149
1103 134
1153 208
483 203
920 141
965 141
984 30
1080 61
1178 169
789 537
710 109
93 370
819 344
787 577
205 195
453 280
863 598
1015 36
478 268
1087 419
1005 155
909 56
970 512
247 98
489 392
1027 48
743 284
370 356
760 250
704 274
890 250
957 300
1035 153
866 118
1022 7
719 16
983 136
396 711
321 489
1274 649
960 143
632 368
407 294
713 117
1070 191
847 24
360 703
445 406
598 68
732 419
797 42
988 517
772 229
449 371
815 563
1243 277
681 388
162 265
478 477
555 467
958 652
771 113
728 543
1106 197
718 397
892 91
562 185
1088 127
737 611
699 705
377 149
993 280
194 66
789 323
1021 15
621 339
1132 154
1144 162
808 523
996 106
554 49
563 108
874 51
570 407
973 3
789 291
1026 118
710 499
395 367
808 264
659 374
661 32
672 13
1190 213
354 257
902 462
686 362
18 182
157 221
659 210
76 351
1096 76
709 488
962 127
480 717
787 114
461 336
319 75
1031 68
398 324
188 209
270 41
977 156
103 237
1038 17
951 412
528 445
402 445
1108 604
940 329
707 305
662 345
756 40
439 310
852 141
1098 649
1013 121
1009 299
432 352
967 170
746 137
867 269
1031 5
862 586
933 161
967 50
701 31
614 78
1093 50
967 464
761 27
556 263
708 16
466 547
184 613
407 323
808 572
971 45
373 543
544 264
613 62
982 165
721 106
771 219
713 215
477 174
1114 213
747 258
458 492
779 98
130 340
689 525
921 558
123 241
442 341
646 35
1065 193
794 527
1006 86
963 160
127 281
924 90
755 115
659 696
939 141
377 275
1180 214
1079 467
1094 120
343 436
832 419
685 324
219 592
1039 580
1022 156
789 87
1053 55
931 158
958 451
843 614
705 278
688 384
481 118
1120 323
940 10
763 179
735 224
901 283
952 157
695 391
359 16
365 0
750 89
701 375
381 240
761 107
998 136
1094 175
892 93
766 106
448 121
844 268
932 489
628 56
401 267
590 503
882 143
909 120
1037 196
1109 323
980 131
992 165
943 123
1000 142
995 154
509 445
792 18
1113 138
1082 167
735 306
739 235
175 89
767 402
826 27
337 719
421 454
192 32
261 49
197 73
825 660
347 436
1158 125
721 113
576 328
642 72
371 158
563 560
1083 127
402 456
988 141
933 157
688 554
844 412
131 294
1088 154
790 520
231 13
955 315
846 56
369 75
1040 409
473 708
320 16
575 138
379 256
584 410
725 139
789 109
660 165
730 442
672 718
985 286
625 461
549 429
1136 207
965 135
1026 39
1202 307
689 429
856 53
498 297
631 230
1151 134
438 131
1072 31
501 401
362 172
1116 128
864 551
501 227
1011 120
834 634
212 13
840 107
352 488
730 348
581 266
971 166
795 53
287 21
727 430
845 59
569 563
479 138
898 491
935 491
115 395
188 69
806 711
705 60
370 695
922 68
377 433
865 80
868 96
851 180
485 418
1101 110
851 587
921 24
683 69
620 170
652 387
988 167
865 484
1121 599
464 432
491 433
434 244
378 175
674 714
627 417
644 58
809 686
899 123
761 113
970 96
693 187
975 543
577 151
108 520
1041 2
884 49
1122 163
1026 154
544 193
617 205
690 37
243 34
1031 170
1075 130
1056 162
809 214
705 6
768 118
408 149
952 39
1065 107
327 228
479 318
553 409
1075 109
1097 557
775 407
250 22
886 84
694 23
505 137
837 95
585 192
125 590
650 257
761 42
697 74
461 417
504 289
728 573
982 54
765 68
998 12
1061 12
805 26
661 74
567 67
690 485
616 62
1138 219
1023 116
1051 16
174 618
610 240
1089 137
857 115
939 143
1221 281
689 698
791 131
479 311
638 25
829 2
852 347
778 10
552 484
393 485
1023 132
794 8
927 110
772 440
821 695
703 523
1022 634
267 177
1216 257
207 229
664 227
723 142
1124 464
818 155
922 66
856 57
1009 140
150 590
459 473
1163 209
454 110
953 158
933 59
453 58
373 545
754 272
696 453
1138 280
530 249
522 212
576 308
322 441
665 450
918 482
1003 513
911 77
1097 312
522 451
351 457
349 475
484 510
391 157
1028 142
485 376
816 602
1072 74
694 508
722 209
472 358
412 63
775 671
654 528
772 125
665 687
368 261
390 448
712 330
547 131
1035 227
440 14
923 693
333 198
1053 154
263 64
442 124
999 258
639 23
906 286
573 307
187 597
234 31
295 441
177 611
574 305
763 313
439 200
957 360
1074 386
869 579
934 79
758 222
324 338
1189 127
736 408
1168 401
356 441
1062 427
476 344
692 371
832 699
915 529
1112 559
721 421
760 32
770 88
865 634
762 589
941 450
459 356
822 131
445 549
415 404
537 461
1139 13
396 131
277 703
385 350
929 476
791 197
393 230
258 580
986 662
875 118
729 470
789 44
123 268
224 212
571 377
379 176
501 378
737 326
1020 64
382 50
752 54
1048 110
601 39
1076 329
882 166
675 467
1031 40
894 341
1112 149
953 117
318 33
1074 181
348 320
697 6
808 147
906 45
437 8
962 119
442 486
800 139
755 90
1108 62
87 353
653 56
1095 137
875 110
1170 199
978 56
501 149
761 296
442 64
905 75
900 498
637 56
748 718
413 283
899 102
1062 669
1206 238
786 217
998 126
861 50
834 95
406 447
909 170
868 100
722 123
1079 374
741 20
1120 264
966 41
850 511
781 45
849 120
842 352
1020 43
975 52
700 387
973 5
1077 59
161 411
963 84
128 255
890 101
695 22
960 170
337 387
1144 144
710 705
136 289
1038 178
547 2
249 42
743 128
1194 421
946 87
477 246
1103 175
136 214
654 197
1080 109
357 390
881 150
82 326
1024 37
1042 64
893 97
749 369
614 403
861 83
1037 119
740 262
995 91
963 118
1030 88
926 623
886 78
867 161
757 625
704 15
776 120
667 43
642 84
423 138
771 84
231 23
725 109
363 47
918 31
855 86
935 488
114 339
664 63
708 557
518 235
1243 12
594 287
658 42
939 173
705 67
795 148
345 241
764 130
160 636
799 84
1048 197
879 27
857 21
129 583
1110 83
1134 139
174 266
1111 178
742 294
553 273
666 59
778 35
705 90
628 40
795 45
836 86
625 59
478 484
114 292
654 88
908 148
330 81
631 516
1030 25
796 398
905 85
814 79
573 32
114 289
573 67
384 416
1094 189
714 9
1057 36
138 272
526 530
119 309
451 332
617 88
868 37
799 452
850 70
897 74
161 72
1092 638
1120 190
560 6
1126 175
776 18
782 120
623 179
811 512
962 133
1111 112
661 66
824 142
1122 122
719 718
348 580
1137 200
836 53
1125 94
1062 169
939 149
805 490
1004 125
421 125
432 45
1070 112
845 481
1011 551
1152 209
1039 176
1023 431
1084 421
806 314
1206 392
1040 104
624 378
584 184
805 13
528 350
670 21
632 273
1114 150
742 134
1066 634
782 122
207 29
659 37
593 309
967 47
1241 312
803 136
929 3
978 135
167 627
889 111
886 83
848 5
907 131
207 8
873 21
921 128
1100 144
675 323
1116 186
848 468
652 43
294 32
633 641
954 119
1122 172
964 49
968 54
663 488
1165 211
1014 156
328 55
951 174
1124 112
1042 143
492 332
790 348
361 39
994 118
782 25
858 2
188 625
640 165
1052 192
879 74
959 133
136 290
881 80
1035 89
904 36
658 95
1091 388
886 125
218 34
806 30
456 466
1052 85
152 255
1043 569
660 79
1094 31
924 28
698 703
821 709
372 300
1064 205
1112 195
211 601
839 487
928 104
721 126
874 122
805 27
1042 99
780 113
705 101
536 418
1075 72
1160 205
174 335
841 143
694 12
1125 140
933 386
850 113
1097 174
979 55
1017 584
413 245
1097 170
896 92
759 112
1097 58
969 101
15 24
669 26
582 5
657 65
1141 167
926 43
735 140
702 17
794 16
908 180
484 485
1103 176
1098 120
354 401
1008 26
773 99
432 37
361 390
933 141
512 405
1065 405
1082 60
970 154
960 109
872 136
1032 136
981 130
384 425
299 63
365 330
386 147
1064 85
972 289
1224 346
785 81
117 281
1061 110
866 544
751 115
996 164
1009 78
1073 68
994 167
1145 173
901 705
1006 43
856 155
381 419
968 126
1077 160
1200 420
1041 26
772 82
783 85
979 146
1053 172
564 40
877 132
345 187
921 54
300 23
1031 46
1024 48
835 257
997 386
1046 407
770 90
290 105
135 107
737 120
662 475
867 51
566 106
876 119
641 31
1117 607
220 623
453 466
244 307
843 136
953 403
991 139
91 328
1167 203
941 4
190 223
1109 148
808 135
1125 87
736 99
794 106
422 177
540 439
711 0
687 85
566 326
195 31
911 103
701 125
1048 174
776 104
1095 72
94 233
108 364
72 391
875 427
502 309
1129 216
804 88
1109 363
361 352
574 401
849 8
1115 486
1061 146
913 136
485 430
980 114
302 24
650 85
892 338
1052 147
1034 97
835 108
793 64
134 266
451 240
918 47
792 100
1069 126
1143 166
1082 156
61 48
766 608
527 527
391 539
745 83
748 128
344 22
763 482
1255 643
1102 336
680 5
773 383
649 496
553 468
276 418
880 101
800 31
507 5
586 325
984 137
1017 425
984 47
971 392
1040 23
900 231
496 157
642 403
232 197
698 245
426 398
1141 171
912 667
1158 208
1150 199
996 161
827 414
597 287
645 519
411 184
871 52
30 101
888 149
695 9
459 20
609 304
551 223
909 167
306 398
735 93
616 49
921 157
984 115
156 569
932 484
617 408
910 124
858 580
527 388
1038 47
746 166
388 303
1113 428
965 156
886 458
887 98
515 192
1096 466
901 118
542 12
884 575
814 610
727 103
1141 80
1116 123
385 340
382 332
416 391
1096 132
903 718
1077 62
461 311
705 0
744 355
610 53
690 706
682 275
1071 58
1169 259
877 42
969 42
1103 183
917 407
978 127
832 452
730 580
820 21
1003 12
934 165
132 330
393 143
435 269
604 167
423 450
652 45
914 163
739 89
752 432
292 18
1155 193
891 367
421 194
559 447
743 86
809 544
982 129
607 692
610 67
338 177
614 49
820 658
741 101
939 114
248 68
906 148
148 629
770 388
956 1
1184 307
1040 455
1013 45
351 380
974 533
678 332
397 327
594 36
887 322
438 535
758 557
174 687
1019 494
1039 63
1211 413
860 566
989 301
1001 69
903 130
461 68
160 103
162 329
448 18
741 231
545 336
350 26
344 506
887 375
464 226
795 101
1151 340
681 60
1115 207
1009 176
140 622
389 357
737 17
927 556
705 350
512 358
419 354
789 51
91 230
830 573
1194 370
963 551
986 98
873 693
1002 156
820 263
702 97
605 66
737 348
407 418
525 295
656 230
595 66
725 56
616 196
500 326
1035 181
550 464
1052 597
437 303
1091 432
127 401
756 94
851 704
655 53
887 232
98 269
788 8
474 423
975 548
1066 60
1116 193
334 513
717 260
1060 529
1012 505
791 128
1013 108
981 576
1041 12
1106 172
532 540
925 112
779 647
632 530
757 243
913 283
574 472
915 159
658 32
436 136
886 1
617 50
209 25
731 469
775 74
779 115
480 425
135 245
468 313
812 454
202 187
730 263
605 48
494 95
656 65
337 29
678 715
486 347
819 606
656 47
362 194
1066 75
1035 494
207 309
558 192
931 397
1023 418
722 324
408 366
278 34
671 171
126 245
517 396
542 294
704 528
972 141
1018 107
771 650
358 249
466 298
842 115
764 61
996 8
703 332
905 31
217 578
513 407
342 444
1015 65
446 269
551 48
394 404
732 60
907 404
211 229
1049 178
813 116
691 307
1002 55
1048 130
680 633
1047 127
1102 127
656 104
1048 162
814 97
893 122
118 318
754 131
760 76
1150 162
964 60
1144 180
725 7
1073 117
176 389
172 413
1062 179
770 39
914 142
746 391
808 52
847 415
858 133
911 43
804 63
272 20
955 25
497 385
889 91
836 118
80 361
196 642
1026 176
1033 533
334 127
141 568
797 41
911 670
101 469
722 377
148 276
1061 123
699 19
938 42
856 205
906 58
164 283
149 226
1112 199
878 52
406 96
462 323
993 2
1065 97
876 336
1139 144
187 304
715 180
450 240
1139 158
747 97
317 102
1052 140
640 80
453 17
1033 108
855 37
783 535
854 36
533 345
855 4
1119 170
1047 418
666 703
612 313
373 3
158 211
118 212
883 170
1108 495
535 49
766 102
1002 100
131 511
993 274
162 319
119 259
735 97
603 413
631 91
792 4
1068 134
1161 183
645 64
173 353
1074 93
127 309
584 105
1041 154
779 142
669 711
894 483
950 182
722 88
899 61
654 42
921 29
733 82
697 90
1105 128
764 125
1132 88
1101 129
1021 80
813 40
902 46
1105 83
965 149
1159 160
160 235
715 115
776 333
781 92
1085 89
816 671
736 6
1110 179
437 16
911 109
167 586
795 84
839 67
577 68
205 309
563 11
998 177
857 61
678 432
696 90
717 97
966 108
1076 149
1027 160
818 542
1034 50
719 4
662 43
811 55
1119 353
1059 195
821 57
950 23
666 24
278 116
813 118
552 210
839 99
699 2
631 22
914 59
981 122
681 150
759 442
910 77
146 279
745 142
723 438
737 254
1099 194
955 371
672 19
480 488
364 306
935 137
1117 141
1109 165
1075 129
453 347
689 36
911 105
782 15
1066 382
990 66
836 124
561 433
913 140
379 275
1274 29
775 155
947 42
1000 57
117 334
663 32
323 269
387 507
1040 186
1066 345
909 15
961 401
906 7
568 113
1003 145
1106 179
930 127
877 24
1055 146
418 39
678 6
1018 166
1009 122
879 78
685 12
573 415
481 107
880 46
971 554
696 98
950 83
403 472
552 369
1107 124
1133 96
1037 30
1125 185
1053 50
1082 163
932 98
186 73
954 118
718 126
727 20
692 32
622 47
405 167
294 46
684 96
913 106
1102 106
798 139
1051 61
872 30
813 87
794 140
953 155
576 201
877 58
1077 58
727 321
683 94
1140 187
762 51
853 51
964 302
910 692
649 717
1079 160
514 93
933 475
367 440
964 130
968 154
434 326
403 377
579 446
667 706
460 364
1127 199
837 60
701 272
396 288
1163 212
927 147
505 402
412 427
752 128
357 419
753 289
1003 2
342 511
1001 229
1061 171
721 451
1219 364
426 220
736 719
914 450
339 20
919 159
887 164
309 33
1087 577
681 428
862 49
1090 677
1066 616
833 481
668 16
1137 143
886 22
486 292
711 118
800 41
1055 97
965 360
308 77
675 466
929 557
764 8
857 124
927 149
447 56
133 248
147 220
328 230
813 81
532 287
658 15
463 181
813 347
1117 143
851 53
553 197
1050 180
708 90
377 707
1011 258
782 257
653 67
753 67
1071 188
849 47
986 481
1049 134
942 185
419 287
1017 54
1051 54
972 219
983 334
888 84
969 111
619 45
817 87
938 94
356 346
930 379
287 59
888 50
1139 202
987 160
698 197
286 131
987 510
987 136
421 119
153 586
335 34
626 406
936 137
823 452
1050 98
1037 356
146 254
1 19
894 49
518 469
980 151
643 705
1048 9
363 427
893 41
1041 485
826 129
979 169
429 465
822 16
1031 421
1139 148
1022 14
188 28
579 189
1127 121
1015 117
769 13
962 90
678 102
1129 102
534 389
1033 26
932 76
651 79
758 56
1044 81
217 646
1158 149
1062 174
403 25
410 33
938 246
1054 100
984 76
971 115
1032 172
762 142
151 265
1013 141
118 296
192 34
359 43
797 413
1099 238
358 342
729 443
817 614
320 433
789 360
445 397
422 272
981 67
994 269
888 121
692 23
496 150
454 493
495 455
743 99
703 114
426 37
783 143
946 143
1087 566
571 61
583 480
1153 449
1094 48
876 287
1055 383
1110 109
695 87
936 14
53 89
993 54
484 312
727 131
1096 97
1010 50
656 51
682 705
1019 557
356 341
727 394
687 384
401 136
708 314
499 457
155 105
1032 67
139 292
649 41
652 700
523 38
525 368
462 144
1085 19
980 113
290 280
944 70
981 70
1044 309
961 256
856 438
800 117
439 43
707 398
10 63
1035 151
167 260
1169 405
335 365
665 44
374 338
966 177
408 136
785 138
623 322
1061 184
722 548
746 0
879 264
104 282
1023 422
192 73
804 154
1215 267
920 51
908 430
724 120
1130 435
786 620
986 58
1030 172
630 180
1043 146
1136 171
1105 94
403 201
213 231
875 235
744 274
172 63
575 483
1059 127
973 157
206 84
788 109
462 101
382 478
1113 121
535 333
160 286
464 330
896 2
929 102
1052 58
412 292
411 396
993 9
343 209
739 331
858 230
634 64
243 31
851 94
738 269
790 98
112 336
354 462
974 134
1175 183
825 658
1033 91
837 462
888 46
235 11
3 141
931 554
218 21
1112 328
896 373
649 390
516 335
938 581
763 91
415 146
514 404
237 19
1162 209
628 225
487 380
689 23
526 196
202 92
411 389
390 249
615 212
1064 499
911 156
761 223
661 519
264 264
934 128
219 61
908 253
525 330
649 196
705 558
581 584
1015 486
394 65
969 65
681 35
1035 9
495 386
786 660
310 263
620 283
734 210
828 430
514 388
348 28
139 221
403 409
869 648
454 145
1025 277
565 112
1069 71
731 62
942 158
962 39
1019 560
422 362
1075 596
969 512
541 428
952 607
386 344
1042 42
1092 330
650 708
677 469
272 26
1163 411
571 391
142 100
227 51
720 499
1083 398
726 496
672 214
586 66
959 427
571 349
321 250
612 244
354 438
499 527
577 479
849 470
634 162
607 402
325 201
778 591
468 407
799 383
519 184
724 32
796 85
438 226
562 249
713 412
1032 11
562 75
591 206
886 157
907 530
948 523
1017 474
674 97
412 48
357 219
841 566
382 466
531 494
334 423
618 15
908 606
384 338
1030 262
660 52
883 81
906 161
469 275
654 491
84 308
939 121
1185 446
1006 191
815 331
950 514
1062 70
673 378
855 131
518 590
1089 66
1081 177
869 530
250 708
941 446
471 238
348 45
562 304
658 494
301 35
692 54
973 25
425 382
798 222
1107 112
84 307
1078 195
598 60
702 319
837 347
638 73
231 39
1089 187
635 61
665 63
1100 147
772 8
592 363
1021 104
864 154
992 107
296 58
116 294
656 85
505 443
805 130
133 264
822 498
430 484
520 239
153 475
562 248
997 171
435 203
747 166
389 333
548 336
158 608
394 230
945 65
784 201
1192 338
847 153
940 153
688 30
1027 138
730 82
767 549
467 242
760 18
705 437
694 705
669 445
396 23
1061 147
649 17
487 226
932 162
1056 239
442 281
441 7
684 64
264 22
436 168
915 388
450 367
880 536
478 535
302 719
423 58
382 408
405 425
237 187
872 515
363 332
400 22
640 207
466 186
1035 291
235 47
659 718
1078 615
372 511
974 139
605 506
667 70
818 311
795 263
943 29
457 437
126 362
699 511
752 295
850 358
1065 382
680 547
1017 465
363 6
1036 108
957 703
356 390
911 445
320 719
502 104
501 290
447 399
965 128
712 377
526 0
661 102
1108 179
502 237
894 325
308 29
272 5
742 444
340 57
353 299
388 269
1059 368
373 235
447 253
590 410
148 230
347 93
1150 264
541 394
405 274
884 711
1067 619
615 44
930 310
869 660
513 444
396 338
837 1
331 487
554 491
496 262
867 52
1112 125
883 38
786 609
373 347
452 316
769 500
718 107
1020 168
737 201
984 185
659 7
990 586
318 80
411 526
697 460
242 616
486 229
562 181
328 25
402 477
52 632
1076 172
364 180
502 425
714 518
534 297
953 453
771 213
640 94
190 427
657 374
765 524
837 34
897 157
635 215
607 249
750 530
842 32
1084 143
585 267
468 415
878 63
886 137
418 419
433 351
379 566
727 407
1054 172
376 137
625 45
686 3
456 492
723 600
541 343
901 139
1105 92
691 334
1041 90
1147 99
718 293
397 123
845 65
762 90
810 128
652 98
765 379
206 27
686 83
811 115
761 15
866 534
377 337
1025 128
608 342
755 273
456 141
959 127
884 108
871 475
882 478
606 66
201 66
1123 589
325 48
832 390
376 290
882 98
392 368
816 687
692 22
690 697
592 582
404 399
162 267
879 214
81 354
480 333
840 271
875 255
629 63
370 705
485 268
380 321
200 71
870 678
322 46
999 126
408 358
1064 61
138 296
1040 26
775 650
1041 398
243 22
581 45
816 676
95 522
436 204
353 184
248 20
525 352
368 375
803 118
1013 91
431 380
563 258
691 289
384 232
978 491
555 224
498 216
1147 386
702 12
394 354
1040 607
917 295
314 681
1011 96
530 199
1061 653
256 603
398 461
391 45
746 498
411 421
709 438
786 376
1163 568
815 400
287 55
913 109
697 283
949 32
1086 659
795 96
607 63
1106 674
706 280
842 302
778 363
1064 396
597 218
369 361
748 363
999 635
927 471
829 202
707 336
1084 677
846 297
877 708
827 629
448 306
378 22
694 163
788 635
1052 414
705 433
485 333
1002 459
462 431
16 568
1169 364
652 686
733 213
593 523
774 8
641 432
479 368
610 456
357 151
1021 57
1026 572
726 113
812 265
659 352
193 249
723 370
1056 52
626 135
773 601
426 542
898 710
1063 645
1085 82
600 597
305 41
665 156
965 507
261 117
453 294
416 149
448 554
675 684
484 320
1041 73
758 57
484 236
416 217
516 373
689 405
698 309
824 378
508 388
934 126
439 315
1051 24
903 112
329 409
1128 137
618 263
647 45
1135 327
86 341
391 364
1006 431
815 473
413 369
448 119
878 254
839 10
559 451
1107 100
1194 251
297 700
634 173
820 262
1099 189
514 370
1139 211
829 439
335 2
539 168
608 106
423 472
334 702
1140 578
422 86
1083 330
616 44
1091 464
827 520
470 335
452 436
200 87
445 334
982 361
333 298
752 123
352 513
164 69
466 360
481 191
488 398
340 444
672 566
457 259
667 174
247 4
623 44
1062 172
488 141
814 134
514 208
740 227
1103 317
95 323
464 531
1039 569
1065 474
943 568
1012 119
229 44
946 10
531 200
911 92
922 452
622 184
733 264
595 399
799 571
774 415
581 528
712 36
1100 158
536 283
671 445
444 266
663 486
609 117
810 180
802 414
500 290
1076 483
246 74
772 7
804 481
399 262
929 526
80 309
212 64
496 410
718 131
371 146
457 614
859 317
868 61
1095 181
642 51
944 51
877 564
306 495
480 248
699 430
366 370
475 119
394 288
906 453
405 495
694 271
590 434
346 9
350 426
1035 362
639 228
513 133
1044 68
689 343
702 368
1009 543
904 94
918 400
276 28
1087 121
501 528
816 516
397 31
892 428
846 620
828 200
972 225
922 319
804 371
780 502
343 395
205 60
523 10
676 119
256 711
243 5
171 268
1140 264
971 322
1083 356
264 13
866 229
439 261
614 355
307 605
265 4
595 409
568 379
672 298
459 302
863 423
428 492
1097 52
585 253
690 310
761 638
994 99
556 310
379 20
411 516
397 397
758 260
898 339
479 712
523 247
477 212
859 665
32 508
361 298
977 236
941 572
940 304
1121 427
432 502
929 99
738 117
787 252
664 88
559 101
444 53
448 53
822 673
532 219
914 41
1063 537
427 511
1084 146
796 553
950 560
788 317
541 138
708 426
999 591
293 268
165 65
426 43
309 701
1149 165
216 46
617 233
550 484
328 29
853 590
412 507
813 576
740 410
926 571
585 339
1070 452
691 299
1061 38
619 330
210 15
767 677
527 221
1086 585
978 80
990 336
1122 183
1030 376
979 494
964 53
1051 367
163 202
688 686
1201 431
392 439
564 170
1066 110
914 139
404 502
544 296
1064 386
200 241
800 561
273 11
678 480
1049 364
970 310
632 57
311 543
885 47
1099 207
418 338
744 542
1005 508
895 455
454 182
884 148
780 254
691 400
840 377
709 16
555 262
120 280
425 48
676 297
873 135
816 70
752 136
1151 423
564 191
367 700
476 427
915 531
377 364
750 557
426 214
295 218
415 224
775 274
604 387
562 190
971 301
597 479
779 531
1089 46
952 31
299 550
1138 273
811 554
389 269
985 289
982 524
740 436
837 660
991 138
289 110
612 321
603 371
149 135
494 388
750 572
945 296
612 470
685 571
368 146
163 72
407 412
437 531
1029 149
467 700
796 143
882 463
700 170
295 440
773 24
471 109
619 193
813 633
447 156
600 257
783 646
525 116
713 470
722 144
1024 115
542 322
602 427
849 373
622 37
502 91
360 394
741 201
606 247
1143 198
394 400
635 41
876 71
517 575
754 466
391 263
453 263
1074 72
293 63
641 195
799 453
849 639
585 418
917 524
1019 517
665 403
424 397
419 57
991 78
776 130
317 189
1240 435
859 682
530 99
758 362
234 208
760 126
1156 144
1016 76
1074 574
1140 161
421 299
559 471
595 369
813 712
188 383
629 165
488 100
786 121
838 587
362 469
610 418
375 272
920 42
619 341
804 140
405 19
446 15
704 106
664 244
886 330
359 441
450 399
907 119
1076 150
586 463
256 64
750 19
981 692
667 106
630 228
1038 407
560 186
497 377
1135 336
452 430
1032 125
827 101
413 407
430 366
1017 51
174 252
518 284
779 135
596 40
592 500
631 205
569 271
564 167
805 88
375 273
747 253
791 2
861 127
647 272
749 97
877 91
720 293
516 372
765 205
501 358
588 406
986 45
736 303
710 303
925 143
1073 533
940 128
972 81
352 406
1004 488
134 279
446 171
927 395
584 179
702 280
799 150
331 119
672 681
1191 410
1049 65
944 171
996 171
996 266
158 219
1091 484
1007 144
528 199
691 452
660 358
510 482
799 126
895 305
559 56
439 450
964 531
1126 106
914 213
444 475
159 297
416 360
635 122
573 231
184 130
895 536
805 270
557 111
1059 32
369 393
497 214
1090 587
307 61
964 252
600 446
733 124
355 275
330 102
443 73
794 581
690 346
927 169
101 436
700 302
1217 293
1050 464
1083 589
459 305
481 75
128 318
573 273
414 247
550 257
678 33
796 621
464 54
431 194
250 12
1014 345
584 237
362 259
907 121
679 406
228 46
394 376
902 576
747 557
482 427
173 225
1141 620
357 274
503 307
727 554
666 453
589 327
569 404
989 171
561 481
229 184
859 439
899 518
636 445
472 545
856 698
382 492
502 262
688 414
247 42
443 120
768 591
750 404
99 298
1194 368
761 528
930 97
467 58
419 437
365 230
747 556
1122 566
579 49
551 126
576 466
568 340
429 517
453 268
444 112
591 355
691 304
731 375
367 370
215 4
648 339
833 658
909 427
398 322
590 237
1146 185
532 364
673 448
916 696
935 470
388 243
376 46
434 468
1107 542
596 569
1133 137
811 646
281 330
388 450
510 419
1133 630
312 126
544 376
1043 693
672 364
751 233
813 647
857 442
387 223
773 123
767 257
1038 415
243 62
401 106
772 89
558 370
390 396
365 189
883 312
481 380
239 49
261 60
1051 412
270 63
541 202
58 605
811 420
1072 654
389 203
1037 598
380 277
1073 371
228 57
851 615
442 151
859 567
884 149
481 406
676 407
1079 384
188 43
158 82
512 164
1161 377
714 498
892 199
705 128
868 126
940 87
1001 345
620 504
792 519
615 226
594 237
877 57
669 546
418 228
387 29
605 411
491 192
318 220
858 305
935 598
520 159
805 594
581 149
1159 299
457 381
473 142
779 13
771 81
384 342
828 302
439 123
898 425
692 497
702 347
427 540
596 221
756 1
1094 187
1070 516
277 88
320 410
196 56
647 217
522 541
1014 473
314 289
788 402
589 489
736 299
1020 106
975 379
706 71
473 267
450 419
744 444
872 139
1114 187
396 554
782 507
616 87
1068 87
550 192
829 691
691 356
782 34
178 40
361 407
254 31
937 556
466 211
509 207
542 308
944 17
977 125
328 31
1103 306
698 294
1209 412
862 267
891 140
878 231
1091 436
868 384
770 45
888 45
830 658
938 429
666 414
638 442
626 299
1219 19
777 109
493 424
277 449
803 588
935 578
878 655
286 435
760 496
403 478
610 563
391 465
669 527
1277 278
527 124
697 519
523 429
838 641
562 453
750 496
452 461
325 333
344 452
775 549
831 430
1096 184
808 97
1046 381
805 495
480 523
728 459
657 369
607 131
737 237
1073 490
458 385
597 256
280 58
1122 285
845 236
333 78
675 404
369 367
83 406
635 150
1181 182
536 90
1124 332
1159 415
768 13
989 155
671 1
1086 449
400 341
943 205
376 157
224 28
974 146
528 57
1172 379
998 112
378 577
437 355
422 339
964 9
1040 400
1041 165
987 120
517 203
577 360
431 27
939 279
696 436
1027 581
603 501
484 394
422 206
450 199
265 30
679 39
877 144
905 1
577 321
447 255
750 181
7 198
460 449
661 449
709 569
976 8
532 170
795 673
433 391
352 475
446 275
420 78
363 158
421 408
1065 93
492 559
383 41
433 136
396 201
1164 173
748 335
361 508
516 318
924 649
304 132
857 386
1096 63
569 471
254 27
873 223
435 252
352 200
806 641
946 270
614 526
371 469
989 466
595 64
793 48
770 220
949 219
589 149
1073 29
1099 323
879 206
216 417
892 113
691 412
920 413
965 127
318 67
1092 595
1102 104
107 479
367 148
124 269
786 657
1125 178
932 114
908 135
856 365
444 43
874 404
1028 189
758 194
1168 196
1082 319
371 26
318 546
831 195
333 30
196 196
996 33
892 108
646 493
1020 585
742 366
1068 97
1098 53
763 251
708 295
943 278
752 234
723 20
1003 137
500 84
775 100
600 59
342 38
1073 31
757 61
898 555
838 12
1098 116
406 305
928 495
793 83
131 481
1045 458
477 371
868 35
170 225
1108 171
846 44
1017 158
1113 198
813 121
761 345
175 233
1040 42
989 63
510 272
1115 70
710 434
636 86
939 70
566 7
156 273
388 325
1070 203
670 32
757 103
1083 337
894 306
807 117
1016 144
599 72
863 150
908 72
112 209
753 105
1105 675
1172 165
912 100
629 36
848 29
665 15
725 122
1047 142
1082 197
1030 188
1102 88
513 40
678 72
742 113
841 470
756 77
810 147
1016 113
881 121
116 237
999 430
1159 161
1031 159
965 653
878 306
767 87
674 38
1096 200
870 247
790 133
108 296
801 87
564 316
792 134
849 214
266 32
637 77
935 167
918 126
415 59
621 73
884 699
695 452
1049 122
340 194
414 409
879 89
981 48
1155 140
607 341
1021 184
851 2
985 179
659 10
1156 213
884 117
236 23
927 108
745 298
1073 137
976 18
1030 103
784 95
1112 118
1014 160
716 335
398 83
794 216
615 513
767 96
716 441
892 21
647 47
953 261
454 95
752 28
1080 198
655 303
285 37
985 126
1125 186
135 375
306 70
1025 164
916 361
1082 123
786 88
917 80
901 7
1052 174
1074 91
628 257
905 6
1070 109
604 324
701 526
661 2
1014 2
933 3
14 139
990 139
1079 199
851 66
394 55
586 46
998 6
1113 149
856 146
1019 166
430 693
396 399
765 80
1039 131
883 122
638 83
790 73
958 140
485 444
732 235
868 155
853 57
802 132
595 67
1030 131
945 162
1014 207
795 31
713 68
369 181
421 429
1144 200
93 317
494 517
843 30
413 488
639 70
647 10
836 32
653 69
865 69
724 277
1104 162
965 106
376 386
780 22
875 585
1162 417
130 283
562 29
375 573
905 132
905 165
948 165
766 176
1141 168
1124 117
456 20
636 74
1011 47
796 15
767 82
1011 155
753 101
219 199
683 5
455 524
791 91
603 300
1055 411
860 66
293 47
727 717
1014 78
890 43
962 47
1033 172
810 105
807 29
888 3
553 568
816 100
651 4
890 4
1004 65
698 707
778 28
731 9
868 9
788 644
744 62
1152 580
827 9
188 260
591 60
1115 193
647 16
312 16
936 659
612 15
862 260
645 694
734 17
1019 96
700 383
764 584
1087 189
1017 125
200 20
1040 62
925 176
474 221
1147 200
785 127
852 142
1058 369
281 42
1123 145
1037 98
1140 164
125 585
619 97
557 291
798 79
334 719
858 17
808 51
1074 669
443 415
823 100
680 496
906 106
785 114
1040 410
615 290
1055 184
686 323
933 40
529 465
876 108
699 112
221 64
1174 2
974 143
820 104
870 122
1182 376
713 1
1063 634
447 20
159 231
113 345
887 19
825 419
1050 91
518 189
675 13
686 25
882 157
917 14
87 301
711 480
940 129
1026 134
945 30
915 59
557 50
1075 98
489 550
707 31
241 41
767 126
1142 126
861 668
158 307
705 372
99 284
652 103
749 462
408 274
954 161
860 406
959 519
376 432
1001 169
520 199
813 59
498 79
379 435
816 620
896 276
878 41
1043 137
244 61
298 35
768 2
1096 48
627 89
871 156
713 323
941 269
371 447
633 332
1099 41
1082 172
985 116
984 129
395 137
938 57
627 80
1046 14
764 32
1061 675
666 7
411 18
846 230
562 79
720 243
517 397
533 186
535 162
459 393
621 40
997 96
959 146
813 141
1088 560
1018 179
1081 100
551 616
403 251
814 49
723 9
1085 128
1041 419
763 13
978 38
762 86
965 17
978 29
220 634
926 126
992 126
204 104
979 33
996 27
489 227
270 11
1108 193
569 190
801 133
916 150
590 48
868 50
645 433
679 37
436 297
755 310
672 463
931 172
994 40
142 212
809 284
888 62
960 82
1003 71
625 67
1153 210
681 28
832 287
739 23
1141 92
389 244
550 495
160 242
877 135
828 143
630 395
900 115
1086 45
9 117
912 148
1098 127
1068 475
994 354
441 6
1032 343
648 452
852 119
634 690
670 94
986 115
321 4
931 378
884 295
196 58
994 186
1071 22
843 19
453 142
900 136
1070 177
615 528
115 316
1054 187
1118 175
818 362
793 395
748 7
381 451
748 79
771 489
1187 207
1050 194
445 211
936 103
1109 414
395 409
696 336
756 64
391 180
642 345
196 635
116 325
754 105
1075 182
811 689
515 216
411 28
387 379
717 226
522 282
956 10
690 393
414 60
737 376
383 11
114 334
1085 65
435 507
726 386
300 25
592 75
1087 340
1011 514
359 412
1041 71
1005 429
938 16
455 295
241 186
707 308
402 68
890 481
1143 192
482 70
998 89
991 153
720 564
324 448
1045 440
453 581
1107 334
777 97
708 10
514 492
274 31
450 350
955 75
292 10
786 254
1158 129
399 312
553 482
952 58
732 19
921 19
596 46
460 234
640 240
1126 317
699 324
422 45
626 130
858 28
404 75
709 500
440 296
345 4
397 36
435 230
123 295
866 53
571 507
950 340
945 590
1093 120
687 342
1256 633
738 588
726 110
405 442
480 503
752 55
1164 578
985 83
790 462
419 405
1103 478
494 366
981 353
388 177
377 227
931 325
473 275
1037 338
712 391
1136 395
383 34
838 143
392 358
739 546
1109 97
726 445
837 374
831 696
701 384
389 26
936 21
955 523
581 385
739 475
1083 320
154 251
919 701
824 281
573 355
410 488
791 291
1063 131
569 342
298 18
744 321
468 367
417 132
412 710
436 394
680 281
276 64
525 560
1162 468
771 528
688 535
362 7
1051 7
695 8
346 169
340 179
1106 617
1021 512
88 323
772 241
797 353
1043 544
879 12
1092 188
999 522
1026 43
916 101
879 461
620 282
318 286
383 122
839 122
741 86
1039 143
198 245
812 134
1116 82
773 109
943 386
655 421
771 421
759 552
497 463
593 347
355 436
533 165
255 56
820 141
355 12
512 295
874 166
861 130
909 37
426 141
865 425
812 42
777 633
861 125
1023 689
367 189
896 79
880 44
358 389
526 114
377 368
453 322
306 702
1149 203
991 290
402 447
220 41
849 208
389 157
763 324
681 161
487 345
757 115
688 203
950 610
575 436
723 179
346 179
602 247
557 530
566 421
454 189
459 495
221 55
740 337
596 465
445 468
794 52
1208 413
471 448
661 364
1047 387
409 236
958 561
570 313
778 206
862 715
958 74
359 373
720 576
429 89
693 301
970 563
543 139
1029 417
800 61
1028 52
804 623
664 473
672 186
698 35
654 385
707 289
430 228
744 447
720 405
911 371
817 149
1036 175
750 357
662 244
484 406
1012 475
938 537
425 116
392 537
787 510
413 25
518 177
447 237
1021 616
343 469
423 126
501 219
745 220
857 451
1170 258
702 197
452 238
820 249
675 421
482 65
700 155
382 131
475 240
500 483
954 227
975 542
859 369
942 353
604 646
346 309
494 370
344 5
387 137
979 615
506 507
384 134
969 288
1115 180
485 98
383 81
724 265
666 537
358 464
680 427
326 36
1051 130
481 242
428 284
812 482
740 328
1205 256
529 535
412 264
524 434
808 204
965 259
1012 521
360 308
313 184
496 168
972 158
974 320
689 468
728 458
394 252
388 23
838 114
1046 650
430 541
872 100
658 473
536 196
944 179
616 484
1039 613
865 511
863 705
518 229
602 51
1087 425
523 160
364 240
466 348
959 45
828 259
810 275
354 248
782 588
796 77
750 475
903 594
1008 230
433 404
818 643
622 232
115 460
771 69
1071 120
995 22
806 233
786 375
378 418
923 224
391 238
756 235
404 463
1106 154
1125 154
432 275
944 388
226 41
263 7
930 345
398 50
827 105
872 36
1202 322
391 193
740 457
333 717
636 401
117 412
580 357
648 47
914 511
752 11
1149 114
434 277
796 707
740 7
1071 60
586 166
804 497
680 85
853 39
845 121
994 143
574 344
1004 179
416 464
385 500
744 0
966 527
250 42
516 222
752 275
1161 65
834 706
757 266
333 477
793 249
864 652
572 444
224 230
651 205
1061 576
1101 147
763 259
640 67
510 321
938 682
410 432
283 76
333 422
422 158
1157 190
1076 627
643 64
1041 332
721 342
722 396
253 119
610 313
463 316
565 244
695 171
506 411
722 299
518 252
677 465
746 253
1077 341
492 426
440 359
727 366
436 245
348 7
871 418
679 170
743 214
404 325
763 327
338 710
1084 602
514 255
371 361
383 216
530 153
800 686
1025 295
657 181
191 72
669 79
916 75
306 48
781 197
1097 555
306 74
526 20
758 250
809 704
510 499
619 308
734 326
335 589
339 386
984 580
560 324
907 558
606 217
447 121
502 231
570 559
197 48
643 381
1100 477
309 11
341 548
496 487
1057 499
1054 374
646 46
195 39
1095 192
364 373
990 511
402 350
1090 647
450 312
467 484
1145 288
464 388
788 478
394 201
679 392
339 70
1005 21
619 400
423 35
224 7
1065 152
642 453
612 479
386 151
614 203
578 356
185 70
283 13
787 14
380 459
1160 240
552 189
1044 275
365 424
451 340
352 442
406 222
945 355
599 272
469 458
638 125
505 286
951 112
566 172
330 477
600 488
703 308
901 567
367 426
547 343
576 594
390 206
494 712
990 237
676 43
414 488
280 15
980 517
879 564
465 360
535 466
1126 410
730 414
599 523
813 180
427 275
581 406
749 407
560 434
497 300
879 652
85 319
399 319
522 424
580 286
693 443
766 114
398 16
765 246
237 7
922 390
758 236
425 381
474 212
620 500
688 540
1154 412
816 371
669 364
1104 196
464 339
955 494
502 229
217 10
315 239
482 524
574 298
1071 307
304 42
699 431
501 226
857 349
506 355
388 449
366 484
886 706
524 400
625 459
328 94
832 655
984 445
339 207
402 425
867 452
709 517
371 234
271 27
880 405
538 486
828 296
529 196
607 211
576 550
357 259
912 684
1218 392
1033 359
548 678
814 75
894 202
850 249
874 437
1018 684
396 32
243 29
564 436
742 616
584 337
790 414
554 351
1016 617
999 565
459 194
831 458
756 265
519 545
450 150
943 534
339 357
999 452
291 43
727 446
736 446
411 381
470 719
504 320
1044 389
1033 109
1091 188
916 473
352 438
730 379
851 346
884 96
394 317
275 24
923 92
200 81
695 427
938 306
1025 176
723 516
315 118
922 398
673 463
868 706
752 514
767 54
684 485
1183 337
953 329
754 247
397 168
733 274
978 704
331 381
804 372
855 461
334 700
933 32
1075 359
138 334
550 244
330 409
439 336
358 352
764 619
689 362
1159 567
572 63
730 388
843 653
982 536
694 372
138 111
135 311
520 209
1008 491
853 356
696 99
822 463
615 68
751 70
805 691
888 106
792 336
674 387
493 228
471 453
293 62
795 65
903 611
672 716
941 119
1177 154
715 294
619 88
732 701
614 221
1142 106
864 125
382 138
880 123
668 51
909 52
1037 88
768 95
941 70
700 476
1057 155
1106 173
775 131
1041 193
474 503
683 457
1032 179
1009 1
645 69
934 217
1054 145
647 74
744 30
708 22
586 560
685 383
896 477
740 242
1058 98
829 115
946 326
667 680
686 461
684 291
728 128
1154 476
746 123
963 19
1096 375
314 75
940 483
594 113
361 462
622 191
803 83
227 21
632 39
652 359
644 241
622 79
805 94
334 16
768 600
760 86
482 443
961 113
685 21
919 82
829 14
1120 121
644 319
420 134
602 494
136 257
441 379
666 98
776 123
1162 188
767 692
1034 51
1117 145
271 20
398 131
744 95
407 41
632 68
665 647
1096 205
590 564
1041 176
440 179
589 65
934 129
718 327
544 152
393 308
911 112
937 146
404 358
945 12
716 104
826 140
378 347
577 440
821 177
644 86
945 39
424 548
388 141
1054 124
253 22
662 50
769 365
252 20
857 285
1009 64
630 78
672 504
1099 348
1164 478
348 48
804 628
686 276
1088 135
1052 407
1166 183
664 51
719 51
357 111
879 486
959 6
487 256
118 263
659 163
348 365
1189 521
924 570
1060 397
201 75
487 141
980 535
268 55
1030 425
381 167
822 482
633 408
729 436
1031 412
606 383
1062 142
376 151
341 439
832 192
711 301
530 300
273 8
881 126
745 228
639 275
127 528
852 387
519 551
1101 300
756 672
436 480
382 2
516 288
780 458
309 257
670 462
212 52
538 519
617 369
497 85
437 19
736 178
754 189
837 120
699 435
460 107
1080 187
946 50
505 235
510 221
1116 411
943 59
925 115
811 141
956 513
1053 127
657 540
765 634
869 422
1083 178
392 370
1040 508
421 124
1033 21
600 64
261 37
994 163
463 386
690 540
656 337
283 233
765 142
928 621
1003 509
903 98
760 128
975 61
924 309
1014 133
472 393
785 448
858 75
799 340
635 197
736 10
464 329
466 201
444 45
781 361
385 14
993 137
534 156
551 448
770 219
96 292
620 408
220 95
386 249
722 160
774 272
632 59
243 53
990 87
669 3
776 49
328 488
694 127
509 86
915 554
540 282
546 522
507 289
799 28
844 148
938 52
590 311
333 489
335 449
987 517
774 113
140 258
1065 119
449 351
1202 445
702 524
459 476
526 389
762 183
946 266
713 540
667 352
471 64
864 149
1140 126
632 348
967 344
784 86
536 216
1015 32
1032 516
363 296
704 546
492 189
697 337
181 10
196 18
185 77
94 248
585 425
405 172
1058 134
609 149
1027 164
699 4
738 409
253 32
995 609
1082 170
771 38
192 567
746 287
787 33
1048 491
925 165
849 496
1077 138
1116 233
770 447
745 219
653 64
820 409
416 145
881 164
368 496
117 544
1102 96
1126 211
729 21
395 287
572 327
1099 182
862 121
872 651
904 517
1117 161
345 192
878 166
456 57
690 10
627 59
1014 104
812 100
425 29
326 429
794 117
890 60
369 313
896 156
541 463
829 91
1130 103
920 150
690 336
1081 532
976 138
230 595
411 459
814 210
937 79
584 27
695 593
1149 539
752 103
144 227
1051 164
407 431
885 125
686 94
780 78
831 120
959 137
858 363
185 27
776 13
1089 146
115 281
999 114
927 153
1164 193
1016 101
642 40
980 107
1187 201
654 27
928 94
961 142
363 66
602 197
780 44
1061 140
955 53
600 200
1068 131
922 98
844 643
876 441
380 361
924 303
573 72
1125 107
1050 164
100 329
907 183
629 38
82 474
1057 372
706 55
340 705
1054 25
1014 9
787 19
957 344
561 468
439 390
1043 134
877 694
598 150
671 487
295 364
433 361
697 318
646 184
1050 28
1099 73
862 12
873 149
797 373
986 183
1091 319
689 714
361 12
719 246
410 39
531 553
1003 119
1072 653
446 38
778 118
672 331
638 58
372 22
502 128
247 62
687 518
801 497
640 45
737 107
1131 599
780 402
617 56
532 299
516 4
1146 195
1031 596
783 261
876 658
1055 67
957 684
684 293
754 209
870 458
435 478
118 277
1082 635
730 310
949 641
422 387
325 691
813 431
872 221
499 465
423 45
503 272
559 359
418 162
913 504
726 248
466 145
869 26
977 176
364 451
1132 152
932 127
236 27
277 296
249 11
1097 606
1113 157
2 122
981 74
1019 144
128 292
1113 191
384 170
419 480
1074 137
306 29
952 702
1058 192
737 78
1088 209
1049 153
781 85
115 278
695 394
1036 341
849 436
803 576
980 58
1011 173
885 220
640 153
441 298
490 341
1057 574
422 30
526 265
1074 156
1089 35
675 372
579 542
692 356
246 18
1022 103
284 83
818 89
1031 1
989 4
964 530
542 373
1024 293
366 479
928 162
791 103
290 443
736 56
646 309
530 259
1039 17
1115 554
765 187
790 150
719 484
987 266
573 120
742 482
542 235
371 189
574 592
584 444
442 120
953 577
698 334
882 331
868 273
768 306
971 378
356 246
492 113
380 20
399 40
389 17
520 295
1181 259
575 148
1074 165
430 319
822 514
712 547
516 287
830 140
735 478
706 356
849 275
817 380
1018 116
1081 64
751 489
578 518
422 121
428 338
730 297
455 481
386 349
789 441
719 98
522 387
1013 88
565 437
771 599
1007 90
184 55
920 477
487 416
401 578
535 121
197 16
278 16
456 360
918 411
1155 380
1157 389
409 323
863 502
640 259
310 30
674 332
341 326
662 8
395 17
811 48
905 568
579 425
758 476
466 352
1058 153
544 213
751 207
964 117
499 565
310 440
1144 339
376 396
677 448
802 125
170 68
1041 553
706 699
525 317
430 504
1040 584
655 10
804 289
543 317
975 113
582 383
587 396
298 53
790 438
630 442
708 123
211 60
999 548
661 90
972 136
531 302
405 382
434 273
908 298
478 178
794 321
745 326
297 12
849 404
1123 192
467 251
882 428
1120 333
447 144
696 507
510 80
341 433
160 618
503 348
467 421
494 395
823 498
444 361
182 130
654 58
922 334
829 601
456 124
366 374
1052 270
1130 76
493 203
523 516
868 432
377 332
180 643
806 484
635 48
512 204
369 383
1059 158
206 422
1090 565
864 357
564 405
870 685
888 700
945 356
1007 457
273 26
292 120
180 81
825 201
983 541
179 61
455 107
942 439
1215 383
840 649
314 704
524 443
1028 404
512 499
778 577
342 448
1184 211
806 551
889 234
660 285
710 105
449 405
1082 138
538 266
733 131
1058 152
1047 164
742 243
619 430
431 329
814 149
357 59
995 66
956 303
427 307
680 296
1084 147
746 225
1087 521
1154 195
407 205
800 24
1044 508
504 580
379 522
633 36
504 260
1204 260
632 367
702 539
738 505
516 94
656 105
562 396
759 447
519 268
318 7
755 7
661 8
693 0
368 260
800 64
737 299
671 13
1121 156
913 654
166 310
244 34
873 399
776 363
163 657
313 251
720 561
876 83
414 388
751 50
882 224
858 450
699 56
804 495
1224 239
751 324
889 35
694 87
733 36
1056 567
647 26
937 334
795 56
313 355
1054 126
486 313
371 221
522 172
764 82
1050 189
294 256
975 26
311 76
742 73
634 67
390 425
557 275
697 470
716 292
290 127
278 25
585 443
1159 331
192 116
572 99
1049 73
899 716
314 695
538 549
101 493
405 375
1046 643
366 392
171 47
451 356
756 561
995 121
1001 488
902 87
510 251
277 17
729 223
773 453
659 199
662 72
996 176
212 28
918 499
86 283
831 31
698 52
883 142
523 501
1058 52
1043 403
919 11
800 211
913 145
1027 660
626 402
721 288
473 451
838 315
750 91
738 230
390 307
523 232
565 316
1010 242
372 209
923 19
278 682
524 328
112 351
955 291
875 113
909 655
153 209
854 644
265 7
465 512
714 130
661 506
958 678
504 711
557 2
309 572
754 332
781 214
432 260
619 387
714 455
1111 626
656 429
1071 119
454 708
1130 194
610 544
1092 41
911 94
90 301
166 49
794 5
528 89
523 367
449 503
779 299
413 602
811 506
870 98
539 257
327 15
124 337
410 159
451 441
767 119
436 360
803 360
753 339
765 355
650 192
403 440
345 426
723 424
561 171
484 556
357 161
539 410
460 223
804 473
1103 522
321 73
726 9
1139 482
806 497
1096 152
681 201
536 544
584 251
420 208
801 98
378 151
451 372
872 402
312 61
201 39
734 272
700 293
917 314
1106 112
1143 425
967 176
342 476
363 372
219 20
818 638
824 295
934 427
346 411
187 407
789 208
463 233
1005 109
756 618
740 322
396 17
1254 351
201 107
516 402
739 230
408 154
524 254
302 26
667 235
801 483
942 75
806 575
1017 258
706 31
654 471
1005 47
469 351
687 509
410 336
417 309
803 653
678 41
262 59
735 405
175 104
1026 464
1257 220
357 22
377 345
185 53
870 426
788 34
354 191
396 313
796 302
818 87
278 20
689 340
948 573
516 292
899 367
83 467
657 75
346 376
1027 59
844 199
1109 235
1078 389
462 433
895 96
358 399
728 352
930 556
273 22
980 262
893 449
312 36
550 178
376 198
588 478
698 507
535 538
363 43
255 50
837 420
609 389
647 89
189 108
465 199
519 215
433 250
398 352
829 310
671 504
1037 499
862 444
667 516
273 35
696 9
270 3
405 30
732 221
822 187
416 351
1181 363
835 554
936 533
607 281
722 344
906 1
395 309
693 362
918 699
401 17
861 589
297 453
807 621
769 106
348 471
379 429
770 14
385 18
1079 342
312 39
1029 66
348 430
668 387
1036 264
365 31
1183 490
789 684
800 275
938 28
309 23
1044 630
339 177
591 515
277 24
865 369
829 412
578 325
794 600
183 29
399 605
730 291
854 624
427 168
511 278
379 354
526 193
912 139
876 44
508 90
639 73
321 349
847 637
