40 662
4 30
15 54
111 708
26 46
15 400
26 28
45 588
1087 137
556 579
43 639
109 20
3 361
28 72
905 439
1049 621
75 692
20 64
175 359
750 299
3 265
56 93
1182 147
984 77
195 83
1051 309
1128 455
741 18
474 242
14 657
5 709
471 358
475 253
5 58
808 481
1028 108
934 28
817 268
686 133
818 502
84 284
404 149
13 458
256 305
89 12
34 25
95 703
591 331
11 259
61 72
392 580
584 350
128 637
1235 545
1261 717
965 368
545 144
863 148
212 554
977 537
41 715
1072 114
638 20
82 474
161 283
528 495
640 554
1111 534
347 306
709 602
691 97
