454 339
1157 472
201 658
404 251
839 705
804 65
182 465
206 384
892 628
986 486
429 605
125 333
135 426
725 614
909 172
834 707
564 116
215 468
119 490
705 108
748 81
965 437
842 22
123 424
427 253
1168 422
1152 406
1086 572
991 456
112 349
138 321
1068 587
1106 562
95 275
1085 461
1131 510
248 272
668 201
82 612
898 451
618 97
1099 704
826 487
340 643
1167 623
180 600
771 568
997 395
856 601
860 437
1025 333
819 547
1081 175
193 664
1210 292
680 208
1145 392
892 474
1082 524
137 524
1054 373
989 399
290 647
148 284
1056 444
979 413
917 448
291 226
1099 442
737 642
1116 664
1122 668
539 315
655 663
1047 565
966 523
319 359
430 141
1006 442
881 548
1042 435
915 389
271 458
840 553
634 14
1141 641
221 395
636 13
1115 281
723 40
1115 247
769 252
895 623
1060 349
1142 341
672 564
211 712
1080 429
268 547
1052 484
395 416
901 151
997 478
1105 364
185 467
1111 343
1110 668
150 468
945 624
141 437
200 359
196 465
292 460
1145 427
1057 602
944 595
861 139
103 433
135 293
280 457
915 659
309 450
727 680
1143 370
1027 377
971 463
943 468
852 587
859 716
337 413
241 637
625 293
847 205
942 685
904 37
1059 657
780 73
1141 470
450 680
944 172
344 397
279 603
646 297
1080 658
193 493
421 608
32 333
214 483
1206 401
314 236
993 449
896 161
457 303
134 441
202 636
1060 597
1237 704
241 386
750 239
1079 618
83 434
1034 549
116 523
1043 505
939 585
251 353
1058 601
1182 571
1211 456
279 441
1078 30
659 8
233 449
577 73
192 440
830 676
262 579
269 715
419 306
1138 114
480 140
374 636
259 426
827 169
1084 645
149 404
821 461
180 678
802 599
998 545
169 391
192 303
175 588
804 274
1132 477
987 420
465 502
568 322
217 674
1116 425
259 491
1160 442
1200 530
176 369
935 130
323 570
257 461
715 68
1152 466
638 248
116 418
123 504
367 227
249 328
171 668
1153 369
74 613
287 291
1022 364
1054 594
1074 453
1270 4
1037 609
899 678
1089 655
236 561
1110 448
1038 456
940 495
941 541
1004 445
186 439
216 700
125 429
231 428
130 279
215 642
428 382
1070 579
483 531
698 7
274 430
912 80
1157 497
311 589
1033 544
854 562
999 454
718 10
162 404
831 576
977 139
826 31
1131 287
359 534
248 717
762 556
1041 462
773 605
209 398
85 441
840 204
134 574
243 474
677 145
256 436
180 357
811 197
901 30
1006 488
1190 618
986 148
795 118
224 286
399 511
272 519
1259 74
377 601
287 476
700 99
265 617
323 399
278 391
1260 104
1183 353
1128 269
322 515
541 343
1077 436
916 595
1002 128
1091 597
84 410
994 609
1114 291
745 559
1057 485
227 650
477 475
334 671
220 438
980 440
1139 594
1141 707
143 624
1143 344
859 554
1126 312
760 566
1024 546
929 562
972 51
713 108
449 410
851 61
33 81
969 41
874 136
997 493
943 596
807 133
119 310
1084 388
1018 559
778 269
1011 438
1122 638
474 352
925 586
1045 398
709 171
953 508
1133 526
864 660
854 676
1105 649
967 574
217 364
215 401
1120 593
433 333
334 413
567 259
299 439
225 455
886 521
670 43
764 261
919 276
1172 474
1191 522
382 649
95 541
1026 392
403 357
275 451
737 95
995 582
866 196
1043 363
673 117
807 148
953 82
187 130
210 700
990 331
354 465
312 425
1199 425
298 450
1014 431
1135 552
634 226
1126 577
1181 441
173 480
181 621
229 618
865 32
1105 501
1175 389
308 392
258 256
960 121
373 633
302 501
1111 504
192 399
92 505
1005 33
186 479
240 429
249 643
270 525
1028 553
924 212
842 101
1129 321
119 418
725 32
595 383
178 550
125 559
1109 513
834 231
947 123
917 446
778 132
358 474
363 470
202 620
1050 517
166 482
709 2
832 89
1042 579
361 420
1004 424
109 386
251 457
172 545
477 342
151 405
425 466
316 697
455 625
823 187
191 477
728 84
291 595
575 29
203 433
309 667
647 228
740 113
1016 589
886 165
537 472
150 269
344 649
135 502
628 397
138 433
807 170
908 48
709 112
116 454
266 637
387 670
254 486
293 619
186 435
990 533
380 180
1197 430
429 409
643 114
140 412
629 237
913 425
154 495
123 292
888 161
683 138
503 416
925 200
881 38
205 452
233 430
238 467
448 224
1153 461
286 699
377 677
279 384
1121 507
195 502
597 274
492 328
355 652
816 87
362 252
1181 399
378 643
627 39
336 518
389 667
1216 624
266 506
301 332
315 622
1000 415
999 541
106 407
148 456
688 111
857 163
1014 697
617 288
498 438
602 355
375 536
321 476
979 178
196 580
281 492
980 415
163 509
524 370
254 476
236 313
264 353
429 396
1149 463
528 179
717 245
204 433
823 127
302 444
671 305
996 326
856 183
433 492
657 298
157 441
1133 712
169 600
1194 391
908 505
1098 397
502 248
212 389
463 516
304 554
595 202
157 388
176 457
901 146
1150 719
115 409
969 512
653 40
226 691
1062 530
1130 322
1070 493
239 331
238 375
775 66
847 199
315 530
283 638
150 461
239 705
126 435
873 130
302 259
158 578
230 716
480 197
676 77
597 156
858 476
333 267
316 611
321 573
528 400
545 10
1070 580
815 715
870 537
90 463
632 112
258 468
466 494
176 437
284 647
733 42
135 376
288 611
102 452
417 326
566 383
558 230
985 445
283 510
819 104
515 366
436 348
896 155
593 252
774 173
409 508
248 327
255 447
245 478
967 141
356 562
95 435
712 80
249 489
390 437
686 138
227 510
277 695
289 381
955 154
319 358
474 244
197 616
781 46
840 150
579 391
810 114
227 586
307 440
188 322
297 476
402 669
243 512
1064 426
859 24
733 70
352 649
1068 441
376 659
729 86
305 617
758 214
435 438
831 159
234 325
365 253
220 481
747 44
491 486
910 38
474 497
142 504
474 461
83 427
547 454
905 62
1019 472
873 623
793 214
356 518
390 366
1148 131
187 536
1109 270
540 164
763 147
948 97
893 3
475 494
220 434
1005 590
764 183
225 72
868 119
165 660
866 622
237 331
606 93
1084 180
938 125
416 521
259 465
238 290
159 494
280 434
368 389
743 174
205 465
736 185
630 244
218 644
800 116
370 578
312 398
468 230
759 189
1051 616
747 86
168 470
239 320
138 335
498 347
836 29
285 700
246 661
134 485
182 437
206 570
684 69
845 228
723 194
777 193
298 451
149 661
844 68
718 126
283 575
976 102
648 130
722 194
100 528
220 457
151 445
408 261
683 0
855 72
294 664
176 400
538 308
617 197
1020 217
534 114
187 420
1130 477
175 634
293 464
198 590
351 277
686 120
806 20
409 484
614 151
427 371
871 37
930 62
945 31
230 551
948 135
331 493
973 148
673 25
542 566
955 483
543 324
150 470
163 517
394 613
684 20
694 573
760 66
616 179
976 475
714 104
288 334
500 340
651 636
643 415
177 374
312 410
876 102
397 508
522 241
227 505
1209 380
217 397
970 33
244 561
306 681
437 652
504 556
249 529
884 107
306 711
807 70
586 125
255 544
268 626
117 415
342 525
397 345
349 229
1072 628
684 219
214 458
402 298
181 242
174 337
992 576
412 423
371 296
947 452
441 284
100 441
166 395
194 395
601 45
438 243
430 207
627 42
339 295
132 473
402 265
115 553
549 176
169 433
183 505
175 638
230 490
170 514
476 276
338 334
790 188
118 462
928 56
761 205
272 359
196 445
297 456
281 360
89 438
1032 166
169 401
116 512
377 284
525 130
386 477
969 166
540 322
334 475
1051 439
482 372
796 114
1129 119
258 547
322 286
1073 392
379 246
96 446
148 407
190 407
110 431
530 52
300 495
200 571
180 557
444 550
347 374
835 115
707 119
204 357
444 384
405 655
980 161
278 241
342 442
261 446
185 458
448 442
468 219
731 200
123 499
275 690
390 481
932 620
872 133
154 558
883 80
1093 538
1141 118
365 593
191 328
94 416
742 63
238 478
93 459
172 53
861 53
372 301
815 25
276 710
158 313
138 575
503 482
131 387
336 278
611 265
209 652
464 233
1114 435
848 8
272 332
303 560
223 601
170 418
697 181
329 462
998 462
1121 106
392 398
107 326
853 61
146 496
373 597
118 431
588 93
210 681
331 445
380 347
477 466
154 454
512 150
944 140
767 40
956 40
400 384
831 92
490 35
623 45
456 385
866 67
130 362
189 515
606 338
599 304
383 300
424 468
416 388
424 423
151 515
178 618
525 21
769 49
106 446
228 259
485 271
657 46
644 239
700 230
169 443
286 417
473 471
564 27
842 173
886 189
670 243
1163 465
492 279
362 574
722 129
266 380
289 641
127 514
179 496
442 480
235 357
257 340
398 422
208 539
488 285
276 471
523 212
453 532
268 678
304 333
366 349
821 176
237 315
486 196
175 438
185 373
295 328
285 504
1107 133
99 407
922 56
634 177
171 655
746 156
196 532
304 626
156 505
507 494
397 487
268 487
787 198
269 405
142 620
132 455
404 490
153 518
243 529
491 267
447 435
88 385
421 493
861 145
233 527
207 517
337 536
292 566
1205 585
251 699
566 274
104 495
191 522
360 453
250 450
324 457
461 438
756 206
533 252
551 144
567 116
855 78
887 47
375 655
227 628
334 486
173 451
179 477
201 401
485 390
201 712
843 244
878 162
882 0
683 57
925 116
894 107
823 97
240 312
386 295
298 299
614 268
371 349
251 441
128 425
294 426
303 416
458 412
160 404
130 395
242 388
121 450
268 464
232 471
267 477
421 485
225 540
288 538
838 529
329 528
294 566
329 583
236 713
237 665
223 653
1094 34
840 59
992 96
558 81
626 151
776 156
941 137
1047 166
125 249
392 233
173 306
635 304
462 334
443 340
323 379
212 378
446 422
95 437
293 413
468 454
213 462
374 510
360 482
207 599
273 526
184 537
332 548
696 46
442 35
795 56
634 90
856 132
675 135
673 143
751 144
1072 167
603 226
111 402
598 269
932 37
638 43
939 31
312 538
608 50
655 247
1124 268
792 175
256 521
794 282
770 19
201 425
283 330
340 313
625 228
952 107
160 429
247 494
783 87
305 378
351 388
293 539
275 712
293 390
141 299
211 407
149 626
654 325
372 418
237 480
777 82
613 243
599 178
709 292
209 516
834 154
281 597
550 77
910 13
735 44
802 220
801 188
184 513
235 556
238 700
334 663
941 3
788 28
414 34
839 244
708 181
826 152
596 436
196 439
274 441
83 440
195 412
205 384
460 337
308 338
197 345
183 645
156 632
93 501
333 389
313 366
318 339
751 41
756 8
872 118
841 135
624 128
606 149
455 186
971 171
201 557
301 672
244 701
109 498
301 470
303 385
225 399
435 424
624 317
118 358
169 379
481 380
620 51
799 217
672 203
943 157
936 134
198 570
220 626
537 634
321 297
890 297
217 450
186 398
258 386
388 428
833 87
815 69
673 70
748 202
335 184
814 161
658 148
554 135
257 538
187 365
1050 353
258 325
554 321
460 272
414 413
308 434
480 459
365 460
196 543
109 547
516 121
1096 111
850 79
915 66
838 86
675 51
841 57
802 61
970 25
720 163
880 160
954 169
612 240
638 293
622 298
528 332
215 498
525 511
106 476
189 441
379 435
203 419
85 429
84 430
502 387
1018 409
151 406
274 406
198 631
390 624
805 548
277 562
217 517
340 533
367 673
281 662
158 671
183 668
237 705
491 261
109 281
176 347
611 335
309 457
321 449
269 450
182 419
223 424
213 438
235 441
295 414
707 92
937 95
992 90
687 91
659 89
832 72
718 73
767 68
740 122
620 127
649 104
976 109
624 9
868 16
726 19
407 25
698 50
702 51
667 49
730 58
933 62
482 38
552 36
660 42
672 140
805 132
769 157
866 186
645 161
1160 218
433 217
310 214
414 201
365 252
493 250
615 245
565 237
953 237
836 229
152 579
321 578
439 578
199 585
174 595
335 615
124 538
342 538
280 526
380 513
177 654
253 663
405 661
167 664
256 696
203 701
298 683
181 680
190 673
552 287
333 282
364 277
611 279
406 266
1123 264
438 341
594 343
266 342
191 337
283 329
160 334
403 333
437 378
230 382
324 355
305 357
483 365
237 363
278 475
254 472
121 476
142 465
333 469
91 470
320 463
232 462
156 460
152 458
113 451
140 448
527 449
444 492
133 495
100 488
229 485
226 510
196 498
363 409
372 408
298 412
357 415
200 406
131 401
634 401
383 396
147 398
205 387
531 388
92 438
417 441
213 446
330 427
94 428
399 419
1085 86
802 84
850 84
928 80
876 90
963 72
903 75
446 74
1048 74
570 77
886 118
726 117
708 115
706 123
924 126
792 105
736 108
824 109
600 10
742 10
805 12
777 15
988 17
1047 45
958 46
728 37
818 208
776 212
719 214
490 223
509 217
535 193
413 241
745 249
784 227
797 229
1095 149
585 146
1059 142
644 129
730 135
835 133
740 178
618 176
717 180
760 182
511 190
957 163
706 166
917 170
818 172
548 606
486 605
360 592
436 596
261 579
170 585
369 618
197 621
231 624
299 533
103 530
181 530
332 543
397 538
102 514
247 520
417 522
253 553
292 554
300 549
126 567
332 565
246 560
181 573
287 646
223 644
180 640
328 642
221 660
302 701
288 692
387 694
301 689
226 690
295 684
192 705
238 314
349 309
356 292
222 299
269 299
860 265
625 259
742 257
871 260
405 277
353 274
234 286
897 281
503 280
669 346
340 324
180 374
307 380
594 357
266 358
447 355
276 352
481 367
221 464
77 452
194 451
305 450
380 450
458 460
190 463
219 486
507 487
173 485
194 485
157 484
297 483
310 495
223 511
372 511
504 496
175 497
475 446
245 427
257 422
184 420
333 420
227 419
118 397
279 397
477 396
280 395
217 387
144 385
1108 68
689 69
490 76
966 87
897 86
761 85
860 90
708 112
844 118
965 117
803 123
933 125
526 106
811 107
808 105
686 97
667 24
963 22
775 15
803 7
670 47
948 47
761 46
571 61
911 59
877 50
713 175
544 165
716 177
900 179
920 181
723 141
565 143
469 153
601 217
923 200
326 237
332 232
339 248
239 546
208 565
134 543
165 543
153 537
432 603
336 579
285 638
205 616
368 657
234 642
370 701
827 691
228 715
355 278
443 277
319 260
230 268
265 319
398 295
234 376
227 360
506 362
444 339
628 324
354 333
408 409
198 387
451 426
458 434
88 437
434 445
439 443
129 475
241 464
97 452
341 452
1102 103
1119 69
706 90
792 47
720 39
286 247
957 199
512 142
129 517
139 595
229 355
248 376
282 401
205 580
668 224
428 343
425 305
271 520
772 249
450 300
581 107
207 444
186 408
582 175
479 289
959 165
601 143
759 195
726 100
323 672
180 465
665 21
954 39
850 138
466 331
791 89
261 535
358 268
400 222
534 34
363 675
109 433
845 16
515 92
738 105
860 75
249 518
731 56
237 449
734 210
1048 169
289 326
775 20
203 494
879 330
634 250
927 161
217 458
871 157
544 434
399 517
888 76
669 169
313 647
585 492
547 263
414 539
498 193
916 119
212 639
270 475
506 372
1072 393
866 98
797 193
125 484
274 415
329 284
590 219
521 173
359 376
133 434
596 123
599 322
899 118
832 257
152 515
522 441
631 105
839 199
248 495
156 490
133 476
129 536
715 101
598 258
327 661
596 193
103 557
815 108
95 476
256 275
971 53
922 148
718 131
364 643
199 501
168 503
119 405
247 435
581 354
917 259
339 319
389 507
304 336
744 14
139 609
537 113
460 315
1201 518
589 351
429 339
649 89
124 525
208 664
184 414
489 1
1196 377
617 292
309 342
403 266
347 472
285 371
444 585
498 334
427 227
376 330
280 491
249 292
713 173
823 292
122 351
928 688
806 5
293 495
676 32
972 166
475 619
301 374
654 55
719 15
156 626
777 67
462 406
326 453
398 306
622 149
128 354
298 469
680 64
245 692
275 445
267 625
151 551
807 119
287 265
670 168
106 422
904 20
301 503
449 210
276 415
380 490
114 333
392 565
461 381
388 657
685 54
494 415
271 662
773 160
173 585
308 350
395 15
372 247
155 442
277 394
227 450
909 76
252 429
310 524
818 98
214 667
327 459
302 520
290 385
296 376
331 211
1119 139
129 486
330 440
428 384
153 388
143 519
595 58
798 53
662 82
699 230
573 249
390 411
193 402
290 395
402 416
261 519
273 603
270 624
913 86
935 108
853 111
638 47
764 47
611 161
964 151
269 489
243 495
338 482
339 480
323 451
357 297
222 349
264 367
477 353
224 516
245 538
202 543
221 545
341 553
353 605
261 697
942 719
311 252
413 250
684 130
541 70
817 52
290 334
280 354
1183 274
437 292
184 403
240 384
191 388
1096 465
98 459
613 496
261 587
149 602
131 599
152 556
568 522
378 644
268 659
757 196
788 176
700 171
784 141
935 21
823 60
734 58
642 80
821 64
878 119
173 434
308 444
232 421
447 387
225 453
184 478
157 473
626 296
530 279
637 257
252 619
291 539
344 688
241 706
946 48
809 26
773 72
662 104
846 145
793 142
689 172
115 252
687 240
305 336
197 339
536 344
443 352
252 369
432 390
131 402
333 425
961 420
162 494
206 492
469 484
293 481
163 507
361 634
408 544
418 544
134 568
107 542
798 214
999 214
991 175
765 163
1033 184
884 23
853 72
883 99
797 98
237 266
735 300
256 289
330 305
472 365
508 342
235 429
237 393
592 388
206 473
155 492
265 485
354 622
405 593
352 512
919 151
415 249
1108 109
500 373
435 283
265 290
416 432
159 426
155 403
144 463
376 466
210 477
154 478
426 593
163 538
693 145
443 196
820 64
888 1
661 301
369 278
1108 387
394 396
536 444
459 427
104 428
281 641
185 588
1091 113
1091 114
740 173
248 459
144 490
586 402
592 279
820 125
558 84
704 78
702 23
639 34
377 473
165 560
826 84
935 111
465 195
238 493
628 354
277 265
846 33
631 93
94 433
420 351
213 256
464 598
727 300
304 459
219 596
255 605
430 260
874 139
264 638
196 650
784 56
675 107
374 333
360 699
185 453
495 423
605 147
138 480
933 143
161 323
721 267
345 473
214 569
386 208
940 70
116 473
493 388
262 701
435 187
815 31
170 427
401 415
933 285
719 81
330 390
798 103
946 137
182 536
362 481
431 42
585 139
483 399
209 325
851 263
174 491
928 59
206 432
302 455
360 357
254 521
260 511
961 71
1032 368
956 81
654 210
199 186
951 225
300 503
517 321
347 422
280 393
676 35
209 689
457 416
145 483
194 533
399 479
311 537
193 537
779 11
794 177
450 424
357 203
202 576
669 111
689 109
161 409
733 4
369 342
827 50
225 649
100 521
105 431
178 231
265 603
936 307
225 298
303 489
946 31
311 445
485 199
533 203
275 703
300 693
710 73
230 380
133 544
412 428
316 474
131 506
632 139
195 430
253 347
171 624
685 82
699 118
200 686
921 20
846 151
728 56
460 269
561 255
879 473
435 445
294 485
564 154
119 366
147 392
407 440
563 313
208 511
196 519
715 539
255 498
457 202
320 336
191 433
633 204
1137 339
914 277
493 368
273 428
455 247
831 231
610 312
123 444
219 446
457 216
245 642
805 117
614 253
570 106
160 456
913 129
232 619
227 416
232 669
493 233
146 399
415 649
975 59
416 481
394 635
420 471
345 570
288 710
549 353
1084 171
382 435
466 9
833 96
273 513
801 147
841 574
269 345
801 103
265 561
119 423
826 87
361 642
449 345
272 585
384 482
796 137
210 358
250 429
237 404
731 294
902 91
1134 105
574 243
528 264
1119 67
369 490
665 68
371 608
209 304
583 198
1081 674
355 621
978 376
175 680
1020 562
1179 477
1029 462
384 685
414 179
835 587
193 554
562 36
940 253
978 507
187 575
670 83
596 237
303 454
726 215
240 693
360 325
690 213
862 13
130 481
584 170
111 468
387 413
898 110
973 184
523 404
296 468
662 120
211 701
316 619
376 416
920 32
626 214
1011 358
608 56
1081 627
635 107
122 459
806 131
934 516
1049 437
1101 414
840 194
154 348
869 65
413 212
179 678
177 408
274 456
128 335
565 272
266 404
322 483
263 457
245 436
373 367
1126 593
501 681
662 121
436 206
321 385
297 518
141 575
1092 393
879 17
163 591
527 87
202 362
410 150
829 180
743 149
329 469
282 392
225 619
985 108
394 150
232 338
369 352
224 418
588 410
507 75
359 276
1034 440
427 369
250 458
820 143
294 310
358 591
534 353
226 685
743 126
862 81
777 269
266 367
1196 431
137 482
764 38
371 652
164 506
659 49
528 239
89 413
318 257
380 271
128 553
393 329
868 447
870 27
558 22
926 14
91 410
34 90
499 369
333 387
521 15
291 320
1039 617
1166 471
1000 418
512 266
689 245
984 145
878 155
936 518
1096 504
239 562
306 396
1131 462
1148 391
337 219
131 595
689 263
811 520
972 567
423 497
1057 606
218 586
143 365
140 616
434 431
372 545
548 437
511 231
385 538
1144 536
111 441
547 151
810 130
224 700
129 511
871 608
179 680
190 679
832 43
174 454
879 11
138 342
157 550
369 323
1132 572
119 445
936 169
1131 487
406 683
885 525
965 465
115 462
1070 471
195 543
319 420
190 482
890 83
1078 423
272 435
155 496
323 314
214 481
563 176
428 297
625 191
721 39
200 462
1139 486
525 279
1064 150
1094 461
612 124
568 469
720 675
1146 490
1128 620
222 613
939 495
883 528
818 50
1193 499
328 454
1068 554
1072 394
919 626
1157 565
827 110
1126 462
1118 480
1009 102
1133 632
531 104
1016 526
1131 452
1057 370
1145 475
730 171
1012 427
541 132
189 662
599 108
1157 597
1069 432
980 418
1087 540
613 145
749 176
1068 653
796 133
337 301
900 81
714 357
193 419
1180 494
1122 664
533 236
454 276
192 452
680 637
998 415
985 449
226 654
222 648
501 112
1108 511
246 599
297 415
322 512
213 637
795 9
1098 379
253 412
977 452
1124 466
949 396
249 711
952 570
479 432
88 462
832 518
389 266
1082 632
342 487
389 360
239 596
399 175
556 497
1183 421
1077 519
306 700
136 409
951 106
911 433
156 423
548 393
1143 436
1158 277
275 519
861 16
955 102
122 548
560 269
192 504
398 351
236 610
1137 383
861 26
318 327
767 148
149 363
1173 461
151 401
915 101
241 529
154 490
322 500
633 156
358 630
390 684
1023 555
924 545
1061 517
882 178
1012 501
809 705
113 415
897 208
872 22
1134 369
956 388
415 255
133 608
715 195
1051 638
159 452
1052 619
542 421
1002 87
1011 357
1004 432
195 636
1163 381
162 504
632 28
188 482
151 527
1063 394
259 393
192 367
429 597
461 354
863 474
308 353
207 490
880 591
244 474
943 154
494 263
1022 468
198 484
1008 532
362 642
1036 520
135 486
374 514
934 107
238 663
189 615
988 403
876 190
384 441
692 290
261 628
1084 405
279 528
1197 279
117 392
736 539
857 49
271 442
1138 554
1160 526
751 152
1111 668
614 355
128 309
85 405
1191 408
1123 483
219 316
937 407
1107 105
594 84
337 478
834 120
860 603
311 692
225 441
258 581
677 255
848 498
1091 348
364 474
1197 468
1045 517
847 3
297 334
333 699
1146 523
641 147
1160 564
982 565
1111 686
1041 558
189 485
905 572
1012 375
1277 4
1036 555
996 457
484 116
1210 577
693 628
464 468
1086 615
1191 534
1024 539
224 410
667 170
888 566
1137 644
699 94
124 315
632 56
155 604
880 454
140 491
248 492
1002 424
1037 342
294 286
1184 424
205 646
766 671
473 344
362 266
122 458
302 608
633 154
1093 632
913 455
178 629
798 607
1118 346
292 705
881 486
1106 476
348 605
918 28
1001 411
996 537
112 367
895 691
1113 453
642 250
377 634
959 569
217 6
863 485
137 588
100 431
1141 482
875 480
1057 641
1239 48
82 444
1066 650
462 321
1019 568
980 314
990 295
994 476
609 160
953 563
987 361
1018 594
1046 553
1049 554
944 629
1204 272
145 492
1067 596
1001 573
1131 433
1101 654
1163 492
464 455
737 90
779 85
855 473
1032 562
1027 465
396 525
843 210
870 526
1130 605
696 87
980 516
477 404
239 393
990 427
878 71
1054 603
882 644
1129 373
885 585
1035 352
132 354
871 695
1131 477
869 536
943 444
1013 613
1094 357
543 362
627 171
906 167
433 675
487 395
927 552
185 701
889 621
288 615
444 386
683 5
392 511
252 703
541 283
200 280
886 482
116 551
224 279
678 55
469 374
609 25
875 98
455 47
300 556
1049 517
707 204
1166 522
617 246
759 158
626 6
258 635
926 431
271 425
991 412
945 119
288 533
1164 316
381 607
189 456
813 70
382 694
296 541
663 350
443 272
427 415
636 126
679 171
860 251
188 333
186 273
823 105
375 498
675 75
794 279
627 220
275 383
324 485
233 470
1046 408
975 98
118 329
261 422
115 408
358 538
227 660
617 67
1112 75
527 121
592 130
861 144
274 497
1168 457
777 295
769 26
351 246
513 466
388 585
281 412
303 368
1004 543
591 43
794 35
1098 167
385 377
741 627
954 112
662 42
279 249
856 102
715 38
603 206
526 347
708 78
477 295
359 441
317 446
716 194
648 35
515 308
301 339
172 344
695 5
976 364
647 518
209 534
1099 444
769 9
1020 134
1120 666
293 605
903 86
909 437
284 610
352 651
858 527
213 440
157 425
124 334
1081 426
372 665
373 317
552 275
384 497
363 551
697 188
184 643
240 662
254 338
194 565
199 515
790 52
409 224
214 638
770 159
741 644
180 654
644 371
413 310
332 376
255 503
375 277
268 375
531 313
216 683
315 686
384 499
751 658
382 206
822 562
884 325
789 149
993 181
1092 569
806 81
158 530
449 172
696 80
935 423
171 403
470 610
128 596
215 316
442 225
915 170
1009 443
304 464
807 109
1022 558
581 110
733 651
549 449
444 385
261 441
262 464
1051 510
1066 81
289 531
445 240
847 270
197 694
245 653
151 284
196 500
392 390
855 185
200 361
115 529
1070 345
799 65
1102 160
838 49
291 485
192 536
533 71
103 471
820 177
899 153
509 382
178 486
696 70
985 12
311 401
421 442
236 336
236 486
177 429
524 121
710 118
275 625
192 390
808 176
843 12
577 424
571 290
528 556
606 241
248 258
390 527
521 448
631 150
345 323
765 195
326 379
505 574
1151 435
429 390
720 216
1008 107
258 388
727 69
947 453
275 514
196 653
881 96
986 54
216 507
107 475
193 544
118 425
997 53
322 317
811 124
545 113
413 595
932 38
906 142
821 140
390 310
484 400
99 313
1166 496
325 490
1135 87
165 593
131 444
413 314
209 428
696 26
106 408
493 439
104 506
257 474
841 162
814 94
389 375
182 375
790 89
746 387
243 391
389 489
307 341
1068 420
258 499
211 489
647 119
423 333
217 595
918 75
190 473
820 171
882 171
340 444
497 59
923 160
341 407
340 422
199 565
191 466
193 684
228 426
297 275
601 78
930 185
899 542
572 385
108 509
99 450
1207 395
352 332
760 47
737 121
347 642
306 682
173 677
1101 604
253 398
444 312
369 649
214 522
420 414
728 111
238 690
635 63
265 644
653 232
444 557
828 24
933 209
940 163
392 538
555 261
248 547
430 180
281 515
934 77
595 208
260 678
897 131
281 242
407 489
526 50
197 700
702 14
163 450
587 332
232 557
647 206
412 346
686 45
284 405
389 551
1109 98
288 648
232 488
401 395
354 212
400 366
612 212
963 477
309 564
166 567
174 671
126 280
238 587
530 212
412 597
654 36
709 177
335 382
183 487
291 474
134 614
570 53
858 46
386 193
96 364
154 449
363 494
219 493
368 523
153 605
263 642
242 687
473 436
397 440
213 426
300 420
155 468
201 476
910 10
926 60
602 62
644 67
299 75
578 73
798 79
445 206
805 230
719 227
654 253
1032 150
682 151
1048 187
812 167
398 169
231 514
153 539
240 564
150 599
202 628
160 656
324 682
429 263
439 303
346 301
637 297
275 295
320 312
340 378
499 379
145 362
509 333
258 410
285 391
197 394
247 438
287 471
237 484
267 492
549 68
931 8
675 11
942 40
617 33
573 61
833 135
880 162
870 206
570 200
973 248
191 621
363 618
354 615
223 527
178 658
150 662
598 261
623 262
846 264
225 274
435 294
131 346
232 365
504 353
408 374
442 377
82 449
442 455
345 456
124 478
514 478
920 466
1182 507
276 431
182 386
259 386
838 122
671 113
711 74
754 22
802 63
921 56
796 43
649 233
394 245
635 210
508 143
145 555
284 570
286 540
386 529
238 628
170 312
105 416
82 389
935 32
339 462
108 554
302 625
280 476
93 444
277 403
582 271
129 434
175 546
554 318
318 380
729 42
785 171
155 605
199 631
1001 428
148 536
163 605
550 3
103 478
665 196
284 337
923 418
456 213
307 395
577 166
725 196
726 189
475 122
287 505
355 645
654 509
222 582
321 419
902 126
557 225
240 403
316 669
1009 66
323 319
938 135
355 380
623 15
449 464
439 386
709 23
264 713
1107 549
778 15
182 257
602 75
600 71
1005 122
852 65
267 322
1058 434
1006 383
651 171
617 36
461 272
685 190
172 681
810 104
758 82
888 187
268 410
615 191
268 321
157 603
224 654
177 667
393 555
483 144
308 508
877 156
633 61
192 611
366 626
417 302
276 449
329 309
801 144
867 160
977 546
728 217
884 3
693 93
951 419
414 546
220 391
119 358
245 526
344 404
864 157
223 366
302 646
933 160
607 115
212 511
286 471
677 219
191 706
420 426
912 120
880 118
206 445
156 316
299 689
282 514
355 373
199 333
957 74
137 313
1075 135
138 522
310 396
202 469
618 206
785 161
364 647
247 622
419 240
317 410
275 428
236 454
948 171
1134 113
162 398
572 60
722 127
245 439
718 48
180 512
1117 506
608 123
486 307
861 187
820 56
243 436
423 665
359 539
563 562
272 653
435 361
1170 291
795 113
216 419
220 413
419 391
329 625
573 336
579 215
192 477
865 317
683 69
888 159
797 214
336 343
721 51
598 224
297 573
152 404
383 636
830 40
370 604
187 691
212 446
864 281
394 227
924 50
582 230
296 684
712 131
244 413
841 34
99 377
349 336
441 561
345 632
85 413
96 386
308 500
936 42
917 135
139 510
235 708
779 20
322 381
191 719
374 327
646 216
319 355
106 423
479 234
501 340
380 173
185 483
255 666
382 535
131 416
222 313
223 656
200 477
380 367
481 374
928 40
136 539
749 239
851 30
166 546
383 554
273 491
345 245
305 573
503 380
223 578
795 195
198 452
518 350
214 673
426 365
507 235
682 217
244 591
741 64
118 382
607 36
659 254
766 129
437 155
626 14
802 20
281 398
453 594
1062 300
118 456
105 504
96 414
854 49
368 595
820 176
263 696
236 261
247 495
1063 296
391 479
210 713
551 76
772 13
849 14
1018 610
783 192
335 406
225 406
315 598
169 403
565 465
800 714
893 462
192 492
155 453
661 146
148 601
232 484
319 508
883 147
403 651
1137 329
106 498
383 528
273 261
702 22
109 422
575 12
868 163
750 516
553 247
921 97
833 116
672 148
371 439
373 289
620 67
569 412
322 472
842 17
263 693
279 373
391 338
1101 101
926 57
258 264
799 94
409 421
1187 499
199 506
221 84
614 176
707 116
808 102
159 327
831 196
193 359
245 390
211 360
224 630
204 411
696 107
224 634
206 374
184 592
703 111
150 407
488 370
221 643
127 458
1083 635
314 419
250 553
392 646
357 604
407 218
188 432
717 74
299 514
218 494
526 331
243 606
443 347
936 27
952 8
637 33
312 349
836 38
536 158
849 158
169 589
193 480
265 420
539 59
875 132
158 607
338 528
121 455
101 463
1127 101
696 240
170 305
453 642
178 569
584 185
416 416
498 266
861 99
460 495
359 585
867 296
245 548
268 304
242 422
822 263
635 135
323 393
388 682
870 46
717 222
208 521
144 285
241 701
266 638
108 348
556 417
561 184
516 311
648 89
487 353
561 414
648 200
168 686
614 84
888 11
863 27
765 28
1143 565
393 526
279 489
577 332
181 365
923 133
845 187
162 543
251 421
107 444
187 449
373 460
113 535
205 613
956 165
411 690
366 386
1089 650
164 472
554 390
892 112
1071 685
359 439
631 296
894 124
460 461
793 253
635 307
1034 54
734 151
388 639
264 649
790 117
689 15
423 421
904 95
397 401
691 14
126 444
299 294
712 152
166 634
777 61
411 463
442 584
1193 273
211 522
166 565
955 78
874 39
413 328
176 628
1228 653
906 128
316 220
108 441
1099 104
371 455
422 312
919 161
889 506
876 45
916 541
172 387
1122 289
960 343
154 354
1159 592
935 512
981 399
821 190
315 247
1102 549
270 507
172 447
421 23
256 374
81 381
479 423
1115 275
747 50
1153 344
949 177
481 388
822 36
207 456
105 417
580 22
736 14
205 521
663 150
1029 174
400 345
930 84
136 553
232 622
1164 228
224 406
351 492
275 353
237 646
661 96
413 682
373 224
327 604
285 605
912 588
905 109
803 102
299 643
247 331
1037 493
764 214
321 387
770 537
227 691
881 25
254 350
288 422
120 345
488 418
209 280
312 297
812 516
152 640
481 523
1060 651
255 359
926 66
286 308
982 402
93 467
390 520
259 501
503 141
646 214
1055 466
172 423
930 27
318 579
582 10
720 186
103 399
238 495
661 144
211 630
263 704
702 245
875 139
850 122
272 330
619 234
124 583
744 149
897 32
114 446
869 88
218 449
237 401
666 190
912 165
1088 129
708 138
598 60
722 62
669 123
520 638
1071 512
405 529
284 476
102 507
443 333
220 632
755 171
1093 622
369 610
298 369
713 198
243 546
310 337
307 678
659 222
234 404
174 432
631 351
266 296
872 93
842 122
712 118
571 200
678 213
653 228
593 293
168 360
241 363
161 355
319 376
256 328
257 432
103 413
237 385
425 495
229 531
268 695
193 661
728 54
735 40
953 95
819 183
798 128
611 159
319 350
551 337
613 330
210 323
465 378
869 290
283 313
337 314
253 467
163 473
468 394
179 427
185 534
231 518
251 548
249 603
314 659
315 660
387 650
330 702
932 114
797 122
877 104
808 65
757 17
766 33
567 186
614 170
916 156
931 139
434 212
692 248
603 343
287 345
846 381
664 262
521 315
134 444
320 431
187 419
226 406
1047 388
986 450
266 469
352 501
1146 500
155 510
246 529
191 533
305 541
253 524
217 558
150 630
260 639
470 609
180 606
182 607
296 588
224 666
165 669
369 647
230 677
321 677
324 705
220 714
709 86
652 88
621 2
678 0
680 6
933 52
576 244
753 232
335 195
753 140
646 152
660 191
544 167
183 364
339 356
507 323
265 331
364 318
256 317
601 312
300 308
86 305
126 443
446 442
110 438
109 428
181 417
126 420
125 404
110 501
375 504
270 482
283 480
131 478
359 515
107 518
379 532
363 598
293 677
191 672
890 94
850 74
954 106
706 11
903 17
868 31
530 45
671 43
692 39
356 212
498 220
826 206
404 245
650 159
457 340
167 350
192 321
590 322
750 273
488 280
753 264
395 261
879 258
339 446
86 401
208 471
180 461
184 511
365 590
122 593
194 527
1115 529
390 530
258 660
317 648
698 109
932 87
1041 91
801 62
832 167
919 185
935 185
1008 157
618 286
161 383
284 325
109 508
283 435
531 591
122 513
156 513
370 563
611 237
532 122
632 8
580 43
238 381
169 460
1188 461
249 469
101 501
282 391
147 429
368 605
1015 580
371 512
988 142
601 61
806 29
419 405
144 457
247 296
400 617
291 635
137 563
188 700
495 118
668 35
729 19
670 161
117 496
308 387
338 432
793 339
310 303
324 618
279 552
485 190
259 383
312 219
627 216
687 25
187 472
458 401
730 59
897 109
773 186
356 555
303 229
568 31
286 369
210 335
291 455
423 240
140 468
275 404
1049 585
1087 35
271 505
306 441
370 385
266 352
709 81
916 494
307 317
593 122
477 409
677 111
836 118
890 201
200 334
112 484
661 291
274 450
1074 406
131 564
623 68
737 24
215 437
311 461
626 33
806 21
322 685
674 113
768 121
121 453
200 479
447 320
324 327
407 332
380 615
180 599
956 142
190 318
578 269
204 352
167 481
540 474
454 412
374 429
391 592
282 610
299 656
629 127
956 96
763 187
391 345
617 348
215 491
174 546
152 535
579 128
442 363
397 295
743 301
247 445
206 434
276 611
236 642
677 144
888 217
911 192
357 414
289 418
341 462
162 648
281 569
834 63
1104 64
629 77
822 109
646 108
124 369
828 283
570 273
284 397
444 429
147 463
294 695
508 699
315 574
804 80
122 197
652 184
442 316
380 299
387 263
140 373
277 449
225 469
107 466
366 481
127 486
168 653
166 649
195 667
222 672
236 595
999 595
253 538
178 552
973 13
835 17
763 31
83 460
274 427
370 381
419 664
214 663
229 638
851 142
652 16
207 516
659 240
937 232
201 678
120 305
357 472
798 20
293 263
196 590
212 443
304 300
249 257
424 575
273 374
253 301
562 310
838 4
945 88
315 362
837 52
935 255
854 77
698 210
744 105
498 395
501 288
525 105
838 79
844 125
341 499
331 517
272 462
942 122
377 493
246 607
948 165
749 284
247 584
178 489
247 349
350 514
393 661
717 246
779 571
629 311
147 513
785 220
264 668
442 378
147 511
272 314
770 263
1117 94
232 343
944 162
662 74
328 546
240 676
103 395
306 348
183 349
166 406
216 642
1125 485
205 702
180 396
384 479
855 161
491 158
844 11
274 317
100 345
265 663
750 77
744 79
406 551
207 476
251 615
798 85
866 92
810 155
381 288
225 460
258 548
863 251
733 7
887 186
250 425
896 146
761 73
1021 457
342 498
401 545
411 382
176 534
831 33
667 176
475 154
732 134
796 70
182 389
334 368
71 337
334 238
932 555
441 452
1167 434
313 523
281 483
220 325
209 290
359 422
783 81
245 404
191 451
969 673
706 101
218 375
288 700
135 493
988 74
623 0
962 94
909 96
886 30
592 172
218 621
228 413
192 395
322 368
785 152
224 546
222 307
209 654
390 199
344 202
118 527
650 30
488 427
450 250
418 211
410 304
995 705
514 297
1123 116
187 667
903 126
822 69
681 2
424 378
456 427
291 354
998 529
309 661
542 286
798 283
211 441
307 594
657 289
503 253
139 583
490 392
767 19
223 708
641 16
248 434
590 278
306 422
436 279
841 14
295 246
1062 555
639 115
715 223
243 569
971 569
131 549
573 399
759 191
1076 474
363 605
431 437
939 200
195 647
210 642
785 109
218 553
385 298
437 347
418 300
609 93
370 481
1145 540
430 625
763 73
321 257
261 412
1009 118
834 90
83 437
802 74
230 480
191 563
284 335
534 19
726 128
253 417
263 323
349 512
437 441
118 490
654 201
453 393
357 194
699 23
681 33
1052 103
885 215
760 151
863 239
255 312
365 448
222 369
401 290
699 28
215 389
631 6
602 59
166 426
250 492
753 34
378 400
143 633
925 85
146 379
648 219
861 74
592 238
527 429
454 365
1037 535
146 556
305 608
626 179
161 566
707 203
259 530
1205 489
816 183
182 459
257 518
565 79
412 433
175 486
879 620
279 594
752 58
346 438
577 271
1148 433
303 693
740 283
237 312
263 483
1086 567
1183 417
249 363
814 199
543 88
751 13
924 290
565 65
264 402
113 445
211 699
237 512
906 102
339 229
661 171
120 582
346 434
703 472
461 433
165 561
681 150
339 421
481 600
166 600
194 654
974 299
1015 578
800 54
743 100
303 702
461 647
499 398
446 354
726 63
277 498
117 521
311 547
943 62
356 663
126 594
327 598
690 30
1152 433
473 7
401 641
229 361
1077 577
410 222
402 223
224 446
308 696
574 77
767 57
949 62
924 18
812 207
911 609
313 623
803 136
146 611
353 302
864 119
500 242
367 332
118 265
763 40
909 70
848 154
397 299
917 592
164 446
947 653
555 177
806 187
1112 423
308 685
281 547
851 14
897 534
827 211
180 366
282 635
82 424
819 632
1079 438
1169 431
994 505
918 198
1124 510
381 502
776 155
446 179
1138 272
378 520
393 246
244 703
1102 553
323 477
810 125
266 604
251 376
418 419
1083 450
485 563
1162 414
151 646
923 563
274 678
215 555
404 360
363 461
473 403
247 656
232 424
171 592
799 77
366 402
1070 617
184 448
911 131
962 113
387 654
1194 490
809 611
831 192
430 469
758 197
380 434
451 349
149 518
873 62
930 87
347 670
980 473
635 91
1131 472
1101 530
353 592
281 477
867 123
226 486
1159 464
926 42
299 600
377 472
149 644
271 389
790 2
739 27
1169 484
240 704
1047 462
1116 648
1168 327
294 505
451 635
1087 642
821 267
1083 412
878 92
822 281
900 181
872 518
891 195
1177 440
145 332
522 475
1035 560
1055 576
1140 361
1059 378
865 79
154 554
721 240
171 537
137 537
335 533
858 73
754 82
138 486
243 486
161 123
1100 381
562 364
1107 651
240 359
1000 366
1149 550
769 103
403 526
265 344
749 16
831 30
199 561
904 197
730 109
232 667
835 147
1122 127
1132 545
870 131
248 319
210 569
288 351
805 672
962 104
466 329
260 500
236 311
242 688
1081 481
943 585
387 343
442 430
1058 445
546 47
787 168
140 610
570 98
753 174
639 15
337 652
839 638
1080 464
630 240
925 499
145 315
352 381
975 141
333 357
935 77
387 499
242 669
1159 481
577 19
637 53
277 364
1197 357
451 376
217 451
908 476
250 436
134 463
208 557
1063 631
253 623
387 446
329 324
191 584
1109 436
146 480
975 474
345 341
540 293
242 613
776 188
291 351
188 710
606 60
1121 438
484 643
352 299
368 529
999 470
581 239
232 541
719 71
107 497
1072 600
812 265
335 553
659 134
865 531
1033 350
955 623
330 369
873 597
556 339
1084 646
678 257
1077 528
389 419
148 372
852 277
1056 437
1002 370
198 604
1183 489
972 63
1026 530
90 339
940 448
976 480
244 666
185 691
599 351
252 681
782 101
1092 652
848 520
851 560
121 529
113 391
247 291
753 436
764 635
448 303
955 437
1129 561
998 571
833 508
1022 29
101 433
1050 525
882 649
801 17
2 163
1001 396
1129 460
1158 508
1065 640
646 105
1121 462
333 306
1072 559
1136 656
191 666
140 408
174 611
801 82
1025 571
1028 391
1093 265
215 396
345 535
1100 686
1045 519
1049 609
1116 360
994 459
1185 484
753 718
1096 645
746 515
659 192
229 424
481 171
815 571
798 96
974 569
1077 289
327 588
362 399
1075 370
917 37
929 558
288 299
617 125
729 98
739 229
233 602
158 564
481 321
1041 413
947 91
749 60
956 535
357 585
529 87
399 205
1104 333
1187 487
359 473
1173 425
203 383
787 58
1017 464
765 147
1025 463
767 65
934 439
349 615
1056 586
167 391
255 430
223 579
369 459
124 468
200 381
118 502
281 319
742 83
110 488
929 90
240 402
191 681
150 457
500 329
984 380
540 430
1051 344
840 631
986 550
396 642
129 552
546 355
1125 436
477 393
728 170
727 237
374 339
208 502
1088 365
821 147
446 466
1127 459
193 519
107 407
999 330
809 40
941 648
673 169
377 509
114 491
835 583
708 68
266 519
1076 156
254 398
798 66
100 516
417 371
191 616
419 427
174 565
640 686
1188 494
1076 627
457 370
1110 107
701 3
1184 437
967 599
1130 648
213 479
788 86
304 276
873 128
165 579
627 3
991 69
251 424
859 30
658 194
256 513
357 653
640 153
743 107
999 597
275 612
1026 72
668 104
449 473
327 481
208 629
371 488
783 60
422 435
868 105
792 187
931 24
1168 483
915 162
934 157
409 361
864 92
329 571
643 213
143 496
1010 296
965 463
581 93
184 670
256 378
100 354
1008 482
1079 640
1031 529
154 446
138 340
1155 374
362 512
200 633
934 563
311 378
247 559
395 627
191 499
959 81
205 339
468 355
161 641
268 357
272 553
1012 433
692 41
404 661
705 238
379 445
1067 532
433 167
300 688
175 617
161 459
852 138
695 128
212 423
196 461
568 268
948 656
109 466
1016 386
676 26
868 29
297 646
300 441
694 178
226 285
622 45
564 472
295 367
723 7
364 655
1006 529
253 311
386 638
889 19
1187 476
146 488
299 364
1089 639
516 649
1046 600
363 635
889 548
463 442
229 421
469 445
358 389
1169 486
735 119
240 691
154 514
1178 418
219 390
334 608
403 352
581 266
184 490
383 231
173 425
509 247
311 363
341 457
431 378
758 159
49 68
781 148
989 123
300 314
752 56
573 253
265 508
325 486
1090 609
173 527
128 480
1080 528
1016 554
578 96
123 530
1035 568
1011 341
851 524
1091 635
188 343
632 38
331 400
489 467
155 304
721 166
715 181
267 651
1054 592
275 452
181 423
984 491
230 619
160 281
1083 657
304 369
477 169
308 452
317 584
640 2
565 355
265 448
453 440
720 197
510 163
236 647
891 118
1049 333
250 413
337 440
970 328
647 148
100 319
703 693
364 378
532 305
883 506
1076 629
373 463
70 572
655 145
150 476
664 230
215 484
867 93
398 660
1085 616
259 412
114 414
386 670
354 471
109 499
654 35
784 110
567 46
400 189
969 608
348 261
852 507
592 355
417 494
942 552
1194 410
1101 638
281 354
287 670
872 161
182 560
237 469
1092 639
296 462
629 15
155 479
300 498
185 490
1186 517
292 709
238 538
222 381
535 341
637 18
127 563
112 523
1020 492
324 332
723 122
217 708
187 368
424 428
1082 668
700 164
1113 702
498 207
312 550
113 579
863 135
562 177
978 390
262 415
208 418
1068 437
194 678
1197 541
997 522
389 661
1267 1
993 444
699 14
328 288
1022 288
658 231
100 398
846 662
818 577
538 409
852 490
1122 541
964 137
863 532
137 575
1002 431
92 452
298 605
666 137
553 234
400 486
877 154
1122 342
222 506
1077 437
212 565
708 61
967 60
1214 676
1135 410
1002 580
1055 400
961 407
151 447
970 415
1024 457
982 494
222 602
1176 457
1039 604
267 641
1012 404
426 127
598 417
230 384
943 50
944 386
249 497
128 474
324 389
889 484
1147 523
1048 593
861 231
205 598
429 364
968 161
191 371
240 440
509 505
646 78
865 52
1104 634
192 524
268 271
276 511
90 366
279 636
1076 361
247 429
303 401
329 478
291 494
236 684
1132 575
799 197
217 280
474 289
788 96
935 593
196 585
935 41
841 75
236 456
1111 498
843 66
1202 19
266 323
848 126
1058 501
677 87
935 536
1124 526
867 60
1026 599
926 95
833 90
1026 579
190 591
752 53
870 228
778 81
1059 625
153 446
839 540
631 110
949 529
1155 610
897 162
822 588
387 351
217 411
573 347
577 107
582 253
974 49
383 471
1127 674
536 372
1019 433
1103 507
1200 495
174 411
121 397
588 287
622 260
578 413
297 432
1028 400
287 478
1007 544
811 530
805 32
1093 636
1253 107
1106 142
783 151
933 16
1149 472
673 220
497 294
273 358
478 529
148 328
983 108
665 245
364 229
1113 373
439 170
693 44
752 558
591 68
283 663
425 309
1099 496
432 211
1176 538
250 459
601 75
195 400
166 326
845 13
257 571
875 521
363 262
576 171
508 356
223 348
366 226
573 240
379 369
285 598
868 49
510 376
956 559
292 374
313 484
982 531
473 645
558 134
149 584
301 505
1139 590
307 364
337 322
672 127
224 381
148 608
668 20
248 656
321 538
570 455
391 489
399 375
765 219
250 482
196 397
731 45
1205 333
297 233
1088 666
616 344
769 573
394 223
132 374
413 187
435 402
161 478
484 257
454 575
221 453
563 93
178 383
238 450
906 19
684 267
240 684
710 183
180 602
178 404
831 123
845 95
456 214
506 90
206 577
346 475
995 473
125 543
1048 318
265 398
797 584
124 429
392 356
900 634
421 574
115 452
1198 516
767 89
1139 236
197 713
771 70
332 280
178 337
829 104
1081 616
1194 455
340 426
873 142
1164 380
497 354
1144 133
918 42
658 186
634 190
633 28
645 2
1100 495
476 444
391 296
473 422
152 406
584 189
550 428
1117 555
368 478
348 293
157 584
338 460
119 460
174 592
140 318
150 462
198 491
983 111
256 687
348 509
615 196
264 518
1207 439
575 432
310 501
638 134
1126 74
626 83
656 123
142 706
242 697
509 359
179 277
525 316
193 406
230 390
1027 426
602 416
252 433
1143 507
355 456
277 461
1144 631
352 595
375 645
965 69
759 99
49 22
567 40
702 61
745 59
552 418
430 438
497 442
231 387
356 497
292 339
228 299
352 631
829 9
972 477
543 444
189 390
351 620
337 515
582 168
457 142
478 391
184 450
1026 357
1096 174
699 42
520 209
227 509
534 104
783 562
342 359
910 147
353 582
240 485
411 213
203 438
186 429
332 447
492 441
331 218
284 417
174 597
171 539
221 605
255 622
149 495
354 204
169 291
106 660
541 98
749 113
1118 648
125 494
294 447
259 618
1075 410
707 213
918 143
562 426
806 171
1144 489
847 157
669 146
329 716
839 114
235 491
243 518
192 592
445 330
876 523
853 8
999 565
254 687
217 665
259 343
254 446
306 508
1135 630
1122 364
593 27
1004 363
1129 473
1082 430
856 524
1123 521
737 566
1010 432
1065 577
838 23
310 395
406 398
537 337
1136 114
483 481
805 466
1015 434
795 455
1027 343
285 571
755 617
309 648
413 458
1109 642
565 124
863 99
1133 463
1030 429
738 677
1097 645
871 590
918 605
1004 464
961 343
1057 417
293 439
1158 322
1092 566
1137 583
1042 554
1032 715
251 647
1128 632
1148 618
970 393
984 413
234 543
754 14
940 374
220 287
927 541
951 516
1101 636
875 655
1076 341
1096 386
1205 363
973 446
1042 109
796 659
582 304
970 434
640 263
980 400
1138 666
968 541
1081 611
992 380
1150 599
1090 624
177 315
980 587
767 642
1055 586
957 464
990 583
1167 532
905 523
118 460
225 326
884 596
1126 265
781 699
932 504
787 532
1038 522
1038 607
1162 431
851 589
970 487
250 474
1079 489
255 333
179 454
1073 293
970 593
1173 373
1046 508
1134 508
1160 532
89 369
952 419
309 577
757 9
396 606
1198 459
294 660
941 126
1196 497
761 349
334 500
159 455
979 301
836 615
1001 413
1059 499
1003 388
1005 554
1018 412
818 544
983 572
447 272
970 565
1185 438
916 626
158 508
210 693
1147 445
965 394
1099 564
1127 531
174 348
973 558
1139 448
834 491
1088 656
864 622
277 331
1070 441
1104 471
1018 447
1083 353
1089 665
1157 620
306 694
1044 418
207 547
1065 494
818 103
1012 519
879 404
597 53
1115 508
288 390
1087 498
1074 636
1004 457
846 607
969 607
940 655
957 544
1096 418
1089 609
264 662
1074 627
949 536
973 503
1006 561
210 372
1083 415
936 509
1100 509
1118 483
749 718
239 463
849 42
464 575
966 556
966 537
324 689
779 195
913 409
542 221
86 461
1027 510
1127 510
739 46
1121 346
214 676
438 188
1056 615
429 141
216 666
1051 361
201 420
544 131
841 88
579 132
951 166
507 416
511 468
728 561
778 36
456 362
931 426
1138 493
912 491
1069 582
625 223
494 187
171 427
56 285
1032 515
1105 393
288 457
230 457
1148 462
121 462
234 445
890 551
1037 512
870 499
997 370
1082 500
668 259
230 320
155 627
637 154
554 142
974 503
325 369
335 301
860 34
302 650
145 525
524 479
119 503
423 238
625 63
121 536
941 558
241 407
628 95
160 385
941 43
240 400
742 232
1066 566
715 322
108 488
741 116
289 261
90 444
1007 556
175 479
205 584
204 696
1150 516
648 23
1031 461
346 239
157 310
127 530
312 593
202 453
233 427
171 429
383 675
130 485
582 341
248 454
827 111
332 566
866 110
768 570
348 657
199 404
913 282
1061 629
1105 303
882 262
896 25
865 390
931 50
716 161
791 149
256 433
859 157
890 581
497 126
997 399
1082 474
838 556
254 291
224 588
267 285
562 38
112 489
260 281
248 397
1017 405
1005 413
225 387
1159 476
1066 505
1053 425
808 562
1189 490
371 247
680 629
1129 507
1132 281
138 642
1132 503
896 530
278 511
203 680
174 426
128 572
412 469
1058 624
337 439
1083 584
243 461
414 302
467 555
144 522
239 684
323 331
270 450
81 379
1096 365
845 544
943 191
956 119
1117 668
797 591
147 399
739 601
961 174
1133 429
132 507
1247 18
464 556
1215 370
307 295
325 464
1198 313
557 265
1116 363
376 609
1069 515
129 534
920 90
498 558
111 401
1054 618
827 67
1133 533
173 455
474 550
90 443
819 601
315 553
875 100
493 335
252 343
823 549
315 467
900 596
1101 488
995 419
1198 325
146 538
974 148
837 471
679 58
190 301
818 72
1110 542
791 70
879 436
414 485
916 535
735 564
350 339
593 222
113 476
224 424
869 462
389 259
218 408
473 364
345 500
261 312
672 20
817 53
177 346
156 633
998 153
100 331
155 552
219 512
346 456
276 337
111 344
1007 172
673 20
1100 604
641 46
236 605
769 18
302 352
910 583
880 52
575 137
383 647
1071 650
954 34
314 561
682 85
193 348
251 443
778 41
396 651
920 3
1051 557
265 324
788 52
97 463
715 106
210 705
373 313
121 395
125 493
104 287
808 25
1162 556
1058 440
631 240
667 273
330 426
927 104
332 268
575 206
505 274
1041 152
847 94
909 152
172 514
370 207
324 452
252 338
697 21
530 216
373 603
1059 522
825 115
873 27
707 19
907 179
165 550
231 382
522 36
410 611
1195 586
838 170
1220 579
943 465
1057 421
206 411
622 147
1088 498
448 413
172 517
173 399
1014 583
317 635
779 548
1091 697
1135 484
465 129
226 706
705 294
1147 317
362 554
891 163
211 388
1015 396
458 341
367 618
976 113
419 192
227 534
287 460
973 633
204 666
597 62
961 105
960 12
1124 592
930 56
725 598
802 6
358 360
276 427
1158 490
210 715
1127 129
831 27
271 438
791 186
105 360
151 520
856 174
252 333
967 533
874 531
243 356
251 426
708 156
108 435
512 241
484 433
804 144
323 453
1040 81
622 166
153 393
405 279
327 244
511 477
993 474
195 396
900 114
997 373
277 374
337 590
206 654
298 625
307 444
268 696
94 523
425 394
255 483
529 300
378 291
399 398
760 177
929 28
213 400
134 470
570 262
860 206
1133 495
680 245
304 288
122 498
451 410
125 434
803 50
189 701
225 483
262 528
594 268
200 607
760 121
394 348
486 362
644 74
507 146
654 326
411 416
421 471
285 342
126 550
794 636
789 240
682 193
181 473
647 253
220 387
866 140
1109 633
1119 364
1142 134
592 196
280 677
726 184
255 670
852 76
353 671
227 437
1027 482
1011 522
168 392
325 513
616 184
656 145
492 483
653 75
898 27
450 457
590 146
565 383
149 567
482 407
249 451
366 341
751 252
1072 143
758 660
632 184
263 624
115 587
444 433
1112 121
870 669
323 501
1162 462
216 667
399 199
269 383
217 405
764 238
1083 202
1027 505
883 719
856 91
248 711
127 438
89 426
449 381
265 455
157 631
389 460
950 499
1125 590
310 484
290 270
899 639
759 137
251 493
1177 614
907 511
845 709
345 353
211 521
236 460
283 651
1157 485
137 512
1130 647
712 5
161 419
1124 421
1106 475
400 664
646 657
758 2
161 416
178 541
904 518
605 343
827 168
1109 564
626 43
979 578
799 106
587 11
955 402
1098 497
1073 566
1118 515
280 715
844 123
68 48
956 118
790 46
1131 644
772 618
810 209
799 58
275 671
1101 442
1160 516
266 656
800 111
1124 498
966 425
1214 375
648 31
410 521
128 526
846 461
176 506
926 540
1022 413
245 449
890 195
582 371
141 406
745 490
1139 374
1150 225
485 318
183 437
1242 512
836 173
1010 549
874 84
958 559
479 376
358 233
1135 635
215 207
1187 411
234 688
1121 651
220 373
166 643
1076 499
532 301
248 358
807 124
626 269
920 169
689 175
773 42
445 195
98 360
1164 511
760 8
917 503
882 639
538 426
1127 143
429 571
192 374
873 678
879 498
916 457
1173 500
253 628
794 649
142 452
1156 503
222 473
965 198
945 556
111 524
280 620
1014 411
102 599
221 366
804 313
612 301
228 381
189 538
1166 501
964 408
988 442
1040 591
1167 480
220 365
954 513
1102 639
1191 486
985 488
1021 435
1007 568
1167 528
1121 486
1106 631
214 346
675 83
204 578
249 410
680 104
303 574
307 483
1009 446
80 371
1139 485
1144 601
90 460
975 472
913 33
747 177
1126 294
789 200
714 10
165 397
228 446
587 219
672 42
290 521
505 172
319 332
368 601
334 365
713 137
366 470
1031 439
612 31
408 508
222 508
811 711
248 424
146 513
893 95
773 127
323 449
566 89
1197 519
441 287
176 471
326 359
258 490
893 201
137 593
186 339
277 373
1074 461
246 612
229 271
443 529
942 74
201 409
664 210
374 356
1175 495
153 578
365 447
171 398
258 501
910 140
660 61
593 319
920 497
254 632
1037 569
899 174
1068 397
261 337
323 429
167 503
817 189
341 681
313 288
637 100
218 515
193 704
831 182
713 254
626 340
343 522
874 26
783 54
168 632
151 577
533 350
546 284
1111 403
323 230
804 230
726 239
980 107
926 101
768 81
786 85
748 0
269 613
172 365
476 120
325 502
391 669
818 81
856 245
735 157
643 154
991 393
277 378
529 686
515 399
1146 510
166 561
459 355
673 253
326 272
603 302
458 392
239 401
906 494
530 58
472 468
337 468
356 249
150 312
467 271
613 209
1063 615
324 668
551 87
813 15
409 315
443 456
908 210
231 502
162 546
1122 657
149 461
892 170
273 342
606 199
237 685
248 480
397 249
137 576
269 506
226 453
907 85
171 500
126 592
1145 508
853 19
216 578
527 258
922 90
744 26
1010 480
580 296
140 285
856 698
139 524
840 63
107 467
218 150
347 427
865 13
1012 429
440 402
1062 454
823 111
298 483
174 371
465 270
242 470
654 29
192 451
964 429
1059 599
930 133
113 519
1162 520
462 355
431 420
442 425
326 431
658 72
225 505
1160 292
163 583
286 454
484 112
848 175
1051 114
402 338
752 131
1048 511
369 653
639 2
945 550
943 40
264 487
758 222
244 400
663 19
510 51
365 355
259 301
465 281
217 570
325 603
1173 467
947 173
465 406
330 288
84 404
298 718
687 48
101 339
893 177
350 191
806 600
84 423
202 597
966 540
286 503
224 505
234 498
1111 311
434 436
398 298
118 438
861 585
139 601
780 703
111 520
707 18
1190 457
805 65
1095 499
103 483
735 17
452 236
751 124
1180 517
314 525
841 1
1056 537
901 209
568 346
1069 328
906 648
1059 489
940 488
471 633
224 613
609 293
768 101
292 441
909 526
266 473
750 531
1105 406
291 308
123 554
205 429
312 650
366 274
210 616
1095 143
255 698
118 503
340 503
1107 532
279 500
1124 647
563 423
449 208
770 661
170 370
927 457
614 487
559 181
286 456
846 610
312 507
396 438
153 509
388 411
764 32
230 431
912 410
910 12
1082 635
467 339
610 190
959 414
666 47
770 119
123 419
840 52
601 163
729 243
903 556
265 402
183 381
637 648
1131 696
153 408
434 390
427 178
211 672
283 524
959 45
320 400
825 537
345 502
1130 502
561 432
243 641
323 486
546 32
908 84
885 648
344 441
410 253
147 261
752 48
1039 468
839 91
1017 352
417 370
805 229
1160 391
790 30
464 279
192 485
231 644
297 244
179 425
636 89
784 718
948 442
493 436
658 86
753 133
295 540
597 216
1031 604
411 342
442 456
794 160
769 47
224 614
624 3
185 560
760 90
1012 361
149 416
512 308
351 373
428 323
181 574
1123 472
440 621
777 22
904 57
237 551
447 419
824 154
1010 306
195 515
130 557
232 443
170 271
469 315
1106 506
1104 644
272 448
924 481
586 48
237 441
612 56
379 487
846 93
314 697
679 78
183 380
305 366
1278 18
871 10
353 503
831 549
993 179
248 509
767 1
955 518
164 459
165 392
1191 458
914 47
238 479
649 427
1034 308
993 83
138 573
193 336
1185 382
778 19
453 222
829 542
1012 422
369 469
642 105
1134 541
966 14
1074 644
100 397
534 54
112 437
454 333
539 67
346 691
717 76
1256 689
214 716
630 263
898 585
1087 627
199 388
927 31
910 209
767 109
277 390
513 402
1166 469
933 481
839 648
111 474
675 163
91 526
922 547
1167 509
1044 444
215 649
660 31
378 522
379 626
695 207
136 455
281 427
577 121
292 377
337 495
406 506
359 465
502 643
287 319
251 406
497 431
869 73
872 154
167 549
561 278
1017 542
344 282
157 548
1076 444
816 530
399 512
168 403
788 239
196 620
1152 452
809 176
294 635
107 271
550 189
962 286
853 249
102 561
233 603
203 497
499 322
903 484
338 585
157 498
831 206
1059 347
503 715
1122 459
1055 499
102 398
359 272
522 118
414 265
100 303
216 678
270 452
1146 626
299 330
998 445
121 439
800 501
741 28
128 437
522 184
581 94
162 604
261 548
331 422
239 423
826 119
134 273
191 675
164 331
113 518
452 553
695 263
859 36
746 31
275 313
668 100
479 538
707 163
1104 490
439 523
889 120
328 670
1035 58
945 20
239 301
837 73
177 364
284 465
738 28
699 203
1076 636
575 135
380 387
375 677
1148 416
824 56
377 504
112 413
1279 626
469 354
185 456
618 232
609 190
319 437
372 264
325 359
343 336
825 207
216 420
241 497
592 141
350 488
907 131
402 503
627 270
207 393
660 103
1101 474
659 225
721 33
344 662
190 484
467 409
954 414
380 659
601 155
1075 648
312 633
938 86
759 8
117 510
253 693
147 338
309 410
362 458
703 187
386 403
508 213
788 40
679 95
193 444
196 381
264 484
334 521
380 325
832 116
680 82
902 33
333 639
231 306
115 509
257 312
186 500
297 482
692 98
374 487
680 16
464 337
228 283
1160 456
630 321
897 526
342 230
450 391
345 440
109 382
309 352
96 507
108 300
478 353
937 103
616 217
623 53
360 716
850 34
234 496
965 33
125 420
244 311
246 538
258 312
279 646
664 121
400 446
211 412
379 407
557 431
392 485
454 284
836 128
377 457
1070 477
675 93
162 441
579 309
320 711
165 505
384 74
467 379
493 221
762 15
118 449
423 265
90 485
503 187
169 399
718 304
367 509
305 460
923 4
157 212
784 168
377 225
466 602
174 440
166 501
224 451
1129 247
181 547
126 426
439 192
1028 488
687 188
333 597
428 393
1028 501
488 673
402 435
1265 99
374 226
934 610
222 539
1129 505
694 134
341 493
361 466
845 571
1258 108
1115 165
211 408
230 294
975 426
487 536
587 91
88 452
1048 412
241 342
512 68
102 459
290 392
826 1
821 313
396 448
474 432
1158 413
1064 447
309 514
767 170
457 624
1097 530
862 601
131 404
711 96
137 395
494 133
652 291
923 64
742 155
121 289
1035 472
787 547
706 118
340 605
505 215
890 93
789 82
273 324
857 110
776 28
167 483
393 223
850 57
733 5
357 316
250 685
665 135
948 255
243 399
659 260
1141 446
147 274
1150 586
129 458
998 449
330 516
289 445
298 449
658 291
1092 417
736 18
151 498
410 173
1140 664
1197 459
168 473
767 493
1085 432
241 299
369 397
25 41
955 580
118 445
820 105
816 431
934 554
772 657
902 513
936 558
970 464
317 310
535 430
867 637
895 96
897 56
1152 503
401 233
134 460
198 552
261 395
179 682
119 292
291 531
159 564
267 433
358 624
123 438
329 101
380 524
715 135
115 433
135 416
227 489
420 306
261 483
323 455
427 464
1051 327
1116 293
628 125
354 289
1126 673
871 42
234 693
287 400
1082 641
115 431
493 225
711 239
837 156
710 156
401 552
962 528
1088 611
866 71
1026 555
258 354
153 473
727 66
799 239
986 472
387 644
352 385
337 351
369 415
547 152
837 535
201 592
238 677
759 114
235 710
578 62
145 527
1232 399
969 63
125 579
614 256
1114 635
638 168
299 684
181 487
133 409
268 493
555 306
221 369
476 623
1111 458
266 691
950 407
423 508
1223 394
960 603
1143 408
220 465
856 620
222 290
291 422
986 617
276 654
204 451
404 247
745 253
215 404
1025 328
319 474
777 248
923 592
932 606
109 331
926 33
1098 172
296 408
1087 527
118 524
771 82
206 372
528 20
233 651
342 269
224 643
323 447
421 563
984 388
1197 355
415 493
413 481
566 54
466 357
932 125
203 426
1124 617
298 434
958 462
852 541
278 457
285 331
322 284
681 54
228 678
483 408
888 156
198 577
298 690
192 348
717 123
267 287
614 267
683 35
378 441
247 431
409 519
409 186
1106 613
311 464
1131 440
286 682
1030 554
327 486
294 689
546 443
232 491
367 319
131 485
859 629
440 185
366 648
161 463
718 202
216 445
329 344
1016 446
119 422
264 467
125 265
110 366
596 272
558 279
221 536
356 517
449 364
875 462
482 418
337 336
616 11
486 394
437 466
578 352
825 84
442 598
945 97
108 494
174 564
1135 536
365 443
400 279
1150 387
541 261
1051 175
463 495
897 183
258 431
493 226
924 140
104 370
499 337
852 135
514 402
215 578
297 395
613 692
778 112
196 521
193 525
645 185
669 269
1101 640
901 114
170 663
310 437
589 381
396 404
228 423
746 96
746 105
553 62
175 616
237 466
1034 493
802 99
288 675
177 506
143 491
412 353
207 400
262 559
597 132
131 398
348 348
225 331
402 323
212 685
118 447
1130 594
346 216
209 430
841 114
468 455
943 104
460 64
459 177
1137 177
540 487
292 386
312 693
233 405
164 655
397 473
1165 522
735 210
537 205
622 239
243 506
146 536
450 235
938 34
246 681
581 141
326 176
123 245
267 635
486 185
275 635
557 313
912 264
109 562
733 120
242 430
334 466
352 163
239 685
121 402
808 134
601 46
325 680
636 62
83 449
778 74
233 397
337 595
783 4
443 492
307 695
655 228
717 255
638 250
304 652
347 528
665 162
907 238
83 418
207 522
331 214
718 120
268 624
179 416
602 475
154 442
449 605
907 82
1124 86
242 504
456 365
203 336
295 580
308 649
957 242
738 9
962 75
249 361
463 180
709 166
298 295
839 100
337 629
502 467
436 395
126 546
341 603
244 553
733 22
356 272
416 625
750 50
1006 121
298 476
93 376
478 317
324 688
239 662
545 610
614 12
702 100
712 175
607 188
404 416
132 436
301 436
392 407
595 492
279 313
696 283
156 512
1056 543
173 622
288 682
808 109
514 37
782 24
557 140
518 132
672 132
288 381
267 379
315 331
368 281
548 281
93 423
353 478
378 456
563 513
164 639
296 675
836 91
841 77
772 44
926 1
657 148
783 162
366 338
202 348
386 383
428 316
1188 415
805 476
277 452
983 452
153 639
143 636
169 625
1104 606
343 666
225 691
340 682
286 686
800 51
723 68
914 96
536 115
803 180
1142 182
636 254
604 233
928 206
241 466
107 442
260 390
263 369
492 355
239 321
481 289
373 657
114 569
730 106
763 99
821 12
918 60
654 217
608 231
390 485
262 488
126 424
237 417
402 346
399 368
297 266
148 530
409 528
272 648
655 154
276 216
316 447
772 256
441 191
736 194
403 384
988 57
926 162
169 461
1027 156
882 116
768 138
117 336
735 107
743 54
824 81
243 362
275 472
976 552
870 259
811 148
330 419
861 124
436 212
772 72
541 368
1111 95
124 507
923 611
385 404
234 507
688 232
1028 129
189 427
270 695
108 515
289 512
672 147
412 115
724 16
819 24
215 660
224 491
151 473
524 290
797 524
1136 515
687 139
356 418
715 152
367 433
1013 342
196 717
316 336
158 370
691 118
222 596
279 637
394 122
224 574
210 516
627 35
700 132
290 280
794 103
784 105
733 10
1138 320
273 606
123 418
283 311
285 424
173 550
773 34
162 513
193 465
698 116
683 84
931 59
140 470
225 278
455 366
344 181
243 615
241 161
905 170
547 185
337 523
365 473
364 686
239 399
1115 463
595 29
508 431
347 428
946 590
746 10
194 563
398 384
766 37
828 689
914 128
152 461
586 259
417 400
