811 265
119 516
882 43
201 357
932 67
279 219
982 208
999 233
1122 117
760 263
732 197
726 523
229 518
498 495
993 215
1047 253
73 455
1044 11
952 204
149 382
202 695
831 118
1050 199
945 157
1127 161
732 192
888 212
329 517
1015 145
1040 144
957 178
1060 123
968 113
132 408
809 251
1100 142
766 503
851 198
875 128
283 575
133 475
906 502
1043 175
783 95
963 21
943 164
332 558
749 130
246 509
907 489
928 211
753 490
920 253
783 137
164 475
905 91
863 276
1102 122
158 373
714 76
256 456
967 249
205 672
819 73
811 567
597 178
1082 109
826 195
903 211
91 479
799 513
662 91
1222 383
829 205
1161 600
1113 62
969 48
741 62
905 272
802 217
214 559
1018 252
963 644
336 295
866 170
756 167
1033 178
890 257
894 159
583 45
732 139
922 101
929 278
79 472
938 273
261 550
820 295
292 527
160 479
1082 176
267 179
776 173
1100 163
1040 209
925 250
848 159
783 258
886 249
729 151
933 236
1104 99
1099 95
1133 127
1104 28
976 38
397 461
139 409
804 24
232 629
567 645
938 158
354 523
793 194
1067 183
908 16
1109 88
965 212
1094 195
1041 230
195 553
1062 73
1043 187
263 537
887 491
379 500
785 31
224 662
115 532
643 149
1102 408
213 535
1057 680
733 363
1037 215
796 686
915 230
180 523
868 138
324 266
503 34
922 276
124 542
315 486
771 179
896 580
1068 117
953 238
1081 45
361 435
817 43
1122 152
913 190
1082 672
879 262
250 626
197 607
1067 182
197 581
404 521
198 615
782 452
1057 207
112 282
1037 199
1067 495
830 28
949 125
848 25
879 243
674 407
986 290
1028 223
149 506
983 252
858 171
748 212
134 608
1025 169
247 658
282 580
724 473
979 277
1090 213
232 533
202 704
843 49
954 262
1000 638
1108 148
756 144
816 257
274 462
251 629
971 198
1099 69
949 287
829 253
1062 115
880 253
1182 167
924 269
130 488
265 193
132 566
901 651
800 150
296 536
306 529
307 539
257 433
747 39
924 235
863 278
929 259
930 222
1001 621
964 205
1072 138
1115 192
1166 236
957 247
794 127
825 47
237 679
724 229
196 618
276 618
1102 305
967 266
883 244
998 181
819 365
975 206
890 148
721 221
831 387
736 262
849 424
171 599
257 516
114 539
260 586
1064 148
121 487
816 466
220 545
130 615
920 243
830 250
923 47
987 635
625 83
1062 161
884 470
1034 384
923 167
598 70
289 572
1071 501
802 578
540 39
899 25
835 477
767 506
898 576
696 488
812 405
809 597
808 426
708 501
975 66
996 705
1070 708
1055 143
341 436
716 465
775 203
960 259
860 476
765 516
945 218
1085 687
571 431
945 566
831 529
911 76
940 277
911 600
906 285
1033 179
1123 127
701 429
786 424
795 408
651 143
286 478
1159 206
706 175
1137 526
247 567
355 228
787 145
865 275
1052 711
915 500
885 470
857 412
837 489
218 568
733 433
853 443
853 161
493 361
1052 684
1052 127
568 96
822 486
1032 201
265 651
325 475
831 236
320 529
143 497
851 158
316 454
958 645
1162 562
946 14
278 612
1038 167
993 116
226 488
206 558
314 506
1009 160
1050 29
1073 159
1113 84
272 575
996 659
859 239
805 133
317 545
517 364
1092 210
739 449
643 69
1055 445
1137 644
1099 20
1076 5
223 493
839 109
799 259
753 428
881 178
841 86
895 465
1173 563
1106 231
407 480
1035 165
158 561
925 120
968 168
620 83
946 596
124 494
791 513
865 526
824 88
780 237
1076 168
1085 709
281 508
620 145
200 541
253 566
268 482
978 76
284 479
1145 565
624 101
922 269
768 228
816 173
1125 177
795 193
910 18
713 54
1045 110
865 212
213 586
898 177
869 288
1116 106
1008 149
885 209
786 507
1066 150
258 542
921 191
1128 124
1119 452
1049 431
915 489
936 410
863 43
1037 672
777 217
1015 152
1046 689
272 513
936 624
481 45
149 545
856 584
922 622
931 74
1065 233
1125 152
1083 169
673 211
1014 190
837 211
1112 180
1054 108
1068 154
115 558
914 246
647 182
846 514
679 462
151 597
212 466
915 103
829 219
271 509
916 177
1050 670
950 558
460 437
831 267
876 154
1100 134
214 557
1198 215
235 591
1176 454
708 492
1047 103
1088 182
1074 181
318 275
1149 453
1069 191
827 72
702 192
765 217
792 470
830 187
826 138
1093 203
936 223
803 179
1049 155
972 186
1171 562
1126 469
540 354
920 511
1128 137
677 142
894 205
749 431
635 392
771 510
1020 673
289 552
863 483
1000 639
822 378
1090 108
197 466
1032 194
85 463
1143 540
831 451
393 521
1068 390
194 542
820 468
186 305
603 382
934 641
752 535
584 404
304 488
694 477
902 190
910 574
1046 146
797 509
891 539
1209 482
518 366
540 322
953 585
1107 691
273 463
1026 133
720 517
769 387
626 404
939 564
618 379
594 424
714 516
948 146
1146 643
936 23
392 513
914 659
978 519
1001 669
218 671
126 688
232 717
977 168
1067 146
143 610
1161 524
1106 166
752 459
749 492
1057 2
904 7
353 291
776 459
1074 467
922 493
580 406
176 540
292 540
1062 86
676 444
326 248
869 175
596 420
826 232
1162 498
830 23
1150 171
827 238
960 477
835 415
980 635
993 206
994 651
927 622
1006 267
1191 481
792 498
1146 531
990 588
906 489
1165 466
833 433
838 245
915 624
962 699
977 510
125 242
558 402
508 378
1136 560
754 454
1007 118
713 473
886 207
1105 496
885 271
1110 216
207 624
918 283
261 566
902 614
830 530
961 524
848 283
682 247
1038 224
1006 602
526 134
786 434
194 440
1047 3
572 316
192 581
284 538
1075 511
1197 491
639 145
750 296
783 405
667 455
1181 532
989 597
1135 128
1182 485
1009 180
1054 205
993 589
1073 183
434 457
586 73
777 476
542 51
1078 54
597 58
1114 634
881 245
950 651
1041 203
601 42
708 185
325 522
1123 659
1049 699
1011 638
1184 642
976 709
793 529
970 163
958 279
657 383
888 284
1048 676
646 375
1084 20
991 626
652 114
850 185
591 194
1002 260
915 477
1040 234
690 451
969 24
1038 693
781 478
752 483
772 139
610 428
738 179
816 200
273 493
661 427
919 243
824 175
319 603
235 545
1009 24
1142 410
809 421
725 507
311 491
840 526
1123 73
727 511
1049 664
1044 459
801 203
900 606
955 87
786 504
881 414
133 559
940 159
640 443
1139 676
845 543
644 376
872 676
626 429
1077 242
981 585
1084 654
900 532
981 197
1027 626
901 481
1043 644
610 377
1064 189
902 510
951 495
1132 578
837 576
1192 415
612 328
825 698
272 534
321 506
187 5
937 593
880 434
894 276
1037 154
1075 114
794 243
1067 199
913 124
736 197
949 528
953 250
1063 701
127 575
583 371
774 634
951 571
113 549
719 182
942 249
981 654
1136 699
826 507
961 236
1156 616
902 469
781 519
1108 429
688 433
890 479
606 381
789 458
1089 102
245 494
782 479
983 618
972 182
923 486
475 352
1054 687
632 143
625 117
1156 618
1142 408
101 556
816 150
766 195
235 630
907 619
747 509
1068 131
882 448
604 404
600 517
152 636
855 264
139 714
937 663
874 35
1011 45
998 661
804 232
258 443
881 562
1154 260
1140 481
179 543
867 274
1021 207
126 527
847 178
207 541
167 626
866 257
172 470
1075 427
1133 136
932 231
981 199
1105 77
834 68
1097 111
238 686
295 593
1180 346
605 357
903 236
160 536
913 205
224 483
982 258
116 499
718 408
260 626
914 152
866 233
1090 436
252 609
1041 83
916 488
1020 66
1105 56
729 465
1177 491
1081 97
868 213
893 271
800 444
871 204
262 633
988 214
983 56
207 572
386 522
892 22
204 479
1061 152
1087 189
992 231
867 268
1119 98
473 548
1012 536
170 630
1000 108
1072 170
231 675
758 61
129 540
112 395
1030 190
252 458
708 84
384 505
772 229
176 533
1034 176
241 644
116 512
780 182
1039 12
987 90
854 239
209 222
1073 41
145 622
1166 149
275 690
843 122
229 590
251 188
732 234
283 493
149 510
1125 77
783 146
1092 164
886 292
683 484
413 540
808 98
1029 662
773 182
912 507
999 52
262 561
364 460
125 487
960 121
1091 219
1184 511
206 515
1087 79
612 217
289 509
182 628
1075 82
862 182
799 174
1116 150
864 128
549 154
895 47
878 87
146 576
893 215
665 166
165 512
1012 149
210 474
398 298
296 470
814 139
657 228
702 217
887 44
811 247
698 9
1034 166
1034 237
913 71
876 191
1001 193
912 182
924 579
1104 213
203 329
133 545
1086 210
528 583
855 133
956 233
906 277
714 75
897 18
707 139
541 162
790 146
1127 157
1120 501
607 67
1100 122
908 80
866 215
800 102
982 102
1016 82
215 540
222 180
895 263
553 41
1159 174
824 129
1012 171
482 35
385 323
1066 163
748 241
294 574
828 169
1138 150
1141 227
121 465
179 545
147 618
229 673
171 666
1060 137
983 123
905 547
1103 183
791 245
132 518
1002 93
195 540
962 217
567 106
760 636
995 145
857 163
939 200
317 482
272 512
865 225
786 182
913 101
943 66
716 188
913 629
279 710
795 243
1113 254
257 643
987 220
898 13
1062 43
80 384
808 156
965 156
930 286
811 197
233 600
949 179
878 77
260 585
1045 199
415 474
1016 208
826 123
203 711
767 4
1053 53
300 516
788 182
1041 136
1025 213
901 218
1080 24
261 562
148 561
212 710
1095 154
1143 151
779 254
938 255
923 8
982 15
1044 89
362 275
210 298
186 431
916 534
399 525
207 565
209 622
1063 579
788 218
824 218
909 253
1068 168
1015 7
1000 78
1015 78
793 75
867 123
1036 274
839 569
908 94
936 81
768 242
976 251
1141 237
176 216
981 148
1142 128
759 165
710 174
314 481
262 483
286 475
942 273
274 521
137 549
219 616
237 602
213 688
174 682
238 640
1053 41
959 56
1081 6
983 127
950 196
1055 241
892 226
673 149
1136 139
1002 135
993 129
924 177
754 189
824 162
327 489
229 509
196 506
240 501
826 272
911 281
147 533
198 540
287 543
267 519
275 594
259 597
282 645
322 651
205 660
231 676
567 62
899 60
868 45
1089 28
738 3
641 121
1121 119
622 84
1132 90
932 150
836 159
1020 134
1008 129
861 143
814 185
1064 168
986 216
1035 246
883 268
835 262
1209 322
200 380
212 438
219 447
321 494
324 498
231 536
218 532
197 554
244 641
207 701
976 86
872 82
1037 70
939 75
1054 103
895 48
1116 54
894 35
702 7
986 16
910 186
887 189
743 191
1036 190
1094 163
789 166
1099 167
994 174
1051 132
958 133
925 148
958 250
935 247
956 246
1035 232
966 289
948 272
104 382
415 458
831 454
273 481
236 485
306 491
237 635
1054 639
286 531
313 553
283 554
324 694
1100 116
1014 98
931 107
1007 89
986 90
982 5
797 173
782 164
1017 164
840 177
933 179
1046 182
954 134
1027 133
1106 133
1069 131
879 137
1031 249
923 255
710 198
1034 198
779 199
915 195
153 627
309 632
180 609
160 610
318 573
110 538
143 650
261 687
334 480
82 387
830 274
607 265
924 258
1033 67
796 126
972 113
822 100
756 44
1058 46
1019 17
992 206
887 194
1035 219
977 243
685 140
1066 142
927 158
996 183
1099 183
774 178
733 188
967 189
918 191
949 163
785 174
1045 171
221 614
433 556
120 550
200 526
160 519
323 542
253 656
82 452
985 284
722 256
733 289
111 361
799 62
920 122
1141 126
1110 101
902 237
768 229
769 226
781 226
1058 253
789 131
847 135
1014 141
923 172
714 176
261 713
110 579
267 523
334 551
263 468
124 477
281 453
167 506
644 86
1004 84
1039 25
1085 23
863 232
1179 180
1155 176
984 186
971 128
968 134
975 142
1051 145
257 633
170 596
150 513
264 569
252 658
131 371
249 336
935 259
840 256
171 504
316 510
77 485
464 469
825 434
836 68
1150 114
1053 59
820 57
472 2
974 18
817 208
1094 210
911 217
867 239
886 255
1070 161
876 168
985 186
695 140
1134 150
140 624
166 588
115 563
115 525
227 527
163 542
302 481
174 278
598 92
782 92
945 219
957 205
990 207
838 139
914 138
136 618
264 566
110 567
294 560
124 569
237 698
226 681
297 649
870 261
821 263
240 449
210 480
92 508
809 5
1015 47
582 90
1068 95
610 195
847 217
997 217
875 225
246 518
151 535
947 3
1117 73
971 75
112 585
1099 251
696 176
976 128
319 660
1028 295
952 43
273 679
1078 144
762 239
309 515
143 579
183 566
1098 212
842 447
873 152
730 610
90 462
944 106
926 186
1067 204
117 554
289 505
917 227
142 485
1048 159
1000 231
1012 129
247 514
1077 131
910 247
1018 136
303 655
277 553
1112 174
594 387
336 477
144 461
1081 11
1103 177
399 307
1038 227
711 169
208 449
271 226
930 277
769 109
1079 245
1087 169
91 306
414 444
1113 173
719 166
930 274
513 251
690 701
1051 91
398 218
1020 92
810 164
111 233
1110 540
1016 172
1100 17
949 231
228 581
848 206
1115 47
1076 171
933 227
744 513
763 217
1074 142
897 209
208 651
833 533
975 189
209 472
884 200
1062 684
858 227
998 233
1028 135
1103 106
971 247
98 413
809 217
955 205
931 247
922 210
387 555
987 240
256 610
225 447
1092 160
923 589
172 671
201 665
745 444
990 10
282 570
215 357
1032 215
771 170
216 687
305 522
860 172
1089 34
319 534
1135 117
175 651
908 495
896 77
825 99
876 128
1009 56
128 565
765 212
997 377
1030 170
1003 112
513 114
900 172
938 256
822 164
274 429
868 33
1043 156
877 255
1120 81
976 96
933 249
1032 230
1052 694
515 312
315 615
838 161
850 548
872 71
1110 163
854 226
216 578
855 184
872 180
878 272
746 147
687 86
1159 713
253 453
987 230
278 505
1036 174
1040 48
945 87
975 202
948 184
146 475
911 59
775 496
1034 139
884 266
688 164
825 208
1125 246
987 41
980 84
1026 187
861 196
448 57
1119 75
634 425
310 519
227 444
1077 197
157 467
878 274
571 74
896 179
170 677
711 165
152 590
259 491
174 508
712 118
1145 499
272 544
1215 353
1087 131
441 448
739 505
973 249
828 131
226 627
1031 183
714 162
948 548
1004 216
803 224
1105 200
752 114
1042 159
716 52
752 138
1042 165
215 600
934 186
189 645
739 271
1058 241
119 478
837 223
505 159
309 517
302 498
1132 177
341 248
1037 312
767 161
834 149
950 222
168 477
222 633
1042 239
201 551
1212 288
1042 164
1062 146
975 139
853 96
948 167
690 148
263 559
767 196
1107 181
252 512
1005 83
690 244
432 60
915 120
746 54
985 96
1071 140
984 14
1062 97
1090 184
1058 176
1011 222
777 158
820 216
103 462
853 173
607 421
783 110
1127 231
935 228
1012 165
448 579
143 324
179 446
1098 56
627 29
890 252
1037 187
980 150
1105 145
1055 674
959 193
957 97
163 609
290 493
634 186
821 195
869 50
225 588
1064 155
136 590
190 561
420 458
245 596
167 514
864 273
272 515
594 127
508 1
197 562
888 241
283 545
738 164
197 692
727 57
1161 166
974 223
105 516
107 436
943 254
1164 154
175 472
295 480
228 635
1028 152
1054 11
217 298
801 234
236 576
902 196
1026 158
725 195
704 136
288 533
815 154
896 36
1121 162
782 231
665 185
888 394
801 212
1095 95
904 23
882 113
1012 200
727 30
963 146
705 78
946 426
1027 140
750 211
662 29
880 274
250 688
892 115
1069 230
303 521
258 334
1065 49
207 649
1153 114
820 284
1032 157
1121 192
913 281
1064 120
570 50
1039 80
1021 156
980 203
250 578
735 251
180 630
993 92
283 453
1092 101
836 187
640 53
126 514
778 156
187 624
1088 109
1155 162
1135 118
671 158
879 202
1132 149
413 542
133 487
851 175
299 595
584 78
749 155
178 454
291 578
1143 195
879 264
802 141
646 127
314 620
928 256
349 534
207 539
1146 165
812 52
622 9
817 97
735 117
892 620
290 488
227 710
835 191
891 295
832 267
285 271
793 173
1095 42
1016 141
793 237
82 483
918 135
422 472
1206 470
297 512
718 48
704 189
1165 569
631 375
1173 188
920 178
678 155
1069 166
1008 226
1052 201
1031 165
235 571
1037 175
1117 159
660 119
219 467
714 606
326 550
402 509
323 469
874 161
695 627
201 691
947 213
855 201
998 108
111 518
188 669
958 155
180 580
865 282
1041 262
152 543
180 511
983 152
843 276
1011 241
1059 710
718 474
970 512
737 504
540 321
834 503
302 626
929 642
1020 55
991 609
247 204
540 363
997 213
950 521
878 465
843 115
988 169
451 178
1097 402
159 70
1107 201
1038 215
603 170
955 356
1196 514
676 461
1129 240
123 559
932 201
869 272
857 182
1067 246
652 104
718 391
841 191
824 182
356 273
1130 217
651 47
174 660
206 604
117 517
881 263
868 68
996 259
1155 240
842 437
838 111
623 229
1153 286
228 196
143 533
753 225
940 512
615 192
1063 702
1063 180
907 262
976 36
316 484
854 496
993 610
1112 388
691 129
1047 436
1135 512
1098 145
820 121
892 244
417 450
1017 240
193 358
877 714
1191 486
883 7
291 620
943 150
1030 238
1016 24
1084 82
758 454
865 104
548 352
907 494
957 153
240 548
268 554
1193 441
699 398
1078 168
907 497
936 280
623 430
286 507
256 359
1085 122
1083 121
765 375
610 148
729 169
295 567
918 260
151 81
1051 61
273 469
1031 674
775 11
163 612
505 60
257 538
322 482
897 257
1123 457
765 388
837 180
907 276
816 402
987 374
988 122
811 242
613 443
1177 539
1104 132
1171 526
916 243
1026 197
1127 150
957 617
271 531
821 213
1110 117
683 482
865 227
733 407
1018 322
960 631
970 529
677 446
1047 123
983 594
165 592
794 155
744 147
1088 185
956 128
1084 157
1042 77
625 446
1023 227
902 37
158 451
1028 61
1024 228
113 322
248 606
1046 247
974 85
217 548
922 270
905 80
1023 179
908 692
994 510
205 681
961 157
694 179
1005 76
238 664
746 151
1154 564
145 446
382 432
859 284
862 222
1110 189
1058 69
126 487
670 207
319 671
911 61
928 212
527 79
920 218
290 571
1027 195
152 596
181 477
787 297
970 200
914 219
1129 489
774 170
930 239
1076 133
818 265
909 114
941 123
1097 82
958 75
1029 47
769 245
862 164
797 273
889 124
884 229
1120 108
861 250
1127 140
825 49
1052 697
823 184
429 489
827 107
755 243
803 487
966 602
96 543
839 194
309 478
264 498
1056 178
1080 58
560 137
801 191
1093 146
225 468
1139 102
1024 227
1037 168
1037 179
1106 219
990 188
1076 166
672 146
858 203
1140 545
1007 156
656 172
505 167
831 193
84 474
778 199
294 543
276 530
190 529
539 76
800 270
968 215
1096 108
855 226
144 496
903 231
805 144
1025 64
959 271
284 512
1033 239
242 563
908 167
878 136
1005 210
1089 82
202 337
1024 52
135 426
411 566
495 151
249 563
796 119
947 155
1027 236
1017 197
239 617
551 154
1134 81
849 193
827 653
107 504
967 159
1117 276
912 208
726 713
245 529
995 249
582 167
1070 7
143 595
1013 96
985 165
257 484
1092 78
922 130
1121 138
129 504
233 487
199 618
699 93
460 126
581 368
1001 151
286 535
926 80
184 562
197 705
1092 188
261 689
554 140
781 231
983 61
796 130
868 272
1140 487
936 226
790 179
1142 175
826 211
1085 60
798 187
163 438
271 472
371 527
879 216
195 666
917 181
177 318
214 691
205 523
1162 287
1100 39
1111 149
908 71
997 600
943 163
1136 82
989 266
849 275
901 276
611 105
914 150
914 644
761 40
749 173
164 555
373 469
923 249
364 550
322 553
240 442
218 464
1023 195
913 232
1005 46
271 579
279 484
782 186
1045 215
184 577
900 184
877 230
731 231
979 199
1072 255
966 188
99 525
819 169
174 473
302 675
117 531
1059 170
706 228
209 642
211 489
231 465
1148 132
984 150
1125 183
808 237
990 42
334 624
113 567
995 370
634 172
1039 191
147 517
1124 58
654 153
1045 28
1054 324
342 535
267 644
277 557
1109 120
229 489
1099 253
844 175
165 580
1045 72
654 106
830 188
1104 242
630 407
563 38
302 486
158 551
245 501
134 432
236 370
1088 186
936 244
174 546
913 382
499 667
620 91
315 447
596 251
806 200
1116 219
152 629
1051 217
861 244
804 173
316 544
831 222
810 142
864 257
942 263
1013 213
792 214
913 123
1035 136
894 204
264 556
935 222
825 117
1008 618
919 228
891 279
588 111
896 138
1034 227
873 162
176 553
304 460
172 562
1116 205
1092 184
853 175
749 97
1077 63
1104 78
255 523
923 217
805 127
331 572
153 565
891 271
180 535
954 159
754 191
201 494
151 500
189 506
911 220
888 230
654 3
170 472
960 73
697 451
814 82
976 52
557 69
1085 223
971 163
1107 151
884 235
1005 218
1057 211
1097 199
1099 137
920 242
1047 138
868 277
267 592
309 470
338 260
669 178
96 408
854 519
196 482
809 189
1053 15
1036 139
811 245
293 232
218 478
913 94
314 554
943 213
1056 40
879 148
742 241
1033 98
355 281
957 184
955 223
266 467
939 221
545 93
226 601
153 268
1130 134
224 191
702 633
521 150
950 263
788 263
151 609
1096 117
852 163
1096 190
905 242
777 54
178 543
88 305
107 577
895 16
414 453
1091 167
797 148
1127 105
238 671
236 291
1005 12
1095 155
1016 166
889 233
717 203
195 658
854 217
895 194
309 238
147 576
983 72
761 195
445 175
1107 127
1052 128
115 515
186 536
668 225
839 55
363 583
1051 676
185 518
943 174
1041 97
1002 597
307 601
735 512
1051 579
462 476
869 252
845 276
1020 176
774 158
815 250
944 285
837 196
1039 188
800 58
666 139
848 225
1055 184
263 619
218 330
706 389
877 194
295 508
934 25
833 435
405 482
798 193
817 262
743 263
950 13
190 545
844 168
1097 149
210 701
673 394
226 503
1175 190
902 153
238 621
961 115
507 92
188 466
1000 168
826 213
868 255
963 520
147 470
106 472
477 593
794 137
265 475
966 271
255 568
86 320
1034 167
284 530
980 147
1133 94
768 111
829 172
879 448
203 360
989 82
1027 116
972 115
1175 196
137 617
820 218
1137 113
858 231
129 194
830 176
1128 132
228 490
863 127
1118 101
842 257
785 290
754 171
236 624
262 505
817 162
565 104
841 132
972 239
852 199
936 38
1100 114
792 199
956 157
1064 697
260 567
221 605
805 152
953 256
795 47
773 186
988 217
937 144
739 81
894 236
877 165
209 232
680 404
890 10
881 219
1113 68
771 154
903 81
127 529
810 185
1143 93
746 625
706 185
987 261
1097 520
967 267
258 625
1133 214
951 241
784 161
841 125
927 277
1116 502
922 254
857 150
332 492
1003 225
1056 188
986 210
214 669
803 244
272 670
850 258
1080 159
293 451
172 419
928 215
72 419
1131 135
886 134
875 134
192 359
651 472
307 628
638 139
173 453
1035 137
194 517
250 335
898 251
780 217
1087 156
846 276
229 685
1017 6
169 562
773 234
523 151
1077 4
132 509
665 167
118 487
968 194
1031 179
243 693
860 281
108 493
237 716
585 389
340 503
885 280
853 484
813 132
1119 109
162 475
969 23
860 50
1033 102
1112 212
244 682
766 177
956 212
1079 111
166 641
246 679
1093 108
719 175
898 274
740 214
1145 521
890 150
1096 406
276 558
1117 135
1117 59
940 118
921 206
187 579
987 206
931 530
959 205
1167 598
327 479
207 669
694 424
123 317
271 437
834 223
1019 239
1206 263
822 210
217 709
321 552
877 627
856 178
996 102
1113 197
855 275
944 199
170 328
764 9
1130 127
974 203
881 270
1120 278
837 255
1163 158
1091 97
250 554
292 451
783 195
1210 289
1049 292
266 423
91 489
143 285
1017 126
256 587
934 481
665 390
239 350
302 509
338 534
843 165
770 176
1018 268
1040 246
844 523
821 212
750 172
917 265
186 675
816 269
71 324
302 535
119 503
186 319
239 370
786 198
820 172
1069 204
934 269
1000 162
227 572
826 49
1050 178
954 109
889 43
989 18
983 268
1079 139
944 231
808 257
781 107
262 604
336 583
158 581
636 75
847 195
815 200
907 167
144 335
138 598
1125 84
276 464
177 326
1077 97
220 522
915 183
978 198
838 251
672 158
1096 155
1030 125
794 110
1068 52
875 264
801 252
784 139
1113 158
938 142
1077 249
131 474
1020 122
792 162
954 264
571 207
167 597
1088 120
1089 136
251 305
1099 104
303 524
1139 232
1040 160
1054 24
814 28
827 264
255 598
311 465
222 557
682 194
831 177
281 587
858 78
1033 169
751 484
707 148
881 214
808 422
682 441
208 541
1119 123
631 21
72 392
183 688
1044 243
993 197
1040 211
924 241
1054 241
192 665
253 457
889 221
153 499
1137 127
913 196
224 410
657 125
1002 210
668 67
820 510
829 142
582 149
778 295
1009 53
849 251
1066 173
778 233
654 402
218 613
692 125
114 488
1071 163
1014 23
582 78
1082 67
835 38
818 137
472 460
983 244
953 108
803 443
211 601
787 36
262 542
216 612
1163 148
280 499
980 194
1052 218
902 7
1002 234
1022 167
709 200
292 230
854 198
898 109
1046 213
1086 180
274 464
960 41
223 308
855 259
1148 128
480 127
1052 145
214 574
793 145
624 189
698 422
505 22
1078 161
1057 12
815 244
1002 84
924 219
910 275
190 533
1133 159
202 539
1007 43
131 586
1205 263
796 224
666 360
258 488
1073 196
752 211
798 82
706 223
1050 259
946 201
908 187
825 426
879 57
1048 226
1066 719
744 70
740 179
638 184
891 221
314 527
336 299
860 186
306 252
914 119
740 99
997 167
1146 147
92 443
1026 194
822 442
765 179
277 643
879 188
230 563
962 184
277 633
961 33
911 517
1144 72
1035 56
283 529
156 523
807 150
1157 204
996 277
272 462
1103 103
270 455
179 462
852 228
934 279
823 494
255 456
1045 245
909 92
633 147
932 190
192 459
260 513
945 115
1120 223
767 167
970 197
162 217
541 127
358 267
678 141
1069 491
749 181
1106 187
1033 221
591 417
871 29
1000 169
152 457
1052 658
227 538
905 79
811 62
799 164
910 433
577 114
1106 183
514 160
869 293
1102 33
1035 203
1098 40
1115 89
1021 277
258 671
266 197
935 255
829 157
255 628
970 185
1012 199
608 73
1066 37
305 569
153 586
1041 110
788 148
377 516
1082 163
349 481
184 483
764 165
1109 142
608 176
187 620
837 564
966 209
1055 95
819 192
1055 171
198 541
983 155
1050 301
1112 166
893 283
1083 475
1045 238
975 101
1114 261
201 576
582 410
1047 140
941 76
847 264
1036 111
963 11
1098 121
1127 89
764 218
687 152
955 248
1011 42
813 189
339 152
862 23
263 338
910 163
772 39
847 92
199 658
163 485
1011 150
1029 635
834 27
906 563
1046 181
166 575
803 269
274 540
1137 104
787 209
800 121
259 644
1061 1
870 51
1019 208
542 218
720 599
811 204
210 617
176 685
189 557
710 200
605 257
927 229
533 85
911 15
1125 228
506 565
939 494
1090 129
872 109
321 568
729 48
200 673
1038 219
195 556
1008 265
897 281
1080 125
291 463
884 247
250 534
1035 149
1086 37
821 26
1101 204
853 215
150 534
316 498
950 476
855 194
879 251
180 639
854 249
346 522
772 244
457 197
1107 167
913 81
929 138
1175 167
855 233
122 567
951 49
207 325
499 59
953 50
939 198
334 384
901 176
1108 205
827 261
198 587
1070 69
309 468
725 197
941 180
991 250
947 165
1018 52
935 176
677 97
169 635
934 205
791 42
845 107
1070 125
207 476
837 286
146 584
981 128
644 182
1044 181
933 268
795 142
147 584
972 12
917 243
635 179
311 489
868 221
312 491
1004 137
148 447
922 274
913 12
1052 15
904 116
833 64
1031 223
227 684
849 224
325 613
911 210
1124 181
1041 291
131 527
590 128
927 231
497 207
807 195
685 138
951 117
771 180
839 178
593 45
1058 494
928 270
858 268
1084 99
847 261
977 17
727 25
263 625
910 612
957 140
1131 151
765 147
730 176
269 624
931 73
1066 208
638 154
804 253
309 538
874 183
129 537
1016 66
221 666
173 586
302 527
327 293
204 487
108 539
892 699
761 153
1109 113
241 546
461 492
1037 191
947 203
758 78
918 219
784 248
811 185
985 196
906 208
1065 713
979 166
733 199
1043 108
1076 58
939 247
839 174
674 136
504 502
262 562
1117 466
974 219
330 519
864 268
910 124
1050 65
180 421
721 477
718 216
882 222
235 504
215 498
817 253
996 16
826 564
770 213
952 36
155 540
1085 51
1093 157
769 207
911 214
528 149
935 232
449 572
300 620
206 619
1117 119
830 122
910 213
1158 126
358 550
226 669
327 547
874 224
696 184
99 541
168 533
883 194
1073 53
267 460
876 502
596 120
863 165
1035 251
1074 18
308 569
941 269
692 451
910 280
947 582
309 566
1070 134
1038 222
859 271
827 117
933 278
624 406
166 548
554 94
743 211
112 503
291 480
1215 309
268 648
197 5
237 212
950 286
265 560
1027 93
991 233
799 206
293 556
1111 150
80 330
1160 112
785 497
136 536
214 536
74 361
681 227
1014 204
845 511
812 155
212 568
1066 4
973 186
1070 106
197 267
958 271
904 48
201 550
1093 285
167 233
169 575
209 653
817 211
968 73
863 50
889 173
225 667
851 270
924 186
951 236
174 582
929 125
796 33
1157 297
783 207
337 502
992 149
839 444
990 196
263 636
227 590
158 232
298 555
685 164
982 259
916 287
971 93
800 51
249 447
929 270
1095 25
243 443
1072 147
1134 89
520 177
129 548
923 62
1065 647
892 231
601 128
922 223
986 160
1104 165
1067 229
305 231
1085 160
124 584
921 212
1013 29
1115 65
851 190
933 251
998 156
927 281
810 138
202 277
1067 9
1057 172
990 79
1114 126
1134 98
262 558
1037 209
1070 12
878 295
737 48
1063 206
857 213
283 500
987 124
581 126
782 182
94 513
596 204
383 573
943 131
898 273
1026 198
1003 228
114 474
320 565
248 568
224 593
1036 158
958 203
866 247
920 193
973 263
627 361
1015 72
168 564
998 7
978 7
829 233
958 15
914 223
196 283
604 237
1032 204
901 77
411 453
1115 60
1151 127
767 177
153 628
542 404
932 221
1016 230
107 551
825 212
901 88
535 70
858 223
908 265
238 711
405 498
402 503
285 549
1197 201
111 543
1039 199
754 40
230 669
248 613
1003 28
951 192
722 184
180 531
292 446
905 4
929 171
807 189
1024 108
1170 196
179 479
120 292
944 216
126 464
574 76
1081 216
1149 112
1042 87
305 579
859 499
190 551
966 513
254 559
1047 219
158 616
321 490
804 33
708 223
1053 254
342 258
951 207
946 161
259 668
728 189
983 169
873 461
930 45
879 44
893 0
285 545
254 620
1059 241
193 538
178 528
856 171
285 483
1069 130
830 213
800 535
172 371
827 201
1072 248
1108 115
671 141
447 613
1015 138
595 89
186 545
1078 135
111 492
1021 245
957 138
217 527
790 164
948 132
1051 183
150 521
293 500
828 223
1113 377
1005 103
900 235
277 446
939 239
126 367
682 71
134 516
275 483
1031 304
802 719
338 493
1020 168
291 602
828 166
105 517
481 117
811 240
1041 14
201 409
935 224
781 198
143 629
208 455
923 203
963 183
979 149
296 479
1104 178
361 257
157 408
595 117
1121 446
777 678
215 508
787 265
221 462
1119 40
280 559
117 428
676 38
94 503
265 593
919 655
232 653
566 100
262 582
787 624
202 571
1111 257
936 637
605 230
1110 530
1013 20
943 233
167 503
784 502
151 523
1073 200
1041 201
170 481
1034 157
771 84
1072 45
820 148
858 60
985 151
186 610
842 203
969 76
222 358
805 222
1008 228
1014 156
1172 259
835 161
1079 149
798 470
982 9
788 264
988 79
865 287
897 201
241 669
812 481
978 255
1046 127
678 436
1059 131
297 382
846 101
950 524
281 552
982 556
949 193
225 644
1070 131
889 274
818 520
1020 198
555 190
815 148
934 200
963 103
611 216
1018 181
981 248
880 514
328 478
807 223
881 111
1007 632
936 144
788 465
1093 103
1028 257
833 263
243 542
1022 134
804 544
246 488
961 353
99 479
352 502
258 618
925 664
584 333
270 507
299 560
978 24
278 540
1022 289
204 496
202 313
241 543
1100 406
708 438
699 170
1081 43
236 482
1071 172
1011 252
1099 195
769 240
983 624
934 594
264 572
956 245
882 275
836 596
1161 146
952 153
924 551
980 270
1070 120
972 662
190 552
1190 431
124 503
1005 216
955 79
946 39
1135 81
203 275
245 372
902 116
277 571
754 468
897 238
1056 442
766 201
696 100
208 577
844 195
969 165
920 190
724 161
819 69
1114 133
129 538
1057 160
203 634
1135 95
1043 139
962 168
1027 203
688 384
315 474
205 541
982 247
1035 202
1135 478
278 544
1025 189
839 167
1160 196
916 171
251 550
178 457
945 611
717 670
890 596
293 455
769 233
1016 148
1100 672
862 490
218 583
654 97
968 440
1064 507
221 690
672 55
1161 502
1025 191
695 99
890 174
311 506
1169 528
1099 133
511 451
914 521
807 250
692 473
1030 668
319 490
926 512
855 489
778 533
429 302
1162 454
879 606
999 466
927 503
1120 161
696 479
331 553
968 235
1063 682
680 484
764 404
652 424
701 414
1099 686
844 529
954 668
876 580
716 222
781 459
622 410
508 363
778 452
857 527
924 508
997 646
1048 709
950 191
962 46
912 463
774 532
804 221
984 594
1005 596
1188 442
767 435
1161 530
808 434
813 461
844 601
1000 657
1143 448
671 428
274 500
183 520
1167 165
1148 540
208 505
542 360
1041 678
1104 467
1120 461
85 397
892 641
778 443
660 470
1188 520
895 224
778 15
1192 496
185 535
712 415
671 455
194 711
897 160
371 535
1082 442
846 499
847 179
921 464
927 472
819 444
970 62
884 478
894 625
1200 489
1135 682
1036 212
805 463
675 395
830 428
815 172
150 498
770 476
683 450
740 445
934 512
914 387
1122 505
939 646
1205 485
1201 475
1123 538
709 487
941 482
286 532
1168 561
831 266
338 511
763 415
796 510
757 525
691 405
910 580
586 396
113 385
1155 466
1107 684
1063 41
704 75
1045 94
1106 103
685 435
869 550
612 453
927 233
889 161
795 527
216 654
622 75
1113 511
754 218
886 85
804 197
935 70
600 366
228 568
1151 563
1056 180
958 137
1198 436
870 194
161 62
601 536
1018 163
907 615
869 491
839 182
640 392
946 8
988 379
1033 91
109 464
930 582
855 150
1057 50
171 516
151 84
1135 234
893 480
401 239
1078 109
259 591
933 31
1137 498
930 515
1017 515
1053 224
807 233
282 467
1006 186
1042 124
543 26
245 546
299 527
1064 117
548 19
1172 571
840 247
1138 134
268 485
687 148
998 230
1180 563
787 427
911 616
232 534
989 433
1134 640
880 46
258 500
787 189
815 379
1107 208
1130 193
736 178
306 537
1005 192
919 259
849 191
752 407
1125 587
304 578
952 531
558 693
197 572
281 413
795 479
277 645
1121 64
1156 523
1072 19
1091 181
704 172
1050 627
753 484
254 615
790 101
966 508
114 405
972 164
1063 663
964 129
1032 26
1110 529
812 459
797 202
818 59
952 123
906 173
1179 187
676 162
217 558
935 163
225 446
610 31
1129 519
248 570
1109 64
197 678
931 285
938 206
933 245
294 445
1111 53
1029 604
152 537
363 486
174 589
1001 339
801 424
719 460
115 416
843 169
975 158
911 22
968 192
672 152
728 118
730 194
852 601
1145 160
281 576
291 450
281 691
160 482
1061 24
1068 85
1013 211
265 489
1130 532
257 570
1128 143
962 243
196 459
470 692
122 539
123 524
312 611
839 121
210 557
224 568
884 31
314 562
120 458
734 129
311 599
1073 260
908 483
109 485
320 467
828 121
193 518
785 170
865 525
1049 124
1095 84
859 217
1056 225
233 619
924 274
811 280
787 213
922 187
950 239
931 238
167 606
645 192
1152 188
862 545
656 169
1120 164
1022 188
1015 108
934 519
1104 152
876 278
769 224
812 502
1005 665
900 271
727 53
1026 643
783 24
812 270
1069 155
935 103
235 464
1041 149
975 233
332 283
1124 125
1076 24
1020 6
660 477
795 174
169 525
276 556
681 413
970 100
1064 178
874 87
697 118
993 187
1062 215
706 201
1032 681
1067 188
268 668
960 144
1042 129
860 9
794 581
348 544
1022 206
1045 201
1083 473
1025 102
1070 129
867 481
646 192
248 604
1148 390
1149 152
1092 153
667 424
1082 193
235 171
79 456
988 591
1016 205
293 265
886 202
711 420
938 63
229 565
170 534
748 66
1154 455
191 339
545 60
322 538
1041 235
1058 137
253 540
1047 199
990 231
282 552
746 424
271 499
973 138
994 54
812 195
1124 170
894 246
1080 202
855 280
1135 140
888 98
822 259
1034 106
814 100
653 96
352 485
813 492
204 8
848 271
192 304
1089 174
235 536
264 204
1019 177
884 649
325 241
104 408
998 131
1134 398
1101 110
1139 500
873 214
725 455
803 196
1000 158
1092 203
854 460
187 527
1055 709
237 528
1071 515
953 513
651 163
913 500
1187 464
837 511
1175 480
909 487
1024 148
916 230
764 127
904 506
130 588
270 553
902 509
765 513
1017 223
244 606
543 376
1040 164
906 281
828 120
805 488
830 517
664 177
1116 590
566 67
985 616
870 555
1202 392
152 574
760 492
895 131
888 172
1088 153
863 208
479 318
813 225
130 269
805 201
626 442
1152 458
915 74
908 225
1149 122
928 9
160 587
1128 99
284 681
277 526
394 470
853 156
844 226
611 69
948 241
1060 215
890 262
863 193
1082 196
1066 39
167 532
1056 484
1018 76
202 5
358 483
903 37
531 64
995 181
886 607
1039 654
761 506
735 175
298 512
828 530
716 435
843 440
1122 406
674 409
206 13
1074 699
1127 649
864 470
1032 662
921 399
1163 508
1141 435
803 340
928 500
1170 515
722 378
741 193
1137 628
286 463
876 35
113 495
266 575
1050 711
1146 615
906 542
814 517
1117 539
873 279
126 261
777 472
1114 63
694 457
1172 567
952 260
953 547
1062 712
1028 129
765 412
999 143
1008 617
813 527
863 546
700 356
628 444
910 212
638 406
1137 708
514 375
959 265
857 179
602 391
811 549
1081 142
709 148
904 566
966 570
753 448
1188 498
794 241
908 577
1006 424
714 430
820 476
893 196
587 393
865 609
821 156
1018 642
644 353
956 573
853 140
671 470
770 180
244 497
176 421
985 180
1102 600
1049 700
1119 514
988 713
1114 159
925 533
935 505
822 233
290 523
791 437
732 540
704 465
283 644
675 203
982 211
859 509
595 423
1082 713
737 422
911 439
748 76
282 593
124 545
190 498
1072 646
1083 673
949 92
1181 209
227 577
566 160
682 408
856 59
173 497
812 234
979 111
926 490
845 66
183 586
739 214
708 156
333 583
690 441
570 351
1030 197
291 546
299 453
806 410
601 427
203 477
848 515
562 422
871 144
700 444
1023 11
1161 552
963 169
1146 524
1139 129
750 592
1093 102
988 177
773 15
142 508
795 489
1018 69
181 684
1098 133
896 187
1172 513
952 246
929 134
955 140
649 361
581 401
838 229
862 403
848 45
901 177
937 93
1027 222
121 472
767 565
669 107
1057 179
926 276
826 261
985 427
1024 238
718 620
1123 156
565 62
1017 136
971 83
492 320
1013 222
1181 477
1073 64
905 167
815 213
714 501
979 223
666 249
1022 65
269 481
95 346
1164 173
815 251
1001 104
455 319
935 14
1046 21
918 9
670 202
1089 37
278 232
861 221
780 478
273 615
864 47
517 375
827 439
154 629
932 130
147 519
758 149
1097 656
949 244
813 175
1148 430
874 394
1180 182
181 467
1092 179
600 385
851 263
841 235
707 50
1085 129
1015 116
724 5
354 506
858 81
658 176
173 516
827 481
160 585
789 532
891 68
1088 59
824 237
960 199
986 116
339 489
745 525
674 466
838 116
823 269
1005 239
995 197
783 182
779 231
832 201
1108 81
696 454
1148 645
1024 210
629 102
719 130
802 41
997 170
920 139
1023 93
865 200
244 453
1101 450
766 496
207 510
693 482
1137 499
874 185
1061 209
593 23
754 162
884 434
835 293
959 67
850 162
909 180
1033 75
152 561
711 177
846 121
1072 23
902 218
324 480
1015 195
954 213
142 529
996 182
155 432
252 577
301 495
723 106
927 248
278 593
808 272
789 500
856 128
956 197
999 161
1033 31
701 229
292 601
793 97
894 162
325 260
199 682
968 541
818 181
749 598
1070 104
812 69
741 61
578 109
799 211
1188 463
1003 186
1019 176
936 270
727 189
270 486
335 553
1133 118
850 249
853 221
1168 164
284 618
296 146
1128 73
742 206
884 255
796 203
1082 96
1120 79
800 222
197 297
273 541
1051 124
808 188
1064 173
977 39
716 189
882 112
238 320
318 262
1022 482
271 618
961 4
329 463
596 418
178 526
834 203
232 598
990 230
948 143
1054 218
275 566
796 268
859 234
871 58
181 566
971 143
629 106
273 508
1102 80
1091 156
1037 182
810 89
169 487
1153 104
1072 47
1039 165
293 577
914 162
815 150
134 493
756 241
822 175
798 131
999 119
179 532
1046 199
171 501
511 65
278 492
786 91
1002 223
1067 54
1020 302
944 264
227 690
694 27
136 576
329 612
920 108
1128 107
983 104
830 194
232 613
922 139
288 499
844 170
203 696
870 267
73 417
133 441
222 582
918 147
714 143
638 370
924 14
1088 130
739 163
275 452
868 185
824 264
235 531
814 136
968 288
215 585
916 277
1030 50
276 593
1078 80
260 449
859 210
146 480
986 261
973 127
183 540
1144 135
276 575
180 614
755 148
809 197
276 420
962 253
988 181
1097 80
975 640
126 575
166 383
951 266
897 270
799 165
252 464
1079 162
1094 200
759 283
131 432
749 215
1100 32
991 98
937 255
97 506
620 449
1050 35
1085 111
956 113
325 464
304 544
158 567
935 231
269 625
1196 263
206 685
156 488
1030 144
419 480
930 47
757 60
1016 246
910 243
882 132
1104 105
291 520
920 43
931 190
776 252
249 518
245 571
252 559
883 264
914 110
956 199
1086 162
1075 120
1118 238
293 507
1011 266
336 562
1053 239
952 134
180 489
911 201
936 177
1180 174
1105 189
146 530
173 560
815 254
654 129
876 285
714 170
942 82
388 541
1079 45
846 171
340 525
956 6
930 125
640 63
884 153
287 466
597 207
221 456
201 587
168 528
960 43
944 156
921 114
1141 224
1028 240
345 256
951 253
1126 120
359 210
1129 518
603 46
912 40
918 154
1199 229
801 210
869 258
223 272
129 562
101 549
345 120
1056 239
1010 161
824 234
847 274
155 476
182 472
1053 144
501 27
148 449
1048 109
597 175
1015 177
282 689
704 127
212 606
345 528
1130 83
254 696
919 223
737 198
298 247
295 629
951 251
809 179
780 212
136 570
227 155
1111 134
509 26
1041 34
875 186
963 652
186 256
774 189
580 201
1014 143
979 184
908 183
330 489
1042 158
128 533
209 669
806 163
270 485
1019 229
1053 108
672 407
842 175
911 216
852 123
1085 182
978 226
818 226
796 186
244 586
1062 8
1065 680
284 483
363 279
862 238
938 135
545 99
994 198
865 220
188 681
873 70
1105 116
787 182
982 207
148 511
839 42
1084 216
850 262
235 646
1129 101
788 52
1209 282
919 20
1147 123
223 533
1123 147
1019 193
931 164
232 694
332 266
924 30
941 50
981 37
984 194
538 194
991 163
877 261
793 186
1105 122
1026 290
979 226
995 226
113 374
709 192
995 120
1097 62
1006 199
1041 155
1096 46
750 173
754 264
261 593
190 611
982 25
828 204
610 111
1128 145
1011 176
1055 170
1095 136
1138 182
195 663
275 451
736 157
844 200
888 160
982 255
109 520
330 514
253 539
973 218
969 82
243 543
1073 160
965 1
253 440
159 542
1131 193
1031 193
1034 162
937 65
235 560
983 267
356 475
279 468
799 454
1174 217
901 564
1047 183
250 394
925 560
1003 181
1077 122
890 196
840 164
1012 231
160 577
233 569
802 200
1068 226
159 462
973 190
1187 199
244 522
282 520
1106 38
215 442
1058 250
1035 6
51 569
149 518
548 41
723 159
854 102
294 218
904 40
1089 167
231 614
986 89
1135 205
105 537
904 259
874 208
101 506
724 140
1007 192
1134 176
909 155
683 226
352 500
266 493
1065 143
1019 199
1020 199
179 554
1037 246
923 188
1016 209
1046 33
310 527
1017 260
910 589
867 184
355 489
287 505
1029 138
261 555
874 458
890 535
828 192
117 547
329 503
1043 500
571 1
226 491
988 139
1035 163
1067 213
211 266
937 411
1119 581
423 511
948 654
820 563
224 649
1069 666
931 512
1202 442
1115 107
1065 182
1059 39
651 171
261 588
889 437
915 255
108 530
1020 41
740 12
838 195
132 493
1025 20
185 657
1061 657
883 498
781 169
606 93
152 493
860 255
930 266
257 515
879 265
739 434
1019 202
933 61
902 131
607 429
508 42
791 166
1066 181
1062 149
1087 63
136 594
850 224
1100 173
589 422
606 61
228 589
807 193
1018 212
300 536
849 121
1094 121
950 163
1079 253
159 535
182 598
710 172
1049 49
324 550
1044 185
223 570
987 204
1148 251
184 579
188 472
898 186
1125 519
872 470
836 539
751 494
887 114
701 149
901 287
932 72
1116 471
1026 126
614 96
776 175
245 532
1096 31
1113 562
278 425
822 432
918 3
872 255
1160 472
702 577
689 158
888 195
299 579
925 154
970 183
788 169
943 519
826 28
196 591
138 618
265 579
213 558
270 634
160 576
964 203
783 191
1058 179
801 192
326 85
1086 24
837 410
1025 168
868 283
1140 120
201 8
804 190
207 422
242 514
1124 478
281 455
1068 572
312 557
710 21
274 551
1196 195
1071 171
965 150
609 130
810 474
184 583
222 553
953 265
796 442
784 428
709 467
1062 142
1023 197
948 187
1068 490
322 248
699 104
273 262
1017 471
818 194
195 561
927 243
955 202
1045 140
201 703
947 198
1038 35
1189 528
966 490
1112 538
242 601
1074 704
1045 490
185 23
116 398
896 250
950 567
281 419
221 709
760 497
779 483
1034 708
950 228
865 246
734 480
1155 556
858 431
728 200
1169 156
1041 672
757 205
821 500
748 217
878 194
1022 489
349 20
999 644
1056 379
835 260
1117 140
397 209
1080 139
715 443
933 150
923 522
808 183
717 459
310 468
968 290
1039 10
886 231
869 185
1061 111
751 433
1152 625
718 193
1149 480
933 617
1002 261
813 117
160 497
879 287
780 491
868 228
925 257
1159 128
1172 454
967 236
943 171
891 510
853 197
142 638
271 448
291 523
1085 59
611 411
711 502
856 474
814 77
982 33
1079 78
1138 640
1008 147
665 369
1101 470
971 42
169 488
888 484
362 517
832 481
1036 260
1065 477
1073 97
299 490
1172 570
794 452
937 422
308 659
925 165
1117 446
192 567
1034 468
852 225
1021 666
1071 700
789 63
949 205
291 603
1195 492
683 184
925 217
558 411
945 261
766 448
994 85
616 391
880 600
238 719
997 533
974 258
1113 490
661 424
196 6
766 668
737 237
1083 140
808 463
226 285
193 561
830 203
269 515
525 33
1098 445
723 415
990 641
124 532
1039 218
848 463
1098 138
968 504
157 318
1081 512
1047 506
1005 631
768 442
823 596
950 506
668 199
715 483
722 473
896 145
934 511
782 442
863 264
723 496
669 422
162 563
1111 99
672 443
674 403
1147 622
600 164
760 420
803 249
812 383
614 442
202 626
161 51
1137 557
958 615
946 621
939 600
1199 437
1133 539
669 373
1088 116
489 355
891 423
798 188
1119 533
265 695
839 620
719 502
910 526
770 385
923 162
1169 448
555 408
888 643
1186 492
1042 678
283 559
804 451
1093 484
698 407
1048 381
1133 504
881 384
1190 498
1122 397
1035 666
664 319
897 657
641 389
1186 523
160 496
936 201
169 570
555 353
721 363
990 540
640 408
132 542
1081 719
1165 193
1029 108
696 441
1058 704
937 677
1079 714
745 504
206 527
747 238
1033 137
724 442
1004 69
885 269
1008 155
967 244
742 530
139 388
642 19
257 596
793 135
564 91
1163 535
285 668
853 179
1057 150
