106 161
818 235
738 621
990 111
530 559
1178 287
1137 114
770 680
860 175
496 493
576 617
1271 133
1047 636
937 159
1156 489
806 633
854 648
500 76
950 558
449 96
1051 81
781 630
582 487
326 672
370 532
251 636
867 236
397 207
777 690
822 714
807 629
196 209
216 644
229 94
239 714
1044 608
470 185
855 258
1173 561
723 14
245 111
248 711
979 589
801 484
859 572
615 44
311 48
1058 33
1000 598
430 518
640 138
517 57
1194 567
994 29
1014 29
937 163
854 132
199 659
108 216
508 47
856 707
229 684
672 110
1038 82
299 706
821 713
532 14
818 462
604 131
633 693
1002 637
623 516
536 481
1008 708
1088 502
115 395
988 25
967 10
270 653
679 535
907 551
481 632
747 591
150 591
215 652
1085 496
673 393
861 679
458 591
604 690
953 58
842 696
1053 536
671 531
240 660
236 651
683 538
331 660
206 651
946 311
495 142
796 687
1115 618
512 521
1160 607
166 477
892 263
257 681
291 666
939 702
1049 42
1077 4
968 232
953 8
437 212
210 706
594 537
143 574
1111 82
805 621
1049 574
603 498
600 543
703 620
1038 37
766 673
737 551
819 644
954 555
752 670
105 214
1035 475
509 589
515 35
555 593
756 497
767 588
1044 4
584 587
158 615
1071 610
657 555
819 154
1003 561
653 491
138 595
722 575
206 650
890 632
866 44
1065 62
730 142
238 45
509 623
190 196
558 513
759 660
726 558
228 99
880 105
1081 632
946 300
884 227
806 719
1122 567
1023 11
183 681
208 630
407 104
954 206
1002 565
1128 515
635 117
946 152
91 13
682 26
401 63
416 125
249 46
966 9
784 704
558 48
223 683
169 586
587 54
820 649
1129 296
644 133
945 673
998 509
685 510
540 591
395 495
471 634
969 581
727 636
542 107
976 635
891 77
396 522
926 107
708 80
1166 268
641 116
1186 605
23 103
204 718
808 718
267 710
947 569
524 103
864 214
507 76
1106 76
866 80
137 148
681 645
438 419
534 98
967 65
323 170
793 718
1103 447
958 597
789 675
487 418
258 623
762 47
324 27
577 112
701 123
840 193
533 47
1148 173
874 24
653 205
928 8
808 172
571 86
566 11
502 710
399 5
138 367
551 76
785 30
978 139
149 83
735 61
573 190
285 634
532 437
1124 166
808 680
927 506
978 17
628 128
513 13
518 651
978 291
441 228
783 603
160 644
539 122
549 122
1024 137
992 84
458 76
531 9
449 23
1069 157
704 654
851 177
311 708
399 708
453 644
809 591
584 88
352 182
689 617
962 72
775 185
581 46
997 709
594 30
1130 258
1094 641
198 39
172 640
209 227
1030 17
1053 127
481 2
872 129
823 125
567 99
913 113
579 113
1092 174
1042 252
879 219
1089 102
234 625
634 155
227 633
642 533
864 143
335 192
564 61
590 61
735 187
1056 113
819 238
688 70
931 232
612 90
853 236
689 31
235 641
583 109
293 58
357 16
625 50
613 73
790 34
483 157
1012 161
963 266
253 116
607 60
785 21
173 666
798 181
873 204
148 154
1096 211
611 24
1028 120
896 170
1047 243
895 35
571 32
710 80
971 121
1030 226
799 191
972 252
761 61
523 23
1053 26
505 20
1057 130
1106 130
1120 172
874 327
560 17
145 719
731 26
347 717
208 97
794 103
641 83
800 71
1120 166
463 114
279 40
1093 164
812 309
1069 188
608 76
871 259
451 141
188 206
547 122
889 189
283 218
493 155
354 163
1021 143
850 200
936 105
1011 191
717 32
1048 229
583 147
1052 233
603 17
558 66
805 170
1143 108
752 624
953 148
197 675
323 659
1044 186
858 68
644 154
514 20
1164 512
961 109
509 119
313 165
1191 660
549 83
1114 187
2 629
915 162
212 120
173 60
1100 241
757 153
325 4
458 3
99 209
803 289
633 12
924 245
470 81
762 682
1035 145
541 25
875 260
150 635
262 237
1151 702
479 209
333 47
754 108
760 673
1084 565
825 163
639 534
269 642
732 48
546 69
1043 654
363 144
651 4
545 127
916 79
354 388
803 160
596 185
778 253
606 130
1066 281
853 179
1076 186
1108 282
782 136
953 84
1101 226
214 232
1130 154
223 31
831 315
561 2
732 6
833 136
365 41
997 182
869 110
1042 591
1057 258
586 687
992 307
443 53
337 89
621 95
938 190
963 184
674 133
1162 185
886 204
629 76
967 108
100 192
946 202
430 67
781 67
951 293
703 625
565 108
943 112
1091 216
443 20
602 85
488 18
1094 393
188 186
286 689
147 566
742 119
461 130
491 81
490 110
941 461
545 89
1056 182
815 344
107 150
968 147
244 119
1143 182
862 134
533 144
277 218
552 52
1145 231
621 606
583 174
555 127
966 118
435 55
195 504
557 175
1100 247
219 223
614 100
187 193
526 212
866 101
1183 202
575 152
1045 126
1047 185
1013 145
1092 353
1142 213
1031 213
474 138
674 85
1027 129
471 109
983 260
586 180
613 12
984 124
1085 118
481 175
475 65
507 190
491 74
448 43
955 293
719 86
991 89
465 209
113 203
900 341
364 262
897 195
428 121
1034 297
1008 86
636 58
771 212
769 632
874 145
852 181
533 110
741 16
426 88
622 34
135 128
378 92
943 258
504 93
601 5
1030 106
459 107
461 238
557 24
1169 197
886 54
973 581
950 137
918 319
116 187
296 62
987 203
1031 308
704 49
815 47
850 95
88 506
785 144
380 45
367 55
811 315
954 285
835 181
201 659
936 47
173 133
658 116
972 64
631 38
948 310
990 212
1172 351
885 137
355 166
1066 222
609 90
704 65
538 127
360 70
510 36
327 99
576 159
368 33
1126 104
1129 191
254 148
997 187
524 55
1084 232
769 356
635 31
933 249
1093 126
1190 362
1093 360
1168 293
594 34
212 220
1111 268
1179 147
39 573
912 178
923 236
871 284
675 562
394 138
593 125
386 94
363 213
1068 176
546 99
458 124
497 64
171 225
34 539
1149 168
798 177
878 168
601 143
751 596
42 584
1069 528
927 280
372 84
777 141
584 215
873 243
625 162
523 49
665 207
216 137
858 49
646 184
658 182
953 43
965 66
202 678
1165 321
773 19
159 605
692 69
1108 267
648 74
421 37
1128 223
9 507
863 17
436 54
543 73
251 716
1116 233
342 143
474 139
516 132
477 158
1169 182
695 62
396 207
471 4
435 98
1056 148
653 73
395 169
1040 703
681 47
620 112
684 97
873 438
971 61
1082 243
887 179
227 132
867 248
206 701
905 304
151 141
719 23
159 391
626 109
246 465
700 66
377 107
193 98
151 645
804 81
668 0
637 59
559 52
908 133
960 159
828 347
950 118
504 121
980 276
1024 246
672 76
814 347
1172 173
311 217
714 31
603 35
717 105
799 249
180 232
503 136
628 30
384 231
424 103
565 34
522 10
968 90
666 57
930 103
471 73
1155 519
965 276
248 165
641 39
612 4
1046 170
275 3
295 186
935 278
833 141
567 101
963 273
538 207
1003 214
641 47
963 194
670 50
834 3
943 187
333 151
400 156
882 228
228 368
486 94
754 89
178 162
1185 211
382 138
546 6
554 75
809 209
1085 153
1050 123
147 207
299 680
1149 291
364 8
1069 173
1152 145
411 121
473 19
1044 268
657 57
237 146
534 61
640 10
1025 320
249 82
486 49
189 375
273 34
442 145
478 211
998 160
546 14
640 69
641 127
950 273
1012 275
230 714
684 11
1014 210
379 74
302 162
1114 179
512 61
152 607
140 573
1197 412
601 1
943 128
882 305
921 163
716 348
923 293
987 254
480 107
765 616
1051 43
883 218
699 622
1087 196
750 189
678 409
857 255
746 135
745 668
597 562
616 3
576 67
919 174
174 603
122 183
178 617
447 168
835 147
1027 216
356 10
1058 56
988 609
979 0
941 223
167 603
668 63
1171 161
437 27
104 237
1024 238
591 65
929 674
1168 205
1078 699
1011 233
325 59
297 268
691 442
1088 649
206 216
1067 216
614 17
946 549
818 193
982 153
1130 139
173 103
471 36
1009 237
1271 574
665 80
764 45
412 650
977 0
826 649
981 627
879 599
459 133
202 613
792 621
151 167
899 253
874 110
907 80
367 678
74 485
1055 59
1092 602
258 679
888 39
1001 154
930 99
668 595
310 598
755 31
981 91
252 656
1010 271
407 676
969 158
1037 7
828 649
1000 266
895 629
334 25
296 356
384 35
870 147
726 93
956 233
864 240
1108 310
539 72
362 136
561 149
1172 557
224 664
937 275
924 57
842 199
709 55
694 647
164 191
312 702
1015 227
682 133
645 78
842 293
547 115
233 31
1003 212
471 138
437 118
466 137
593 28
915 204
913 178
919 94
1014 319
988 222
183 150
1027 179
495 39
380 178
415 126
590 15
1154 196
1146 551
833 243
837 259
259 167
852 104
940 179
589 73
1110 60
853 289
897 12
751 119
506 150
882 241
511 118
448 31
634 135
668 84
427 71
281 131
420 103
464 116
243 676
598 8
876 306
225 130
810 338
274 618
538 76
854 145
112 184
465 109
629 49
539 164
1045 264
670 64
1124 140
1032 301
681 8
460 90
1024 177
1061 144
488 87
970 184
1012 32
347 252
659 709
349 79
935 90
1047 5
226 114
550 67
800 179
981 688
677 174
143 262
1142 146
1107 68
249 222
364 626
340 711
515 156
511 78
578 605
771 658
386 676
443 63
662 124
274 716
587 0
385 28
635 0
627 78
730 548
1088 334
1013 85
803 668
712 14
1085 320
699 195
958 235
186 583
1148 156
594 89
956 216
768 13
988 137
764 95
430 142
807 28
996 680
218 347
303 228
519 55
478 90
1113 162
947 75
999 172
520 30
820 220
527 158
86 479
249 705
728 94
366 129
1163 178
385 161
643 6
939 60
1075 204
177 79
1106 187
556 96
243 192
615 40
915 113
118 202
284 680
340 172
788 398
792 210
1120 118
723 137
656 85
848 187
544 97
748 643
1020 243
411 31
467 92
877 103
181 57
848 82
964 4
751 42
872 322
130 157
873 123
823 79
569 10
949 695
685 148
823 22
139 210
1060 330
607 142
549 32
172 112
1046 188
1097 75
923 194
442 17
93 246
6 406
382 66
1118 312
1029 132
896 511
987 42
906 133
808 679
638 166
478 184
752 36
435 8
433 194
180 203
910 33
237 53
630 68
126 139
432 60
1109 158
352 14
843 289
238 255
579 99
617 22
734 39
210 225
1043 7
673 90
1053 445
870 225
868 366
1041 191
139 563
595 33
952 4
721 28
168 88
530 98
658 77
1120 116
1020 213
1044 176
1030 509
796 240
179 160
1130 309
1090 179
522 43
496 37
755 30
215 16
291 198
974 67
707 94
859 122
912 164
526 87
921 202
318 71
923 274
1135 288
663 9
315 157
1063 540
683 202
496 8
809 183
1062 96
601 152
562 77
777 67
584 44
215 47
621 99
332 146
267 712
616 637
1128 315
464 162
638 13
605 111
200 221
1077 61
516 31
885 197
946 118
856 52
523 71
968 230
288 361
124 338
330 242
1041 135
1027 162
927 130
812 534
518 42
402 69
900 161
1113 174
616 123
1087 174
1063 296
1018 186
1027 155
125 335
775 685
502 8
618 11
641 92
121 332
556 15
653 331
932 691
574 220
996 108
1062 232
585 155
1057 91
245 72
1004 215
660 19
609 29
952 122
169 657
323 683
1157 181
576 63
512 57
131 547
892 35
469 6
730 67
369 665
900 519
708 86
1009 209
885 302
855 291
893 141
682 34
1092 128
998 77
909 237
765 30
1063 258
1135 76
449 131
1038 297
978 277
597 62
653 85
203 200
408 101
504 8
712 556
776 654
947 121
694 99
939 53
1030 95
993 303
948 98
632 649
1158 196
1099 359
618 98
891 108
347 88
455 126
425 209
284 172
514 153
778 53
1029 346
982 57
704 29
254 85
805 242
1134 195
580 89
799 702
1152 153
294 4
1072 607
853 162
389 123
1057 188
836 472
425 650
498 125
285 673
475 10
1073 219
1040 285
552 179
1026 51
755 84
1124 478
447 118
184 107
925 93
260 574
1003 189
996 676
1005 82
433 208
147 349
283 235
1059 306
1040 689
588 72
891 577
934 328
600 173
394 58
659 5
456 134
889 510
655 642
974 624
290 680
288 191
403 55
960 167
1182 237
1092 670
808 629
980 593
880 122
1059 42
498 2
459 41
219 701
982 130
338 681
901 108
654 5
1024 593
1128 245
203 380
970 109
908 119
705 90
525 39
569 164
834 683
166 648
896 247
182 549
10 535
83 525
335 669
147 548
1053 228
353 73
1019 582
234 689
521 533
641 37
376 678
697 15
401 635
225 672
1080 566
244 640
224 405
930 58
162 719
1114 71
689 696
1148 436
411 667
1206 367
1092 293
513 106
498 145
841 15
674 67
929 496
372 669
847 667
241 718
600 96
1062 105
446 218
405 139
376 84
1142 580
421 137
349 556
962 551
830 233
847 274
636 698
864 548
1019 493
967 89
922 197
182 597
816 667
860 581
803 692
753 3
948 641
179 650
466 168
1109 698
1027 38
320 688
298 675
940 224
510 531
576 48
335 668
501 60
157 139
836 713
393 652
828 197
940 635
767 663
612 64
779 654
8 103
385 658
762 171
888 171
896 82
973 615
990 10
963 573
1037 540
538 623
377 719
628 6
352 662
1106 64
397 631
319 676
1083 6
1052 555
1082 163
738 39
1035 2
233 700
958 552
361 649
686 15
606 29
965 225
668 120
323 253
411 650
892 125
739 52
867 266
504 589
518 143
548 61
203 207
633 4
672 53
1188 431
1066 317
310 672
776 659
977 634
1034 31
987 530
268 707
1096 539
283 635
833 718
1118 62
1019 24
873 632
1164 579
943 595
815 694
1249 70
611 443
371 643
554 521
863 35
501 649
1012 3
1067 266
1075 68
200 701
462 568
1024 270
1149 513
179 675
870 640
185 547
402 576
977 464
981 530
987 15
695 395
1005 616
687 562
1114 562
1102 442
198 48
436 514
1140 189
582 170
537 537
743 622
221 658
835 645
548 55
490 539
889 281
890 667
443 59
1044 231
282 712
827 216
904 97
901 507
855 159
955 84
346 655
1095 618
647 553
246 708
941 95
1098 310
905 671
1030 135
345 604
584 558
1140 284
396 185
842 701
406 136
673 520
768 687
107 693
372 662
544 601
753 18
938 677
792 622
1262 91
780 711
663 639
875 76
779 676
838 618
1039 712
684 48
729 22
1239 22
1095 58
827 169
233 679
350 712
637 14
1053 247
932 6
412 30
550 611
1007 689
551 54
190 674
280 382
767 670
949 530
147 706
580 24
178 576
487 584
1110 651
1076 643
435 118
713 55
929 557
1152 196
1130 208
822 24
224 222
498 29
931 712
1109 224
1059 178
786 625
825 310
722 55
1066 282
657 62
742 588
1254 665
1143 218
883 491
618 23
777 19
905 341
919 438
903 116
215 81
1002 156
944 634
882 165
131 685
1163 537
146 581
1134 520
148 590
15 92
186 651
573 478
1192 469
790 196
887 54
144 114
836 208
131 573
953 680
909 290
954 621
427 607
1016 320
304 660
1140 610
473 165
367 682
1006 27
166 596
1014 66
597 71
1079 418
1020 49
670 67
866 251
599 102
1044 37
992 683
372 663
303 696
782 191
943 185
545 441
226 643
1043 610
1084 71
508 606
887 251
307 637
679 592
763 607
1012 295
515 122
649 83
759 621
940 242
18 127
1082 503
1067 665
460 597
598 141
333 702
624 5
531 557
620 142
656 623
727 549
1151 533
1109 135
993 474
664 653
976 22
412 657
842 254
1003 654
778 671
966 152
814 684
760 593
1010 2
1098 637
755 679
903 661
1054 50
782 492
164 628
890 16
626 537
1061 209
847 107
252 711
556 43
680 628
837 692
536 116
753 690
672 113
401 710
1026 136
533 111
771 600
1128 499
830 580
796 624
1186 516
993 606
444 636
258 607
819 675
866 675
964 605
168 569
584 591
970 670
779 619
490 713
419 96
983 646
587 498
260 598
816 545
684 634
791 617
586 502
1103 220
1201 423
1026 40
1125 70
775 253
641 444
615 590
1086 621
785 643
779 688
450 654
335 634
134 574
779 647
1188 508
215 686
268 101
189 127
627 506
673 545
1047 699
753 573
294 563
1160 478
656 424
1225 72
887 684
303 573
270 694
1066 710
975 704
642 562
697 500
1081 38
494 604
248 673
1224 392
123 542
1200 420
998 535
1155 590
236 718
294 703
550 44
874 449
928 221
266 705
1077 561
388 68
902 647
43 51
954 540
811 682
811 677
365 179
873 684
1114 565
1069 41
833 187
1068 319
1015 0
792 167
227 677
531 37
982 7
1020 31
350 685
434 135
472 532
882 176
188 595
988 664
660 580
750 219
480 674
879 5
1111 616
1102 609
787 677
797 315
585 655
666 164
1057 62
120 214
941 635
627 161
957 265
1188 452
1128 465
207 642
778 602
802 59
588 11
1066 688
566 72
489 57
518 523
645 523
468 89
652 536
334 217
371 65
787 567
287 712
818 627
710 637
1081 109
1111 518
969 150
224 247
917 129
913 159
863 205
999 693
557 54
606 158
191 703
342 214
912 196
1192 574
777 660
757 302
450 632
493 89
1045 241
997 552
474 112
204 176
216 628
309 711
609 121
628 480
1176 457
662 16
994 61
368 121
1077 51
467 626
1277 63
310 706
228 690
1115 59
1044 552
734 569
1046 710
995 589
509 72
1143 636
1100 566
1076 110
1178 556
128 253
1033 616
538 123
133 663
556 97
832 673
622 520
941 120
1101 669
819 659
1024 135
234 691
1022 298
890 162
768 163
320 138
282 715
401 673
829 217
276 169
304 630
1144 557
443 102
1022 94
537 539
955 137
295 669
214 547
1258 140
1190 502
1192 502
972 209
505 616
1198 379
229 644
1122 627
976 645
1120 645
964 705
1032 34
1097 73
899 565
958 716
717 553
331 93
771 673
204 639
157 159
759 638
209 588
647 10
196 674
392 44
589 478
744 699
976 542
179 648
465 590
196 669
957 144
731 99
32 44
1100 504
897 202
502 603
994 543
230 330
1192 463
344 657
186 178
716 609
1082 65
1016 133
294 713
855 530
677 505
685 116
850 344
546 147
902 511
518 25
1082 687
1138 612
1183 565
313 624
768 543
927 682
1041 15
1101 236
859 322
478 99
919 111
803 159
522 16
876 355
795 715
883 345
482 568
935 138
562 8
396 42
951 489
955 118
225 132
980 615
668 43
827 226
772 36
1104 715
233 95
529 558
369 659
389 703
1066 131
933 164
269 37
961 89
1170 21
898 156
1053 691
313 48
1030 79
428 689
477 118
838 282
965 526
1143 526
551 95
1166 309
291 243
522 98
681 69
270 667
93 366
750 65
422 76
1013 84
238 201
590 19
851 14
936 296
826 192
996 623
2 610
825 210
164 44
793 671
584 75
533 86
882 231
207 675
1093 214
865 253
975 163
229 192
753 313
1063 261
864 36
913 101
127 156
836 706
161 641
36 524
492 23
149 86
487 202
1025 98
641 30
402 161
726 669
202 705
1093 77
823 225
1106 531
952 271
473 100
199 652
1063 45
637 585
482 73
788 235
1196 552
417 81
427 535
457 36
574 83
653 141
691 659
952 531
981 666
674 107
595 39
354 68
1041 45
1078 509
1004 283
940 609
901 292
733 645
545 82
690 60
434 99
992 102
820 144
1015 598
219 253
510 49
969 607
1163 294
286 372
1032 4
1050 714
1049 187
1149 508
817 1
1041 623
870 11
908 548
1000 34
1009 639
389 515
192 570
909 536
532 634
483 202
1107 545
369 700
324 682
1087 75
666 515
206 47
686 447
799 214
823 108
934 148
499 635
926 48
485 58
788 648
1120 539
997 191
313 716
432 79
841 290
1122 138
1029 0
1065 470
1021 145
908 624
917 433
457 31
1192 494
760 200
267 139
378 5
800 479
238 234
785 697
1095 514
191 249
992 124
255 663
1117 480
283 685
1144 499
461 24
966 77
1054 154
531 458
1084 622
1051 204
1043 41
392 43
1086 26
234 118
714 630
785 630
297 672
657 154
789 678
1066 61
1046 145
1057 203
962 210
745 637
780 668
680 530
1067 170
729 37
204 467
835 692
414 174
531 559
948 424
934 241
240 183
940 246
919 119
661 53
512 53
946 645
800 207
177 635
597 9
405 30
921 128
1078 132
1162 141
1023 189
932 10
772 82
668 355
679 591
445 590
204 344
1211 484
802 235
1100 719
1115 506
894 665
1007 678
813 204
939 106
795 676
776 635
479 107
667 509
1152 626
974 531
1109 200
1059 182
747 674
408 663
780 678
654 112
1023 158
749 587
630 176
194 623
967 639
903 85
898 90
858 499
603 145
832 24
507 100
911 187
916 617
357 102
667 524
535 25
985 530
686 605
620 8
1055 247
898 37
303 186
953 423
432 625
465 68
712 607
866 158
174 84
887 182
1013 3
636 172
296 32
178 577
310 694
971 5
651 18
453 36
761 5
885 469
235 149
947 142
1041 615
882 17
785 163
1192 243
815 244
416 670
79 248
920 162
459 121
630 58
783 608
1091 568
842 233
907 164
114 181
605 139
521 14
368 674
1141 336
1022 38
574 24
914 120
260 182
482 15
973 92
805 70
223 708
648 700
1057 151
854 174
807 172
934 37
1043 292
668 76
523 173
969 591
72 334
946 183
481 34
602 6
477 92
974 59
886 281
947 227
1277 464
815 151
293 300
401 166
690 148
491 122
1099 290
940 137
983 15
879 91
832 203
833 169
941 78
420 155
850 102
1088 132
835 231
786 171
293 218
538 156
205 44
596 149
513 147
954 146
1158 309
929 72
536 210
851 105
1101 116
551 50
871 204
566 73
932 55
597 90
1011 273
307 7
574 28
1108 63
283 100
545 114
654 25
971 180
1058 327
1067 154
417 57
971 9
952 302
1049 649
383 122
630 717
1035 87
288 389
251 141
544 104
350 623
374 50
953 224
1171 481
446 78
626 44
313 277
1157 489
429 152
1102 496
924 304
882 220
1107 179
577 65
1074 5
574 40
554 60
579 15
180 630
168 659
818 277
1154 205
257 41
549 30
1022 129
1043 286
1073 230
1005 126
11 529
678 71
844 549
809 31
823 81
832 247
951 498
599 112
264 67
585 68
1144 230
888 688
356 59
882 131
132 146
1191 718
652 407
180 101
493 141
9 508
1046 124
701 46
622 53
532 57
950 145
130 332
463 198
255 181
586 89
1121 188
933 110
132 366
749 45
756 650
591 161
772 26
1083 121
1021 220
1078 182
345 649
541 92
1003 208
492 3
885 210
632 102
1088 319
952 101
941 31
266 203
783 585
540 44
720 151
859 277
782 5
949 94
915 210
420 196
793 186
451 33
269 129
982 73
974 156
750 57
648 25
233 243
1080 92
999 65
537 55
524 7
651 0
827 214
943 154
1105 112
848 294
222 131
741 312
534 152
522 173
868 167
185 610
363 545
1030 512
1010 258
974 220
615 551
741 488
636 485
623 586
1026 576
1273 607
1183 176
1125 162
976 641
578 8
598 25
578 76
1046 53
894 215
511 565
857 33
833 696
486 36
654 12
1087 63
856 468
789 32
329 717
989 179
994 675
544 34
267 646
1165 529
1039 17
881 610
727 13
881 605
633 369
1045 144
1021 44
290 668
965 568
1102 560
742 530
1020 663
153 635
1018 40
540 564
938 638
1087 496
229 693
144 616
513 625
255 719
1054 188
318 697
1020 616
773 627
1016 19
824 516
972 13
643 434
259 703
207 220
752 660
595 487
687 600
1039 626
640 55
678 14
1149 363
877 533
985 640
703 9
970 3
460 183
1052 36
304 148
215 627
1187 714
1090 218
279 686
1011 23
731 137
673 613
249 435
749 593
300 689
667 42
67 353
419 614
231 705
980 453
571 33
322 682
197 105
207 681
905 109
437 574
816 666
1048 211
1202 497
1078 187
1174 492
738 632
1031 109
790 645
637 529
557 28
911 202
650 60
748 612
1046 234
1128 86
968 82
302 669
896 192
758 623
360 215
971 455
1060 544
820 705
513 534
387 664
1107 635
930 216
624 701
286 690
448 608
404 510
847 644
235 683
1092 663
407 253
739 21
155 601
242 641
1145 660
179 664
336 691
667 5
808 74
825 665
504 71
101 231
539 69
778 201
815 692
774 38
414 621
754 615
998 612
684 31
953 306
236 192
496 2
946 491
1159 594
1016 53
960 220
785 614
433 13
964 647
789 657
508 51
208 672
1168 714
1196 310
1067 587
989 119
559 44
694 59
1276 112
572 35
331 715
846 569
822 59
963 335
550 113
238 621
601 615
1049 645
1054 94
782 10
906 229
720 121
485 577
1267 707
325 7
935 106
863 508
613 534
1208 486
240 703
488 62
854 642
700 55
622 654
1054 28
488 73
1148 169
907 223
86 240
599 221
500 210
194 650
667 580
336 667
737 12
986 166
1025 107
475 77
1009 32
1080 623
1070 67
207 648
887 174
640 82
403 159
976 260
913 196
682 549
397 54
102 204
353 669
219 699
512 99
538 149
1012 5
928 273
785 645
51 0
552 444
1053 684
367 223
987 264
1076 600
955 78
951 571
736 611
186 676
1061 703
542 77
1105 51
495 22
576 51
731 113
1016 568
474 18
870 142
583 4
249 708
496 22
1089 6
1003 101
1061 139
227 602
459 653
820 636
774 646
995 147
1103 232
849 235
761 143
691 26
825 191
51 4
1062 588
304 672
748 610
605 644
429 0
214 694
899 467
904 248
613 99
1064 168
299 710
503 590
1049 696
603 29
732 36
873 137
823 193
1134 230
287 714
1001 629
1117 686
1025 37
1217 541
708 22
449 621
964 597
685 52
1052 691
2 49
535 0
1040 245
654 78
232 35
928 592
1034 247
508 161
1141 593
833 209
781 716
537 656
807 650
684 146
850 699
461 183
1008 269
950 160
856 463
304 654
659 18
1018 15
621 503
1043 27
394 56
838 366
667 88
605 134
1113 260
448 75
1031 183
889 73
1018 2
428 118
336 200
948 156
498 95
1007 109
783 652
948 456
951 78
608 4
706 512
983 132
847 202
1174 427
1057 162
260 199
421 229
176 579
1012 498
383 143
604 110
563 88
658 38
763 161
911 625
1045 120
502 6
216 660
654 541
1068 227
312 645
563 16
384 76
1045 385
1070 31
217 64
439 18
872 85
951 303
1082 102
176 227
943 121
253 222
875 281
828 96
429 46
500 14
969 597
554 7
702 677
415 78
355 67
931 284
535 57
876 90
632 14
472 101
238 637
547 106
1075 92
835 234
980 566
832 604
221 591
192 100
615 109
600 118
584 14
1009 19
329 3
548 32
1150 204
789 71
937 184
408 659
1008 90
738 253
1048 189
1018 170
895 585
814 167
639 39
656 547
1056 250
278 707
469 75
765 607
1142 323
533 18
389 106
456 615
592 11
547 465
884 75
827 113
504 144
399 192
210 11
1049 206
980 588
385 47
705 112
1062 143
765 203
1018 75
978 203
1007 233
961 593
631 45
1077 582
381 107
1086 543
936 302
663 204
615 27
1012 680
417 659
928 2
524 64
734 81
568 41
360 546
821 229
496 121
304 185
273 695
1050 711
973 510
991 184
310 175
777 694
785 607
1016 208
918 687
733 53
660 29
575 98
1019 17
829 688
922 560
1161 602
668 68
1131 326
679 117
634 173
1279 112
327 665
846 320
314 10
761 545
1236 94
652 162
156 167
975 563
1009 13
630 57
451 639
298 612
903 238
844 328
978 44
1096 578
978 274
480 620
1060 48
531 93
1109 244
976 113
256 693
761 658
254 68
680 20
613 585
1257 700
582 18
547 104
930 141
889 328
1106 649
981 19
799 666
278 688
542 442
486 158
884 44
795 659
1020 279
653 50
568 13
776 578
1051 274
908 535
141 169
525 486
480 449
970 69
253 170
577 8
502 75
938 308
808 138
1091 621
1120 171
815 261
701 633
413 660
1005 710
734 60
921 530
858 71
1183 531
752 24
780 635
973 11
1209 699
112 250
226 631
1159 537
1132 175
266 676
782 542
977 207
1066 489
1016 35
7 206
1151 128
922 59
806 551
562 79
646 493
966 683
447 632
692 689
991 12
780 641
1041 33
742 645
1011 610
1108 698
38 17
1015 712
1033 43
326 683
819 29
979 134
513 546
943 6
330 671
354 131
804 128
971 4
841 697
1191 530
1071 686
353 346
1023 84
561 10
485 566
1125 128
730 6
450 640
520 617
778 534
887 27
1149 181
1123 457
563 130
597 140
937 117
624 57
459 88
872 224
1041 246
769 106
1185 421
902 526
741 26
776 616
1245 25
159 75
534 73
529 59
977 488
1055 155
759 26
930 219
758 716
1025 591
1067 2
1019 275
274 624
270 117
181 604
631 40
614 57
789 691
546 1
953 210
790 559
819 261
305 719
762 69
663 557
22 487
781 652
966 217
449 28
369 693
223 26
325 83
1099 72
1015 63
819 614
846 323
824 601
535 18
346 157
798 712
237 30
618 3
532 50
936 522
637 33
842 258
1219 520
544 16
460 98
475 32
1052 152
902 540
1114 118
698 22
257 38
232 109
887 101
489 30
868 155
274 165
413 664
237 204
730 45
559 25
1066 250
682 14
580 176
147 587
1130 587
984 117
550 169
1117 117
670 111
467 18
925 276
479 81
751 11
278 636
771 57
864 118
244 705
1021 229
723 130
843 280
1007 84
952 114
765 173
300 690
910 292
531 45
1098 164
1033 192
966 243
609 71
847 209
593 415
381 281
223 223
785 674
177 332
663 359
862 626
1147 145
902 169
453 72
1217 704
931 38
645 23
206 241
219 147
1060 480
882 469
148 115
570 30
972 68
549 112
1020 92
1145 154
185 495
641 435
1072 230
1029 340
818 184
695 156
856 249
713 90
633 160
504 60
948 210
925 29
903 15
816 227
1019 401
571 117
1124 164
848 575
115 204
223 169
584 8
622 115
474 192
488 44
505 512
716 120
291 108
719 60
213 147
424 177
177 141
503 2
153 157
830 16
279 427
958 183
915 77
1052 116
608 33
285 692
1000 281
405 136
203 691
986 159
531 111
935 220
857 9
163 166
685 42
583 459
1005 259
685 61
97 241
504 87
223 124
703 96
688 178
807 185
1008 302
1039 88
1156 269
844 235
237 222
226 237
167 585
1108 124
875 16
1099 569
0 516
980 210
801 470
563 108
694 74
456 54
187 688
492 96
893 208
1079 140
1031 211
168 670
883 229
957 74
552 66
1077 696
381 13
985 54
648 5
462 153
968 104
657 17
347 199
1010 267
419 107
197 84
374 128
272 640
566 203
1176 504
420 147
967 249
972 146
991 103
328 168
1131 645
527 104
552 1
945 194
890 156
1048 114
489 120
548 154
963 104
660 26
411 89
259 609
469 81
1140 108
1016 167
204 670
672 44
679 206
363 114
504 36
1009 268
868 196
1113 532
340 37
928 3
326 198
748 711
701 473
571 12
404 665
311 684
1140 694
675 95
735 49
100 678
177 179
185 634
215 229
921 145
658 517
657 85
360 162
975 261
734 17
567 136
530 80
1032 52
892 34
684 61
1110 204
971 110
372 116
685 28
334 79
750 630
438 54
241 660
824 34
546 26
546 67
551 60
716 39
892 50
343 266
940 98
1033 12
442 82
535 53
752 6
493 128
590 560
877 34
66 345
1140 539
1154 162
192 88
448 664
478 2
879 51
1107 121
827 679
957 100
247 691
1029 315
379 42
1160 186
225 630
521 9
869 266
329 120
487 23
888 231
606 33
660 39
474 19
516 73
491 208
446 158
646 26
991 247
1128 125
949 184
1040 675
291 204
327 7
546 521
818 233
539 13
910 118
789 604
878 225
997 144
645 179
357 0
476 81
531 36
886 363
969 57
624 8
793 17
966 313
162 457
369 226
365 164
793 11
1085 109
688 11
559 26
967 148
906 298
713 105
873 258
692 20
134 114
601 99
7 491
1174 194
192 145
127 146
632 110
308 168
419 196
217 161
226 176
214 48
411 98
863 208
374 43
1107 160
406 160
1002 62
491 87
992 254
285 140
442 45
380 65
1007 312
871 7
670 60
1134 182
908 155
867 295
951 68
461 30
554 62
990 246
811 141
849 258
494 78
1017 185
851 294
553 43
713 126
945 600
959 52
570 41
413 13
831 234
911 23
421 114
1185 227
840 252
564 85
493 110
252 26
921 191
1181 256
511 204
276 184
508 37
918 116
354 204
981 190
444 79
1015 187
823 18
219 133
978 256
1069 110
1102 118
720 98
635 68
855 347
701 150
138 246
826 216
842 198
703 5
287 30
822 31
233 43
385 74
176 75
467 66
970 92
514 102
981 276
176 387
940 70
686 56
599 59
485 62
527 50
732 45
463 32
944 38
430 135
335 128
372 142
966 155
248 170
517 173
645 183
811 187
1126 213
759 230
1095 567
663 122
526 93
987 74
470 46
982 47
487 6
681 23
588 30
1022 139
992 162
1113 239
1041 301
63 317
633 82
270 69
549 74
1114 120
490 119
569 105
734 58
827 146
1060 153
685 161
1028 222
429 196
985 252
893 287
993 269
322 90
730 85
670 34
642 8
871 183
846 176
586 151
415 159
996 135
1050 246
1166 245
908 243
839 214
133 334
320 261
914 310
576 65
524 80
615 80
869 94
379 123
953 125
970 118
789 25
283 24
440 28
816 30
387 189
881 175
438 76
426 83
496 19
811 9
897 43
380 56
978 306
254 228
799 234
302 141
504 142
591 167
494 15
716 64
848 206
812 133
719 107
425 149
967 189
774 37
814 143
131 163
415 137
989 219
240 247
473 21
446 155
1117 166
483 48
213 124
860 119
929 211
265 182
177 227
396 192
449 0
153 84
958 242
984 181
983 232
926 36
134 142
509 107
838 297
142 147
198 175
660 155
1174 528
297 184
577 254
668 48
494 27
939 261
1164 175
1189 468
301 195
419 37
428 93
666 238
684 92
555 202
580 0
850 165
1002 646
381 72
1016 33
500 16
168 188
675 63
532 58
345 61
215 657
260 193
947 311
963 214
1013 140
327 54
566 191
190 99
910 233
268 237
506 85
502 94
374 4
270 227
921 131
6 561
445 124
963 178
594 121
764 98
1115 217
596 66
949 216
205 239
785 5
839 0
1140 474
870 122
458 89
8 534
459 103
670 119
1024 175
755 80
1019 125
1078 190
252 60
852 3
290 221
1015 109
385 189
389 61
190 550
884 104
993 642
246 112
181 651
346 700
645 99
354 185
808 166
627 14
1058 258
28 505
479 60
804 654
215 22
532 152
390 64
1039 179
1055 279
483 93
338 219
922 282
778 17
1053 677
652 48
200 284
1163 129
441 2
773 13
492 112
582 106
1140 229
537 24
135 240
1139 150
674 75
853 213
644 177
189 228
833 79
1068 309
263 129
928 236
872 300
1091 173
1043 154
1162 194
896 167
875 351
716 34
1051 103
822 62
426 149
721 91
974 127
584 109
732 306
213 197
996 101
816 640
744 253
964 673
1123 130
689 69
326 703
722 88
630 132
931 141
834 226
959 79
13 511
579 43
506 27
839 1
918 276
834 220
617 98
554 50
457 47
431 44
240 699
767 306
694 47
1046 1
1010 569
321 216
359 198
920 0
586 56
638 154
304 154
1090 279
457 69
303 147
416 65
631 29
187 226
533 42
194 87
819 632
915 295
1076 69
1083 205
650 51
349 680
1037 309
1028 190
337 18
321 155
773 205
450 647
563 77
562 176
762 58
1100 275
763 133
1052 542
814 18
606 141
549 82
663 47
1002 212
990 249
893 117
190 594
900 664
253 93
397 93
919 293
985 220
911 259
1002 21
156 202
595 25
956 257
745 73
151 124
929 120
215 708
663 166
965 15
931 96
408 68
201 64
824 209
824 228
1082 663
1058 309
437 40
830 270
529 131
1178 153
818 556
831 228
844 237
946 90
399 32
681 9
1106 127
376 90
915 170
512 129
495 141
611 114
954 130
354 187
698 34
793 668
520 159
723 58
503 64
199 625
493 87
1158 297
517 7
536 65
784 604
642 16
635 66
326 77
503 619
723 10
693 86
413 117
924 195
522 73
513 60
1081 69
349 254
704 655
485 115
1114 139
336 43
609 88
593 109
926 204
498 573
980 573
593 73
1049 218
529 7
811 259
620 0
810 77
317 431
540 35
683 16
884 172
1001 266
912 174
825 302
626 11
164 87
1119 497
464 5
965 154
155 110
370 626
172 66
881 67
361 671
1086 625
612 52
645 32
611 31
720 10
501 40
496 633
227 236
569 42
939 159
539 2
245 613
208 33
468 70
782 2
141 570
1079 65
533 77
594 118
1008 150
1022 102
472 24
848 199
741 195
170 166
213 30
899 249
1091 229
872 82
535 5
929 133
565 38
451 147
833 24
949 606
541 130
399 681
507 626
460 82
921 260
965 203
982 240
1002 168
694 4
440 635
936 50
572 11
666 18
920 280
1104 223
1059 625
547 14
721 57
846 16
482 35
1134 147
938 80
1005 92
314 125
957 199
201 44
523 168
562 106
853 198
815 711
122 187
788 213
642 112
714 132
573 60
1021 43
638 163
371 688
765 84
657 628
244 117
395 58
905 550
962 504
374 628
1146 546
430 638
785 605
141 625
206 691
816 438
223 607
333 648
428 624
299 693
903 188
544 35
188 686
898 550
823 631
531 119
842 621
336 652
356 710
993 8
248 717
715 35
1018 31
954 3
776 669
961 0
794 649
276 713
1125 534
764 593
893 597
1022 133
896 549
405 686
1064 33
715 57
955 611
846 481
456 68
1032 572
996 652
1002 701
541 87
195 647
332 649
1025 52
343 694
620 500
1075 39
629 113
106 650
1115 623
851 592
870 279
610 15
758 664
148 342
975 202
428 658
1004 620
811 711
866 146
992 631
1201 659
967 14
641 70
501 111
562 517
695 697
457 175
950 455
351 659
837 679
619 495
432 629
156 206
637 226
698 179
1007 73
544 30
564 64
309 685
603 505
961 92
504 156
579 89
300 687
277 647
1221 647
644 362
734 83
499 622
946 83
945 572
1047 7
805 639
1007 40
414 90
1071 66
973 115
1046 164
770 718
651 138
535 89
1080 172
795 269
876 273
1061 603
1026 268
515 119
908 121
263 642
1014 361
78 454
1108 535
857 580
815 657
318 43
236 186
1081 541
466 38
779 687
977 52
299 41
1195 533
651 84
672 233
733 26
343 651
1030 675
429 149
462 177
600 16
749 606
446 42
371 614
885 324
526 25
182 112
1063 206
555 41
573 111
599 92
293 647
769 641
575 65
191 181
595 114
742 257
617 96
739 289
1102 198
998 79
168 150
638 19
359 104
513 134
1171 219
376 621
965 146
623 147
620 167
866 92
845 230
167 255
862 121
1007 241
556 20
787 662
957 56
511 66
535 77
833 105
1146 220
258 171
831 39
717 103
816 221
494 81
910 110
1061 289
1155 188
1004 77
934 93
554 55
356 38
579 108
960 198
933 94
733 91
967 131
589 66
670 327
1068 311
988 176
497 0
512 37
276 666
1113 140
972 296
360 134
778 22
867 184
553 108
920 210
951 157
1076 288
1164 181
358 78
223 139
1235 686
30 516
213 200
483 23
607 39
311 200
1088 287
400 166
395 250
707 142
601 92
769 685
958 221
650 33
876 338
471 0
898 314
457 201
582 155
768 175
173 613
591 145
524 79
636 68
1028 348
153 134
241 14
1010 135
454 7
911 64
100 178
939 505
470 184
233 369
691 122
863 256
434 78
1011 98
261 645
859 308
868 52
227 118
844 344
624 146
535 40
455 113
910 99
662 3
970 290
946 132
508 71
470 58
415 14
1104 111
193 92
724 62
913 549
1163 287
1024 216
857 205
741 575
954 278
502 60
374 669
1147 169
1058 257
1043 248
766 28
519 68
651 162
588 2
349 111
550 48
917 76
1143 153
130 208
1146 208
275 147
895 171
519 82
929 30
765 28
503 41
976 227
1118 197
524 31
903 186
1034 204
955 106
918 288
868 32
583 31
992 280
704 101
360 2
132 134
1111 245
685 115
506 4
691 77
920 310
302 159
644 184
949 217
866 139
873 384
989 88
626 193
387 268
983 146
191 187
449 158
529 155
391 92
537 129
988 242
213 352
341 58
968 61
721 2
610 11
556 123
940 156
870 153
375 155
467 134
281 200
955 311
112 457
30 490
607 78
958 73
787 70
999 84
510 58
633 59
674 59
685 56
776 40
659 41
642 43
395 31
1189 252
873 254
909 242
1004 221
1038 221
1124 135
747 601
10 530
884 295
965 306
1125 256
1183 418
1069 99
795 106
1098 108
349 127
327 65
968 68
886 30
709 54
429 133
488 168
662 26
230 176
373 149
908 167
466 52
823 90
387 139
246 139
258 124
488 9
404 122
608 28
1023 39
768 12
616 93
578 158
563 150
296 231
786 240
631 136
175 53
466 71
635 89
700 20
801 244
1051 118
787 15
569 84
332 87
775 224
921 172
388 162
209 78
504 1
1068 117
568 31
995 192
547 26
1063 283
550 187
736 57
839 232
799 98
1125 151
414 0
1084 194
113 164
1037 129
1080 140
448 259
907 37
308 147
915 298
601 74
283 23
290 149
459 93
569 73
234 26
1092 340
751 83
301 32
597 12
435 70
880 367
259 50
981 601
634 2
192 51
722 38
265 108
1011 206
912 95
886 17
1017 310
979 82
714 44
738 69
494 53
412 660
704 27
587 5
907 21
659 125
199 153
775 314
1049 288
933 64
952 235
737 50
918 44
191 135
1010 159
577 113
421 80
502 235
796 13
789 150
627 91
918 91
597 160
218 66
271 241
541 70
542 12
255 373
445 12
483 8
537 67
888 70
495 114
417 71
811 190
762 177
924 148
1150 164
505 38
508 5
1160 151
793 219
483 85
875 180
1075 324
496 122
221 40
1050 196
408 25
1002 151
215 93
515 39
968 289
709 107
616 118
963 73
571 21
446 52
291 166
718 43
756 43
1065 252
636 39
532 46
904 164
924 77
415 28
287 655
365 88
877 659
866 160
738 73
509 63
744 629
686 75
1036 713
518 43
1140 561
929 174
839 154
782 680
1183 243
1142 557
1205 442
967 684
580 162
792 705
649 546
1107 519
960 665
640 513
709 37
885 186
91 489
901 313
1158 582
1032 72
771 576
780 625
806 668
815 644
1018 12
989 31
211 636
1109 84
958 587
343 663
474 618
538 592
1074 659
188 597
868 607
790 629
819 677
996 608
638 521
250 72
954 174
1037 36
981 24
203 602
433 605
696 542
950 568
512 591
794 636
215 601
665 613
463 664
798 638
924 525
285 614
926 53
568 4
932 2
682 566
621 397
419 630
384 640
845 558
910 148
227 684
158 630
803 661
1004 511
806 672
1038 670
1109 237
291 220
792 639
956 125
875 84
359 647
920 213
971 520
1183 410
1175 586
962 17
640 428
1154 221
696 5
1163 202
713 505
604 190
735 22
176 688
418 102
395 636
1114 82
403 26
911 101
305 654
777 312
571 389
653 107
400 45
800 226
1060 139
1030 111
1017 40
236 666
911 694
944 173
762 52
944 244
489 115
794 223
1129 232
158 137
339 643
617 75
168 114
418 68
149 520
649 587
736 100
711 141
339 652
999 687
355 693
631 117
171 671
1062 173
811 680
998 566
1024 206
940 115
1013 29
1041 311
1141 195
773 637
972 15
967 604
212 34
847 125
221 652
613 106
508 448
1097 656
928 142
349 196
173 146
432 709
838 11
387 643
990 291
573 125
484 544
1061 60
337 38
453 646
704 646
696 607
805 656
1045 208
337 6
443 127
466 48
1015 183
902 653
515 113
679 169
1145 508
948 126
546 146
997 651
426 675
275 649
352 199
1153 512
523 135
812 704
136 126
894 116
171 125
212 35
966 87
1165 147
508 1
503 31
595 202
336 13
943 321
979 139
196 611
822 688
838 623
947 635
973 322
645 22
968 4
990 270
826 261
1144 567
885 508
603 44
700 29
461 2
238 354
559 14
1028 255
208 691
528 119
741 63
292 209
398 176
1023 104
915 35
976 202
823 156
682 74
177 643
1152 339
1069 487
227 24
557 59
943 288
315 698
833 205
918 135
261 669
968 124
187 662
617 0
937 81
402 133
926 256
703 117
981 650
1131 309
979 220
520 60
351 0
410 181
612 42
801 415
876 123
582 580
825 153
517 88
957 307
201 701
514 43
138 197
389 175
986 179
1085 126
931 119
668 4
379 641
497 58
309 229
564 444
951 3
424 9
799 40
837 196
864 113
626 10
374 32
327 145
300 35
1040 84
1074 155
450 100
913 252
1061 38
1064 153
1056 612
667 111
537 142
547 22
1015 101
25 576
349 194
406 197
550 92
966 205
594 7
800 123
743 88
708 0
919 136
848 194
805 386
230 140
661 106
528 54
498 43
879 218
519 156
225 73
799 151
680 13
264 690
1033 40
934 322
468 128
271 145
1027 532
646 58
1097 359
823 329
1036 609
912 145
660 17
921 196
472 59
593 68
223 66
415 27
369 653
884 328
1139 604
604 221
904 52
1123 84
1194 462
307 685
816 686
816 13
854 76
127 179
197 63
540 21
196 216
1049 6
505 134
943 131
498 9
963 17
748 59
479 67
997 186
917 249
229 645
920 282
518 37
997 19
339 215
781 634
742 673
505 22
267 133
587 29
994 69
634 63
158 192
834 104
641 128
635 9
153 228
681 48
739 36
161 161
1098 177
536 41
983 660
880 202
726 35
1072 703
278 179
815 25
763 672
1195 431
173 377
1015 626
1045 614
1063 100
844 218
744 617
583 63
514 112
0 137
953 151
996 239
1128 70
1036 196
640 543
229 157
968 85
747 642
770 207
983 18
891 623
525 43
1028 688
268 57
1000 546
