16 111
1160 611
901 65
383 558
871 140
1080 159
734 224
575 477
443 6
405 72
1084 34
688 47
788 627
944 672
518 313
842 183
764 559
472 553
799 387
758 616
362 17
997 637
1016 697
408 619
548 423
553 464
867 161
351 608
936 136
570 438
556 127
572 513
1198 445
772 649
627 495
713 312
956 630
348 495
695 269
562 489
1172 185
399 588
364 494
950 574
207 336
765 617
1240 605
255 603
517 560
608 427
1001 588
606 457
732 587
1003 689
640 487
405 122
1043 17
836 348
563 449
440 63
514 547
398 528
402 59
1191 526
107 430
492 605
546 472
809 660
766 612
566 549
639 422
978 607
964 671
646 131
957 711
990 264
47 325
778 399
573 17
764 178
561 529
603 197
1195 546
1018 366
610 49
647 47
881 376
322 378
1020 28
1020 715
739 112
366 618
771 187
980 634
950 719
505 538
426 391
477 505
523 9
961 699
282 374
626 430
1005 99
664 85
16 579
594 524
472 5
350 23
925 683
747 165
420 78
347 42
478 30
602 352
517 467
476 5
599 507
411 23
18 546
596 218
163 496
973 698
1175 454
13 152
873 178
1037 680
345 74
1106 68
1253 81
317 371
740 321
575 40
770 62
473 518
358 7
1087 135
630 374
383 16
359 414
873 291
542 13
473 53
178 631
557 498
839 638
824 590
760 620
1038 704
894 597
716 14
306 700
960 655
610 456
463 62
431 20
766 632
413 630
376 581
421 574
169 450
530 256
929 666
223 252
351 507
994 622
1082 288
394 580
966 708
912 701
455 467
617 42
563 454
458 400
929 717
813 657
879 663
575 449
288 688
756 596
786 682
957 631
485 470
580 470
255 639
769 579
377 480
405 483
578 10
851 145
512 484
380 615
187 315
498 512
961 115
759 605
422 388
9 39
614 412
601 404
1131 456
449 459
381 485
388 397
754 147
461 49
357 365
193 307
409 559
1096 711
465 507
925 500
568 492
407 577
1062 701
405 492
719 622
487 325
265 368
939 706
752 570
584 508
1109 669
1163 603
528 472
451 119
365 564
362 61
556 400
980 188
585 536
542 459
920 717
922 667
497 456
264 326
843 642
422 522
654 536
675 435
406 131
1078 709
375 396
1150 215
976 155
1063 374
390 76
472 116
335 466
404 158
713 364
111 304
592 448
1253 693
522 548
753 585
940 708
477 510
329 634
1036 697
711 15
568 502
1236 612
364 101
694 245
605 498
810 86
434 323
385 507
1067 200
1014 706
697 9
372 75
930 303
500 458
1081 710
452 38
961 103
496 86
531 74
588 416
588 436
1008 705
614 398
871 108
806 584
503 568
785 597
469 2
1083 717
590 36
873 656
360 649
764 607
819 645
575 513
403 21
936 718
765 79
400 72
337 107
358 6
1167 596
563 12
81 261
399 54
349 55
506 2
813 77
366 79
646 20
453 560
460 82
819 396
987 609
966 133
1240 43
808 605
913 233
733 21
409 93
614 395
386 0
373 165
353 109
347 504
375 76
552 10
32 621
799 381
640 382
450 564
387 78
431 551
758 320
435 218
447 549
725 177
438 603
511 20
350 135
450 86
390 15
885 62
464 23
371 83
758 272
598 29
658 554
726 148
356 203
281 83
69 441
28 568
353 403
993 3
547 46
3 501
426 77
545 21
80 374
120 146
1058 348
880 601
382 136
46 585
65 642
543 10
570 24
436 174
744 138
474 3
553 22
331 72
394 71
1088 308
1012 607
548 168
1015 202
540 21
489 126
915 59
1081 686
474 111
478 83
400 49
366 131
404 122
1180 486
1 577
378 498
230 367
515 40
2 531
1248 567
642 530
1013 10
775 107
1032 590
949 713
1189 650
454 104
605 524
9 627
878 240
870 395
946 686
530 363
621 395
612 476
991 560
916 224
1059 593
377 610
812 598
1204 462
1018 677
1213 217
954 647
532 467
432 203
56 655
579 528
422 31
845 125
38 611
327 646
800 633
530 459
574 10
1174 627
812 662
1239 608
953 682
543 475
611 530
607 425
991 552
1186 558
1166 467
482 453
400 116
762 167
1005 658
1149 632
479 418
947 209
548 433
527 483
528 433
357 659
518 612
842 675
382 648
412 569
345 344
624 369
612 365
69 4
576 491
453 436
636 382
587 510
664 340
975 638
419 466
982 619
741 589
629 554
1097 676
969 564
1066 677
607 508
647 465
923 654
639 388
612 416
883 48
375 64
778 160
400 484
808 608
762 626
486 492
484 520
1208 12
628 546
852 140
835 608
356 468
824 697
382 627
1210 73
471 44
625 416
376 79
318 409
1112 709
511 530
304 663
328 81
752 573
620 467
768 635
873 678
535 448
1202 455
1127 458
545 400
594 525
826 488
284 526
1050 33
378 477
182 180
620 445
551 439
1080 689
591 498
593 450
625 499
331 71
113 431
638 383
577 489
302 621
1082 40
777 103
501 85
925 536
970 701
522 520
953 98
760 649
745 624
1245 38
624 493
846 361
324 643
1033 24
641 372
629 517
837 645
560 49
616 9
423 28
691 198
387 98
377 644
423 15
285 20
515 20
734 394
1077 640
739 368
739 294
291 400
444 142
937 126
614 2
355 391
439 47
635 408
502 47
700 604
546 36
885 117
409 97
477 543
442 70
710 295
31 544
1194 521
689 11
439 22
500 20
974 716
516 24
262 326
391 96
652 568
551 533
901 85
319 90
378 23
836 656
456 20
447 490
355 80
404 496
192 416
987 218
723 34
433 523
176 351
1004 621
499 59
803 621
899 591
612 398
839 313
433 553
792 671
1059 152
923 699
762 572
392 117
702 230
634 519
402 171
376 371
587 125
753 175
27 636
364 592
381 208
781 426
507 64
417 612
637 197
621 503
493 24
499 420
850 451
414 73
1252 117
975 92
581 405
655 35
586 491
804 390
474 453
909 158
1 546
866 75
380 457
641 525
34 565
450 62
775 408
124 611
884 282
794 277
405 94
384 19
799 70
937 635
511 48
301 84
875 63
363 25
165 575
355 154
324 175
494 75
746 611
458 92
35 630
357 131
478 504
532 515
596 155
511 8
434 88
441 494
1012 6
893 77
523 37
612 499
530 19
951 712
536 391
791 643
787 609
577 427
957 604
518 506
620 11
968 11
830 642
590 504
978 597
449 521
1018 201
1008 712
732 616
416 449
105 359
429 556
332 617
552 555
453 30
927 387
452 228
44 625
336 113
1020 643
415 387
339 609
497 5
503 6
490 82
1039 614
639 17
551 526
301 58
971 620
657 395
411 46
1085 712
557 540
1156 697
462 27
434 497
1005 614
358 28
509 92
458 15
350 86
505 497
900 700
528 201
592 53
989 613
555 129
634 80
462 468
39 540
481 562
929 177
1199 3
427 569
610 466
754 128
19 617
322 674
766 603
926 701
654 523
1211 695
620 12
304 697
368 68
120 508
1245 21
896 653
482 523
770 631
1195 480
593 460
1206 667
299 167
1064 165
317 41
14 624
419 398
435 540
599 518
558 519
478 528
879 661
378 126
383 56
418 42
1042 623
375 75
432 599
119 532
623 401
357 403
1000 716
824 679
778 645
888 286
1011 706
601 400
929 654
381 647
993 688
478 397
495 28
633 328
490 490
408 590
420 536
292 357
872 712
971 705
625 512
1010 674
822 666
843 635
1087 681
930 718
466 523
911 703
804 588
391 581
291 558
589 432
281 711
516 515
1127 672
583 432
1051 35
342 617
963 617
509 518
701 580
139 264
604 384
459 495
470 544
171 165
633 494
386 629
546 522
311 370
1068 23
433 555
612 503
139 183
323 356
752 617
808 565
1095 18
991 592
386 616
578 492
13 17
886 666
1172 671
696 204
964 6
1265 53
183 610
136 348
281 384
525 432
1007 12
432 543
943 699
506 505
956 680
1042 544
638 476
1245 126
952 699
464 557
401 0
943 696
922 128
858 567
673 485
794 76
634 496
483 531
504 447
637 16
582 519
955 577
633 347
630 482
311 651
552 442
1129 670
585 484
364 49
493 12
793 114
503 478
571 369
592 488
986 602
351 476
632 485
753 445
393 78
586 469
329 7
796 220
648 388
399 96
233 261
925 614
868 254
698 618
618 492
549 435
895 699
335 622
743 358
126 539
1178 484
779 632
606 406
570 548
266 629
633 341
792 562
1051 298
908 281
779 637
755 611
1079 2
813 125
469 530
404 522
983 635
779 615
741 644
435 468
473 545
509 55
624 490
326 652
779 635
837 606
817 644
359 1
301 700
631 483
805 655
415 46
435 526
879 645
704 180
1099 37
434 98
484 456
776 643
762 601
247 394
837 627
292 454
456 53
342 29
511 28
804 161
764 338
453 137
643 414
347 96
734 16
1010 383
422 6
1027 6
340 30
97 288
177 641
584 525
464 101
706 270
867 284
803 597
843 704
520 496
552 63
546 473
602 582
102 11
947 697
516 144
468 30
634 418
322 203
515 93
1210 461
404 79
796 388
838 94
374 32
997 707
449 39
265 696
378 21
387 17
485 7
731 615
828 349
348 440
888 585
611 425
560 398
488 117
1258 537
880 374
31 643
461 504
427 148
869 317
63 661
641 548
655 439
338 360
1081 652
484 394
425 453
457 59
753 91
1106 582
799 248
39 356
588 495
939 698
397 602
376 91
531 25
269 424
934 705
644 13
146 622
987 536
710 579
494 524
658 486
972 695
894 664
453 85
432 515
1035 635
261 415
759 658
633 478
304 324
632 436
480 38
1116 536
728 216
580 484
298 467
574 535
183 216
623 475
377 453
1011 690
598 474
476 98
972 697
916 115
636 424
435 484
991 708
1088 700
1087 704
634 425
497 484
803 608
1203 57
1240 596
111 700
941 658
911 696
1235 100
891 686
828 233
270 496
808 612
499 543
402 565
386 604
118 288
338 308
416 20
435 136
1044 662
756 604
858 654
777 608
125 583
809 635
504 402
451 579
1059 524
163 650
802 636
462 73
426 595
248 410
449 487
606 417
834 625
828 511
617 535
773 606
458 598
331 664
494 80
442 580
405 495
985 654
365 431
575 526
262 687
1197 575
400 440
385 413
823 670
746 566
671 457
1034 678
519 528
786 637
396 395
789 614
996 628
747 588
1018 581
485 609
834 573
923 696
836 634
507 523
110 659
914 610
462 547
1199 562
926 703
507 121
557 30
487 506
338 42
651 400
550 507
488 301
399 156
622 466
454 539
881 67
394 26
1048 709
412 581
408 555
415 607
502 523
406 612
630 477
547 70
652 425
445 490
819 663
631 461
548 402
940 680
1212 26
897 587
626 485
761 613
280 473
1022 715
450 398
636 125
1125 63
647 374
426 579
741 480
160 423
925 675
800 660
1028 692
357 473
474 642
435 27
860 196
794 609
429 40
647 513
853 668
347 653
990 676
428 341
354 618
357 90
932 592
875 192
726 273
110 417
877 706
469 17
322 451
946 96
1093 38
1038 387
828 668
764 311
1144 536
590 486
641 481
825 71
289 362
6 557
516 369
879 548
911 638
569 447
1038 640
596 511
486 30
1160 465
568 435
397 581
478 522
647 447
659 526
583 466
773 100
492 45
440 52
659 482
588 407
463 518
342 212
987 598
422 63
57 581
512 123
754 360
448 420
916 651
392 556
529 483
1130 561
532 62
746 202
1263 657
456 1
1260 564
420 50
328 143
392 45
507 43
1185 701
426 83
628 523
513 18
814 395
191 473
960 85
880 674
1039 132
446 26
520 102
1222 42
526 419
1026 660
117 496
916 686
336 245
426 47
197 537
426 156
925 171
711 212
422 17
349 29
550 506
439 4
1033 133
709 229
894 369
15 567
948 105
47 570
843 275
1072 0
369 395
457 128
264 27
407 597
525 41
319 643
581 27
409 135
537 47
1120 50
865 176
445 106
397 111
430 21
18 608
401 201
694 34
444 32
473 62
253 556
680 531
27 537
759 60
647 467
605 42
331 184
774 236
431 584
992 302
1111 705
468 544
430 111
1096 24
355 69
723 286
369 63
915 129
577 520
391 17
335 434
429 181
438 49
445 560
591 513
773 584
396 479
318 212
521 497
554 27
563 60
997 685
382 79
524 520
403 36
767 344
770 129
529 263
401 5
802 588
813 99
697 145
604 47
848 378
512 184
903 31
141 218
869 354
664 519
447 52
938 654
550 86
330 93
401 75
973 51
464 30
741 574
38 574
455 5
603 516
545 37
25 604
895 350
754 421
884 674
531 110
508 14
419 139
1193 198
594 28
30 544
434 547
718 263
478 141
2 472
630 380
1008 120
437 48
426 150
530 501
455 22
279 390
339 367
684 354
822 281
383 97
381 7
1234 127
904 687
828 261
640 448
591 507
341 680
1202 567
949 674
311 675
625 384
596 482
828 599
627 491
820 604
562 472
501 541
500 401
817 121
415 103
326 584
365 370
412 69
459 467
416 576
360 607
404 381
336 538
785 372
827 82
615 345
735 586
267 258
452 429
12 108
1020 652
408 106
480 63
713 571
778 574
895 568
326 653
1105 34
384 36
345 650
813 406
359 7
932 708
96 309
875 117
483 287
1115 47
602 489
931 216
940 626
519 386
370 13
608 456
467 440
890 598
437 79
391 384
851 225
324 77
550 524
827 666
937 715
1060 704
502 493
989 717
1230 692
599 99
833 615
738 634
463 556
899 331
821 620
912 128
852 324
475 60
481 465
143 685
932 618
987 596
903 706
825 610
813 619
1229 69
435 146
925 712
712 542
608 451
360 648
362 380
473 574
617 393
475 434
1112 66
914 613
375 89
764 101
1063 199
327 601
604 509
866 285
633 520
13 576
921 129
380 38
327 614
415 141
772 592
969 636
432 76
793 573
819 254
404 14
918 287
762 309
1076 684
1186 538
909 682
795 115
507 107
300 317
530 539
936 135
540 101
492 40
519 461
971 696
638 538
722 373
993 130
567 568
684 556
586 59
739 348
481 475
561 570
420 576
472 67
835 84
767 302
1197 223
913 25
295 65
947 299
1037 394
607 193
428 54
796 66
35 608
442 77
788 351
478 99
912 690
447 144
435 91
482 100
485 124
390 121
816 7
403 170
375 161
12 595
333 150
507 77
810 199
865 50
5 601
594 41
720 280
390 66
426 69
368 28
362 41
352 29
53 634
622 47
357 164
496 67
1193 250
607 449
1011 280
762 356
941 682
529 84
477 153
545 444
818 642
627 480
805 187
473 101
45 604
971 83
847 63
972 707
386 106
274 360
636 508
659 39
528 8
615 49
932 251
834 199
882 310
628 489
27 566
421 70
566 21
784 625
689 272
454 143
418 71
555 468
498 110
362 2
949 694
555 200
887 109
876 102
876 104
700 147
717 608
80 478
418 83
641 374
854 234
623 35
1093 651
1120 647
811 597
699 236
990 700
329 424
842 586
783 236
768 247
959 716
443 1
1068 153
804 10
510 449
439 498
253 334
601 70
588 518
510 8
647 442
1059 648
594 371
221 25
962 540
751 607
778 633
640 383
113 572
608 396
976 687
226 176
1171 407
1072 638
637 393
406 542
1220 712
965 601
416 466
561 538
1063 719
625 366
690 543
439 546
596 512
535 498
391 481
612 495
986 670
955 587
442 497
607 445
976 699
914 707
209 174
294 649
370 181
1133 76
1085 695
1013 663
639 452
545 47
804 621
347 195
622 438
256 381
1052 708
936 715
489 506
637 517
474 432
318 407
264 648
403 584
797 111
1114 664
382 273
613 387
583 483
482 64
1069 712
343 350
325 651
1114 491
623 0
462 29
760 550
1154 554
327 182
609 423
1010 614
866 126
1095 169
352 52
544 139
822 615
388 600
382 94
488 167
558 53
423 75
507 51
436 48
617 377
441 191
648 62
363 681
486 88
1084 292
316 56
185 339
607 86
872 189
889 56
997 704
848 225
797 355
571 481
798 111
515 17
592 25
699 315
402 131
510 114
381 83
534 445
989 706
288 706
351 156
466 93
575 48
2 528
786 58
803 215
76 460
885 56
522 220
382 54
809 654
1003 464
308 114
379 80
808 635
543 38
673 475
725 199
915 252
853 246
530 57
980 711
653 522
480 72
893 586
499 25
508 12
901 308
1000 158
348 24
817 663
389 43
386 105
587 44
438 63
776 580
866 271
888 98
785 115
942 713
912 718
795 267
486 4
454 486
370 49
842 575
792 171
452 68
446 51
930 696
1022 187
201 27
612 183
787 113
557 9
338 120
321 594
323 25
950 95
610 381
788 288
1157 190
379 228
766 110
397 596
742 599
341 470
596 502
978 718
903 200
1106 24
808 624
968 712
422 405
1035 35
1062 696
331 368
372 399
1034 368
611 477
28 97
