1037 690
821 613
370 226
1026 230
603 488
923 95
951 611
966 663
981 650
132 183
317 6
433 123
970 690
662 554
446 54
401 206
421 17
855 547
906 573
987 22
817 577
828 549
871 630
992 594
374 90
364 206
301 282
503 12
164 211
822 534
353 54
283 86
394 140
1004 697
466 113
422 87
458 194
813 586
527 109
502 252
377 175
885 688
188 163
791 604
360 1
139 102
944 681
408 61
377 132
1014 646
356 196
404 88
893 691
162 100
209 180
1012 711
458 18
411 16
505 202
357 349
140 174
162 106
410 32
194 1
228 48
965 686
469 75
369 122
463 23
942 604
506 142
471 100
856 616
939 686
417 46
911 610
394 142
443 120
951 647
311 6
1049 702
935 601
913 663
362 12
892 644
965 666
166 247
715 565
951 709
1130 619
751 564
1049 682
793 588
249 665
388 39
1086 692
790 586
249 37
413 77
1017 714
1192 516
367 162
323 56
1113 351
252 17
782 614
462 85
867 660
399 5
864 620
281 174
369 68
599 18
410 96
413 246
477 130
999 700
925 591
188 159
948 608
1074 690
862 580
779 554
774 590
142 284
835 610
669 601
955 601
761 581
837 626
515 241
976 649
947 614
881 625
915 618
162 217
564 32
904 652
832 568
827 601
549 562
939 656
1171 317
958 718
1067 131
487 91
918 702
356 204
797 692
341 102
387 8
1112 373
394 29
299 80
953 678
914 644
1032 299
832 595
783 192
115 271
443 256
874 625
346 324
327 4
347 83
939 664
542 29
479 90
490 10
478 34
834 554
831 706
899 681
346 192
462 228
853 683
539 58
1079 291
936 454
350 202
175 299
530 1
495 109
481 222
944 711
340 223
160 68
918 645
222 610
336 30
283 50
1004 663
1032 102
739 565
662 489
654 56
886 644
434 43
1035 702
946 599
285 25
961 686
554 545
248 123
436 151
749 515
1088 197
418 3
906 599
881 620
805 536
854 652
1153 686
985 584
992 687
894 679
181 123
568 439
351 38
176 135
386 130
168 69
401 179
322 11
435 173
945 597
367 42
895 681
895 619
389 263
821 631
343 76
1098 181
318 94
665 571
1151 717
976 415
617 457
992 693
453 82
947 615
167 226
1143 303
371 238
1037 706
963 709
356 83
200 659
299 651
786 621
1161 204
439 266
1035 660
1089 318
367 107
365 69
300 600
379 238
933 620
408 133
1059 307
884 636
1064 265
187 659
1062 313
228 56
1120 55
1089 385
1030 281
928 23
381 20
1095 358
821 498
399 57
383 177
1134 229
346 5
943 331
895 382
919 545
1098 361
148 704
143 710
1046 355
945 85
1108 351
186 24
905 594
183 171
936 243
1061 295
896 609
258 676
958 434
1155 256
359 546
1182 224
926 457
1041 629
473 119
910 246
976 640
1114 397
337 187
927 630
1080 444
1157 255
959 590
16 529
338 717
1107 382
1135 194
403 46
364 717
851 51
1048 700
1074 314
364 65
1014 309
141 387
430 280
331 593
1020 460
1127 374
1151 390
323 29
960 425
982 452
913 673
1116 358
1135 390
972 705
984 5
1174 279
1164 300
996 614
861 404
503 237
1012 668
972 90
144 77
869 80
445 31
835 632
1019 312
891 655
828 560
1117 217
896 661
449 63
475 63
451 89
881 635
432 14
1013 423
863 621
929 629
378 39
21 500
846 562
866 29
430 303
997 22
826 574
993 689
888 653
858 601
929 676
314 88
384 9
926 694
335 16
990 649
462 123
951 670
376 43
454 136
427 107
725 542
192 171
626 457
685 651
397 121
815 549
1122 385
458 293
412 30
411 57
257 287
364 13
901 635
136 305
403 78
923 658
188 21
377 45
117 188
420 195
1018 681
1030 670
908 663
325 339
436 76
876 664
199 126
849 560
1155 262
801 558
818 517
966 596
155 236
160 64
407 10
471 95
1071 204
386 180
1072 554
428 74
987 68
323 701
901 657
795 582
1005 301
777 650
233 43
314 6
1005 289
977 381
723 573
890 579
942 389
919 693
288 27
1114 385
452 169
277 29
463 111
393 64
422 160
1066 363
1005 540
1110 69
905 660
446 676
131 106
1110 302
436 110
1059 715
482 69
793 602
1129 370
421 226
453 54
371 39
950 255
182 47
804 255
1102 406
983 5
932 537
875 564
990 638
771 548
327 174
1088 287
531 9
980 422
1075 72
1075 182
1004 331
924 624
285 678
1144 140
921 676
832 224
1179 248
1036 329
520 703
898 97
348 524
1038 339
1068 250
1058 9
161 124
196 36
1049 323
1153 309
1038 462
313 69
26 598
29 492
1098 224
324 106
443 96
280 644
1080 323
1085 316
362 121
228 170
1131 310
896 395
487 25
436 617
1070 334
349 30
1174 233
983 377
25 541
1038 68
352 25
512 331
506 705
959 714
1081 420
1059 218
1155 339
433 547
1163 258
1153 383
1174 332
1008 121
956 317
940 576
947 416
1088 286
1138 418
1060 433
932 614
878 35
864 387
1162 332
203 680
1002 102
1184 301
923 277
1027 121
366 642
1137 258
961 362
1061 287
964 239
207 584
897 229
1161 221
1037 345
1118 182
987 240
1167 233
1091 363
317 37
1046 273
1071 44
1046 254
1142 172
165 640
937 262
1017 3
1024 439
265 656
1143 383
912 356
1114 266
226 644
1199 251
1052 80
898 94
929 396
1155 273
1126 279
1000 39
1068 126
952 210
180 656
1115 306
827 90
929 337
1018 422
344 512
1041 405
1073 224
1088 352
1162 206
365 175
1147 317
285 707
887 399
223 671
765 677
1111 352
1116 279
808 434
744 522
1045 160
1133 368
848 353
346 204
321 197
907 283
1124 66
1065 260
950 694
419 75
1081 241
943 588
942 715
1162 236
907 67
884 601
279 700
1017 675
987 633
749 212
965 660
1068 352
1099 399
914 390
1078 310
774 571
890 672
1079 667
1049 372
473 594
1178 313
898 334
919 657
944 385
962 326
263 627
1142 388
213 685
1067 344
1156 102
1117 332
441 713
986 125
255 621
1086 343
197 171
830 574
188 61
1060 220
345 177
1057 116
1045 369
802 565
1185 303
1177 251
734 315
839 29
908 623
332 54
1040 287
178 188
941 307
1201 284
909 606
876 617
1147 302
1105 469
409 57
1027 297
388 232
1077 316
936 687
1056 323
898 285
1162 331
492 257
1193 263
998 223
1162 276
558 13
940 700
1161 303
981 454
980 719
826 578
1084 291
173 50
861 609
923 575
939 362
327 66
999 309
305 31
752 220
1150 264
145 141
1188 310
312 639
884 397
151 589
974 156
364 517
1060 677
1027 37
1105 381
1070 295
1172 287
275 687
1053 220
1205 274
398 211
1004 517
810 319
1145 346
945 435
1132 104
1077 212
1042 355
1123 256
389 190
1121 374
922 391
745 277
1030 130
1130 389
344 587
1124 261
476 11
1217 420
929 212
1078 375
1065 418
674 263
911 659
202 52
1042 467
1034 392
1174 285
1046 328
1157 282
1080 70
927 674
413 13
1129 299
831 107
1211 331
899 65
1048 364
1055 224
1103 425
597 610
983 41
326 37
1157 212
875 337
1073 112
1097 320
1203 304
424 158
1055 75
977 685
1063 484
1134 367
242 666
1011 312
825 614
1116 180
1142 334
211 670
1139 297
956 96
424 54
1025 707
498 445
639 542
384 564
1196 316
976 214
930 663
962 266
168 123
1138 237
1004 431
930 248
1135 215
1051 151
650 613
912 277
1115 97
1016 342
1171 370
340 7
1073 342
1028 652
974 224
1001 90
1163 336
989 687
886 443
837 584
694 252
945 572
390 487
1143 366
997 474
1028 236
967 255
764 499
836 651
271 607
973 698
455 123
1152 245
953 224
996 422
245 665
983 92
1051 184
872 367
935 309
1043 245
974 237
925 700
1004 66
885 374
1163 248
1160 228
355 687
1008 268
1083 346
1107 57
1131 321
1090 364
1075 249
1155 354
948 369
1030 333
1047 349
1013 59
974 27
1140 116
148 273
979 115
953 96
970 344
1065 119
374 664
344 624
1025 198
1041 176
1046 377
1150 302
1144 382
413 222
382 16
313 482
462 496
1098 377
937 254
1126 284
221 693
1074 8
502 398
1141 280
896 581
1113 122
983 396
1189 322
984 392
167 579
945 387
183 670
1050 283
914 355
1175 375
990 309
984 297
905 394
921 76
1020 114
808 276
1061 200
944 61
1083 340
523 644
841 412
125 624
1002 90
372 638
1035 427
979 172
971 680
863 114
1117 46
1111 154
958 331
833 268
976 65
1184 336
1135 353
1156 236
1182 322
367 688
948 678
577 544
998 133
1126 365
1188 239
925 651
971 28
1193 187
1156 335
197 629
364 689
1143 301
1085 373
899 237
1099 340
459 95
954 271
954 379
273 713
1145 228
988 288
939 717
1114 420
1020 176
894 251
1184 384
1062 352
1136 84
945 391
1053 103
1050 437
1046 423
1024 195
1006 392
973 385
938 369
1110 132
326 626
1095 53
1060 26
182 682
1217 367
922 381
958 468
361 687
1044 409
914 9
912 297
294 34
386 710
1156 378
1098 27
814 326
1111 111
1176 359
1148 387
1013 23
149 642
895 375
1089 289
1156 230
1188 305
984 35
1025 8
1042 0
227 587
976 6
1038 390
1024 214
1172 399
915 69
233 682
988 426
1142 206
1113 243
1156 344
1086 232
1059 14
1115 262
1140 211
984 421
899 85
1051 194
1029 514
856 165
900 333
302 55
1021 194
1003 348
918 284
298 685
1201 239
1063 460
962 413
969 78
231 652
349 703
1018 673
1085 258
327 94
951 381
286 677
1174 253
369 111
971 384
964 669
963 411
982 712
308 592
421 115
108 208
1055 431
383 86
147 135
956 203
1148 399
333 38
753 648
937 250
991 371
422 262
463 258
1180 304
1088 411
1050 206
951 648
976 719
1201 334
482 39
969 699
917 589
1095 405
964 403
964 48
279 553
899 688
929 274
970 716
859 535
311 664
927 15
350 707
1027 392
1005 71
204 54
814 572
188 130
292 89
400 130
1055 387
469 80
1116 432
962 662
620 571
954 663
373 120
847 714
903 589
427 24
869 275
1037 81
988 683
367 36
487 5
906 679
606 573
138 136
922 407
917 655
485 15
1014 707
493 234
404 90
1175 314
466 277
874 648
1200 267
409 202
1021 659
675 1
887 564
312 74
892 597
852 629
823 659
946 705
495 83
281 173
868 629
1099 404
121 237
960 116
385 16
782 528
373 59
395 271
194 75
474 318
833 568
720 579
1032 695
688 508
1042 676
944 692
846 665
373 10
874 691
197 192
392 46
1049 654
412 96
424 47
410 284
485 151
1180 341
942 686
309 34
856 661
1040 680
991 700
395 253
343 333
391 30
984 693
198 131
1177 541
840 582
832 638
208 148
373 208
443 238
985 582
923 568
836 589
518 21
955 691
875 622
357 3
432 215
791 536
905 569
939 614
592 517
1026 278
351 138
124 199
242 167
143 134
361 28
1099 312
941 389
234 109
425 243
925 449
432 264
296 1
205 56
215 116
902 635
750 17
484 205
362 189
996 617
164 63
434 86
208 193
406 65
931 668
532 321
860 585
339 33
372 52
1067 697
362 662
330 596
809 565
813 249
1097 230
1078 704
1147 678
876 350
1051 672
376 231
1033 336
298 19
331 34
957 398
977 339
229 587
1025 154
1048 359
464 86
474 34
307 633
471 93
931 398
922 590
176 293
801 607
389 210
1068 522
1025 250
27 523
1139 235
1076 211
386 7
763 592
929 701
1022 653
507 220
985 655
932 34
400 66
917 615
873 400
1139 375
1122 280
456 247
876 49
408 34
221 680
926 259
386 120
1175 182
1056 300
1160 302
369 213
298 67
417 44
974 126
376 203
920 61
1039 371
1154 185
1157 328
1131 119
953 375
1080 406
350 598
155 292
899 689
140 81
859 642
444 22
882 626
935 229
559 52
840 614
954 681
385 9
797 564
1194 335
260 17
483 71
891 593
186 144
1066 650
296 681
216 393
1018 239
1067 135
1061 227
962 704
283 31
1158 113
895 364
320 101
891 73
945 696
933 384
308 622
1195 534
989 65
1028 370
844 670
928 298
684 545
140 284
509 110
1155 329
459 34
870 554
1066 702
1096 204
375 10
1034 704
1123 212
952 28
1111 379
486 160
1066 173
451 139
904 640
423 28
946 618
480 37
295 41
130 233
950 693
1064 654
1139 258
1128 287
288 106
819 697
330 608
770 540
502 51
434 120
1054 686
1156 702
1167 390
634 21
975 410
661 536
825 606
632 564
979 309
876 634
838 608
1003 235
191 4
933 694
160 78
622 20
296 40
325 104
1115 89
302 135
962 617
895 651
901 703
353 88
1089 381
1184 244
500 242
873 645
1145 300
925 698
790 575
1055 719
870 608
417 199
220 2
997 632
994 699
1018 663
190 644
291 184
167 78
395 99
1001 703
856 623
346 70
1012 130
993 690
729 26
424 154
357 205
1034 438
469 312
965 709
455 59
335 58
420 44
490 313
326 687
1095 77
978 438
365 630
743 562
391 75
413 37
1003 663
988 253
1011 322
1046 470
385 29
613 48
1078 416
1171 364
1015 126
600 108
1180 274
1059 376
846 547
934 71
855 392
768 550
858 676
142 716
1061 684
577 69
1155 417
272 22
970 619
478 90
1058 242
364 228
380 27
1076 224
1048 262
206 74
699 569
1109 424
356 64
721 383
422 57
217 689
928 237
228 643
818 88
872 413
898 382
990 447
1038 25
887 279
1047 429
400 121
1070 240
985 144
1011 1
1000 428
306 673
956 318
1077 346
154 70
198 678
1174 312
1106 205
1129 134
934 406
915 104
729 700
397 244
1029 228
1102 15
1141 379
1186 211
978 34
1196 306
1061 378
1125 290
1122 162
1073 87
1065 216
1135 359
730 352
520 101
1013 429
1136 207
1036 2
942 27
1116 291
921 276
1021 4
1013 67
1008 689
877 554
1160 311
1089 287
1098 24
625 276
991 256
1092 320
867 87
1128 217
1047 31
425 52
1031 361
1181 339
1047 345
885 384
1095 325
956 10
1081 414
1077 265
973 353
1110 487
1007 70
960 409
857 370
677 319
925 322
1161 370
456 288
432 526
1032 389
1169 368
972 122
1198 237
1050 376
1172 375
490 3
730 380
1076 68
185 640
578 401
1043 238
1204 351
1131 385
958 692
1094 291
968 43
1022 57
1048 339
1202 338
853 395
855 129
427 41
981 42
1005 147
988 584
353 537
1127 317
975 467
948 309
1189 255
312 42
1046 213
911 403
1094 216
855 398
845 317
143 78
464 74
1183 245
1186 342
880 413
878 106
966 467
1132 295
456 220
1151 239
910 336
939 551
1167 287
1184 354
1155 129
1135 235
1069 384
291 28
1146 253
309 552
625 417
1150 373
1012 85
129 348
981 79
1175 292
1036 88
953 1
1076 366
1062 252
743 306
1089 99
997 351
1107 280
925 458
990 334
1119 360
816 218
471 680
1026 282
943 261
1202 257
1062 385
229 682
944 397
1064 422
1135 206
1055 278
1125 187
1081 334
1095 313
1037 108
1056 1
1155 708
1021 249
21 525
1209 258
998 384
336 66
986 244
991 258
1137 305
1068 399
1020 47
902 73
939 718
1036 704
400 519
940 287
855 616
1007 136
917 408
903 363
881 422
171 628
1119 43
1163 383
1151 400
1132 383
1147 266
1109 168
1024 315
950 397
278 284
299 131
1069 193
1042 280
921 406
857 696
250 683
966 219
1191 223
1179 345
442 15
926 221
934 420
909 391
1109 445
1046 190
900 14
1029 379
1029 318
608 432
498 707
1090 186
1183 319
177 190
365 77
1051 332
991 217
959 50
995 100
1109 287
1014 307
1038 491
1073 219
1171 242
1085 426
1123 327
999 231
1059 81
1166 198
927 621
298 640
307 567
1198 312
1110 315
1110 24
937 238
1015 706
1044 365
995 4
509 265
1166 279
898 259
634 142
1124 367
1000 40
794 343
1017 480
472 599
1075 285
970 469
1088 61
1084 396
1015 145
1127 286
927 387
1083 259
918 311
902 651
1130 278
826 312
1045 7
278 675
225 641
926 395
1116 288
1152 360
1024 359
1204 217
1177 263
1114 223
947 442
1086 126
825 613
376 611
469 662
882 208
1062 336
1089 280
1162 405
1164 215
1069 320
1154 306
1150 120
1102 295
990 397
1114 344
932 92
1150 235
1129 333
1171 338
1050 174
1075 287
996 233
490 134
1037 464
1063 94
1031 330
11 537
1187 254
902 404
888 371
1175 385
932 88
956 449
966 167
1117 329
223 704
953 246
216 672
984 68
1069 692
1032 392
1093 323
906 167
1106 295
1025 376
1144 210
871 396
1097 61
1150 339
1120 419
1114 445
112 591
557 679
297 685
998 109
952 133
1118 362
1145 250
329 657
1085 412
1229 411
880 60
1000 334
1165 316
181 645
267 673
1032 442
992 80
955 638
1105 114
889 682
1118 125
377 643
299 690
1011 426
375 592
1051 451
910 224
328 674
327 710
936 384
990 408
890 423
1127 339
487 537
858 568
910 349
1001 460
1031 527
775 398
1137 308
907 216
1105 255
524 541
1122 336
1103 385
1125 345
1048 187
1186 266
926 629
1142 418
1166 381
183 683
1117 311
177 138
1081 306
381 112
987 362
1053 470
1010 330
1034 298
993 49
926 22
922 642
1017 15
1012 21
204 717
191 698
349 99
966 0
1148 266
1010 446
1184 299
1042 276
1013 337
1180 293
1154 217
21 517
319 662
747 535
903 375
952 373
873 80
1030 339
982 101
1122 323
1186 327
943 666
809 376
1180 151
237 14
966 224
947 328
680 271
1003 283
336 628
1080 324
312 705
211 625
1067 105
889 437
980 194
984 383
1150 169
1220 401
989 218
1105 321
743 542
1134 256
1055 196
1210 307
979 11
182 161
1094 109
993 128
229 697
1053 275
937 382
889 382
933 398
1014 351
1036 635
1023 65
1102 41
1010 425
1051 342
1000 387
892 695
311 684
174 683
958 267
430 515
258 658
893 385
1058 227
405 259
1194 203
969 321
889 310
1150 326
817 306
1066 189
808 426
980 384
486 124
1091 217
963 189
1169 217
964 679
1087 344
1188 397
323 20
960 281
1104 147
1095 386
1070 145
308 548
1049 271
1068 167
877 82
324 699
193 1
325 632
861 376
954 244
227 687
407 112
1091 300
1022 301
348 626
1109 319
19 561
1136 599
916 711
1084 368
430 639
872 582
612 1
998 406
297 634
195 629
361 102
952 354
452 5
410 46
980 397
293 117
985 445
200 198
405 165
932 676
781 646
1100 217
187 32
371 211
444 74
925 662
405 205
928 667
648 516
909 635
961 662
889 565
1067 25
254 34
833 679
364 172
911 653
892 666
949 704
1190 282
923 716
935 562
952 686
1172 585
133 155
389 13
406 227
220 712
183 681
469 64
1087 329
435 41
235 279
499 31
332 131
332 186
938 669
374 256
444 229
572 34
855 675
73 415
881 581
1020 611
1035 212
1179 315
496 98
860 646
965 218
150 69
900 588
1045 178
1089 701
518 129
1062 75
1198 419
365 31
414 78
972 11
426 39
872 377
972 678
968 385
1018 332
270 16
775 503
1128 410
1053 428
283 607
456 5
996 397
1008 448
978 338
983 63
273 130
321 535
1049 282
929 389
424 49
279 87
1082 326
969 654
448 127
1080 242
762 238
934 673
1136 235
1050 395
1026 300
313 64
433 95
207 699
1061 221
978 368
967 227
1135 153
379 132
355 79
964 715
1206 279
1177 170
1043 20
1066 233
416 201
1105 378
977 427
937 415
1060 322
1170 198
948 52
1030 363
601 446
154 258
1180 276
521 79
1002 324
382 89
125 341
1059 79
964 698
492 16
370 94
338 13
968 589
936 97
1084 718
853 646
833 554
801 586
391 65
821 610
1029 119
680 648
930 643
185 66
591 54
1123 403
404 141
162 79
999 240
769 676
224 92
450 16
825 620
1109 364
847 599
1023 667
909 699
1042 406
675 686
915 460
135 692
397 5
726 393
409 233
1185 288
913 589
180 318
952 680
945 694
1043 339
786 616
933 688
178 156
913 373
1209 306
711 566
922 675
346 179
1079 697
1015 441
500 91
809 619
563 527
224 3
335 702
207 230
1014 256
895 641
374 188
342 1
918 628
396 31
1001 672
500 11
380 252
410 241
961 641
973 636
190 149
525 8
1199 527
1069 269
1095 65
1078 648
961 674
934 596
1136 163
246 712
1074 77
880 570
954 710
448 54
929 596
882 655
399 233
227 263
962 621
433 102
854 379
359 56
386 74
268 621
413 83
483 122
992 663
895 537
634 552
696 59
981 698
979 673
207 106
107 270
129 195
251 81
920 639
1005 716
1052 249
584 582
1162 680
480 141
416 54
824 625
886 573
182 203
842 619
381 67
139 212
419 161
511 1
976 680
368 127
983 605
852 557
840 616
364 707
296 24
161 154
408 49
870 681
410 1
1018 717
1095 228
905 532
1013 702
474 101
937 565
1046 393
437 10
1078 365
339 711
129 180
923 375
943 609
427 82
232 198
210 59
830 501
955 556
427 45
437 30
1013 719
1116 405
435 17
212 48
425 48
274 78
744 472
434 72
247 98
407 60
1013 714
281 26
858 641
993 707
492 54
1071 687
442 52
974 297
334 33
368 208
400 20
870 638
693 655
1009 274
435 37
617 96
1126 216
308 295
1149 94
935 632
995 425
866 665
388 239
901 666
1035 711
1142 162
915 719
930 432
1185 307
923 623
25 543
845 676
1182 313
1124 340
1039 215
1131 244
1106 25
346 655
323 91
1181 398
1016 0
846 578
1177 338
1046 342
1074 639
1124 182
1118 419
1136 329
1127 421
897 397
876 710
1145 389
422 12
396 7
1172 331
1005 450
1079 289
860 617
407 85
958 714
234 262
909 404
1073 414
1013 265
1144 132
902 560
878 103
1187 172
926 653
846 248
253 636
1129 390
828 370
1190 316
1099 360
996 425
954 273
837 585
1175 266
934 31
169 62
1107 270
936 75
1162 211
1020 97
933 664
878 580
498 223
356 673
1101 207
198 605
916 645
145 134
1128 282
1077 332
963 99
1071 403
403 105
1149 339
764 408
1031 643
221 46
998 409
1004 361
936 313
1063 207
295 117
302 68
1081 344
969 643
145 94
977 71
973 426
211 715
318 152
955 443
971 716
255 671
876 662
244 698
302 19
257 45
874 588
1143 284
1057 181
315 65
410 144
864 621
946 712
1175 215
1045 655
483 88
908 706
1000 674
985 95
1105 412
946 424
1112 85
971 610
1035 29
1070 248
973 595
499 270
979 666
1168 318
966 382
1176 353
1184 149
151 115
1123 358
170 135
454 176
1033 706
1019 220
879 611
961 647
845 624
1157 295
865 349
1077 354
946 352
1109 260
383 120
1089 418
1027 697
1128 130
1000 667
1020 258
917 273
159 613
1010 715
1131 379
1059 441
412 137
955 57
344 589
938 118
911 90
1017 134
1197 335
1004 76
1123 291
1115 264
1077 157
1195 272
1112 294
800 366
917 6
997 579
1179 379
849 409
1034 228
1099 287
1193 310
1143 171
570 682
906 355
1130 408
1064 539
1145 270
1006 90
1067 351
1190 272
1146 199
637 549
1091 89
1184 305
392 54
152 472
375 19
876 365
1198 214
209 132
915 413
285 31
1077 122
865 358
978 33
1135 212
960 179
1115 384
1059 182
981 292
1156 187
1098 300
1152 369
883 406
1014 205
1058 246
966 264
811 332
1052 214
885 310
1163 356
1127 104
1040 469
1144 205
1039 648
434 124
1159 314
941 258
1063 392
1021 278
1067 134
1039 175
432 695
1036 325
1159 336
903 289
963 323
1023 215
915 279
1049 219
1167 387
296 539
173 407
327 29
1204 272
1081 342
1192 259
1024 7
1179 186
944 36
1189 321
1163 426
1167 267
717 301
1195 152
249 678
1145 236
990 166
1050 353
1125 255
1031 314
992 148
1007 64
1043 183
172 676
1122 360
1054 124
939 371
1037 450
1093 339
1126 333
877 403
273 583
232 650
1082 65
996 593
1011 328
158 114
232 653
975 713
1120 380
986 706
318 706
1071 221
307 662
791 303
1130 349
784 539
264 675
956 419
304 664
203 650
1198 296
1049 436
947 366
1053 708
185 598
222 689
1072 199
1029 305
905 380
1000 357
835 647
1087 96
909 266
1140 312
1118 334
1164 418
874 65
950 410
885 76
1191 353
940 247
1040 240
961 269
1148 270
835 291
1117 124
1200 330
810 259
1072 210
901 345
1198 279
982 264
943 394
1163 371
946 428
1091 201
1013 103
645 508
1191 282
1078 51
1079 389
996 308
1167 306
1174 251
1127 399
699 344
872 375
901 400
984 408
1193 202
1021 419
1074 386
1081 469
974 287
250 699
525 20
1122 258
1161 231
1105 430
1007 134
1195 267
819 434
1136 283
994 469
1106 352
995 44
1146 78
1183 311
971 1
962 455
1218 404
1191 191
918 75
1157 215
1220 295
204 678
1169 192
326 616
1014 254
405 697
501 651
1150 310
358 523
966 408
710 321
1163 391
1117 367
311 682
932 268
732 361
1188 208
1052 231
1092 394
1102 71
938 458
1204 298
1085 207
260 688
680 263
1124 224
1105 93
1034 60
988 398
1180 395
1057 317
921 427
1157 155
925 253
914 244
993 310
237 585
1139 246
1151 215
1140 388
940 227
317 672
1020 25
1171 274
1144 307
981 469
1090 285
1040 472
245 651
1170 275
443 67
1134 268
956 77
882 395
362 561
971 377
994 475
896 425
1045 264
1168 317
1054 408
929 368
1110 365
1019 33
955 8
1071 453
200 612
943 135
964 377
210 696
1002 622
1100 281
1027 303
1000 289
1007 337
27 535
1124 415
965 694
1064 393
942 166
687 261
1075 291
1026 411
392 179
910 99
1019 264
1039 241
1135 384
1050 19
1140 330
1156 375
1076 17
1108 34
1083 289
1180 237
518 20
1136 280
1072 363
897 346
199 155
1091 265
1172 208
936 421
247 4
1006 399
1178 397
1095 344
1148 308
1120 345
785 578
1116 150
292 682
1100 419
1186 314
1073 437
426 274
1043 660
1073 335
821 437
947 678
736 515
426 119
1112 644
414 13
951 681
1102 146
1081 152
929 443
404 194
1165 359
909 337
883 670
885 648
950 645
398 192
1099 304
1182 692
910 369
154 325
1031 256
1022 411
476 365
634 574
1071 715
874 354
458 147
248 109
1182 408
565 56
1095 237
1044 310
991 261
1057 79
961 671
892 550
1015 117
872 664
1044 142
1075 216
166 72
863 655
206 715
1095 324
877 642
186 679
1173 385
940 35
399 245
1209 328
22 518
892 674
488 98
1014 438
1123 196
1147 138
950 475
182 41
974 203
961 60
415 239
479 271
1024 250
1154 235
260 28
1146 212
1072 386
1074 203
995 75
317 688
405 143
1035 265
317 642
334 650
163 709
34 547
948 49
936 334
1106 463
870 20
984 672
345 218
953 407
1086 697
913 623
78 499
1195 258
924 314
874 670
189 700
1083 193
172 175
1120 245
1057 205
394 36
269 117
1142 262
1087 9
940 688
1043 105
1046 125
358 23
348 76
1007 474
1094 298
1033 73
1180 188
1115 361
1216 308
767 567
447 249
1113 341
220 297
321 121
1214 320
1044 452
974 32
1154 385
1036 270
355 543
1073 222
630 3
365 546
998 607
497 287
968 413
515 276
847 614
835 578
901 640
1055 141
235 71
1095 72
1198 260
715 591
1146 121
412 50
182 699
1107 412
1033 1
1184 330
549 35
940 459
992 487
850 643
1160 304
1046 266
315 87
946 665
866 321
1057 245
452 103
920 91
472 145
353 165
990 320
1208 319
616 250
1020 334
351 608
1205 261
1112 292
142 95
1135 379
1142 178
1069 696
1025 201
1084 112
438 125
997 411
920 76
771 627
921 396
354 665
1210 351
947 93
949 226
946 713
517 31
1086 8
703 669
1111 364
1160 363
938 653
1184 248
415 63
121 309
1089 349
1003 644
429 545
970 669
1004 386
212 665
935 343
395 596
1117 296
1058 43
1108 98
328 716
994 253
1107 399
1069 86
975 236
1182 396
365 611
1015 228
1138 282
1163 316
1134 147
1130 67
312 660
1039 445
932 287
1067 194
1033 274
361 676
1090 157
1140 320
1100 214
321 683
1025 343
1133 227
1093 84
1127 215
1190 320
1049 263
986 24
332 612
1009 50
10 565
982 440
1214 301
1157 297
1060 275
1063 342
1162 257
823 669
1116 399
1060 432
343 546
1084 384
393 30
883 296
1085 498
1047 293
306 703
975 102
973 247
349 91
1095 59
949 24
302 616
1034 132
1155 366
1117 70
1177 295
958 292
1173 397
1218 369
1222 297
1181 167
1020 195
1086 367
913 369
962 411
414 519
381 13
950 345
1003 217
965 653
1013 181
1088 475
1060 445
1040 413
1171 334
988 112
1157 265
1102 419
444 433
1096 245
946 286
1096 296
990 361
345 614
1047 364
926 354
364 672
927 398
1137 380
866 657
1118 189
1009 223
813 123
392 92
1028 462
884 651
1026 82
1075 350
226 659
470 617
915 617
1085 269
922 266
1100 359
844 626
1185 316
1007 373
197 719
337 704
1032 268
917 390
793 246
896 364
1004 439
1033 142
221 612
414 225
992 684
1209 289
311 180
1113 400
9 528
912 54
1134 244
928 406
1119 355
276 543
1167 260
416 48
1092 335
1001 321
1154 424
1089 200
1161 316
301 653
193 705
921 368
1119 92
1107 102
1212 407
1023 342
1113 156
19 539
984 373
945 260
1000 450
357 705
987 115
269 698
1083 3
1188 279
189 684
906 299
1132 80
417 7
966 302
334 577
1016 323
1007 242
911 81
1127 231
340 649
1068 404
315 592
866 340
1120 190
354 581
1119 376
976 452
1083 313
375 617
778 361
360 708
1164 221
291 667
1153 284
465 713
1145 193
1181 310
1126 370
964 294
1136 372
1050 106
1214 289
1193 208
360 673
1117 236
1129 252
822 353
468 583
1080 383
1162 346
489 584
1159 389
984 167
1029 300
1079 328
1100 310
1036 320
872 324
1027 446
344 623
1080 394
753 553
1147 344
382 635
1033 55
222 710
175 594
1012 421
1207 297
1173 386
476 714
1206 317
1063 54
999 341
1176 342
1196 199
1161 338
383 711
1072 348
942 413
917 248
459 606
218 627
433 688
490 576
345 582
1084 544
1102 350
1133 231
935 382
1038 287
1022 204
1187 278
236 668
178 618
1127 358
970 438
1104 15
991 485
1031 189
1002 115
1075 349
886 82
176 204
1111 375
347 609
831 91
1141 148
1142 358
1185 290
1093 208
1118 312
1028 344
360 519
1141 195
961 380
1120 395
875 83
1115 54
1065 438
351 654
1022 119
136 208
1052 186
928 244
984 98
1175 395
1029 205
1193 221
190 625
868 381
439 610
601 482
1150 183
1093 204
1126 325
157 630
1177 337
1141 311
1130 136
1122 308
874 683
362 42
1011 399
1143 245
1039 688
1089 460
1128 204
1082 347
1136 367
903 229
1132 347
888 431
452 321
998 390
216 94
428 718
922 552
1104 405
1093 241
985 71
393 4
331 605
246 694
510 6
1017 456
904 386
1175 332
927 81
957 422
942 703
1127 244
1123 321
264 711
879 422
788 592
993 696
374 616
400 5
1008 3
895 657
963 633
1174 322
435 214
923 312
1033 76
1156 297
256 640
1103 465
1206 304
1161 301
984 424
295 629
1215 290
824 388
519 98
971 708
851 570
1065 101
1032 24
1013 403
1082 318
224 712
1033 296
1163 309
1160 362
372 671
1109 307
1035 361
1089 158
883 358
920 706
729 323
900 647
1077 386
861 575
1093 707
899 91
205 375
992 413
1032 297
984 465
503 167
225 141
1215 321
1031 350
1243 461
1032 396
1186 222
846 315
365 707
1062 258
805 600
1049 443
1039 46
1151 121
776 518
290 629
973 640
776 540
1002 388
960 615
474 26
1181 337
1053 215
1051 426
648 634
287 625
484 9
450 296
906 708
811 719
412 292
300 142
849 95
360 57
470 61
815 393
1057 330
314 0
907 628
970 627
367 649
912 364
881 680
946 41
933 640
1054 433
1038 716
945 359
910 92
483 36
979 458
861 589
511 104
1087 229
1041 287
401 277
746 509
906 611
1119 302
863 398
576 572
925 362
1143 299
891 412
1074 463
960 429
1161 156
989 119
684 455
1119 135
992 592
1018 118
383 134
182 168
1097 321
1182 173
1123 133
794 607
348 70
918 134
974 423
998 716
950 633
926 291
524 23
1051 9
389 266
377 31
1173 145
890 638
773 684
381 234
1021 296
896 544
313 110
962 710
825 347
907 634
912 203
1137 160
202 368
1151 644
1141 384
858 634
184 121
658 490
835 635
257 194
206 73
1008 17
1084 211
1199 217
726 554
1134 321
1045 339
954 118
937 86
916 239
1132 449
980 691
1142 319
1046 168
930 80
1147 129
1147 267
359 103
773 614
1174 176
866 694
1072 393
802 706
1152 378
331 707
445 20
1089 367
1033 334
1066 213
1050 210
383 605
1069 239
855 251
936 606
933 58
980 667
1172 389
1017 245
1031 478
296 241
971 705
978 713
329 216
1035 434
1003 681
201 669
1062 280
393 183
957 631
1171 510
944 704
113 295
271 164
218 58
513 22
269 714
1145 233
1009 289
1091 60
417 91
773 546
1186 330
589 556
1108 367
901 602
844 597
846 281
497 197
960 22
1061 631
302 30
204 595
320 566
1168 357
932 144
1170 177
240 654
1057 381
919 662
954 583
865 647
1201 259
985 467
228 249
304 692
379 306
916 614
400 80
936 439
275 674
1092 331
232 111
247 652
1106 188
1146 364
1166 392
902 81
1081 679
1171 365
913 574
1090 130
1179 316
816 615
272 627
1049 340
1166 330
708 531
814 620
1187 313
472 697
438 99
1183 212
1040 228
944 601
932 446
1071 94
1034 54
758 390
132 599
795 417
555 58
329 642
1154 348
1108 355
1014 274
201 120
864 242
429 3
423 710
931 435
434 34
974 698
182 646
267 95
1105 373
1018 254
1120 206
26 570
1151 103
904 353
1045 234
994 188
987 131
931 246
1011 216
1041 393
1097 361
988 63
448 87
1100 450
1002 362
1109 338
331 689
966 368
928 345
283 39
323 341
196 251
1103 439
276 540
1034 166
329 88
863 602
1050 342
1050 310
1137 363
1060 390
297 64
1105 310
435 105
990 364
1108 387
1107 324
889 642
1043 369
364 43
926 666
1188 263
953 49
425 240
1138 194
321 712
190 179
373 191
781 613
890 619
974 15
994 594
520 19
332 315
166 118
478 17
132 289
964 690
748 559
425 46
1049 708
441 97
1111 695
984 655
655 611
352 1
962 681
582 490
495 88
403 34
914 411
936 665
954 695
289 117
692 537
818 620
918 650
243 78
403 270
927 708
304 18
684 546
269 84
267 60
905 601
919 567
451 6
841 654
844 635
878 629
933 685
877 659
687 686
494 28
351 233
470 126
982 668
940 58
430 9
624 544
1168 344
137 245
654 546
220 136
183 74
960 641
514 302
180 279
834 562
1002 660
821 599
476 146
257 31
165 68
587 7
1151 605
256 89
356 95
1003 695
1059 668
880 561
1083 124
386 62
447 74
186 133
753 623
1001 699
572 543
902 543
889 710
182 182
486 102
901 583
997 700
812 603
1071 693
953 694
955 650
282 129
885 634
912 712
936 639
218 115
200 142
372 358
411 55
929 655
316 571
379 23
191 97
383 59
354 4
896 568
954 614
383 24
362 107
898 623
467 74
788 694
340 77
408 69
943 333
824 687
1050 223
419 215
1012 16
697 675
484 440
