951 130
679 697
212 240
830 202
880 686
792 332
730 133
668 29
216 51
483 466
734 505
1032 205
990 189
986 181
1069 59
918 132
371 314
703 436
955 569
1087 116
805 9
788 297
657 404
644 217
807 4
770 43
811 457
199 644
562 457
498 719
1034 477
1109 123
1152 211
112 307
805 446
365 109
713 124
730 26
1047 29
543 474
678 160
1096 505
1115 181
1048 190
1086 510
243 10
391 497
760 137
304 108
1087 569
1195 429
907 133
1034 422
1011 162
665 393
665 481
506 457
1126 602
393 153
878 101
1163 366
729 454
349 476
865 136
714 104
836 46
1051 590
753 66
921 110
877 340
596 289
1091 122
384 365
1075 183
880 413
1026 52
853 17
1086 195
813 407
614 426
820 87
606 349
1048 89
918 32
480 263
897 459
657 409
739 405
1051 170
597 458
734 123
400 259
772 103
710 435
1019 188
1027 188
276 2
933 34
986 123
387 283
811 491
874 93
365 100
858 102
647 92
1039 152
950 119
469 560
764 717
788 202
905 13
689 512
716 327
1153 262
1125 206
662 3
1014 3
556 126
1023 106
661 44
749 64
837 357
417 386
802 36
851 347
508 488
876 85
745 552
774 77
1012 18
1174 331
721 505
664 72
962 259
335 47
554 443
483 377
760 230
792 128
748 253
790 476
938 35
544 229
163 330
212 404
1031 207
1087 34
1101 203
243 47
1008 179
803 15
759 465
771 107
787 161
594 414
109 491
366 463
884 111
375 67
162 292
513 14
1086 136
878 701
394 569
166 613
386 488
1153 155
352 14
374 456
238 184
834 373
951 62
449 466
853 622
665 50
1045 54
1098 126
736 542
993 183
284 58
940 101
1036 71
1142 102
357 181
881 87
241 85
773 85
1145 193
1213 412
766 313
704 337
866 213
189 645
616 544
907 92
858 69
627 67
1040 187
892 168
695 473
858 130
594 309
402 44
410 323
693 469
591 82
1204 317
739 30
611 346
280 114
1044 79
1037 506
659 121
800 298
380 396
456 337
597 274
660 473
797 347
965 194
670 500
763 66
832 429
1049 544
1039 44
945 389
595 323
160 629
732 99
582 320
652 52
919 351
471 179
855 244
556 461
203 63
321 238
907 71
607 66
505 217
850 500
566 78
860 78
182 76
1085 308
564 229
322 397
425 213
276 45
877 87
1009 123
879 151
441 315
383 71
387 75
390 239
803 216
743 4
478 141
832 381
705 312
656 487
273 430
357 254
621 1
925 12
447 148
936 649
500 222
681 507
1035 422
782 639
506 110
780 118
988 83
653 549
1133 496
934 631
673 199
1040 532
445 524
322 348
400 367
742 352
794 352
502 376
379 400
551 140
1005 184
940 97
270 0
909 329
1008 444
497 406
394 522
1150 550
941 95
572 70
369 28
791 312
482 315
721 310
555 511
1164 467
714 264
307 21
408 523
783 91
648 401
959 98
373 170
408 307
549 117
769 651
202 42
239 104
850 398
772 524
764 510
1060 122
525 217
730 319
389 541
643 12
677 194
992 149
586 308
1001 530
776 261
1194 266
1048 111
345 490
370 31
852 376
816 132
776 91
375 248
960 369
749 225
625 62
1005 60
1073 28
497 122
371 152
1068 355
992 99
897 509
933 178
793 553
925 21
570 508
389 182
459 447
136 267
146 78
610 38
704 113
369 147
609 69
905 471
351 369
317 55
1018 144
379 37
735 229
383 232
406 387
383 169
231 57
222 57
322 423
872 283
998 90
1109 124
784 617
790 204
754 217
982 172
981 469
780 96
480 412
444 298
441 238
983 112
569 1
894 229
448 418
942 312
635 71
649 7
943 179
884 41
500 297
523 285
761 271
942 511
714 340
805 42
474 322
1004 113
1006 113
1126 81
176 616
175 234
1159 224
229 52
451 49
1046 541
266 16
422 497
515 407
416 332
454 502
111 399
682 530
567 500
761 82
555 219
656 696
1105 432
1018 189
792 9
496 392
666 18
967 307
774 88
709 499
778 370
368 4
935 139
407 184
879 404
471 416
993 121
530 488
742 533
1051 318
479 69
885 260
1034 226
788 642
473 403
248 26
429 142
406 46
233 16
1012 287
415 39
779 41
1162 160
382 21
504 158
500 313
407 182
944 35
373 151
496 84
90 384
563 303
592 365
1082 325
900 479
669 248
238 86
709 260
301 113
741 447
608 91
1055 206
373 514
399 317
699 370
130 90
966 426
769 545
461 59
343 517
781 76
866 405
1015 130
1173 491
1004 155
836 0
696 21
1125 638
407 240
433 201
473 254
1116 603
962 169
920 541
1132 186
398 135
563 430
608 252
760 236
741 271
526 399
466 228
469 221
457 278
447 57
844 368
870 283
656 422
683 399
750 37
932 341
693 445
1068 53
616 76
930 402
751 399
284 63
378 398
175 219
932 132
370 446
727 217
927 261
1041 46
851 369
749 237
341 344
757 600
763 5
540 353
1163 222
812 337
762 680
740 372
907 384
887 401
964 190
707 533
424 40
877 199
431 259
1014 538
518 424
860 462
747 574
380 559
800 455
547 283
1132 95
672 326
360 253
541 520
512 456
750 284
1117 158
680 38
737 72
537 341
554 367
384 371
320 429
1036 24
780 201
516 132
218 463
597 419
905 398
884 715
582 448
904 620
965 21
1018 20
745 431
694 501
891 437
365 47
359 430
530 271
723 115
383 193
788 342
817 362
537 127
355 262
304 269
634 479
820 189
936 56
1082 288
730 270
385 191
383 6
860 153
872 214
877 433
399 429
455 320
886 665
992 100
905 327
408 441
463 453
348 32
153 83
732 140
448 149
556 198
357 267
701 338
799 486
794 652
1187 280
388 400
198 28
965 271
1046 539
456 278
807 511
1029 74
528 194
327 496
805 662
888 173
167 277
569 185
617 67
304 35
847 35
893 35
861 348
709 492
581 460
1014 17
362 212
574 107
831 532
1000 637
520 177
586 170
554 395
308 32
643 52
809 183
1060 120
251 49
885 141
689 541
796 236
434 90
789 629
982 528
425 267
210 62
840 229
352 190
660 42
723 236
537 94
743 459
819 1
426 369
658 230
184 116
873 401
733 480
701 237
416 465
1065 138
427 336
995 271
227 43
500 452
101 455
854 516
491 120
767 587
484 541
1035 202
1005 387
1070 34
561 459
654 164
350 270
470 121
699 42
726 462
1142 185
1013 608
697 381
860 162
514 454
347 329
321 40
1000 625
531 310
892 328
909 510
772 317
684 28
635 95
1168 169
401 377
1134 153
359 288
1059 376
279 286
361 409
596 261
412 211
808 423
139 321
953 668
332 91
672 449
321 14
842 377
674 395
943 72
639 405
439 128
570 230
619 94
682 403
1116 264
772 587
305 295
820 316
684 404
469 420
509 283
408 433
960 77
403 65
755 143
448 404
345 305
707 129
656 446
393 488
821 644
1193 346
747 21
479 483
990 484
334 411
746 277
631 306
348 344
860 33
344 208
428 259
894 569
756 373
1185 325
326 54
293 511
614 209
912 241
783 188
355 459
333 322
933 226
508 283
374 363
851 485
758 658
425 39
184 228
134 387
832 709
746 413
949 581
1189 293
566 176
843 520
678 289
687 206
360 139
657 172
286 54
1001 217
711 553
721 432
379 542
539 271
798 505
596 514
826 229
924 503
843 422
895 710
988 222
31 477
467 116
1200 427
181 92
328 312
309 1
439 78
482 234
873 390
362 394
779 460
841 312
1116 354
417 547
526 209
873 61
1185 447
517 437
648 138
1084 325
518 301
459 292
740 389
337 565
855 16
820 137
746 293
470 346
895 494
905 512
243 45
365 295
482 295
403 469
1002 6
74 263
712 432
412 169
209 139
533 155
520 214
882 550
362 33
556 130
489 483
696 478
759 398
483 336
674 340
802 358
836 576
964 58
495 81
821 202
373 385
887 413
1000 275
1052 383
391 337
737 346
358 715
702 519
766 519
770 541
796 565
349 459
951 455
1006 507
865 500
938 491
775 440
529 429
311 90
526 110
842 184
383 145
580 594
1158 556
742 650
955 286
789 334
1193 341
1075 349
518 374
711 375
1043 373
556 431
667 425
960 445
981 442
321 497
942 500
1002 559
1186 119
479 184
577 318
513 274
684 329
464 347
676 398
397 395
976 483
835 708
845 715
1078 670
1052 548
376 76
250 94
183 59
246 43
679 36
285 31
373 13
1083 137
660 219
960 303
324 306
934 310
474 311
372 336
902 342
371 403
390 391
558 443
888 495
768 482
398 464
759 477
672 526
807 521
758 514
684 539
1110 543
181 102
447 113
427 216
732 212
503 159
307 138
578 130
454 168
545 325
1047 373
990 317
916 309
1025 267
847 274
659 492
781 502
1103 510
719 472
699 415
518 516
981 46
573 123
602 148
896 530
535 610
571 122
1122 519
591 543
1016 508
349 82
1177 198
316 264
439 358
573 381
636 73
176 36
665 172
1090 172
517 374
1019 512
702 300
881 320
1112 514
553 41
1030 399
270 105
483 117
798 635
913 459
531 195
505 168
697 398
519 381
538 309
576 364
712 334
1150 543
837 483
632 96
898 548
977 64
1156 459
673 429
461 26
777 440
1094 646
304 262
833 234
820 397
1160 304
378 305
974 713
87 321
541 282
292 284
539 280
820 392
900 342
501 531
726 520
674 524
638 383
434 331
427 623
786 441
349 200
439 264
417 398
1109 326
394 349
494 447
155 59
1057 296
632 394
824 314
1056 421
1063 134
863 397
311 422
837 621
965 118
931 398
716 311
516 310
579 195
430 354
199 22
954 442
795 403
387 351
212 6
345 167
1199 519
744 385
189 9
757 391
517 191
703 445
185 67
752 251
406 28
1027 298
1072 638
342 447
707 520
713 309
874 296
475 237
1002 497
336 208
265 11
321 78
1059 121
937 325
974 443
791 396
400 399
957 301
1046 248
862 627
972 565
469 214
669 360
593 429
693 311
623 56
418 184
1047 144
1142 589
782 152
562 392
206 30
681 472
814 585
754 373
450 266
295 58
988 523
424 393
458 214
535 283
307 22
1042 283
839 572
703 478
582 346
387 56
530 206
1023 512
1014 428
438 66
960 416
833 186
744 36
1059 290
904 329
419 318
983 177
183 48
723 369
1012 488
793 421
492 89
783 412
438 424
1072 471
802 200
219 105
688 437
1034 120
550 215
1066 570
592 377
344 402
494 74
457 49
780 192
923 339
994 502
1169 73
1082 494
436 69
862 611
528 460
849 612
921 333
693 310
631 77
242 24
368 173
903 361
428 465
393 176
447 425
701 463
883 290
1206 273
443 528
732 512
259 79
1067 148
499 216
779 296
623 304
637 64
427 170
171 286
244 95
1061 396
1052 143
752 483
361 181
237 46
667 399
1049 409
1082 553
806 260
745 214
461 340
648 377
809 438
1124 190
689 526
86 297
1039 392
231 66
858 688
974 346
498 207
439 709
467 61
718 556
601 354
855 393
389 159
445 47
528 329
698 89
514 395
974 660
330 321
972 275
376 79
344 276
891 294
968 472
504 229
431 493
889 123
851 574
1145 155
507 209
906 634
199 99
643 322
453 389
346 124
1001 164
390 354
583 185
503 341
1148 453
496 420
739 125
361 356
821 187
771 321
505 477
264 15
207 81
402 252
642 147
370 235
538 429
412 295
514 310
366 355
1042 70
376 486
339 508
470 519
465 413
500 436
783 206
1034 405
913 314
680 551
728 385
403 488
502 468
651 226
516 635
352 449
426 469
589 425
1045 643
474 346
365 360
843 695
1160 211
619 163
403 38
678 452
735 268
1136 136
884 489
671 70
488 249
724 519
701 536
644 184
703 346
460 215
689 410
967 396
567 64
1094 510
369 495
465 253
170 258
181 41
949 22
411 312
973 172
438 549
161 44
860 58
430 203
151 232
1007 11
426 144
265 63
662 353
1045 615
1065 198
986 530
471 537
688 56
216 602
268 54
348 359
1125 237
737 716
440 447
292 43
376 525
558 175
782 334
408 158
1086 651
684 304
929 414
707 128
1090 380
419 47
702 704
891 277
356 427
1203 189
451 233
1055 205
570 293
773 535
403 124
1183 203
802 22
281 23
1089 513
1036 482
490 365
1008 160
943 674
584 474
948 152
401 485
373 25
182 131
520 625
922 345
865 114
610 141
491 320
445 378
646 299
968 270
699 207
1096 188
711 425
564 460
532 406
485 123
957 149
338 20
553 320
770 122
711 417
919 180
428 280
808 188
489 241
739 462
394 144
212 37
1014 483
1070 666
787 130
195 128
1148 569
219 81
613 251
471 457
369 356
589 273
312 83
1093 538
434 373
672 487
1058 564
442 61
707 429
327 499
242 43
1067 241
472 279
952 466
510 219
613 277
1108 196
977 139
701 129
990 193
1130 215
402 34
1080 43
882 366
475 417
836 142
894 656
407 494
979 136
595 86
1041 457
240 31
865 40
890 135
870 43
640 36
174 644
1137 188
988 99
935 357
761 577
901 127
882 161
388 330
799 44
1022 399
948 69
1024 127
694 351
432 192
885 129
222 193
1177 215
883 379
630 77
1006 152
726 83
1159 198
1045 95
825 244
919 138
662 49
964 437
946 121
923 53
788 108
895 91
1067 179
1091 56
745 259
359 164
707 385
600 310
748 313
1129 518
382 39
432 380
1001 183
303 505
1158 583
993 120
540 324
665 8
1020 200
836 217
1061 36
444 396
633 19
98 321
788 54
555 283
802 472
938 89
1071 347
1006 35
339 129
709 114
919 571
443 264
1024 30
1089 97
101 296
812 110
540 40
999 187
692 20
202 699
379 382
731 135
149 230
848 346
789 412
978 23
908 460
701 324
956 219
1042 245
1049 206
947 139
1014 91
967 132
294 61
918 12
804 492
1074 185
760 357
909 123
494 205
682 335
588 244
657 384
597 82
1201 403
563 71
457 24
470 313
934 57
589 306
917 64
1107 180
1093 169
471 508
739 353
1064 175
180 44
1085 157
891 49
1002 174
610 558
408 241
600 60
808 53
462 227
907 692
128 287
271 25
726 251
492 492
884 128
556 567
776 502
790 202
708 270
1030 186
1006 160
968 123
759 94
654 97
357 417
552 487
915 160
1083 433
1067 49
995 166
819 158
1112 492
546 41
533 563
718 281
939 7
740 93
754 589
937 113
302 49
1012 171
766 125
424 142
989 117
791 554
922 459
1033 24
1081 104
943 549
863 399
544 365
913 127
431 38
927 112
461 301
1075 126
623 472
999 518
993 524
1071 134
256 40
578 364
684 328
435 380
1084 141
325 213
723 542
1071 529
1085 61
776 251
780 495
441 53
387 205
403 239
733 311
129 508
441 55
793 411
424 156
406 135
762 254
707 123
677 325
800 45
1052 146
207 16
475 43
642 29
419 384
949 423
799 478
734 359
749 146
1045 170
375 30
230 12
1042 159
335 56
910 155
964 28
658 404
112 391
1134 186
472 501
404 131
384 141
508 272
611 270
629 28
530 450
761 73
601 79
177 56
290 38
558 476
782 359
429 573
334 309
819 226
171 79
776 114
778 323
744 18
733 142
471 173
815 114
1076 152
915 39
1209 261
1088 146
395 167
405 139
355 358
1188 219
613 237
1034 63
888 385
620 188
861 405
790 487
1128 197
722 132
1041 253
452 284
267 718
1045 466
1012 562
868 678
958 50
788 111
711 53
840 474
1009 395
723 64
1103 64
178 207
1087 456
942 699
887 106
917 136
769 119
644 61
823 139
370 170
743 237
1076 124
561 331
466 710
1161 213
1036 49
677 6
992 133
83 378
459 322
792 620
671 79
1142 427
400 491
487 275
884 33
805 93
799 129
930 161
554 454
965 432
717 270
973 116
829 103
1109 199
1164 490
1062 108
935 123
831 681
164 260
587 201
1070 201
273 126
592 190
996 506
243 89
320 28
516 487
1162 194
715 84
1115 148
798 64
993 100
396 332
1015 422
952 290
324 355
721 136
807 6
871 154
156 625
445 4
1009 135
173 669
811 156
626 64
396 353
862 576
1107 194
88 252
964 38
948 145
1182 497
920 14
461 65
95 317
397 178
1146 165
840 701
465 476
924 82
1138 221
906 50
550 73
783 571
742 557
674 43
929 184
871 83
657 63
702 78
899 135
628 89
816 411
614 15
1108 172
777 51
834 146
942 47
440 2
862 111
202 57
743 271
959 160
228 61
1006 465
616 35
1093 136
702 715
950 169
939 95
750 440
1086 12
523 287
954 98
1011 184
931 73
1033 175
944 106
640 406
980 172
560 38
988 95
931 83
193 657
870 124
957 106
1095 166
123 304
1081 197
1027 145
886 167
803 18
101 245
197 636
896 7
682 686
1029 125
862 81
1001 62
97 398
613 53
1045 53
1078 194
985 95
87 344
768 23
1028 118
699 495
635 83
915 132
1030 145
991 133
1128 133
613 456
800 138
799 180
707 2
633 51
661 16
1115 78
942 125
755 75
464 27
573 263
943 172
773 141
588 70
946 69
938 148
388 155
784 75
1052 154
1040 150
709 81
193 48
712 119
587 292
941 26
443 6
682 105
1147 106
470 141
1058 248
736 122
193 231
1109 203
727 355
741 131
1100 104
682 3
380 419
200 220
617 54
809 18
111 309
665 43
969 176
604 75
103 303
627 63
905 138
798 62
205 225
780 135
1039 91
917 119
233 582
1179 180
800 113
785 163
908 86
125 298
913 59
162 248
1044 76
980 167
840 28
742 16
806 42
1126 261
591 397
627 69
1083 88
1158 490
753 122
970 156
953 172
842 137
866 124
1171 287
664 43
989 167
468 368
653 2
310 273
712 13
766 235
136 285
624 80
884 74
925 117
1090 188
1011 161
1010 133
340 59
985 172
1109 496
308 30
768 91
1016 148
932 101
702 459
428 124
578 9
923 74
766 13
867 88
987 21
1024 132
1143 174
474 429
867 116
953 321
1119 123
1004 142
775 52
953 103
158 231
867 93
101 314
850 139
707 136
827 18
870 32
773 134
197 616
914 30
981 55
737 98
935 40
542 153
236 423
699 72
772 123
806 138
95 344
741 39
872 92
401 229
1116 198
887 61
1057 61
760 389
725 297
1120 110
160 640
1027 41
875 170
710 75
855 47
779 24
865 60
1104 71
996 6
703 94
788 135
844 103
917 15
668 100
809 131
704 133
1096 162
711 32
1144 175
1016 118
1083 46
775 48
664 16
1116 109
868 25
942 115
908 134
1027 29
78 288
1096 130
932 128
659 1
714 138
191 243
1075 32
816 111
375 164
1063 86
801 5
847 141
994 29
728 2
1146 193
569 474
714 89
926 578
750 116
701 9
1068 156
972 46
1168 202
979 4
832 6
169 450
763 20
1074 152
599 54
554 67
963 33
1118 187
90 443
977 115
676 699
847 156
1172 188
1115 205
748 147
716 34
518 225
827 35
1015 13
1045 38
709 94
215 648
817 137
574 57
799 155
947 114
1001 33
93 220
1071 162
622 85
137 311
506 32
631 32
1128 176
748 10
793 109
1057 212
1008 89
901 110
1094 163
938 96
220 525
979 73
1018 178
955 160
1127 79
714 127
895 432
967 88
771 94
784 40
983 155
787 37
1016 38
646 272
853 98
904 155
1073 155
967 171
1069 206
946 104
636 44
856 50
367 415
576 28
167 628
1139 196
922 166
668 101
1001 101
203 242
654 20
756 89
854 89
662 112
942 157
1024 158
1141 224
859 59
929 37
588 72
977 57
949 174
1083 174
870 16
695 90
1024 136
1013 193
911 44
566 565
1076 186
900 165
215 201
881 140
775 184
680 13
1091 29
873 81
781 66
774 104
107 300
979 148
1048 144
804 99
849 73
718 91
859 150
884 44
943 145
550 260
708 59
931 12
814 68
977 35
417 405
879 153
800 23
816 106
644 67
703 88
703 103
768 64
1117 202
700 69
1177 221
190 407
998 139
1083 139
987 108
866 133
1058 146
619 84
1111 84
830 25
965 157
76 418
797 32
156 296
989 98
930 103
675 55
422 396
873 30
1124 400
1157 155
858 136
828 23
830 161
954 493
756 560
857 53
844 54
937 173
1002 12
900 38
801 26
825 26
1001 96
1063 144
177 223
1045 377
459 13
763 500
665 0
1050 129
768 55
963 39
1056 91
329 393
222 70
1110 250
719 384
747 268
994 86
1087 159
1117 125
673 27
1066 103
86 345
657 62
930 62
950 20
1144 185
1093 81
1138 459
663 422
876 122
1102 117
836 18
875 5
314 78
887 48
935 19
1013 148
1078 148
1117 159
1031 152
782 57
958 120
78 339
975 11
883 32
665 24
722 280
900 69
542 474
1003 16
1040 142
793 77
1037 7
1076 115
975 35
992 44
637 717
834 399
626 59
863 59
195 623
835 221
555 481
814 77
1064 151
988 24
1094 91
790 86
619 81
875 112
973 101
1088 31
756 125
403 396
684 9
1085 74
963 226
905 164
1017 87
807 128
1019 185
1021 192
395 450
976 75
641 65
1128 126
1019 106
933 109
837 349
166 629
1040 139
54 10
692 436
651 207
1199 34
963 136
952 117
892 413
821 98
210 670
87 322
816 44
300 28
1015 35
377 130
1071 130
864 104
766 371
983 163
192 227
591 152
262 42
1051 207
1085 193
1034 185
1056 64
337 48
1027 72
1101 127
643 94
522 267
684 122
984 122
951 157
799 238
616 31
272 17
136 509
1001 21
673 418
1102 187
858 234
1091 140
1019 116
390 92
1263 177
1008 144
611 62
526 125
883 136
697 481
763 146
905 352
1015 177
678 63
904 37
398 420
363 83
439 127
567 51
214 69
796 64
830 28
1107 199
669 13
713 496
976 98
713 12
1147 148
1159 144
935 185
621 19
749 383
864 108
996 182
217 12
1117 183
591 425
543 125
807 35
1133 214
786 134
692 430
769 128
847 87
969 21
825 234
470 66
122 296
949 153
151 239
448 122
922 402
228 622
1176 216
1044 179
734 285
650 34
929 158
690 194
980 49
926 111
1061 179
1023 178
172 80
17 145
810 145
836 52
1108 168
783 45
913 137
887 38
793 81
959 147
1007 114
344 36
869 64
1081 180
145 297
331 35
811 17
1045 181
843 145
653 38
780 38
553 460
400 66
749 154
555 58
383 137
1022 111
841 79
780 140
863 174
282 41
438 3
1148 109
1089 142
1073 101
465 382
161 609
219 385
130 313
893 91
837 66
884 24
366 24
944 12
676 86
689 86
712 117
835 162
1108 124
413 102
1107 216
724 15
654 389
268 44
712 105
457 328
680 520
163 207
999 140
1129 177
954 365
1109 77
933 6
1120 113
920 157
732 86
106 430
1035 165
671 422
764 53
247 715
598 266
174 230
256 7
832 76
973 160
1018 75
572 109
663 50
977 350
273 626
426 455
1020 85
691 709
208 375
603 272
797 272
916 10
711 507
727 3
1051 118
823 144
177 32
696 271
436 234
151 405
622 33
669 340
844 359
509 521
1004 77
435 120
1066 126
1055 4
922 131
872 8
460 63
999 25
850 230
393 130
930 110
476 325
993 639
642 299
1006 40
859 95
332 238
156 295
756 296
837 455
620 38
911 17
941 42
814 13
1104 91
849 2
685 3
941 3
463 127
825 148
967 164
1045 511
562 77
367 377
923 153
258 199
839 108
985 288
636 71
86 359
1142 213
562 102
1119 161
1072 128
780 15
1023 95
1163 542
1068 94
1093 201
1185 204
1106 125
756 80
913 79
110 454
694 26
877 32
236 62
94 310
828 71
440 13
471 249
201 16
657 16
1007 200
991 43
503 374
650 17
1149 166
873 164
1164 219
729 281
912 70
928 70
676 498
918 460
189 99
1096 113
582 78
722 139
887 112
883 621
997 122
853 12
191 195
1012 14
956 113
202 283
1139 514
1000 53
1129 124
728 132
968 102
136 299
1081 159
981 161
1099 456
717 133
1009 192
891 402
1012 83
815 148
675 26
1077 26
1000 196
903 166
1057 166
664 28
686 470
1154 186
911 38
1034 111
671 11
895 168
105 328
777 206
703 7
904 114
866 74
1016 122
862 554
882 7
387 265
201 243
941 175
707 419
1119 180
1152 154
951 143
859 87
981 159
893 90
407 37
697 275
506 521
591 44
890 164
590 429
881 76
1100 81
981 18
129 271
656 31
407 29
1020 75
712 127
730 604
299 43
724 4
95 370
902 165
917 161
193 115
949 330
711 176
598 237
339 388
1051 424
666 512
946 311
867 292
557 227
736 133
1089 114
1186 208
467 74
934 122
815 183
891 298
546 410
1083 186
393 346
693 347
549 96
181 116
734 94
447 95
502 480
502 360
468 430
511 285
958 9
140 456
396 501
751 271
540 332
363 366
994 76
817 56
694 529
428 58
711 405
1073 470
425 334
1152 170
996 114
963 162
775 188
735 319
838 126
1033 123
694 11
593 48
412 524
866 76
415 54
1173 406
820 384
1110 406
760 79
663 715
232 97
403 454
606 433
298 8
601 248
395 220
471 381
531 443
890 102
574 284
390 343
707 253
750 192
981 160
536 392
1058 433
1113 272
819 651
393 220
316 59
990 337
586 441
1089 41
731 94
1054 94
763 2
605 380
510 279
355 231
531 40
1015 33
620 21
410 61
1079 188
620 350
876 19
861 154
269 28
794 651
395 355
598 331
886 36
1002 452
360 479
687 504
360 366
220 47
1088 18
666 386
1121 671
684 344
685 359
1126 136
789 159
199 77
456 47
316 216
782 141
751 460
935 242
562 116
731 392
301 43
826 37
681 397
347 393
737 83
857 334
776 280
369 357
353 514
945 313
461 206
424 104
913 661
607 229
943 351
761 67
865 371
148 107
766 280
453 136
353 192
968 125
764 81
446 525
355 348
717 442
946 71
1083 199
659 25
918 82
501 614
922 539
1078 243
776 339
779 199
417 257
536 209
465 461
662 415
556 459
1128 144
420 446
430 36
846 319
791 50
710 342
743 93
954 545
1021 619
541 280
938 303
426 491
718 277
242 36
387 456
108 326
1042 509
702 6
698 155
403 144
501 296
438 264
731 577
359 340
969 359
1076 672
1082 424
616 315
1159 126
907 418
190 54
652 398
742 257
604 246
847 201
1031 507
1057 393
213 37
619 457
648 96
373 332
685 332
745 265
730 487
481 491
338 393
712 544
933 166
797 18
254 16
695 292
1139 282
569 281
666 509
448 143
356 190
744 86
385 313
361 318
770 321
792 631
759 173
996 22
378 366
1152 507
1056 537
167 275
977 79
799 280
570 56
720 426
1183 335
258 22
1143 180
311 42
744 265
395 265
627 420
713 133
192 118
556 259
767 501
871 99
615 269
436 285
391 355
726 353
1131 291
305 47
358 332
703 429
767 146
826 429
583 60
546 633
883 79
408 52
1039 418
553 184
873 364
392 453
770 550
236 213
828 104
1008 105
714 499
506 153
715 100
709 247
47 526
716 509
358 423
450 444
396 27
1124 292
880 103
765 386
604 356
903 216
708 394
959 657
410 150
519 126
1007 294
1147 517
721 570
411 336
1054 476
888 144
683 391
410 28
906 462
479 121
956 528
660 377
423 181
765 533
676 382
400 386
501 292
881 71
160 253
1077 371
211 54
437 158
331 426
1075 52
459 381
379 405
1116 674
653 476
96 393
580 460
528 292
812 315
1204 404
602 300
919 111
469 358
1182 312
430 77
999 473
1092 147
411 433
460 307
232 73
1141 267
433 82
880 117
412 223
574 404
937 11
1055 218
667 107
672 321
596 461
350 400
406 567
904 110
863 353
486 351
412 399
366 462
404 462
582 507
823 497
533 531
395 235
766 115
624 286
847 1
530 377
350 291
503 166
536 554
366 477
187 40
127 124
279 21
876 233
1022 197
565 203
1114 203
834 702
417 81
1189 255
686 333
574 261
575 523
310 400
494 207
852 616
307 389
817 344
910 471
349 285
355 480
849 480
889 395
719 575
324 420
248 8
507 341
492 454
880 442
479 244
734 324
447 500
923 439
15 432
647 151
732 303
702 304
773 359
844 374
956 41
560 188
530 192
773 628
609 460
333 43
382 184
452 387
752 486
651 162
526 369
511 564
687 457
371 364
710 2
566 190
799 71
355 341
758 145
431 148
291 41
605 229
451 265
493 320
1077 588
362 221
963 467
688 15
578 341
840 381
394 160
409 308
222 34
560 245
515 84
1013 137
599 318
1090 549
590 364
788 552
704 370
435 330
815 633
562 545
556 507
772 32
464 271
500 282
703 541
379 30
811 594
483 107
183 150
482 329
796 301
974 111
148 138
789 225
367 121
485 368
582 527
528 475
445 222
595 221
940 402
395 462
980 159
412 249
1071 375
463 354
484 82
1032 407
1063 372
745 97
949 386
1161 444
403 281
163 47
594 185
469 64
944 680
325 438
721 524
669 354
760 241
451 371
1140 198
482 508
797 697
1069 580
869 352
588 393
445 109
836 358
173 45
781 355
320 13
843 663
925 462
892 479
860 98
448 286
781 553
515 288
682 341
592 207
1034 452
429 71
899 250
374 46
209 21
726 245
352 364
713 115
301 63
1103 440
853 474
415 409
679 154
833 513
928 304
337 227
1162 167
816 590
847 131
560 69
406 510
494 421
777 32
1082 631
169 27
463 51
923 607
769 527
673 323
602 235
399 261
610 380
361 321
709 435
196 125
1001 162
1062 499
1069 172
491 310
830 298
651 477
928 57
669 471
869 267
549 408
506 11
1143 228
903 476
1046 371
418 333
491 237
1139 302
328 23
1053 412
865 158
946 388
476 565
497 91
738 380
429 116
977 73
543 237
401 24
820 273
780 93
689 366
341 549
422 240
934 382
617 155
423 132
344 296
440 457
974 520
619 47
501 545
349 220
188 18
904 298
813 455
799 490
881 426
369 155
368 155
896 561
796 58
872 193
351 317
194 47
409 509
786 458
898 301
479 581
387 249
1020 664
881 210
757 74
237 127
718 276
1016 503
907 522
791 370
830 708
564 403
970 334
238 51
567 399
590 489
889 264
928 89
739 502
452 332
743 491
554 170
1087 170
438 296
157 277
726 227
356 391
1139 569
715 17
878 65
385 9
1001 31
413 520
455 455
371 68
741 299
150 177
794 48
442 110
1133 442
797 25
766 312
261 19
940 123
993 89
1017 156
875 28
1223 319
201 204
244 5
765 112
765 313
445 199
424 56
679 472
866 32
1099 388
91 305
842 617
746 91
839 586
194 46
395 180
1153 374
173 64
907 440
809 564
516 387
995 27
344 303
729 243
883 48
1045 156
1057 540
420 521
1143 106
823 433
212 653
1040 116
1096 354
384 485
684 14
862 577
558 345
1107 151
1061 42
1125 582
285 53
847 109
977 168
769 96
1169 307
843 450
791 646
179 39
994 335
478 226
764 227
823 467
695 449
857 280
1066 59
637 36
537 312
315 65
397 300
867 32
603 417
524 16
826 617
1003 36
765 44
1085 230
457 436
641 29
309 252
744 83
117 396
486 131
446 218
697 323
792 442
740 100
748 393
776 508
1048 148
963 372
1002 69
408 446
632 243
149 273
729 89
81 453
427 475
958 162
1080 129
406 44
733 130
711 263
687 27
963 711
1158 185
461 303
672 15
967 15
459 352
665 343
871 496
560 185
399 508
800 125
394 352
928 8
766 53
119 312
322 125
704 449
190 67
770 81
942 155
1122 169
1125 143
965 449
634 366
1003 178
812 148
1102 128
1184 225
673 19
379 81
731 538
646 93
411 205
372 466
597 323
466 364
884 177
725 468
791 26
168 78
700 58
666 452
919 515
1134 163
918 153
508 303
315 51
177 52
399 354
276 16
197 638
840 365
543 426
498 492
518 510
750 62
667 103
1035 55
786 580
906 126
800 620
909 517
737 291
789 157
657 1
1058 420
817 55
1124 148
432 11
569 270
1034 130
1162 464
793 179
1167 174
674 330
1103 68
690 517
486 317
205 230
730 443
439 492
94 402
345 88
786 113
478 92
1031 508
900 146
515 368
619 446
745 6
369 153
196 401
501 489
961 109
966 93
848 151
808 34
978 105
913 170
668 298
695 83
1181 414
522 307
617 406
665 383
372 12
623 70
494 441
1038 682
776 466
294 592
750 64
791 422
474 529
387 161
358 36
1092 649
636 536
849 352
878 402
779 45
458 311
1040 430
218 232
788 81
738 477
1072 58
1015 586
415 238
295 23
928 171
932 669
352 119
295 290
602 123
140 90
1017 140
394 388
937 484
620 376
706 463
1024 170
759 86
923 137
659 46
588 346
452 107
127 295
1161 562
565 275
932 518
210 56
938 371
1121 602
100 224
917 442
1200 405
406 417
514 328
423 168
901 225
726 409
934 607
778 521
966 320
710 16
241 2
747 2
864 270
791 88
870 416
462 165
300 116
861 220
1123 483
845 412
1010 53
395 359
235 91
1067 135
705 288
1086 529
813 278
936 609
457 516
582 64
421 34
924 471
195 17
532 581
544 417
363 463
619 451
558 268
898 374
424 136
694 170
885 642
505 300
520 274
828 427
363 432
216 511
704 459
725 550
1115 519
618 527
563 197
129 137
638 15
318 35
269 41
815 381
553 378
519 267
759 413
717 409
788 405
840 712
1049 575
599 526
1004 608
147 78
894 46
129 224
532 238
525 221
427 195
507 360
578 382
1143 369
537 280
723 271
737 295
457 482
527 482
342 505
920 497
884 463
900 396
466 385
404 413
757 419
1071 418
729 435
542 520
498 516
388 543
949 557
541 594
1000 594
771 632
767 2
395 15
225 18
325 23
257 49
209 104
480 105
869 100
397 72
611 142
726 173
348 174
543 164
569 234
889 232
400 254
483 255
683 377
772 354
719 326
533 324
1067 329
1100 332
1003 342
771 336
691 276
590 278
743 317
672 318
1178 311
710 310
348 306
741 298
1109 298
873 480
909 483
655 498
394 457
346 453
356 465
582 469
1052 390
465 385
684 394
1054 412
678 442
575 435
835 565
470 549
529 524
700 515
1104 514
1095 601
899 577
762 579
785 678
927 672
856 675
853 680
988 693
348 700
1122 660
754 92
266 90
485 88
779 86
125 107
358 110
1121 122
213 41
983 45
744 51
212 55
436 55
449 57
300 61
342 62
304 17
323 20
258 29
334 5
380 175
667 173
550 169
960 188
737 191
368 179
407 141
381 136
463 133
383 155
490 157
861 224
477 228
518 228
569 231
386 252
758 251
616 240
539 244
888 244
806 222
364 221
1084 196
472 287
823 285
921 282
816 281
833 274
549 276
383 256
554 269
738 315
568 313
808 313
914 291
1115 325
351 320
474 328
688 343
695 355
561 353
1069 365
566 381
574 371
523 390
661 391
267 387
396 393
450 397
375 403
415 413
705 412
128 439
864 438
651 447
645 444
674 426
713 429
537 476
583 476
701 479
1093 464
717 471
540 453
1056 457
1119 459
1015 499
831 507
491 484
1155 487
931 488
911 494
1058 535
478 543
597 523
699 514
1012 515
813 566
936 567
863 563
970 555
1063 553
836 635
1084 632
1113 621
1119 613
996 578
641 580
833 662
729 658
379 717
593 286
574 282
887 275
390 317
695 326
487 341
991 343
1104 343
867 351
418 360
761 355
529 440
694 433
677 414
1024 490
628 461
359 460
578 462
546 450
261 54
806 54
280 55
372 53
263 51
191 32
389 32
273 37
321 37
298 40
451 41
183 47
354 11
204 9
666 15
275 26
709 74
189 66
220 64
494 85
150 108
399 97
759 97
462 100
416 122
400 113
442 117
742 117
422 142
194 137
527 152
631 156
559 175
919 206
415 200
827 214
453 212
405 220
286 248
402 233
746 232
936 607
357 706
845 662
716 284
897 286
573 282
631 282
754 282
662 272
1023 270
380 263
809 316
796 332
899 330
744 337
813 358
1102 382
562 376
581 370
490 446
956 436
805 430
390 422
1055 419
758 408
735 389
880 384
536 476
489 465
700 468
606 458
1174 487
548 485
1165 485
354 13
370 4
438 40
757 69
986 76
855 80
176 92
550 109
943 243
382 252
400 239
346 199
1027 178
395 171
742 135
795 129
823 664
1105 534
1039 267
585 266
718 294
680 303
349 311
410 381
513 381
615 360
381 359
887 340
686 438
1039 498
1002 621
917 315
380 301
658 234
1063 656
379 140
430 75
833 324
1120 109
1132 422
498 219
909 694
764 248
377 453
1096 481
736 107
407 393
423 391
748 196
1259 165
388 552
892 421
815 635
760 244
264 114
163 140
1030 424
637 274
749 136
1038 442
617 147
340 263
644 426
208 10
374 352
1087 669
854 149
713 272
812 638
235 37
888 670
694 377
906 232
361 296
634 219
336 412
538 314
446 493
682 309
603 267
914 607
436 398
841 629
574 521
1003 520
758 607
745 306
763 64
499 359
928 338
983 367
617 195
902 118
624 33
1003 141
735 338
405 502
1103 123
833 340
327 351
594 271
1043 350
473 153
368 145
893 433
1135 172
475 406
827 243
427 28
602 402
966 446
664 460
983 495
178 249
206 482
350 437
396 389
790 518
325 196
970 84
900 502
607 505
682 549
791 299
1105 198
333 206
504 243
1017 461
878 147
1079 57
350 304
814 517
603 185
686 489
499 404
466 512
825 549
617 405
386 153
406 75
363 292
736 459
1142 139
430 248
1031 593
526 518
1019 509
218 16
860 323
513 266
399 254
866 403
680 102
720 66
507 421
836 220
1167 572
359 262
427 156
1141 623
1157 216
670 425
1133 324
589 343
1089 662
638 20
894 95
330 35
514 200
1059 263
665 466
362 22
644 22
427 558
627 273
808 258
184 37
723 482
452 341
562 158
426 36
911 160
1176 337
504 97
46 556
1164 321
944 109
386 152
1209 411
444 411
508 381
443 462
378 77
845 395
463 192
544 499
950 426
945 380
419 80
224 67
877 449
460 507
885 333
496 342
742 311
479 432
748 226
210 85
520 246
287 136
560 406
202 95
113 329
171 97
1158 133
1084 318
1072 401
992 169
862 415
648 15
428 300
218 13
1040 573
582 381
682 283
642 73
685 546
638 699
856 249
1081 152
776 509
911 479
799 79
471 540
488 364
303 475
716 368
669 408
583 455
481 288
798 540
522 526
603 81
498 373
564 368
704 95
430 233
603 248
388 423
208 89
408 209
610 289
905 173
340 160
965 217
463 540
703 455
521 178
1005 137
627 206
337 77
441 522
406 534
592 230
588 547
741 373
625 280
808 625
193 79
715 418
605 310
225 223
1057 529
697 365
802 131
506 481
395 484
864 263
722 566
391 387
802 121
710 433
1053 259
402 247
580 489
692 547
777 179
618 278
668 455
947 77
305 24
420 112
939 631
1186 432
380 235
562 65
919 12
425 534
1209 532
496 233
900 74
402 329
465 497
175 236
341 206
873 694
805 118
269 32
424 121
701 325
190 44
701 538
225 9
370 338
962 426
1073 363
129 549
1107 547
338 383
449 232
991 150
204 117
187 263
558 111
1059 387
746 260
307 715
368 477
421 364
478 290
461 376
525 384
335 413
475 512
512 237
984 314
591 256
728 401
421 413
490 334
407 287
292 710
461 156
756 380
798 302
675 454
498 468
876 325
741 269
330 77
380 5
803 320
537 217
439 217
1065 480
370 707
774 473
1078 357
376 165
606 168
1054 191
708 332
1186 274
538 404
690 504
459 133
366 39
1225 209
380 184
369 30
234 30
894 411
374 226
1003 510
794 585
739 251
1045 155
622 435
981 458
1032 395
521 253
658 388
782 566
528 191
305 9
591 125
326 535
366 389
381 405
987 426
813 482
696 280
280 31
343 465
423 337
1112 274
917 333
587 404
773 494
767 327
1012 510
496 359
817 625
602 601
838 563
1155 551
688 301
583 222
364 464
603 361
611 361
881 427
881 646
498 215
363 4
615 332
779 600
910 585
427 94
527 235
613 436
468 114
541 354
476 529
411 408
512 159
647 394
760 312
1011 331
443 338
1075 608
790 406
439 490
471 335
336 307
414 513
826 645
716 442
775 234
395 378
880 209
905 387
996 562
660 382
242 9
802 568
178 58
524 303
1198 326
369 194
689 6
384 404
724 197
702 536
1018 184
822 549
833 472
918 502
224 94
707 360
289 123
781 343
420 384
408 29
737 526
1019 488
692 302
417 400
928 365
336 411
612 270
111 127
819 312
570 432
596 438
435 342
273 122
609 120
292 23
763 575
970 601
597 465
855 336
456 11
255 123
607 549
396 242
604 524
421 402
379 421
583 264
652 473
538 287
812 370
626 470
394 426
877 468
950 354
394 440
709 405
319 23
637 231
920 112
601 166
534 221
165 42
301 712
375 95
527 245
910 145
556 417
349 332
885 115
1049 356
995 148
538 403
1036 430
279 129
917 410
638 90
1150 307
474 187
699 402
624 481
672 538
1162 151
575 101
989 435
415 128
815 520
517 280
929 397
702 507
429 41
758 517
973 119
808 116
892 576
735 381
1161 504
728 553
773 11
883 117
883 119
542 431
383 17
1104 663
823 329
1049 522
763 536
467 245
376 500
298 28
822 603
622 270
824 377
1215 363
696 275
696 427
1036 228
812 675
916 49
909 100
646 503
1089 104
1046 464
355 85
691 319
504 488
993 141
814 593
799 670
668 388
851 444
1031 404
1062 196
723 552
668 47
428 144
799 312
772 289
902 573
621 277
323 96
713 509
634 186
352 314
323 201
636 235
773 71
1013 410
721 477
945 66
795 535
298 25
1045 415
677 18
932 170
743 497
783 59
896 89
718 322
570 337
905 314
1021 169
953 109
528 260
1048 156
1005 126
779 533
151 83
589 175
688 73
817 481
493 449
960 593
738 469
980 37
754 173
184 69
1006 265
747 409
495 557
671 334
825 120
1006 426
964 495
1022 372
480 364
455 270
859 363
660 314
187 71
401 574
457 300
201 58
1132 316
1098 556
900 494
1053 624
761 583
360 517
547 218
1083 206
503 400
566 400
769 446
797 487
558 534
609 52
140 83
589 362
408 506
393 393
352 230
1074 628
839 509
213 719
986 290
548 320
919 390
1119 527
1019 621
652 323
810 483
613 437
932 374
807 554
634 369
619 269
746 614
716 529
780 195
794 193
425 252
427 326
862 427
430 71
673 379
828 388
265 3
1056 636
869 132
304 92
378 425
517 459
488 557
1129 544
1149 523
1128 581
925 144
419 497
271 53
516 207
950 379
582 315
753 592
311 82
554 302
437 171
550 254
1174 203
401 180
877 65
794 431
748 222
916 199
761 196
725 438
233 28
797 379
520 427
668 404
966 463
1073 160
505 181
1181 545
754 237
381 262
671 341
314 42
620 346
934 553
374 257
543 234
514 189
656 191
1109 487
518 536
773 309
426 82
1033 585
1055 574
749 498
349 717
429 396
851 229
215 48
843 413
1118 539
1128 347
699 287
397 478
339 189
1078 465
478 229
1036 614
815 201
802 404
441 221
484 286
346 346
358 545
472 147
925 305
416 304
889 476
285 23
752 449
298 303
909 362
1148 413
1018 438
311 474
225 40
541 303
955 406
473 467
1013 499
613 498
1110 59
992 71
663 383
590 510
767 497
624 49
823 394
745 77
427 286
963 61
1057 634
492 73
674 427
879 492
778 537
848 349
225 70
961 495
636 223
482 479
403 21
519 196
674 539
969 406
666 334
408 170
753 611
807 298
1225 311
591 167
688 529
871 428
577 69
809 668
668 532
757 365
1136 263
585 220
789 486
600 162
516 41
1137 576
797 295
418 296
794 404
982 7
769 379
797 218
860 385
954 278
729 367
892 391
679 197
587 146
415 260
461 457
674 411
537 188
242 14
467 388
303 452
352 192
1008 431
801 661
366 431
982 278
1056 180
693 373
358 467
231 711
370 137
520 463
861 418
676 165
1106 453
439 330
749 563
619 51
541 469
405 447
912 526
450 195
740 134
935 49
322 29
727 335
797 383
329 260
231 86
241 61
394 355
807 101
685 467
332 296
348 143
444 441
387 9
619 405
679 368
412 699
372 299
814 40
871 470
594 345
1082 117
504 424
653 524
227 71
731 441
505 157
682 13
539 465
902 569
1175 224
443 16
1159 304
355 194
799 347
984 381
682 235
468 63
1081 147
1014 492
431 390
253 11
662 237
1053 482
781 455
820 633
595 114
845 346
383 42
385 423
437 510
391 448
555 369
613 380
407 305
437 500
877 655
1254 329
854 376
388 399
383 289
323 538
465 481
1142 273
499 136
440 513
708 513
1100 668
835 450
398 347
292 39
837 642
1172 198
549 116
491 515
358 703
273 19
926 406
1171 161
425 282
697 298
978 325
1057 373
374 192
733 478
838 187
603 462
990 228
788 399
619 367
472 169
692 378
500 299
501 307
715 349
563 423
778 101
904 229
294 122
948 160
614 30
756 35
384 142
1042 107
941 153
390 580
1083 565
811 632
879 462
994 137
523 172
282 34
507 211
242 7
974 560
921 428
1182 215
760 84
393 392
836 537
819 332
689 284
245 62
1049 436
524 202
1106 101
367 275
809 68
777 603
347 92
853 22
245 80
247 36
593 64
685 488
855 305
848 56
1145 148
952 340
687 99
161 596
227 27
656 514
776 134
683 438
840 512
947 526
350 449
982 476
880 528
350 78
440 255
22 575
494 482
1113 545
967 122
558 357
1030 140
386 178
891 170
550 355
688 706
723 549
109 522
564 439
1149 213
724 399
367 297
1066 102
890 269
958 169
899 473
806 135
1069 333
470 389
672 546
447 452
1014 169
1035 452
410 526
580 397
813 61
399 710
458 55
678 476
787 22
714 414
1018 432
350 375
955 183
510 197
577 202
695 24
684 431
587 208
949 139
568 68
706 560
852 102
1029 115
603 77
745 368
998 369
1205 274
629 562
1165 279
961 116
548 359
508 519
836 280
1174 389
210 208
491 236
525 504
663 392
1190 310
711 217
404 68
622 203
329 713
859 135
902 696
1103 655
282 9
1049 591
721 394
683 483
817 124
606 36
145 83
743 175
873 357
1092 683
810 663
501 107
1240 230
1004 586
607 338
489 300
411 51
814 668
385 368
515 212
712 412
363 40
662 97
500 492
539 206
1086 557
852 516
1020 605
435 476
965 15
680 245
980 140
1104 657
830 593
13 462
371 38
473 81
725 422
991 546
669 506
932 100
758 556
1042 61
833 383
1077 65
480 220
727 354
564 357
692 12
1057 487
373 447
1124 219
798 80
506 327
872 414
1152 359
756 284
251 55
649 25
664 25
204 309
407 344
948 125
408 397
882 372
842 3
831 131
394 134
778 13
434 236
273 56
1013 448
1059 572
176 515
702 298
626 452
471 247
1014 286
742 78
801 654
340 208
896 60
673 362
647 313
413 291
693 114
622 77
709 353
911 325
507 408
1048 44
687 465
136 495
792 120
978 501
706 134
378 487
150 284
470 269
387 311
141 414
1043 457
843 380
832 231
389 25
636 497
1042 98
402 313
1088 200
487 490
879 298
347 157
968 354
490 402
375 54
166 279
655 9
338 359
738 118
663 393
1109 204
1060 22
771 235
838 390
955 145
576 501
668 478
536 495
1061 509
505 317
702 374
176 329
729 531
839 209
440 455
967 116
446 288
681 62
793 141
1075 388
704 396
389 225
596 60
720 123
846 67
780 129
1097 576
852 567
711 434
846 595
1206 352
1075 187
378 333
780 535
858 160
439 233
862 707
733 243
909 40
892 144
931 246
603 195
912 333
742 431
410 32
678 35
1059 684
999 122
941 265
411 209
682 377
1096 583
970 257
737 415
549 146
416 357
807 150
1012 23
980 117
344 88
701 74
326 321
1072 189
1027 533
1074 632
347 211
443 276
1184 426
714 305
567 203
916 89
362 177
546 346
1066 51
108 224
1111 179
569 490
1031 180
474 490
194 10
716 325
950 94
1028 67
460 110
256 695
665 392
965 126
537 493
1148 319
793 73
885 134
1208 273
460 321
820 24
719 59
802 505
466 436
836 680
989 91
763 104
652 51
992 43
352 523
576 63
492 263
612 473
651 655
318 16
953 180
953 342
693 495
705 534
265 28
760 44
1189 265
687 10
749 107
399 51
1071 538
502 166
811 518
691 4
411 512
560 414
561 456
995 82
219 113
458 20
738 83
449 143
627 288
764 47
532 440
927 107
432 235
113 317
1168 206
973 571
1105 427
742 417
612 13
795 157
243 115
790 137
997 56
1013 143
706 408
946 466
460 51
491 99
635 90
823 279
603 505
240 30
397 339
1112 128
849 577
610 249
1081 24
172 62
998 9
601 515
527 40
1029 108
996 546
1096 144
1123 72
714 1
166 283
317 8
1033 402
848 52
1124 240
424 47
1018 7
804 484
531 172
929 57
1022 401
1120 127
689 335
1032 154
880 54
652 173
915 26
377 42
1025 108
568 254
511 497
772 10
704 16
928 417
726 18
614 301
1066 669
610 204
1160 197
648 99
535 98
862 131
995 131
514 226
620 517
368 157
751 513
926 390
1094 77
408 262
387 293
1049 492
819 49
534 154
1019 186
1147 161
731 207
433 122
665 57
373 176
975 90
874 38
330 426
506 322
569 552
1047 414
695 259
1124 333
616 26
843 8
962 8
508 330
203 24
398 161
845 646
370 378
1004 655
709 13
483 531
816 458
794 348
701 456
741 361
1056 556
586 60
369 425
813 489
539 245
1157 200
558 389
909 22
593 110
997 215
1076 409
571 69
1080 69
924 429
925 66
390 125
952 113
519 233
594 504
492 320
636 24
441 295
738 116
837 503
411 69
1126 146
336 516
999 135
832 532
737 583
503 199
1142 134
468 210
987 119
1205 380
793 631
126 581
998 40
916 348
645 57
405 31
789 659
896 114
906 170
599 71
783 127
910 522
928 548
1076 379
810 125
1049 16
1123 148
993 165
612 138
638 44
555 460
816 342
745 123
1060 113
809 710
670 424
406 347
1119 212
437 198
729 111
1016 146
1021 97
897 681
239 44
519 361
885 92
1142 128
894 149
635 93
1002 192
834 342
497 209
981 94
777 144
947 44
666 100
894 455
1067 99
1053 165
904 149
420 123
759 123
356 168
385 154
1062 27
745 128
766 143
113 357
262 570
940 85
472 200
204 63
719 61
968 182
286 51
533 543
609 206
1078 98
1098 186
144 347
1167 195
570 459
587 508
150 353
1006 518
454 247
395 436
782 115
130 336
488 300
489 92
1129 109
1012 181
852 217
762 204
737 515
401 162
877 136
1179 339
254 22
807 213
1050 62
1079 128
525 260
906 60
384 19
1024 153
530 484
517 82
604 133
680 459
217 625
398 303
758 337
803 297
446 238
1095 631
874 61
313 3
964 76
450 365
979 170
415 131
271 49
655 712
921 245
403 430
998 164
983 130
943 175
616 439
246 47
750 102
439 325
961 183
810 99
847 48
643 198
1047 209
671 554
757 563
514 122
869 537
800 4
848 509
929 321
930 37
554 244
153 269
1077 131
945 553
732 52
1151 130
1074 586
673 465
713 11
991 11
842 290
883 296
939 387
450 299
759 148
548 571
427 323
789 298
770 46
771 143
543 433
741 212
352 95
536 445
422 342
549 450
748 31
779 378
437 261
974 99
634 311
502 520
646 353
437 133
627 211
775 687
1036 371
779 511
3 172
1053 515
424 214
1083 21
414 154
365 182
1054 282
920 146
1085 493
366 67
406 201
498 419
961 143
828 656
537 383
935 140
1073 44
482 359
1139 121
502 245
895 493
840 556
1018 519
514 368
673 481
764 240
1003 151
284 15
805 472
229 54
716 462
1185 312
599 52
461 187
1196 296
558 282
531 177
387 495
990 439
416 250
924 53
324 83
690 321
674 491
356 18
849 528
1069 137
211 40
866 56
468 281
909 299
213 524
1087 406
1101 438
376 357
431 233
602 233
777 525
692 527
432 429
1206 320
715 124
861 212
482 111
1149 189
597 478
341 218
375 153
320 99
436 50
929 68
650 21
1020 438
432 179
336 237
799 395
765 579
1176 443
901 383
720 363
594 282
570 251
742 252
242 1
777 630
1142 483
956 606
687 21
674 513
277 673
460 269
444 130
392 148
639 206
292 80
730 575
872 268
378 541
208 6
506 483
270 33
723 489
765 69
635 52
746 433
637 171
1123 140
698 313
976 283
809 346
819 87
457 246
818 588
331 383
425 415
395 32
292 21
838 481
609 155
372 183
736 226
1044 109
746 201
408 174
861 85
487 99
947 112
1050 375
447 515
895 117
448 354
269 76
899 701
329 462
789 370
727 295
906 431
754 635
496 289
647 91
810 93
487 308
755 320
883 30
988 464
645 255
1164 551
430 85
234 24
746 68
231 33
715 522
761 558
728 593
727 114
733 414
712 386
738 442
1090 496
985 89
628 271
402 138
818 545
882 601
790 626
1066 536
734 467
886 2
268 15
1013 491
820 610
1071 505
646 489
354 188
696 126
1023 548
428 345
876 261
1024 151
396 440
502 414
1130 593
379 262
731 51
856 574
862 606
889 625
464 249
416 265
559 117
658 111
445 335
1204 349
929 107
971 121
743 57
851 301
525 597
797 67
1062 166
921 5
457 546
338 42
321 29
557 469
360 442
345 719
698 412
781 440
426 41
279 12
748 246
1123 177
795 153
1036 199
771 96
720 10
206 35
726 492
363 517
990 36
951 24
737 94
915 556
767 274
1090 51
585 368
518 255
602 281
344 24
654 30
429 133
1043 178
545 538
782 302
532 235
305 43
769 622
1116 615
694 4
417 281
468 268
803 693
449 280
404 381
762 362
795 371
416 102
324 237
985 537
900 131
707 264
360 287
377 354
640 16
284 24
864 353
664 61
641 27
919 252
905 81
689 10
373 498
903 128
1001 59
682 8
881 305
205 0
1070 99
683 414
889 426
1007 83
209 606
1096 610
272 19
1058 595
259 47
336 44
98 314
829 105
1045 201
1040 93
973 296
1069 32
654 279
864 689
384 456
792 41
1034 41
866 159
911 159
1079 236
423 148
291 39
1101 193
1028 587
545 425
436 64
192 59
901 265
820 564
879 142
181 47
548 294
729 142
759 266
361 146
360 424
953 114
1105 162
411 119
899 710
799 97
1024 470
604 87
1117 109
840 41
524 422
295 414
469 211
972 179
351 419
357 51
346 339
134 316
681 40
1162 309
724 313
806 633
383 207
390 37
636 79
871 527
1076 549
644 245
1071 66
889 478
136 258
620 223
1084 104
142 416
358 398
732 388
607 241
1007 31
868 342
1163 203
804 136
1069 439
913 87
642 37
1022 15
606 18
326 273
987 527
1033 111
957 17
1194 257
835 481
14 515
770 72
407 318
145 417
870 114
948 54
1106 166
806 0
81 426
871 4
990 159
1001 170
593 51
1145 181
438 311
832 136
459 216
666 12
1219 693
794 38
791 125
580 247
965 42
744 104
1083 104
456 205
961 9
1023 149
804 11
709 413
609 24
263 63
727 75
918 44
1089 198
414 479
749 117
760 19
454 425
510 452
356 298
1167 213
1055 167
1102 166
737 140
668 389
909 27
869 78
78 346
795 323
1034 156
900 164
728 419
419 195
462 427
1158 148
835 695
701 358
199 61
790 540
732 396
602 466
688 341
280 64
1117 112
827 85
596 25
731 583
472 122
955 102
1000 155
563 55
110 473
895 37
719 128
639 59
1155 182
866 718
1103 80
962 111
922 475
1010 539
721 48
969 187
1085 502
768 256
710 353
487 394
485 348
221 72
981 150
1024 1
270 26
904 217
651 95
550 206
338 31
880 138
507 225
774 407
763 69
433 432
1143 137
1021 171
570 222
688 14
495 362
146 233
1093 119
911 385
610 378
1044 19
940 39
924 93
1037 162
269 44
140 317
122 117
781 353
766 624
356 403
736 97
550 590
622 91
521 114
329 53
418 336
1110 493
924 557
772 94
457 367
325 72
646 107
364 402
714 544
904 106
859 40
618 68
961 134
809 14
1137 140
659 485
372 365
647 67
1044 404
677 359
949 594
424 412
496 440
940 41
479 476
535 156
437 260
86 253
972 123
949 182
1127 520
338 391
463 122
379 249
523 444
917 376
888 116
761 34
330 17
944 583
786 588
775 130
789 468
516 98
1085 179
776 388
458 431
634 185
221 127
204 62
776 50
907 636
1074 488
810 108
818 476
424 246
876 132
860 139
799 354
573 382
697 125
752 360
1068 385
1073 78
921 324
674 107
525 108
474 137
1115 311
1106 234
753 609
230 60
805 238
426 232
1089 337
812 661
418 133
226 23
1045 401
817 487
708 376
1099 210
382 376
733 307
227 368
645 55
639 480
144 576
722 126
438 221
374 384
896 150
1009 643
953 138
1047 434
106 258
462 250
825 24
767 636
698 407
768 569
195 29
977 166
753 53
752 124
1225 291
366 35
1165 558
767 103
390 23
511 546
777 126
731 107
374 379
699 490
829 67
1144 412
525 571
1121 211
366 42
921 523
231 644
890 538
1046 633
1079 409
751 117
1061 585
385 454
352 420
365 429
711 332
603 124
990 187
994 340
799 324
380 165
1054 192
606 414
716 259
552 521
792 651
456 359
609 30
396 46
531 491
800 581
765 445
344 67
765 52
288 355
766 196
1077 74
867 78
1020 57
596 412
586 362
874 592
876 272
538 370
912 76
932 0
1079 376
599 175
224 32
533 350
335 455
623 451
529 555
739 429
211 21
994 89
741 426
670 458
900 129
646 13
1006 262
727 713
391 535
1145 271
234 35
982 499
1151 273
622 141
683 300
221 239
899 313
769 305
441 506
962 539
679 182
223 52
423 86
374 330
532 499
745 467
843 419
331 544
795 32
881 306
378 7
894 573
962 332
747 61
700 460
606 60
602 222
1030 554
851 133
964 521
643 4
964 609
213 650
1107 395
332 206
1040 167
252 98
873 27
1136 205
579 464
1062 184
1159 220
747 461
788 105
456 298
695 475
689 484
557 295
344 291
384 233
994 557
1114 636
542 128
944 386
976 473
837 187
298 456
942 25
506 249
194 135
630 173
715 298
1013 277
803 316
998 83
394 125
785 369
577 314
176 47
869 165
367 269
818 262
757 539
1097 208
625 65
535 101
912 130
405 23
1128 574
133 246
887 405
960 95
9 704
481 330
222 116
723 94
479 419
554 383
643 202
965 138
544 412
892 173
663 103
991 342
861 403
891 55
291 443
812 91
921 37
1140 481
693 517
1158 401
1192 461
656 538
447 296
211 98
677 410
751 66
624 187
411 204
892 316
1230 341
922 461
812 480
721 385
1108 460
776 563
333 345
613 140
928 113
492 522
850 518
1106 377
810 367
936 315
480 316
463 501
1120 649
578 323
956 179
663 19
703 385
1083 156
716 383
949 527
890 147
408 122
410 219
92 332
598 383
789 82
486 260
386 414
922 540
961 0
1175 208
809 33
905 158
999 96
1155 538
1026 135
881 73
973 10
976 1
890 104
953 399
974 113
369 144
1102 156
767 263
205 45
993 171
734 77
575 5
580 234
363 295
667 19
1054 138
1029 58
1035 154
1047 605
1085 114
768 37
770 32
696 75
937 89
1101 532
475 210
739 76
1001 9
1059 596
903 119
957 142
450 239
1091 93
623 126
750 113
622 54
334 519
435 639
395 161
462 145
871 552
985 405
646 375
935 708
735 355
205 75
1008 536
732 413
899 62
365 156
483 444
797 43
203 44
876 149
435 232
1042 82
1161 229
793 601
715 428
625 41
867 8
1106 183
1069 28
537 191
354 170
952 168
358 33
378 147
916 140
1098 111
200 37
722 342
223 7
249 612
375 202
746 400
923 117
860 48
758 94
754 342
595 105
197 77
1078 171
559 228
578 551
1069 202
780 296
746 537
993 157
94 285
994 141
666 33
1102 442
739 333
756 509
891 568
1054 424
878 61
639 71
806 476
1111 212
915 170
1032 187
998 115
872 116
181 52
252 118
1020 526
664 49
789 503
943 142
698 572
705 268
769 56
235 63
1157 212
562 21
1151 135
944 139
925 92
863 404
563 271
1159 210
915 394
787 116
1034 116
849 105
941 564
499 185
24 28
627 293
401 361
907 86
985 158
943 166
886 140
570 232
946 422
695 358
1016 95
539 35
735 114
633 261
100 365
399 35
456 102
861 487
1087 371
731 111
291 97
890 524
399 128
1155 526
715 57
343 259
423 153
700 90
1169 222
742 498
917 532
712 389
391 389
731 11
93 320
735 233
644 501
638 243
476 322
329 125
816 716
1028 74
640 246
900 167
340 215
818 157
701 77
1030 178
517 328
611 400
676 428
468 389
223 51
502 437
1127 182
593 284
710 522
615 78
958 55
470 53
996 529
854 297
322 255
773 469
825 494
415 348
707 392
1087 265
310 20
280 266
779 94
970 519
410 68
506 382
426 527
664 64
903 695
435 35
512 206
887 244
1067 551
1004 312
165 668
684 456
742 82
907 472
777 429
609 316
192 659
537 442
387 377
353 573
837 702
199 8
869 482
431 397
388 153
810 435
429 469
721 39
1192 412
972 476
821 587
220 26
37 497
420 352
798 303
959 653
494 203
381 716
402 148
801 373
168 76
581 251
449 486
852 431
873 91
636 67
964 254
689 378
772 319
440 398
1035 388
1114 633
446 61
952 62
385 25
794 408
323 411
1146 508
1031 715
437 132
874 165
865 112
951 372
305 67
406 413
93 327
433 568
656 16
353 443
316 440
965 342
701 698
632 448
531 286
484 241
470 382
515 172
935 129
907 91
1034 188
721 464
701 567
554 394
436 157
104 232
544 317
455 302
360 36
751 358
1115 637
518 120
1141 588
870 31
393 323
319 459
690 186
465 340
664 324
922 547
156 57
1072 335
470 186
731 205
290 57
832 474
419 370
718 278
971 223
322 44
593 371
1027 670
296 67
939 76
738 136
251 116
879 304
425 366
901 438
430 52
1203 301
451 160
291 87
932 9
527 248
459 294
224 97
963 75
703 371
962 547
752 121
726 427
1146 146
431 539
145 605
317 472
175 46
1148 120
417 378
982 160
250 43
107 288
534 320
747 575
808 229
828 279
987 158
676 320
850 462
823 66
946 240
1160 186
641 69
257 56
733 405
1015 168
1063 83
472 67
901 121
1134 436
1078 296
773 277
566 328
812 64
707 574
551 325
446 144
827 677
1114 607
977 135
929 54
197 67
403 263
357 704
782 130
936 369
613 269
599 45
255 43
709 113
659 448
1080 55
1080 553
643 344
375 505
950 388
916 63
581 299
884 687
1100 185
676 555
609 61
889 285
807 190
1040 103
396 56
421 489
1102 486
637 458
1081 94
638 434
1100 35
998 170
589 654
947 88
1091 655
1032 168
1066 445
687 525
247 7
898 127
810 294
840 369
1028 455
388 188
481 359
553 595
354 368
418 246
546 375
605 127
728 39
1161 472
681 461
979 163
348 407
1086 182
455 293
729 560
922 434
272 146
416 167
549 1
1100 280
356 409
273 94
1014 175
469 111
950 445
407 195
861 276
364 317
944 257
937 350
495 294
652 403
757 485
1085 639
919 141
375 160
1143 572
757 218
234 74
1064 601
309 50
686 107
305 66
1003 297
871 427
361 203
466 349
998 77
953 363
282 29
753 337
572 352
506 514
756 461
739 599
1134 578
399 292
1053 526
360 269
363 269
322 329
398 28
381 457
592 387
1156 345
603 182
737 363
348 169
1135 565
508 335
1093 503
736 318
925 649
510 412
238 28
365 267
602 542
362 422
410 140
505 368
527 488
682 177
821 186
777 305
560 373
918 474
470 194
775 402
1010 543
401 337
414 223
333 423
363 9
1006 193
741 448
729 242
483 299
810 205
165 291
263 19
884 479
823 232
636 82
343 281
1113 419
769 493
1026 492
373 702
367 219
1071 371
537 306
496 431
877 538
1103 680
416 410
710 67
1047 490
384 44
451 218
336 197
670 344
411 474
1084 671
750 96
316 510
579 378
325 112
801 112
1020 252
959 558
593 430
789 422
743 573
786 558
214 42
746 551
851 452
822 276
530 244
352 376
935 126
466 309
557 442
1025 650
491 287
661 235
1043 479
469 378
955 216
684 406
910 214
350 303
412 387
565 312
304 73
337 36
449 290
905 301
775 445
1064 126
1020 135
830 653
394 361
751 424
441 137
914 116
696 343
1021 444
864 199
496 365
916 291
1083 164
765 525
729 346
613 347
281 82
1191 366
928 280
860 448
871 88
951 19
680 534
923 579
875 314
524 495
462 528
539 414
796 56
965 370
502 311
708 308
1026 373
662 467
230 22
1053 574
839 444
827 351
713 189
460 430
515 489
608 113
170 61
1048 356
732 389
1045 454
831 374
1178 325
1000 478
699 331
998 493
1093 105
942 578
859 709
517 436
752 379
655 46
819 125
399 416
1081 416
798 672
881 451
1178 287
344 306
747 589
1148 164
179 22
527 250
740 313
698 314
1094 191
993 538
624 131
1099 131
396 296
816 296
953 2
365 379
225 99
838 278
488 290
430 505
562 265
746 565
824 221
780 53
601 67
847 299
1036 534
616 394
411 230
1003 251
593 87
731 301
945 139
403 63
162 407
1160 160
802 110
800 290
279 116
699 129
547 208
624 18
699 18
135 298
569 485
1068 123
1047 170
792 19
494 261
923 146
518 399
1148 124
349 55
675 489
1138 173
149 291
537 22
547 77
512 257
965 132
681 185
1017 107
956 100
987 92
1012 24
493 413
805 397
761 367
349 374
939 78
859 61
659 26
761 230
832 484
332 222
728 479
766 265
375 443
805 112
627 31
381 144
781 164
456 288
1078 62
588 61
403 294
876 172
819 134
418 213
883 144
785 631
945 92
737 298
754 4
331 48
314 98
764 64
490 329
913 15
682 329
902 582
190 101
494 124
1111 187
842 646
664 22
733 346
1042 133
894 143
958 445
774 418
679 482
439 407
926 416
496 335
494 334
729 98
917 171
608 415
384 70
620 56
756 507
941 300
1006 169
647 402
1167 201
407 251
782 149
425 345
877 407
734 552
1033 392
760 75
1256 117
282 8
718 370
1154 156
1141 206
1088 335
940 7
773 54
350 495
1097 706
776 107
937 132
213 47
654 47
685 157
977 165
940 367
903 129
1046 126
432 558
344 210
1089 449
920 82
922 130
519 186
826 349
710 358
609 55
755 335
1159 196
440 449
608 459
807 184
513 100
552 60
1101 98
473 326
785 582
167 609
182 49
391 130
295 32
313 428
732 22
653 50
913 73
766 584
631 64
892 94
367 373
877 441
600 139
392 202
858 589
756 156
1063 198
1185 301
924 16
461 313
438 421
353 380
725 517
860 129
834 39
328 2
1100 379
527 398
1116 195
951 614
346 713
992 136
238 48
1017 37
1041 116
631 466
818 108
1217 297
361 500
615 66
585 291
425 93
188 49
498 367
737 249
253 43
944 7
882 163
1020 469
387 330
950 605
755 83
1036 151
924 153
682 439
975 131
1123 135
256 53
1103 106
1028 141
239 14
697 361
455 27
484 380
785 55
646 29
1011 146
954 178
478 330
695 521
561 248
1000 147
800 67
420 275
863 486
1072 492
213 30
767 19
739 279
384 329
246 13
863 277
892 65
762 348
678 210
785 468
929 165
1053 104
1033 370
784 271
986 250
353 74
657 335
483 291
599 224
206 239
1036 64
755 113
365 73
447 503
1014 266
736 276
1082 164
880 147
916 56
1071 397
1064 177
790 48
803 474
513 360
432 338
558 484
1121 166
808 476
942 127
783 16
549 483
381 27
378 163
415 337
744 210
900 545
200 68
925 81
1042 161
719 589
1030 511
413 50
1076 55
756 0
404 546
899 657
789 128
474 133
895 110
1034 79
1028 145
920 398
329 49
425 165
404 306
1101 372
770 83
188 53
960 674
1040 603
284 22
809 201
881 43
618 60
843 672
687 292
712 228
1042 572
130 321
918 154
802 120
807 120
406 21
694 8
818 609
1137 185
899 92
768 562
391 87
834 122
915 122
773 96
1093 39
754 34
383 149
1264 183
556 220
1056 93
970 166
103 467
670 113
1014 466
266 24
480 340
1101 85
193 211
1127 203
675 6
852 130
1048 200
951 161
280 61
865 621
839 623
912 388
1026 103
631 76
612 252
786 31
1107 160
622 429
1043 270
831 122
1136 181
461 60
770 144
668 489
435 11
948 150
814 430
976 476
491 509
1069 57
837 125
123 327
1018 158
888 497
1159 142
859 60
215 606
560 306
1012 172
676 426
1106 44
948 73
649 0
794 420
1050 145
711 302
761 38
1091 27
104 393
1153 187
978 344
520 399
1155 215
1074 212
825 91
696 422
765 632
608 73
913 427
637 75
706 124
1109 153
620 74
1018 536
405 82
690 6
979 72
201 644
522 354
1042 78
450 56
890 46
366 360
978 120
748 386
365 412
989 162
1077 45
250 87
659 177
1042 578
701 109
1029 190
1166 158
843 379
449 318
784 361
785 133
505 397
978 114
816 115
949 115
386 449
587 155
1062 51
643 16
897 140
898 203
336 570
1112 159
687 487
763 229
930 139
857 4
301 710
573 331
678 2
999 179
798 675
126 301
691 62
1150 188
895 167
320 258
930 115
1036 109
643 88
1113 196
575 258
242 389
905 466
1064 130
209 599
908 92
793 66
935 106
625 419
729 124
1031 110
1007 109
848 136
425 148
1136 214
755 97
547 21
909 30
936 167
900 160
778 44
846 111
937 95
810 157
876 157
736 423
409 440
788 26
991 26
269 52
977 713
1131 316
560 593
413 72
1138 531
552 315
318 422
1062 135
1073 81
1154 522
707 114
213 72
112 246
430 33
187 21
754 61
1116 166
710 57
1219 365
1117 278
526 280
968 44
631 8
834 405
690 463
733 101
893 168
363 185
1037 448
730 70
734 95
993 149
1089 47
104 336
817 221
1024 183
1192 317
680 690
1110 155
672 408
403 282
488 502
720 88
796 79
417 496
601 311
576 141
868 65
806 444
1052 29
743 95
808 301
695 105
1177 279
210 43
674 103
800 643
366 199
1250 697
933 2
225 34
308 719
370 23
378 112
469 203
1008 51
790 361
832 588
901 577
429 448
447 149
674 465
893 136
975 194
390 161
1077 75
342 519
660 38
188 59
796 380
936 514
436 210
1133 205
503 499
1110 413
853 50
201 30
388 284
926 507
1055 172
594 16
732 361
354 187
785 290
1072 52
669 45
615 82
604 263
1143 175
690 138
951 193
1145 163
809 67
406 271
720 465
723 83
883 149
760 118
369 257
372 398
1108 206
320 32
449 163
443 138
889 61
738 41
749 126
690 403
413 293
713 460
582 365
438 123
600 61
138 104
431 327
762 408
776 587
568 247
777 120
893 120
1014 5
1080 73
399 108
721 541
395 443
576 69
390 135
1173 195
778 32
980 54
412 331
1094 169
925 427
914 112
521 323
1143 495
534 28
880 59
964 177
953 120
994 706
468 177
407 542
470 602
892 448
250 203
564 518
612 231
166 438
360 557
416 105
746 718
579 187
472 377
416 39
966 506
263 52
135 401
846 354
544 634
925 107
922 138
685 17
930 132
437 458
194 592
943 290
177 80
914 101
578 232
420 226
927 124
1045 88
1162 183
1007 165
1093 252
812 357
1138 111
984 34
449 356
475 487
416 253
402 143
819 434
1067 52
1108 119
1033 308
683 541
724 17
1028 559
1143 247
571 334
817 213
796 62
989 154
659 688
982 316
978 681
730 116
93 356
766 290
1007 181
1082 483
857 42
931 142
1085 176
468 605
811 355
1197 422
806 689
631 237
499 296
474 19
461 152
1080 199
455 355
494 121
617 253
399 73
812 561
730 441
1083 51
410 518
636 260
911 710
657 423
1144 208
500 219
371 34
473 272
938 307
630 18
403 706
764 14
936 175
776 470
537 419
932 117
924 86
857 151
372 153
1133 177
721 304
275 7
818 437
373 239
493 441
387 420
560 494
693 172
941 399
1053 68
1049 227
555 479
478 348
960 31
775 37
914 381
598 370
368 342
653 211
320 531
854 11
958 681
367 225
360 103
749 531
759 543
484 231
1099 160
996 64
1052 118
100 291
946 94
768 111
869 116
446 80
1027 271
301 426
964 452
458 299
1024 40
742 418
466 32
1137 278
814 115
1040 561
336 61
352 431
1025 146
980 514
231 96
789 434
754 15
564 281
790 577
638 60
867 122
952 72
768 373
389 20
785 380
959 554
1098 64
320 718
1149 206
1166 196
195 602
280 90
848 333
832 707
922 144
727 410
1168 381
918 387
716 129
1022 106
1089 106
730 231
937 431
547 400
455 494
772 70
720 303
623 66
373 350
899 133
639 98
920 45
232 697
613 72
875 47
458 265
1070 529
350 272
979 229
803 96
386 393
478 373
225 657
716 7
929 426
352 166
1138 625
406 540
1148 542
997 577
1051 194
923 28
789 496
411 113
941 249
678 686
365 415
1144 358
798 86
1174 188
798 492
355 35
579 191
696 373
900 5
134 301
518 264
429 146
758 138
804 207
1040 179
733 595
933 152
590 84
686 55
998 471
813 90
796 70
1152 428
466 534
399 513
720 305
559 272
941 94
1068 50
743 543
730 62
1128 180
499 540
842 43
938 108
394 318
802 195
1041 61
1091 350
177 70
892 474
1028 15
841 31
334 388
707 1
97 471
316 21
501 79
531 582
881 606
640 22
1182 184
456 59
586 284
522 241
366 395
79 310
964 47
78 43
1036 163
1018 182
363 329
525 343
443 81
980 327
252 89
332 125
1106 150
421 134
944 15
774 126
675 516
452 351
407 322
569 455
338 0
277 6
379 170
425 254
619 220
687 168
1091 605
423 112
806 41
452 22
930 274
322 187
342 42
800 289
729 259
830 444
823 71
531 505
1140 111
884 522
864 529
1151 548
186 617
1117 548
925 301
902 466
253 8
964 283
501 388
826 581
1025 53
472 487
310 26
986 311
903 108
703 484
1103 168
1043 18
951 421
397 405
561 356
525 210
554 428
1031 401
216 22
916 147
466 244
1030 50
1059 151
807 124
1072 66
1007 288
1024 537
895 123
611 310
884 607
502 200
728 368
944 613
382 156
786 92
751 173
733 587
696 492
866 390
826 431
832 137
1006 485
1133 193
1019 400
783 58
990 58
372 338
538 410
469 107
1104 618
1188 267
977 143
1033 134
916 116
537 542
842 571
335 93
457 240
882 77
707 322
758 659
962 31
1087 80
1011 112
880 52
864 131
798 634
494 340
665 38
588 74
360 398
1080 520
597 176
930 8
1026 88
501 238
1098 358
536 199
725 124
354 37
1062 336
1102 119
506 704
861 637
301 50
1019 83
857 77
416 125
803 586
675 23
1006 558
1057 59
760 513
918 446
332 295
1088 178
896 6
329 472
395 444
546 79
1121 236
959 29
810 152
983 89
441 164
472 405
454 210
832 8
763 483
1079 167
401 28
654 231
1001 93
885 158
793 453
740 490
707 12
90 336
1109 172
887 41
808 99
1019 522
951 85
712 201
749 398
933 521
865 125
792 105
995 126
270 23
413 541
408 6
302 388
755 127
698 484
670 45
1111 280
890 167
432 390
198 65
1185 443
399 31
936 419
865 681
866 306
455 265
1077 307
499 352
767 232
773 504
337 716
833 333
1097 189
1107 188
576 374
893 693
379 57
973 152
697 10
495 237
752 97
959 36
603 390
681 499
812 468
1107 187
920 29
256 207
198 54
726 212
354 303
387 562
455 55
463 159
997 144
961 525
615 42
301 45
215 224
530 353
1005 270
1144 116
258 67
1041 135
418 442
1170 197
435 311
793 521
1021 453
513 320
790 147
698 106
355 202
613 423
1071 186
199 39
816 577
797 356
984 128
1038 137
631 70
808 370
336 422
417 67
571 291
406 142
907 417
887 642
1116 134
547 198
888 48
642 385
762 471
681 325
1098 148
1043 183
656 205
582 484
950 175
1103 118
597 283
772 249
1102 101
490 237
673 483
503 202
329 62
1158 393
1062 503
476 244
704 221
650 529
378 340
623 73
411 271
757 616
894 122
1109 122
390 155
540 495
399 141
473 134
1037 170
958 67
495 444
626 201
1090 182
932 16
268 19
1023 81
318 233
779 420
1196 266
429 419
1001 118
723 312
1111 201
736 241
645 18
973 390
554 445
582 338
479 481
410 694
830 19
914 167
690 190
691 314
1104 137
998 75
659 79
1063 559
819 289
878 12
889 12
1026 60
236 35
787 144
597 462
45 554
1088 346
421 184
918 558
104 384
704 508
924 128
747 42
987 152
547 339
550 403
774 137
616 73
389 171
1076 245
634 29
1048 641
456 511
735 239
663 40
946 368
486 571
428 241
415 314
899 142
358 83
748 276
862 140
815 255
462 701
284 125
650 30
254 10
502 288
371 386
799 92
402 382
765 14
417 427
545 202
125 452
926 559
1091 132
356 461
1046 27
892 175
906 83
811 502
984 160
776 141
1140 189
915 418
914 166
539 376
889 83
868 516
428 250
710 403
550 301
683 409
893 175
795 592
1018 73
389 389
679 32
652 240
988 101
828 658
373 248
327 269
798 652
992 92
601 342
920 132
80 412
631 299
175 263
655 537
871 147
927 563
853 406
875 126
782 58
593 178
382 306
745 465
194 73
916 547
985 585
249 61
421 230
548 304
746 80
452 252
187 80
790 517
515 247
385 323
413 96
741 342
1057 245
749 31
371 538
801 102
752 599
421 38
805 310
706 275
1065 114
688 357
353 465
382 312
475 74
1131 158
356 416
380 456
547 138
891 484
857 559
876 14
770 63
784 63
375 290
793 244
519 195
654 408
756 297
672 476
723 410
869 606
345 232
960 2
680 361
986 267
659 530
371 332
202 61
316 99
1043 41
470 267
890 129
1040 177
663 47
621 157
962 183
983 20
998 130
989 97
1036 464
146 626
810 104
974 26
909 419
503 356
237 87
1178 197
917 153
863 110
656 103
32 563
632 494
628 67
817 421
606 331
853 380
1032 94
807 36
747 210
171 38
1137 195
1147 166
816 65
1087 173
1051 99
657 43
883 156
816 123
997 160
899 140
844 398
349 8
135 293
568 292
742 396
867 11
417 311
188 27
193 588
1140 107
492 105
190 375
550 336
1053 98
977 16
1056 164
889 140
651 57
881 50
1037 91
689 52
542 591
389 134
979 0
1148 101
513 224
858 442
1121 144
1000 81
484 77
377 277
673 699
445 309
883 358
367 23
1176 219
768 218
1154 323
394 470
1063 59
438 53
443 207
750 397
118 542
321 314
667 116
377 514
364 448
228 100
965 100
612 184
307 447
439 339
1064 453
338 6
213 20
1066 379
646 54
789 123
742 380
524 357
456 138
710 87
726 412
599 509
696 466
114 300
1023 491
506 193
415 401
452 369
825 314
386 595
331 273
720 497
712 549
394 178
1106 161
635 179
767 130
659 402
453 303
345 43
564 18
172 99
797 17
814 645
762 53
1048 334
667 74
399 191
502 394
1117 682
627 24
971 688
840 409
733 476
1133 156
682 91
962 554
702 353
678 433
335 49
414 32
637 224
758 72
118 322
680 493
914 78
1087 98
595 166
968 260
473 352
637 42
368 11
942 478
921 99
1035 430
577 127
392 39
1099 614
297 31
1067 37
387 460
705 471
1083 75
862 90
501 281
850 624
962 277
676 444
168 150
799 420
664 7
823 247
945 168
1017 176
456 460
704 107
401 52
283 20
1113 186
754 494
306 46
101 319
925 140
1153 213
198 18
1179 539
655 482
1060 32
373 378
743 371
678 21
366 160
812 555
465 154
1148 269
510 274
191 61
382 161
785 350
572 356
622 419
756 403
882 494
733 252
321 387
948 590
494 134
337 74
716 510
358 152
500 227
268 12
1115 547
648 421
1011 460
563 448
943 470
873 658
303 550
1008 17
359 7
302 32
321 254
731 234
550 445
688 404
924 502
680 501
706 509
652 451
915 370
400 257
758 266
834 316
839 294
933 525
779 547
274 58
443 47
907 253
797 251
498 199
1110 214
393 145
1113 445
690 387
554 482
1031 474
436 320
467 284
802 530
771 532
1042 549
1087 610
912 698
917 687
891 242
481 246
642 139
226 106
379 91
338 18
546 457
738 479
545 492
551 415
84 406
812 394
424 334
871 345
793 276
460 548
660 524
681 383
603 275
720 458
308 7
938 65
558 230
762 586
812 623
947 104
495 141
639 135
357 190
267 22
902 150
963 347
207 24
510 88
423 428
664 524
908 47
998 30
793 364
1163 260
509 387
736 268
792 453
787 281
835 225
697 291
1107 158
314 129
574 420
942 212
478 124
725 260
153 346
800 501
366 438
588 366
653 55
1032 514
637 212
708 550
1092 528
984 424
403 584
244 30
718 719
301 46
556 527
1114 484
1002 123
803 87
478 158
974 718
891 54
330 375
250 127
782 37
823 485
914 418
447 221
753 494
936 10
388 150
420 477
729 497
486 268
603 426
476 213
759 280
523 355
751 547
908 165
340 79
715 347
398 162
1099 174
619 151
554 284
191 56
774 11
687 493
998 598
746 230
613 401
519 143
209 82
669 454
736 199
968 142
752 132
703 350
702 530
196 61
660 564
592 33
812 626
862 579
931 528
376 345
200 21
317 460
428 118
206 86
742 395
707 472
891 375
441 42
216 98
575 320
185 518
351 23
452 23
466 26
445 140
528 482
361 458
409 400
338 422
835 11
419 109
751 334
419 242
1123 152
533 460
869 61
909 443
1154 189
957 485
1022 112
206 29
328 330
1118 570
474 708
918 333
694 40
617 256
675 24
325 42
595 366
1058 162
652 392
964 468
567 151
867 359
637 451
1006 139
957 46
324 580
808 149
864 78
686 424
558 430
570 390
803 614
415 78
268 96
728 478
901 286
363 42
853 573
895 454
666 11
363 494
463 397
443 482
390 195
359 417
533 492
419 545
604 201
632 156
857 83
368 38
363 261
953 292
811 339
943 467
1190 506
430 69
801 445
318 477
366 8
447 337
972 320
297 60
399 457
385 243
306 294
1113 439
905 17
770 226
572 266
1093 299
519 369
887 366
1067 327
715 432
913 441
403 442
821 406
1088 407
457 89
267 74
506 103
383 14
285 7
732 231
872 238
773 557
443 526
832 367
522 273
1032 420
463 393
429 508
655 548
859 690
1106 656
433 168
384 215
500 224
492 124
200 52
446 326
1040 375
856 303
585 274
364 395
723 407
370 480
791 496
675 479
833 678
757 528
49 633
484 140
370 184
455 223
706 207
385 249
342 36
345 14
248 27
957 267
564 268
1031 281
350 280
393 315
622 318
371 293
839 297
1001 326
1092 360
330 382
1143 379
566 419
336 423
593 440
521 438
396 486
932 490
764 493
874 470
821 662
938 676
738 560
1069 570
363 530
999 587
559 169
440 171
1200 163
370 152
577 146
306 58
173 53
332 87
143 82
399 94
449 70
194 78
387 305
381 300
948 303
596 271
602 264
730 279
388 345
403 336
442 366
461 363
581 483
590 487
435 493
1104 490
503 501
714 501
557 462
889 458
1154 477
335 437
736 422
