586 386
699 718
738 63
256 316
711 128
655 304
217 697
1085 124
725 183
369 356
160 534
245 278
631 49
444 22
103 307
587 127
277 693
1150 415
409 289
368 482
1179 437
682 218
567 197
723 719
459 403
172 433
585 258
542 313
1111 388
420 471
560 288
295 145
188 467
636 83
859 272
872 80
846 50
140 302
421 156
902 287
895 26
385 481
358 273
465 214
242 542
336 101
452 480
920 65
679 21
648 204
382 433
478 200
1008 593
1058 638
570 584
579 227
318 421
619 211
161 496
628 368
595 292
527 265
514 411
143 401
748 133
448 123
388 256
688 72
797 699
377 125
554 275
915 56
597 250
103 198
606 33
486 458
677 149
305 515
656 491
544 76
231 389
409 207
389 271
551 301
312 621
629 117
524 188
598 182
253 524
203 29
694 240
379 311
692 232
574 363
488 309
746 647
956 607
349 47
411 127
327 232
882 654
377 529
358 185
189 562
959 712
454 394
211 404
618 213
246 19
628 351
594 316
434 364
358 306
714 177
530 404
13 599
205 341
231 481
121 471
425 82
575 309
767 8
367 428
301 305
424 247
1166 642
1024 184
884 703
953 53
286 342
690 90
595 393
942 349
642 70
661 6
354 16
328 559
764 44
758 18
306 477
695 146
195 276
520 124
298 231
115 457
206 277
493 374
74 418
516 344
640 255
369 329
581 371
428 218
140 358
587 123
427 392
926 163
219 435
605 258
737 143
285 379
407 187
164 56
468 166
569 46
471 319
651 222
746 589
199 386
1213 265
179 345
803 52
776 718
928 686
265 98
221 616
226 280
637 706
225 94
722 224
377 393
164 388
271 583
218 436
141 541
544 7
484 676
813 23
637 60
337 304
842 2
253 193
386 302
604 199
214 501
236 429
644 339
604 377
806 120
247 387
694 555
636 408
851 715
595 156
413 449
529 172
901 632
116 249
490 362
492 280
565 506
121 422
860 14
642 34
176 331
336 291
148 438
846 36
729 145
171 191
1106 124
312 424
300 454
401 530
448 407
926 69
481 88
620 108
270 260
188 460
1059 141
231 494
291 171
462 0
957 661
273 360
624 187
550 216
853 593
611 92
668 174
468 435
1149 699
197 552
358 179
952 3
699 10
426 85
875 106
616 30
737 174
347 252
238 314
538 433
953 658
131 183
384 183
620 265
566 127
792 704
97 446
299 385
1021 638
782 196
1090 674
201 541
941 614
476 248
386 301
835 89
773 44
456 27
255 237
85 366
1116 50
193 198
126 355
655 528
235 199
191 327
697 520
688 139
461 333
874 82
734 633
701 649
923 562
813 173
84 447
146 362
196 148
213 343
544 181
745 189
539 81
339 185
409 502
498 311
694 202
610 163
307 134
258 446
893 10
1075 713
542 72
140 484
946 16
144 462
277 313
917 577
897 640
1001 672
467 314
771 630
757 124
675 6
458 467
533 491
582 74
448 237
664 45
510 235
583 343
29 561
82 353
461 134
818 627
578 426
908 589
839 670
767 93
720 46
560 160
748 153
663 172
369 517
155 351
47 633
869 235
880 682
822 49
526 220
278 259
523 74
966 6
617 388
731 686
139 684
820 684
623 390
686 15
650 668
292 401
588 353
913 50
564 285
554 352
548 122
296 333
385 297
633 145
105 502
552 268
110 499
260 336
759 567
542 395
353 383
809 685
510 276
542 331
801 596
253 353
708 492
566 25
669 243
327 459
643 69
158 259
476 216
801 649
318 432
754 226
944 160
255 322
300 527
799 695
659 628
736 12
561 343
675 140
300 512
677 220
428 441
657 690
448 286
382 148
498 304
950 616
471 436
856 649
709 29
190 436
234 483
478 171
609 293
499 430
851 487
603 72
160 92
904 606
339 432
276 466
604 291
145 508
865 719
828 42
329 540
413 344
677 257
476 172
327 431
1136 718
340 573
169 223
557 10
634 145
217 204
848 171
259 270
717 184
832 35
906 674
448 289
198 56
769 151
766 77
562 418
242 302
491 109
116 475
885 325
173 357
282 12
671 266
286 432
331 151
1027 648
769 45
437 87
444 87
806 4
130 110
186 383
818 0
782 133
661 444
682 14
649 620
927 605
282 518
507 318
412 199
180 508
1011 719
361 541
180 142
347 196
582 58
254 124
1208 349
816 146
117 141
530 283
717 283
605 265
761 57
458 227
404 39
127 394
863 172
387 235
233 183
406 490
420 530
274 365
726 170
368 271
238 294
498 332
623 78
140 464
620 147
375 423
310 306
1196 298
871 22
92 245
104 355
629 192
562 77
552 176
645 145
235 300
558 639
315 155
939 693
143 313
345 475
376 210
796 629
265 531
798 661
234 166
339 166
655 149
518 255
575 118
502 168
581 57
1133 674
334 43
357 303
592 66
677 91
485 312
381 329
363 377
359 452
630 234
596 272
661 168
783 35
431 483
535 175
622 192
387 485
582 212
500 292
783 44
548 352
563 508
400 718
816 147
861 554
232 346
663 17
127 304
600 338
579 58
508 462
903 665
846 174
695 230
421 49
216 420
397 420
880 24
807 61
920 686
1136 546
656 223
570 402
1065 477
396 378
1123 401
850 43
126 367
355 252
229 373
768 45
270 412
990 201
193 495
244 479
457 256
676 91
895 213
507 364
151 421
543 145
3 576
1071 463
780 171
1158 701
716 10
776 6
715 22
713 241
683 68
644 278
752 159
542 378
331 396
126 481
947 677
598 297
407 286
142 359
235 197
648 718
1197 320
200 382
238 199
105 200
152 371
1062 495
232 504
443 374
2 530
223 705
358 169
69 621
825 620
301 491
436 519
129 462
420 413
618 382
600 321
42 631
327 719
370 421
1145 67
651 301
393 473
346 403
740 80
677 3
536 399
139 445
560 179
857 673
1190 189
234 475
792 595
335 431
732 613
1071 393
1048 380
53 643
102 414
507 70
408 242
324 400
556 9
655 295
591 86
329 582
556 369
208 263
737 410
544 492
691 200
509 256
627 238
122 370
851 81
313 366
433 714
264 364
779 132
704 233
593 288
413 405
779 76
213 250
154 346
326 289
733 481
127 182
387 387
165 268
539 485
456 171
248 295
732 100
94 256
650 333
397 448
956 669
276 106
1105 131
220 102
153 194
693 231
461 265
1021 608
480 205
302 267
19 471
488 404
243 416
306 412
510 642
599 12
470 134
370 270
835 6
237 341
509 392
875 361
872 656
662 140
608 306
519 193
620 227
255 67
293 331
370 285
128 477
531 321
320 412
799 583
601 156
98 306
753 174
548 218
287 171
574 105
454 354
196 358
365 211
122 316
509 415
588 290
563 123
739 141
798 102
489 280
248 399
815 60
483 406
288 357
181 539
1056 633
614 100
788 100
895 32
222 295
1155 492
644 121
301 375
723 302
1060 487
1096 369
694 46
595 296
1065 150
715 217
31 520
339 397
486 152
773 113
201 287
984 86
458 482
818 63
711 174
107 422
1117 514
602 58
371 43
135 449
260 395
210 8
1020 364
538 239
879 546
503 677
1047 485
1121 345
20 533
1108 518
808 297
496 501
1124 469
702 717
385 490
167 549
903 634
519 352
1095 377
615 719
741 200
194 539
407 186
24 592
793 41
255 305
131 210
46 653
296 185
947 389
411 314
758 206
1028 697
1174 485
303 571
1148 102
230 432
395 386
177 526
535 275
373 390
516 212
657 28
643 285
838 5
322 301
280 85
425 417
916 156
547 299
796 704
170 108
286 450
734 257
813 216
701 222
253 449
488 303
131 561
719 565
182 488
1018 593
365 340
219 447
433 296
64 638
184 53
108 233
922 162
529 350
1180 408
767 32
541 353
149 98
808 434
196 356
491 364
408 111
891 673
629 255
962 16
372 231
277 476
257 156
181 354
543 221
614 153
955 642
240 249
347 624
290 399
1176 660
272 125
448 157
628 299
170 540
399 449
652 240
1088 426
1123 464
838 586
350 240
343 242
715 413
654 293
1160 526
103 342
270 476
892 660
560 54
1103 419
380 67
884 513
643 266
599 208
231 363
617 323
717 225
220 92
556 329
1037 343
825 456
865 543
1090 318
526 705
525 341
386 240
207 85
908 457
112 426
890 577
130 413
643 188
725 519
391 321
291 473
846 31
645 144
410 100
544 393
650 279
805 43
1143 402
804 574
1080 489
1223 293
745 576
1208 505
1194 283
42 591
560 461
731 210
263 130
754 44
810 636
544 563
1176 407
710 240
808 184
980 628
1035 699
370 662
864 17
271 311
1036 479
1150 688
586 84
595 356
419 348
892 11
584 355
701 256
587 538
477 21
778 193
720 52
490 343
205 257
786 201
503 360
690 619
843 549
405 354
634 44
501 275
396 261
843 35
244 338
132 538
552 407
388 351
429 88
448 84
553 28
809 686
370 345
202 204
980 707
250 316
630 19
941 643
500 116
541 390
588 366
863 659
260 295
533 210
847 187
424 388
393 68
769 15
1142 433
748 609
759 252
523 183
493 414
799 693
319 477
522 290
476 325
1021 453
621 135
1132 292
658 90
643 223
391 9
406 464
832 547
520 378
1052 17
575 168
124 410
182 221
750 13
418 366
558 225
451 391
559 156
645 32
644 158
1120 676
477 401
290 432
32 610
464 308
410 498
663 49
818 540
670 61
694 106
747 13
767 687
831 676
608 340
543 218
753 232
781 25
559 260
228 466
697 204
704 95
481 40
616 358
772 638
269 541
478 278
198 195
703 688
693 115
961 591
526 340
302 565
778 208
535 98
836 614
1200 356
538 418
696 4
539 22
515 337
227 178
656 176
276 127
162 453
241 271
471 207
251 306
552 264
449 451
234 332
496 252
302 324
659 97
408 331
78 432
349 415
830 25
466 258
599 194
316 119
926 683
81 358
185 447
462 162
152 455
457 389
288 571
494 278
328 233
238 368
537 284
265 355
420 430
625 8
1193 189
1114 439
409 522
547 445
702 142
371 401
979 602
898 10
335 307
229 545
202 657
317 462
148 233
365 199
109 204
717 83
610 336
668 71
630 205
537 249
602 121
814 689
316 361
745 57
527 151
163 204
298 562
619 255
429 426
766 179
488 156
229 248
369 367
282 701
525 69
626 148
307 416
844 50
778 47
631 280
756 297
748 271
466 408
1058 623
775 568
684 243
400 178
610 276
184 15
987 404
699 527
425 327
186 93
492 169
452 350
748 32
267 509
771 66
802 3
681 631
753 83
400 199
327 272
669 184
990 632
962 677
586 335
281 150
95 375
575 370
1203 236
301 231
411 383
288 424
262 508
515 251
640 346
641 88
863 20
641 595
1144 279
215 511
786 18
734 197
227 269
195 472
249 445
470 341
1055 297
668 214
488 268
157 149
606 184
194 533
485 86
88 234
140 198
263 390
144 183
1162 373
198 136
1065 395
54 612
826 537
400 281
131 370
1201 238
691 65
565 376
876 251
861 557
426 110
533 254
716 463
38 633
1153 463
777 195
421 484
379 44
559 60
64 622
1015 357
15 576
413 631
486 11
833 463
1154 499
577 322
517 247
534 347
585 89
727 90
376 462
609 273
493 207
990 712
855 515
667 192
756 195
866 651
415 438
773 134
1047 154
1199 249
813 215
907 194
1116 421
214 86
331 281
870 531
797 653
618 298
124 466
825 567
693 200
590 264
135 699
1134 506
186 90
597 167
162 448
846 5
988 562
188 439
137 266
451 320
439 523
1158 537
269 21
479 386
574 230
765 133
794 156
626 95
18 594
293 275
1192 416
766 187
1146 460
173 287
726 151
458 461
613 324
822 281
667 174
239 312
377 363
516 221
1122 20
384 55
1188 361
498 6
1092 521
62 621
345 427
116 351
744 37
521 146
49 634
380 277
56 578
63 622
304 230
108 527
684 126
1084 156
760 577
119 427
959 3
940 706
564 152
685 200
804 566
701 648
289 130
701 704
206 130
145 507
788 48
247 317
283 498
801 717
316 213
747 62
1193 282
590 162
481 440
865 649
147 100
717 129
1037 660
729 651
538 284
7 466
559 360
920 594
1003 383
383 446
161 511
132 370
980 362
444 506
722 161
587 341
159 94
222 373
220 5
230 460
606 25
156 425
407 310
1195 263
579 378
741 77
654 139
507 152
262 436
666 246
395 379
673 702
665 136
818 685
445 65
705 255
708 617
686 161
653 121
401 334
954 581
98 404
505 146
570 197
482 148
261 102
356 531
599 239
948 0
397 718
278 388
654 604
917 44
149 552
853 640
603 106
596 23
440 294
309 410
198 544
347 424
769 78
1029 157
714 128
1070 690
466 457
272 568
454 145
705 127
294 254
287 378
884 270
803 120
164 275
712 689
308 533
558 2
385 360
198 307
551 278
369 442
702 166
963 707
323 276
438 480
233 507
117 467
148 543
259 495
1034 687
519 485
942 623
121 186
763 216
592 335
977 314
586 372
698 230
186 101
493 108
817 210
694 590
43 596
660 22
323 437
634 244
764 56
259 442
591 82
706 152
985 700
713 127
740 571
358 249
672 53
349 225
533 2
329 213
330 420
693 74
586 107
569 280
787 61
684 196
850 276
366 320
544 72
620 266
1082 672
912 590
979 590
849 208
507 50
705 250
349 360
748 128
487 422
612 374
614 73
992 190
310 156
1160 671
589 179
1038 716
162 700
312 444
461 326
775 134
719 263
834 81
545 392
815 483
727 89
225 431
254 142
558 232
728 643
918 695
840 700
522 321
364 257
741 156
740 236
654 134
131 531
424 447
185 701
971 630
368 429
1185 117
508 540
389 329
1021 373
719 51
806 74
639 35
515 452
535 96
143 400
582 415
435 481
215 97
331 425
666 91
693 280
411 404
279 223
608 58
645 92
276 52
501 345
158 165
529 382
819 47
431 300
313 96
335 427
139 299
878 679
641 286
729 631
185 342
424 60
786 60
839 630
1207 257
225 341
780 93
214 460
542 217
1054 628
837 64
530 316
463 343
817 75
389 450
457 426
806 648
179 231
264 523
463 360
488 408
889 599
641 304
615 63
536 282
464 420
718 178
313 452
187 132
323 251
1129 462
241 62
487 520
626 274
747 486
439 107
186 372
494 81
859 196
948 666
214 481
725 64
767 563
220 476
280 222
279 393
736 677
512 408
923 260
935 650
221 362
17 595
289 415
369 399
498 368
436 82
78 447
45 603
730 622
233 65
220 160
317 565
949 692
601 379
757 665
651 333
939 691
874 38
1076 429
320 370
722 650
530 105
425 286
274 168
942 669
302 165
1182 675
691 220
481 96
94 426
548 466
384 327
874 666
943 667
356 317
494 516
629 291
186 410
271 231
825 553
505 345
1133 683
177 348
672 100
1071 669
1037 666
198 387
531 180
904 180
502 484
516 22
596 125
643 203
206 342
368 267
87 451
815 139
551 404
710 620
499 200
807 38
264 177
608 318
584 122
108 357
661 674
301 449
482 178
731 178
603 290
184 429
975 207
443 307
229 310
795 14
593 116
399 216
776 135
821 30
776 178
852 70
716 710
517 240
508 448
568 45
755 133
961 664
648 238
275 428
573 76
781 713
533 250
329 196
696 136
190 231
446 209
815 66
738 142
782 91
273 89
256 18
492 717
410 295
360 595
274 109
809 661
967 716
660 166
642 115
197 443
392 106
851 335
120 339
831 585
770 90
893 704
624 87
502 262
866 630
486 19
135 97
640 308
204 247
428 206
282 299
594 166
319 138
106 412
601 377
737 73
639 271
676 283
128 466
498 293
195 441
921 659
902 4
545 206
512 339
993 601
671 262
414 411
651 149
466 184
710 234
333 257
272 458
859 231
554 14
654 269
179 423
700 45
624 86
104 468
657 193
263 232
1048 711
449 199
307 470
938 533
442 153
233 459
180 510
659 104
360 341
539 159
700 454
1044 664
584 333
623 122
251 420
843 680
393 300
682 267
521 452
469 80
485 449
524 133
589 376
386 378
256 369
160 53
196 149
559 149
335 74
225 483
512 283
545 218
559 136
200 80
629 189
984 666
493 322
425 502
917 642
708 666
216 425
695 99
679 706
180 174
826 101
743 225
1150 636
694 560
255 270
278 155
434 299
978 597
590 326
739 162
443 500
1000 613
1159 166
209 95
201 301
620 267
742 126
271 150
706 662
174 345
755 25
792 272
571 248
370 31
594 31
422 461
683 128
492 64
910 64
685 198
324 282
206 518
553 337
1024 717
346 101
475 113
904 563
456 38
173 410
379 537
94 314
456 146
679 179
399 248
279 573
225 252
622 197
776 624
531 412
805 201
223 517
762 540
255 391
299 431
677 206
672 85
468 392
210 66
622 66
249 505
258 111
217 503
851 586
160 423
676 273
531 141
1036 636
91 439
440 381
522 401
563 402
801 673
520 134
436 397
607 278
524 404
720 704
247 242
554 447
806 690
507 239
294 233
804 627
261 428
460 222
881 178
698 634
675 230
474 357
460 257
975 687
548 116
257 222
135 452
920 614
583 183
398 8
478 431
486 179
207 535
565 336
759 134
439 184
826 588
398 462
461 89
456 297
459 365
579 304
1064 690
510 221
954 563
803 632
985 6
192 192
846 638
1088 680
769 671
409 197
468 278
517 412
169 255
492 75
804 692
423 87
577 37
1191 703
403 446
1033 644
341 471
500 458
219 425
780 70
336 571
172 453
395 270
660 11
495 253
283 521
784 503
607 273
338 171
504 216
509 231
99 466
540 280
679 665
566 267
355 532
112 355
623 318
480 489
991 647
517 228
799 145
854 682
658 34
602 120
918 237
169 245
276 62
1077 663
146 302
948 707
924 589
690 136
650 566
243 311
238 29
366 455
1129 692
1042 705
296 562
149 446
294 237
231 449
411 454
160 434
631 159
92 322
104 506
543 157
891 21
328 368
741 547
515 415
191 417
1102 538
597 246
731 226
835 623
372 200
89 440
1130 525
922 62
591 360
710 238
455 519
549 336
475 346
387 8
317 274
672 178
577 43
561 135
392 451
315 234
759 293
1113 541
458 356
948 655
378 454
725 667
398 190
1178 470
531 402
588 250
444 399
932 624
514 317
457 357
481 133
668 225
198 213
294 101
226 59
488 9
560 305
409 122
494 84
279 451
1023 630
515 147
184 59
645 601
550 94
204 498
893 636
1105 703
414 83
818 683
876 244
350 477
778 589
680 172
119 472
1190 656
599 283
137 231
868 619
335 303
692 248
163 520
135 426
571 7
632 94
977 638
281 132
732 690
487 66
823 613
693 98
462 212
151 444
324 521
346 434
689 704
1049 643
665 286
706 224
346 559
707 108
462 21
356 296
174 443
620 164
1125 480
187 424
1153 668
660 208
242 341
132 440
498 334
218 82
908 46
739 211
1022 12
597 384
414 128
568 22
369 373
781 71
169 714
812 14
665 206
584 348
475 409
957 566
355 198
1002 588
475 190
843 213
215 146
884 592
766 43
619 70
522 99
593 313
628 285
1174 715
747 203
301 405
97 495
613 295
1113 496
749 220
371 416
1058 633
406 388
765 118
874 596
482 356
1098 667
657 479
578 177
1140 435
597 249
1165 399
826 689
151 718
547 367
608 327
915 682
218 437
240 373
573 389
574 172
1085 408
361 304
120 385
832 696
914 464
318 134
261 456
101 316
690 250
106 529
492 362
239 599
273 424
336 402
1006 692
280 335
689 483
809 666
1050 647
497 488
795 124
691 496
47 548
782 180
393 486
1024 583
215 441
773 30
399 103
786 27
1201 291
536 317
370 215
205 187
336 418
870 161
910 617
1099 11
713 204
1198 406
402 257
1044 660
298 128
543 189
244 384
708 504
106 240
1154 303
1114 464
648 293
663 112
960 620
735 153
1020 444
520 128
636 187
157 516
414 279
1233 387
696 505
475 381
107 490
39 628
949 700
22 512
1076 395
38 645
36 599
228 571
476 397
972 445
13 593
813 7
383 305
51 697
269 700
559 290
496 185
210 541
162 235
662 81
1185 277
1211 291
864 520
921 658
297 258
416 689
339 305
1173 303
830 171
605 179
877 23
756 3
407 24
256 257
1150 569
291 344
819 436
864 641
543 277
894 628
790 70
509 11
282 147
625 200
796 73
224 254
750 8
403 189
628 61
367 455
272 159
685 123
545 192
519 366
556 377
155 126
673 134
404 329
544 331
445 489
844 26
917 671
399 401
108 651
501 403
739 192
331 489
546 400
286 120
282 335
502 253
250 396
897 704
228 435
1091 392
229 453
1149 113
528 407
771 192
711 39
160 96
408 11
967 643
422 529
417 49
663 181
579 175
618 251
580 548
464 313
1176 397
412 406
697 40
693 556
1000 653
334 75
628 585
1166 405
819 200
555 311
705 109
124 413
793 716
456 18
810 33
985 679
494 260
345 384
565 166
677 166
110 451
485 143
622 236
572 180
955 197
1066 708
981 657
127 440
558 109
260 483
823 135
394 454
456 404
318 91
341 500
543 345
1054 715
149 544
700 77
680 519
351 240
678 564
555 480
710 188
224 401
377 470
569 301
82 270
520 260
598 260
536 153
1134 325
319 472
601 211
355 440
428 20
481 107
749 128
404 480
176 376
616 256
846 556
247 475
553 267
892 228
454 14
1015 600
561 85
439 435
142 390
786 15
440 128
468 306
294 549
640 293
345 214
400 444
820 599
447 540
594 357
243 170
351 383
378 299
513 29
335 220
250 260
523 169
447 442
486 359
928 621
379 22
515 412
428 383
837 21
444 38
1200 503
716 676
387 343
596 290
1026 588
695 98
193 169
619 455
555 210
1183 347
470 423
502 157
604 19
155 97
623 326
862 664
492 215
255 138
451 153
904 157
429 364
472 252
442 418
796 124
578 105
686 251
439 292
505 398
803 3
572 424
573 306
600 281
528 495
477 214
995 433
414 321
477 490
671 483
369 255
830 700
659 675
824 87
415 225
650 103
921 594
566 221
307 328
731 135
559 398
252 137
852 172
331 243
879 625
395 337
681 192
556 303
587 201
314 507
452 265
129 398
646 242
773 76
963 477
911 540
485 0
310 433
320 169
427 167
778 597
819 157
928 592
155 461
314 24
869 45
785 55
1105 116
414 339
572 225
697 26
397 152
790 222
814 31
613 94
250 404
408 339
526 398
655 88
915 684
566 359
514 120
260 541
190 564
900 671
293 283
410 485
444 485
566 95
743 123
493 367
145 248
776 580
279 322
202 392
1049 703
362 351
615 315
215 278
369 262
1155 452
617 80
701 112
284 246
1110 226
482 176
1086 712
583 375
492 395
942 671
495 294
292 96
640 350
326 427
449 31
163 394
157 140
827 17
612 23
588 276
148 455
335 225
119 452
847 208
522 129
509 463
521 410
538 176
946 646
581 121
220 91
720 641
495 301
194 157
727 224
525 204
31 608
643 182
494 21
271 523
1144 390
181 504
174 430
676 257
461 279
340 335
779 6
483 38
745 714
743 21
996 711
705 52
287 476
666 266
454 113
276 386
671 121
930 593
716 696
108 454
613 89
652 33
760 683
78 279
512 156
1024 694
1000 638
627 29
229 468
414 249
154 373
422 157
879 318
492 277
451 393
986 269
126 322
786 204
562 267
588 330
377 67
1032 447
617 75
471 19
1221 402
562 190
818 640
394 274
460 335
666 126
225 302
502 460
456 502
704 244
892 623
605 32
992 648
991 592
102 302
325 439
428 389
420 257
747 639
793 71
156 447
594 153
658 699
683 141
314 440
822 584
313 35
642 51
295 31
400 92
729 190
161 180
665 129
139 413
397 296
595 176
771 131
320 512
213 590
899 571
417 268
722 59
718 679
181 462
678 709
701 546
799 190
272 533
465 87
843 192
717 70
255 229
625 156
286 331
782 699
673 2
640 339
341 327
592 81
713 72
299 162
237 600
303 477
242 469
1168 645
455 297
784 96
271 384
682 211
879 698
272 178
280 166
249 106
823 575
327 304
388 567
558 389
768 80
719 152
773 158
812 549
530 390
442 533
694 710
342 205
305 499
349 408
552 73
243 396
424 495
626 50
937 687
465 342
303 388
359 289
688 238
572 365
207 436
582 273
263 252
1160 473
722 2
672 259
990 534
929 669
341 297
964 664
177 386
710 122
781 622
575 374
202 420
679 615
654 339
190 510
557 51
296 542
275 536
575 274
580 154
876 150
907 69
560 261
84 344
757 542
723 168
335 326
437 371
399 392
524 432
623 95
495 415
555 354
1172 682
512 338
654 179
436 99
582 284
548 280
917 218
425 95
587 159
911 621
594 280
370 15
414 13
483 36
255 205
277 414
235 265
718 79
566 327
251 248
851 89
301 261
513 237
342 435
694 191
260 280
559 128
231 216
598 384
196 42
236 202
766 183
212 228
715 647
448 86
676 27
827 575
338 464
358 496
450 240
636 299
558 400
566 349
133 378
975 589
520 336
753 668
674 74
344 190
827 113
706 206
512 236
157 464
336 453
240 330
676 157
167 355
499 50
169 155
796 565
455 231
1130 685
719 205
603 261
502 243
792 252
314 2
1015 671
549 316
371 469
668 88
763 633
1017 650
362 515
485 260
214 550
823 527
318 450
789 16
640 716
928 566
439 500
340 516
772 581
631 266
909 624
563 244
1059 705
490 350
422 390
256 251
283 176
660 277
862 62
494 139
320 548
917 691
665 183
183 199
390 492
361 292
638 690
576 257
852 13
948 620
1157 701
210 239
179 189
80 291
394 36
727 63
1014 155
549 337
974 620
307 149
618 290
510 470
246 454
189 282
910 42
783 184
340 223
148 281
953 660
571 346
275 313
976 254
542 499
737 266
386 184
710 695
499 182
477 276
953 684
564 54
556 323
680 70
193 54
348 457
803 174
219 426
766 162
322 197
753 590
658 133
234 44
418 287
683 285
871 241
671 575
715 206
1027 118
608 323
687 634
634 282
404 383
695 173
257 344
235 660
197 165
206 351
473 214
326 339
837 181
1008 620
993 702
172 428
621 334
649 134
154 201
296 41
345 314
535 304
476 477
349 424
1029 658
608 126
235 312
608 175
301 168
564 21
852 135
732 229
748 607
349 340
1014 715
239 44
230 360
327 548
692 633
260 178
449 133
176 289
384 65
391 301
439 408
238 88
455 465
869 44
921 194
318 140
97 421
760 23
677 246
295 233
327 326
980 694
475 391
184 425
362 103
994 675
589 379
226 88
496 194
444 155
324 47
204 472
523 206
201 20
697 631
179 196
992 686
418 329
560 329
222 583
408 345
711 105
274 45
388 383
570 113
494 426
582 5
731 175
174 496
542 153
1073 636
512 337
280 120
588 151
231 265
353 488
292 333
456 359
515 246
255 432
534 426
291 435
540 249
760 213
597 318
194 494
583 172
786 495
698 555
400 333
861 32
782 27
650 88
307 552
399 453
771 157
495 314
817 669
523 247
364 442
779 183
385 389
1019 632
419 510
706 222
325 507
151 290
372 366
604 254
897 14
700 205
291 154
928 573
819 58
723 6
333 70
428 221
698 45
611 31
998 71
1144 267
854 30
792 716
409 213
777 9
925 596
521 116
266 413
1191 411
1100 449
188 348
682 62
169 125
498 367
286 234
563 124
240 103
220 437
782 671
1170 671
314 64
153 315
89 308
507 448
139 718
576 192
424 19
486 320
753 21
353 357
1085 357
96 267
617 298
503 177
531 258
176 425
509 397
379 268
820 4
583 280
294 512
732 63
803 136
176 106
642 143
339 243
477 5
215 252
821 295
244 104
624 346
673 90
423 121
403 227
424 401
677 115
411 52
111 391
573 271
964 242
708 22
523 264
431 490
812 35
651 293
248 415
643 36
188 65
697 159
915 12
731 204
796 497
767 178
587 195
875 20
1216 300
241 455
694 693
309 503
1081 222
617 396
492 133
357 166
284 336
1027 654
245 441
269 65
581 295
896 180
471 147
711 229
906 525
464 444
1104 53
361 484
272 242
548 382
701 138
402 79
417 263
1109 352
657 259
398 532
179 355
567 329
706 652
393 254
179 422
122 367
575 236
266 470
358 268
748 278
554 189
769 539
736 226
251 116
466 468
397 325
120 478
547 211
782 134
928 80
369 570
611 72
980 695
145 401
827 184
436 71
861 704
603 182
196 365
230 406
280 409
735 285
420 157
890 584
499 331
435 461
1077 642
612 103
366 439
1116 321
353 529
119 428
786 37
1212 395
341 151
846 12
1107 488
784 27
155 322
239 423
684 104
721 651
989 655
607 7
268 70
204 452
208 211
142 424
877 9
349 30
567 36
117 248
543 286
554 47
766 404
249 73
548 150
617 82
486 335
279 375
593 290
610 290
820 165
625 599
234 267
453 318
1133 236
745 21
998 215
582 83
267 407
915 683
216 451
865 51
425 455
55 610
551 483
731 2
675 118
685 212
767 166
453 29
195 238
614 188
202 394
818 48
275 310
440 422
269 465
1066 710
484 411
847 170
630 330
543 310
475 381
632 362
132 128
588 301
306 180
616 39
131 332
780 187
501 340
450 127
407 40
516 375
603 123
386 489
226 507
1119 328
723 209
98 248
444 471
465 525
292 368
443 174
217 244
837 70
721 179
284 437
99 317
924 683
359 458
650 52
564 217
1162 718
516 241
515 230
721 655
1093 128
637 151
552 52
832 516
623 186
521 152
287 363
891 229
605 90
403 454
592 207
743 547
154 517
815 193
304 420
519 53
279 309
223 206
383 364
513 699
802 583
942 34
486 42
824 11
929 486
868 322
417 718
566 217
112 324
320 483
384 453
876 253
166 77
326 415
337 387
1171 422
764 617
169 214
707 64
575 354
510 402
1112 464
1161 456
233 412
71 624
123 486
953 712
490 299
425 8
1033 137
351 392
640 92
275 11
504 410
96 316
501 437
999 485
829 21
503 157
243 575
574 377
266 222
166 312
198 506
189 194
79 265
602 360
464 361
515 30
1199 314
966 625
222 429
270 134
855 20
730 659
1049 506
637 147
812 173
261 82
284 341
868 603
344 503
619 147
500 320
690 13
491 509
751 677
1047 454
853 123
981 607
163 543
1119 362
481 468
945 8
514 388
1012 617
251 482
351 380
493 103
269 469
500 298
894 678
985 279
824 194
483 143
386 91
442 313
713 1
880 327
131 213
817 44
288 414
527 215
1186 425
610 130
725 714
812 586
1213 365
679 225
180 44
622 182
315 142
545 38
46 630
506 6
425 511
1166 711
404 300
233 361
231 104
479 25
739 232
610 293
1094 465
309 151
825 20
818 573
760 531
703 240
1185 307
191 104
10 499
164 305
655 693
1017 685
720 715
792 200
499 425
475 174
435 472
531 336
332 423
1210 344
508 459
458 38
261 710
1042 35
808 66
146 399
485 421
572 311
266 695
1178 448
1120 301
1133 575
1078 449
604 43
8 618
286 200
1160 106
743 187
279 718
594 55
403 488
763 713
1020 422
731 138
161 447
465 159
1125 700
1202 427
341 289
248 453
626 172
1082 251
159 358
610 88
354 248
677 127
294 115
1113 297
479 494
516 432
858 638
899 142
331 370
1077 669
220 138
856 682
939 687
338 163
871 189
985 692
1188 696
1161 439
1108 479
234 175
804 175
741 669
125 523
1144 301
588 170
1122 560
900 9
352 312
701 196
421 505
58 609
510 227
219 90
584 84
824 701
228 270
130 273
144 521
35 650
647 296
743 128
555 239
313 146
156 713
1222 227
1106 435
291 176
1156 510
488 459
722 174
147 403
959 0
48 628
715 613
209 216
730 237
1188 400
1137 472
720 510
367 250
718 222
238 402
299 409
355 218
916 684
973 497
747 28
574 386
902 709
312 142
323 514
154 422
821 674
1108 698
18 601
575 272
493 222
1030 701
460 395
742 496
783 138
690 670
780 689
443 128
703 16
754 666
85 413
1219 350
253 557
572 151
593 274
202 22
149 387
804 718
113 504
761 170
483 320
954 557
313 416
117 154
1147 700
1165 421
653 253
189 513
271 84
613 73
396 375
1078 630
480 309
1210 272
288 487
265 702
673 254
494 121
315 201
783 18
712 532
465 472
1152 459
389 579
815 183
245 482
1066 550
990 625
491 711
330 403
105 510
519 201
407 331
575 251
725 27
292 410
306 598
447 499
164 512
954 575
1016 608
765 155
345 383
992 165
713 33
436 476
337 431
427 470
787 76
489 261
783 150
438 193
488 271
1098 685
142 353
417 180
317 446
837 3
1005 75
1056 207
863 30
311 449
581 361
192 215
879 705
107 465
540 226
893 8
184 282
734 75
892 608
433 492
535 223
608 367
775 199
404 250
247 439
494 337
465 198
732 4
832 543
517 441
635 495
628 249
907 665
447 429
351 304
610 334
802 178
391 396
912 16
369 143
905 173
296 187
445 282
520 93
491 391
399 22
618 276
501 342
732 27
579 215
122 561
1174 609
724 583
592 243
632 108
1072 415
148 380
516 329
486 476
154 272
278 130
572 157
304 539
366 304
569 125
269 121
127 171
887 595
226 220
1032 642
154 716
1109 704
693 30
502 641
755 62
512 129
1013 667
442 409
878 700
251 285
548 311
495 405
489 210
290 416
202 143
1171 394
548 541
479 338
517 393
1006 680
294 369
401 107
651 161
107 484
437 469
1094 506
320 361
732 626
760 698
460 481
417 12
76 404
615 14
291 401
792 23
912 586
484 399
188 400
609 280
84 441
629 89
464 208
606 266
702 28
640 143
203 384
158 400
109 533
707 604
230 130
297 519
894 688
405 5
689 404
811 25
225 127
578 109
295 647
240 230
335 457
206 537
882 197
406 13
707 150
500 243
603 66
777 538
625 3
798 653
836 718
226 501
750 32
104 480
781 182
1120 598
302 266
306 385
521 396
643 467
5 474
503 448
253 371
484 142
724 201
649 326
325 162
315 134
346 422
642 129
263 240
583 364
479 435
172 109
467 421
632 300
916 4
535 279
1203 307
783 70
796 63
589 285
384 466
709 157
540 247
770 18
1197 234
3 561
407 400
1096 653
294 227
184 493
419 139
933 9
766 627
120 519
810 148
609 319
708 6
189 44
373 153
128 464
712 644
372 436
946 68
380 474
279 494
458 296
1078 670
619 177
638 332
380 500
273 493
343 250
446 392
561 280
537 354
18 583
679 622
1129 310
270 254
519 308
385 69
533 8
707 695
37 615
666 172
813 75
933 2
617 219
295 86
437 123
901 9
816 671
847 64
562 277
600 56
412 248
618 250
590 301
248 388
690 220
546 166
790 718
150 472
1071 377
381 108
1135 506
1174 492
526 363
405 384
850 0
698 191
715 129
507 57
781 638
732 60
447 142
526 169
522 160
301 96
479 129
965 652
208 107
330 542
662 337
199 593
559 213
1124 664
889 181
807 597
272 153
90 407
582 175
539 15
573 274
399 189
693 192
515 49
949 0
222 266
661 95
109 353
510 212
705 63
679 521
915 654
134 107
328 261
476 135
739 189
694 123
721 486
449 296
997 551
942 197
825 669
232 455
439 238
449 357
637 3
800 94
274 282
876 10
195 501
335 291
375 309
571 402
409 482
867 643
774 18
789 593
895 171
750 551
264 123
630 15
442 110
169 107
552 289
676 110
811 614
782 93
632 317
762 643
364 357
371 172
577 64
486 194
618 257
444 81
394 309
536 382
963 293
659 79
701 248
565 481
686 215
598 330
484 402
946 11
341 466
439 239
848 669
578 508
778 717
361 377
794 72
693 233
589 374
821 64
941 663
591 314
716 237
650 555
736 131
315 381
669 95
555 40
494 523
709 188
812 154
850 679
820 490
707 44
744 616
466 243
595 294
115 669
296 149
858 86
594 115
259 472
247 220
637 552
385 385
588 437
525 185
545 274
818 30
958 488
343 268
347 413
695 695
663 173
364 419
454 94
91 449
827 510
683 188
542 298
720 504
695 41
696 250
557 45
726 652
363 124
570 82
168 194
381 224
826 185
740 34
206 287
869 626
589 178
345 50
692 41
268 508
640 267
542 24
591 74
573 138
112 135
775 21
1066 467
608 508
743 685
597 313
863 572
344 419
186 482
835 542
382 97
558 312
584 494
411 307
907 47
466 90
702 176
799 571
1055 711
743 153
353 585
535 410
12 13
666 197
223 492
1082 637
682 252
166 247
661 96
748 249
651 218
518 114
419 331
562 290
281 446
288 399
610 320
565 194
651 162
373 422
167 424
515 206
470 241
571 26
413 65
873 645
533 340
642 279
786 276
614 110
856 63
263 480
650 255
232 139
767 233
875 43
695 11
664 282
375 54
520 473
350 119
727 148
418 407
162 495
280 333
671 229
667 394
1152 666
758 61
483 132
225 221
346 197
393 251
534 527
283 178
400 35
64 625
44 73
287 167
276 323
328 385
264 239
142 276
781 38
745 652
1013 652
844 14
576 270
91 443
350 255
400 473
453 473
898 656
485 249
550 389
1004 607
115 449
390 376
380 254
265 357
843 628
519 243
647 6
119 393
332 374
597 187
859 13
263 533
705 92
925 647
594 192
520 213
208 474
378 232
1112 356
239 399
597 255
561 194
206 369
606 172
669 172
706 257
701 51
652 66
244 490
626 285
541 115
569 48
457 240
551 74
302 431
389 304
744 26
642 64
937 619
583 5
1066 456
648 304
605 335
148 497
409 121
899 699
786 586
798 27
239 47
878 15
482 249
790 104
287 340
628 234
396 79
546 327
276 568
677 260
651 613
800 56
652 478
796 18
979 585
978 674
477 476
949 633
383 101
629 453
743 214
759 170
684 226
766 108
407 68
796 609
633 43
897 642
369 278
280 303
800 178
636 222
1163 692
599 231
215 88
137 133
180 368
456 210
