11 594
17 582
5 434
578 660
73 676
48 578
1226 710
500 551
18 154
110 708
38 17
1193 713
30 601
49 186
99 22
14 359
13 338
6 82
152 335
1000 379
670 700
129 266
321 506
111 559
1060 316
864 191
17 517
12 256
1271 671
589 488
1006 589
432 421
1067 507
1097 639
205 646
137 316
27 637
354 236
977 210
42 711
51 676
983 702
49 119
55 641
63 74
9 151
19 507
541 296
461 37
331 173
219 561
802 63
1214 168
374 484
1051 165
51 131
256 53
513 303
324 270
114 180
35 672
11 654
93 47
36 702
23 241
55 623
865 618
785 547
78 93
42 190
957 396
62 46
10 301
205 591
72 661
42 547
1247 635
875 307
10 218
1200 691
32 667
398 408
9 232
24 160
29 716
60 677
9 367
5 474
1260 1
7 534
228 46
49 554
78 644
71 63
48 140
790 171
964 656
783 667
