649 314
8 330
822 635
15 527
39 574
7 188
36 140
459 185
128 277
286 503
305 49
1179 625
909 275
752 363
813 689
158 165
50 675
432 578
54 622
36 698
49 665
338 371
7 478
791 192
67 109
177 453
207 97
196 300
504 239
986 672
392 243
670 696
41 697
22 716
975 616
979 591
485 704
10 636
1277 712
15 473
187 267
2 270
875 705
58 706
779 317
678 444
602 435
416 335
780 41
1251 609
770 250
961 674
139 501
738 309
409 327
19 248
70 37
1058 365
2 572
6 188
850 297
61 57
32 82
33 715
203 393
6 292
446 607
199 105
631 510
16 416
1267 674
19 504
702 209
1229 713
52 695
949 444
