802 412
649 14
949 370
1113 234
410 517
661 430
1058 599
1168 165
756 126
452 448
359 73
725 360
544 395
449 390
1017 411
950 462
122 540
1054 36
926 331
1025 14
182 31
1031 503
876 580
457 659
1159 267
790 639
1052 545
1136 412
458 269
682 32
1035 557
1076 482
1189 352
1053 119
457 412
976 141
929 46
1050 9
327 49
1006 45
847 300
362 543
523 277
371 137
840 138
615 64
142 615
341 73
91 424
151 124
1089 541
1051 188
360 547
273 106
853 605
855 500
270 274
1003 83
906 62
730 230
833 310
713 705
457 354
975 627
620 62
183 55
558 193
918 694
134 485
959 185
943 153
772 102
960 49
937 86
985 117
797 354
302 711
989 125
507 343
893 491
477 283
715 168
926 157
385 56
885 261
662 17
725 15
772 551
662 473
1062 281
366 329
518 269
897 98
158 107
110 268
382 554
796 116
909 61
727 265
808 615
671 87
332 10
759 285
759 99
687 370
777 639
731 315
777 217
1117 147
698 16
576 303
738 562
376 11
677 109
1137 130
189 392
612 319
952 150
422 133
158 637
868 89
663 260
892 28
531 321
769 24
917 6
202 228
710 284
863 19
42 509
190 634
1012 132
1030 378
952 131
721 221
800 50
679 391
866 23
830 277
408 228
541 411
1158 296
476 64
774 87
558 203
869 121
774 237
732 115
622 73
941 523
834 481
943 43
696 331
455 253
541 247
1160 159
950 245
395 490
963 318
531 278
542 206
1150 206
699 715
509 443
936 344
1264 625
999 18
505 314
607 551
640 359
908 75
994 278
840 19
1124 165
883 110
392 365
760 330
702 400
178 67
522 203
658 222
556 356
1121 329
414 156
86 442
532 607
895 202
487 451
1176 197
481 302
295 14
451 408
866 71
1120 322
738 410
941 484
363 204
401 29
879 521
570 451
880 435
608 444
770 360
224 106
876 159
464 372
437 0
774 128
556 302
987 313
987 149
677 117
764 4
912 452
1051 466
556 201
729 383
1001 501
662 429
445 242
582 465
155 67
673 211
667 12
674 32
1103 32
320 11
468 294
485 405
530 717
517 375
971 362
913 448
1100 483
359 704
424 138
763 678
970 60
579 404
1187 266
1167 147
784 623
928 144
620 403
1130 108
348 203
630 225
246 580
489 572
335 208
602 297
1046 156
539 428
960 172
383 4
616 82
746 18
764 39
140 623
1037 429
772 253
207 54
753 350
943 245
864 9
579 295
399 281
457 310
882 435
1046 300
478 216
630 92
924 117
457 272
1103 114
761 202
400 336
704 367
639 453
192 10
587 379
863 199
583 190
523 223
141 93
820 478
445 271
731 128
375 62
699 358
920 162
793 489
272 355
775 20
208 29
1051 293
521 231
1013 619
912 92
1072 633
422 31
528 300
406 26
748 91
818 192
662 207
617 410
777 115
426 303
725 298
532 281
213 40
998 309
358 56
713 113
727 113
609 128
1053 136
453 55
846 698
1043 112
351 384
515 567
535 558
820 254
1138 543
694 291
359 383
765 591
505 243
729 582
1043 348
374 156
581 354
357 400
553 392
726 523
361 167
551 327
1007 71
492 102
1021 678
1025 475
830 134
246 75
440 335
419 331
954 111
1060 154
572 22
681 22
857 495
365 246
657 59
445 330
725 455
127 276
661 61
1003 163
1018 114
391 28
700 348
701 303
394 431
818 69
565 282
748 331
1014 545
296 228
952 509
741 135
917 421
826 91
870 500
730 397
796 44
845 75
523 356
980 53
1036 460
453 382
1069 190
362 414
1048 57
724 8
736 221
1094 194
703 71
798 182
133 262
473 121
804 94
327 466
97 300
1012 146
133 236
732 506
1027 119
855 645
684 382
344 244
1183 482
745 216
685 553
772 25
404 523
174 536
863 562
874 117
502 258
522 269
665 675
566 161
421 32
816 567
670 377
1148 221
682 19
616 252
1197 440
1014 495
543 112
1110 308
741 84
477 379
719 346
730 301
385 383
1011 29
912 463
942 284
886 345
764 634
1216 279
524 417
201 27
989 152
509 258
464 309
317 69
486 244
287 718
979 445
303 49
400 452
520 494
135 297
605 449
938 580
954 172
378 299
470 485
676 357
405 506
830 462
993 23
1149 173
789 456
911 683
339 226
920 260
427 131
1044 143
563 429
497 111
1075 517
484 457
420 337
80 380
432 242
917 490
1016 283
911 421
323 592
809 94
548 329
526 549
287 29
1007 169
451 72
1219 339
829 360
370 684
723 579
1028 235
989 122
759 598
1101 541
756 133
376 409
612 239
350 370
900 455
799 667
588 408
927 35
750 58
428 312
586 499
572 306
680 12
895 461
1019 564
613 182
770 362
766 64
867 64
1092 404
847 54
406 415
744 437
1004 123
771 254
1017 153
926 492
668 364
1013 120
998 39
1145 160
947 430
302 52
103 324
718 241
945 342
463 389
839 142
563 96
405 319
911 132
933 446
736 473
570 409
467 69
1111 300
195 15
809 146
1051 40
521 145
489 142
810 43
705 459
746 573
341 507
718 405
1136 315
506 610
1128 497
284 47
723 362
565 448
716 286
737 251
800 18
883 408
910 169
928 507
392 260
1076 216
947 117
136 282
793 138
236 9
1009 160
527 347
548 276
786 137
894 17
531 430
339 713
406 58
330 388
1060 187
1026 162
956 185
1016 120
195 615
232 37
804 105
606 351
1000 169
859 57
153 148
647 15
908 84
388 370
849 130
644 69
380 65
917 100
104 373
360 437
559 574
1128 174
769 50
1048 180
382 105
957 174
611 290
1203 290
314 59
782 147
235 73
1137 178
648 448
1074 192
155 444
922 30
1178 225
1153 198
974 136
910 164
505 79
967 10
997 101
460 242
820 54
805 276
730 212
524 285
1157 185
1025 28
213 92
529 370
629 75
1146 212
207 38
1077 149
435 477
547 335
544 536
182 69
788 93
737 330
991 112
979 545
964 156
504 343
368 378
138 486
979 94
495 220
957 37
953 98
660 50
686 56
104 243
942 60
722 18
903 636
1015 0
1123 139
1090 145
1156 205
779 512
666 511
1141 196
679 78
780 72
826 44
756 317
911 93
706 362
1105 131
402 435
768 36
408 282
966 55
1146 155
1066 122
907 53
784 126
1151 173
822 104
503 554
968 46
95 354
1063 177
725 716
972 638
937 64
528 239
790 85
670 68
714 19
1177 313
746 528
895 23
813 10
1107 102
333 340
807 53
1090 138
756 140
423 361
174 248
946 147
459 308
894 81
404 314
618 437
874 322
763 109
413 43
634 122
586 609
999 134
1163 206
875 534
880 524
673 471
1051 391
762 1
858 33
989 55
901 563
1136 416
529 563
181 119
932 125
903 5
773 650
749 38
496 94
876 468
625 52
915 124
813 50
1118 114
1151 123
855 98
234 17
157 633
873 16
404 401
668 12
996 55
512 408
741 185
665 201
1069 19
693 107
462 299
481 343
982 182
645 72
1124 523
779 332
642 62
357 170
381 33
993 188
828 144
617 473
967 135
989 36
766 30
138 448
1037 257
799 211
922 508
899 143
1090 132
465 200
116 339
986 538
523 245
510 352
980 261
376 582
629 181
708 1
467 233
381 696
1044 90
1013 443
1128 143
774 149
1031 141
688 700
727 21
481 250
444 438
598 345
915 699
1045 363
1023 102
977 296
315 15
926 47
1004 703
1189 122
1141 186
1071 516
383 266
1035 41
493 301
361 372
880 91
1028 128
976 131
774 19
707 137
411 144
807 396
446 139
512 410
397 177
654 82
633 412
762 444
691 69
422 502
964 128
679 434
1210 401
1056 95
380 2
1010 166
1056 163
999 13
1106 61
936 85
1168 321
565 206
1100 589
864 343
690 494
1185 207
1200 454
372 256
970 368
524 286
506 161
412 30
818 654
272 41
794 13
962 125
268 92
939 158
848 6
1000 526
556 61
671 52
801 52
1056 120
410 146
654 105
766 508
396 246
458 296
664 143
106 215
928 480
692 5
204 19
881 230
871 145
1068 37
502 504
857 504
881 577
720 453
939 296
535 91
509 332
619 368
686 363
804 627
745 88
338 21
911 165
991 260
812 186
733 565
499 289
1036 398
713 447
842 152
1090 75
555 241
210 195
536 228
301 24
570 512
482 367
887 483
764 38
295 15
348 544
565 422
496 275
1019 478
427 148
761 627
881 100
862 60
261 107
368 278
458 250
462 294
708 245
808 134
208 25
816 713
543 465
489 209
535 195
847 681
117 125
973 569
464 157
656 6
933 99
211 19
563 578
692 526
290 4
668 382
347 455
348 181
481 357
879 453
861 701
307 19
728 262
729 234
811 580
926 514
414 351
716 703
902 142
830 437
611 438
703 505
530 367
436 287
804 319
538 434
1030 443
1082 644
548 255
900 301
204 235
610 172
1079 106
859 115
619 297
806 118
992 427
360 413
1169 447
328 392
609 424
593 416
530 366
1109 364
719 512
1055 255
770 245
821 673
589 546
322 22
916 459
726 369
271 30
913 687
366 154
427 260
224 85
445 497
447 130
598 348
1105 388
400 21
1005 520
980 48
1183 414
1085 677
1063 27
402 179
1050 410
761 635
419 402
530 535
495 610
801 426
497 233
258 44
748 476
108 320
1072 377
810 609
762 406
1020 484
875 279
445 437
1046 495
545 122
1000 125
625 144
823 191
1117 639
549 397
368 162
299 530
413 223
921 84
617 53
1015 427
395 112
327 34
814 365
570 455
342 164
862 460
397 312
848 309
375 389
793 620
367 527
725 536
1028 450
619 419
408 114
490 490
589 150
908 706
875 679
603 170
440 202
202 45
712 12
557 459
621 47
768 291
303 37
886 95
941 147
749 231
547 341
1147 126
1000 49
340 401
1011 123
406 459
228 23
395 394
1022 461
686 196
1130 277
747 309
1015 269
536 240
758 504
680 4
375 309
379 323
778 55
465 251
587 374
1070 175
890 168
351 513
764 466
941 563
650 27
906 81
391 147
252 19
1100 367
424 131
464 118
1090 459
530 202
873 423
242 109
712 250
891 607
702 100
434 458
458 361
958 323
665 14
190 14
722 119
773 321
925 348
703 542
372 457
496 124
768 539
843 111
1061 128
844 122
1177 276
625 422
397 171
847 575
409 228
692 270
863 115
983 42
758 367
468 173
1002 466
567 614
909 77
945 494
310 7
690 702
383 469
1042 57
904 567
653 206
469 396
1003 307
120 531
720 531
1149 319
950 52
908 467
973 241
600 215
289 27
489 491
1092 677
659 12
487 267
610 195
1121 261
645 70
804 691
429 389
969 705
190 710
1064 352
690 541
756 500
361 164
855 413
793 300
854 394
516 570
615 146
445 481
170 51
837 371
939 480
211 3
797 629
521 344
911 238
862 502
901 544
442 375
494 269
1035 405
394 200
98 287
824 571
906 335
712 192
1148 192
246 27
1047 569
459 358
700 345
1066 376
1199 407
526 443
949 425
389 450
944 85
812 218
679 4
581 110
578 180
341 54
750 313
854 544
257 24
945 215
733 455
287 445
825 373
835 704
445 42
837 102
716 488
1175 498
427 466
462 330
422 718
354 171
587 237
183 43
984 442
793 463
996 323
951 326
684 200
217 41
687 347
1071 336
799 375
933 280
811 196
705 284
502 267
543 238
520 292
704 495
1070 681
814 471
901 317
426 444
778 549
513 281
834 549
816 341
697 243
940 485
223 15
991 568
916 501
919 342
409 86
356 27
725 460
666 487
424 353
1126 541
867 711
550 240
525 189
451 116
735 386
527 468
837 509
714 356
452 215
830 411
1177 523
970 585
1074 166
207 32
410 317
457 430
590 433
822 670
786 607
48 547
379 156
1075 374
507 307
702 482
1173 498
507 443
894 436
919 405
488 395
979 691
345 169
562 210
548 207
420 31
217 4
643 434
545 462
798 475
937 471
504 369
1092 355
626 304
898 524
1076 526
1096 570
151 118
655 61
395 145
946 185
557 187
710 250
829 246
687 294
1163 493
725 389
306 425
881 667
365 15
465 59
207 77
813 212
908 295
321 472
890 455
332 454
758 534
1030 644
620 409
384 123
372 321
514 342
628 457
700 333
508 282
938 293
361 156
951 402
1052 556
155 148
518 195
306 35
431 545
1052 489
457 345
492 204
1071 660
899 412
367 14
297 26
620 387
845 479
747 471
455 339
664 383
742 442
393 321
379 520
420 300
1108 577
407 124
295 57
1053 369
440 120
260 77
894 557
51 636
819 636
955 580
1041 587
479 295
759 329
344 370
195 62
735 596
499 598
579 604
865 638
833 669
972 693
423 247
630 158
666 175
426 35
233 87
411 341
548 373
375 374
563 307
640 294
761 276
17 455
531 486
407 398
416 444
394 427
974 553
930 526
743 593
874 586
841 608
471 58
394 33
640 126
566 215
747 208
789 196
449 144
332 270
340 356
915 369
1070 338
1091 329
547 409
845 408
935 407
1025 420
571 417
955 481
682 502
574 474
1055 556
1092 556
845 695
415 100
300 74
252 9
238 8
864 8
368 16
555 237
714 236
744 236
774 227
364 210
958 219
490 196
604 135
333 183
843 183
343 184
1210 339
986 348
751 377
389 304
509 317
751 259
826 259
1082 256
564 269
586 389
746 397
1038 412
664 406
515 445
743 445
400 429
644 484
584 490
929 475
524 460
350 453
372 448
728 600
835 580
408 578
858 624
714 543
451 542
754 527
746 521
791 521
399 514
979 517
695 554
714 549
925 549
893 573
927 564
1087 670
857 646
962 712
746 43
277 40
248 39
230 52
203 57
816 61
199 27
283 10
528 103
551 106
371 80
542 151
420 141
363 135
1226 175
377 166
651 252
506 212
749 328
347 334
742 362
432 359
1044 375
715 370
742 382
662 268
444 270
719 285
331 275
300 297
517 297
414 299
438 288
1036 413
373 410
313 411
518 408
765 408
1201 400
648 387
1076 507
610 506
805 508
1053 501
461 498
414 453
1066 476
699 467
964 471
902 523
669 525
41 512
991 512
751 518
895 538
750 568
707 567
1103 558
810 613
211 619
782 627
1070 590
796 589
531 577
863 605
798 696
880 691
818 682
1046 653
954 650
1120 661
903 666
887 15
203 2
971 5
271 21
344 16
238 29
210 33
253 76
303 70
487 70
353 82
160 105
584 102
923 133
599 134
778 143
370 153
692 159
633 147
700 218
502 199
612 229
495 231
758 238
666 243
850 243
621 322
762 321
478 333
799 371
800 381
692 363
864 355
1058 353
981 259
564 258
1045 257
760 262
376 282
721 276
960 293
426 291
826 298
880 314
598 312
460 311
626 426
934 425
843 428
521 446
1044 443
729 406
359 407
738 405
342 409
425 411
857 415
356 397
426 397
596 487
1117 486
704 483
503 503
462 508
1160 452
692 449
297 457
770 459
1109 458
1062 460
915 466
1055 621
949 615
1148 521
490 516
1030 542
1072 542
967 569
1110 559
479 270
1071 345
441 343
941 328
1208 325
481 445
419 411
446 384
157 86
820 111
545 113
433 119
296 17
376 12
1023 3
301 36
781 37
496 177
970 173
410 164
376 159
767 138
526 243
503 247
814 232
511 212
779 203
838 193
1095 659
780 647
698 654
789 591
1074 593
842 638
748 612
564 342
363 340
931 340
490 338
683 354
469 369
399 273
739 259
523 264
556 309
532 298
608 402
685 397
356 398
591 398
1036 442
535 443
492 439
889 432
820 499
1195 472
703 477
442 478
99 85
491 74
361 51
689 38
271 14
333 0
390 229
365 210
874 198
604 172
347 572
534 560
588 535
560 521
697 520
611 524
349 515
933 518
775 586
606 606
841 600
436 39
248 1
281 19
572 106
484 221
404 240
448 343
1088 337
937 349
704 335
306 324
462 379
367 376
339 363
1151 363
1203 298
400 299
539 293
412 312
490 281
721 267
1144 414
885 408
352 407
781 406
1115 404
386 403
675 401
433 394
356 442
1187 442
555 443
754 421
622 430
501 461
546 475
376 467
645 467
734 489
521 507
617 504
340 511
734 545
996 545
87 556
795 573
567 531
813 533
807 539
446 515
801 514
702 516
576 526
763 582
409 711
315 719
1094 695
957 672
950 680
1139 651
682 192
606 204
525 214
351 212
950 217
366 220
963 229
514 244
983 240
625 243
709 173
671 162
434 184
568 177
635 131
368 142
484 144
552 125
425 119
474 110
460 101
333 66
416 52
223 37
253 29
191 28
389 338
766 336
822 349
508 377
638 358
1186 316
719 304
1205 298
399 299
687 286
948 283
779 280
870 279
784 257
732 263
352 262
355 264
1063 264
596 437
716 436
1030 436
614 434
380 445
438 440
463 425
609 431
449 420
668 422
678 392
767 392
988 394
781 396
411 413
788 415
323 409
665 401
1140 407
486 500
711 498
437 508
863 510
711 505
395 460
868 463
424 459
452 458
989 458
450 453
633 468
642 466
958 477
620 472
923 562
57 566
916 569
750 570
540 556
607 548
421 546
1011 540
539 535
936 527
967 517
1134 590
744 581
948 601
848 593
859 618
766 619
793 622
923 678
896 676
965 691
909 697
391 698
1075 645
506 716
310 712
552 196
430 193
490 202
730 223
351 220
383 240
820 185
1041 191
1213 158
426 130
245 33
263 35
443 54
214 27
213 24
212 16
261 22
265 117
595 125
512 107
568 109
589 99
533 91
276 78
701 317
410 311
599 292
1032 295
733 282
695 278
729 279
433 263
376 257
1067 267
860 265
503 270
838 322
1199 326
386 328
390 334
265 333
631 345
604 347
1225 340
332 366
755 367
940 353
908 369
937 370
780 381
588 509
970 499
896 503
621 482
922 478
1120 479
706 468
683 456
781 450
694 394
707 396
1112 397
746 385
940 409
447 415
933 406
525 403
1131 428
602 429
347 430
672 426
789 427
775 416
806 441
529 432
352 520
612 522
603 512
475 519
944 529
1115 528
923 531
694 534
1072 569
781 635
834 626
743 605
469 595
737 577
750 581
1120 590
892 691
832 675
303 706
610 231
492 227
622 239
370 246
1140 254
592 206
488 205
541 197
562 176
370 177
643 191
583 174
150 130
397 26
428 51
285 77
626 73
267 85
934 99
843 317
1019 319
627 271
503 267
464 286
580 332
879 423
482 415
672 407
934 472
429 474
717 491
443 548
589 527
976 519
961 698
542 201
427 482
604 219
865 612
505 400
836 377
1065 573
698 415
409 488
463 50
538 201
1052 433
569 373
617 156
448 307
742 604
163 44
495 336
1122 438
504 269
341 212
1109 268
539 401
866 398
966 157
460 64
588 194
846 686
699 438
702 332
714 551
637 371
590 136
783 273
1019 492
684 199
711 402
1231 357
749 317
662 552
408 337
834 391
481 308
1076 653
953 494
1210 677
740 121
1178 387
864 431
906 610
915 645
1067 547
460 150
825 708
748 20
251 36
367 396
458 450
357 437
639 468
509 348
759 565
787 184
1104 293
516 375
552 357
342 12
740 228
1215 239
390 43
565 579
734 348
1063 344
778 140
575 208
762 282
1045 184
817 639
800 241
424 148
313 291
1004 277
822 78
553 210
200 128
596 357
326 201
39 517
413 444
980 551
894 493
579 538
485 417
212 53
138 153
883 403
780 401
1161 355
946 284
887 110
501 252
598 170
749 96
382 145
985 388
923 449
651 10
423 119
727 523
445 35
888 130
452 123
166 403
912 607
1067 579
765 123
1108 198
374 268
672 168
677 348
1165 379
777 133
1106 204
589 45
398 517
862 434
988 629
664 367
779 23
683 16
300 4
727 451
287 446
247 57
441 504
622 335
621 216
1025 142
823 674
841 155
368 242
679 16
362 429
1222 303
1036 76
606 386
524 221
303 55
385 476
876 243
446 255
806 495
135 268
508 507
766 369
865 54
792 648
700 489
358 23
797 365
648 24
809 550
743 619
863 479
780 11
552 347
713 577
722 135
512 413
166 242
94 333
377 219
446 160
758 380
721 129
545 477
770 82
768 83
783 512
639 36
670 385
457 514
1057 451
671 18
744 100
192 662
913 354
528 138
380 691
471 357
920 122
777 552
1153 204
891 20
681 26
932 515
764 35
959 169
961 106
1059 138
671 105
1008 130
866 120
928 9
1148 183
848 139
625 33
1091 502
632 69
901 48
88 304
645 656
452 19
887 103
1014 125
923 518
862 583
897 463
742 84
872 58
1041 32
786 90
868 2
283 16
994 140
1045 140
691 702
583 27
676 710
942 165
441 11
279 38
407 279
643 535
1101 62
1023 136
543 12
1148 181
655 57
96 322
499 394
894 168
682 408
904 47
733 123
1134 149
1104 194
1004 136
967 57
673 58
398 299
928 187
746 120
460 22
1068 150
1004 122
656 36
502 191
304 77
387 168
964 13
616 284
205 280
471 102
910 61
837 185
821 127
789 99
692 694
1094 67
584 394
870 64
1010 41
1033 591
893 494
628 39
457 141
723 124
957 78
343 102
1140 190
732 315
761 91
743 110
1139 110
1057 119
828 142
853 651
79 320
1059 297
668 481
756 230
1086 194
945 18
509 425
527 254
546 189
435 286
467 299
1078 67
871 136
449 260
1018 138
853 286
635 718
357 386
715 130
550 250
1005 175
151 207
706 370
435 174
784 36
1118 146
1141 197
874 76
1101 351
1067 176
979 64
961 136
991 122
398 400
824 229
792 12
1008 139
944 122
1144 368
882 582
829 84
504 197
220 225
941 319
817 138
955 48
650 15
907 152
775 237
812 86
464 426
990 155
873 114
944 136
487 336
838 137
801 32
159 279
135 316
894 121
977 60
765 404
1096 590
728 539
1052 172
149 557
961 45
472 125
1120 181
348 57
990 31
992 111
732 58
734 86
760 229
882 100
711 710
1108 191
417 314
900 66
948 189
709 401
1041 195
897 67
711 121
860 59
1145 123
472 208
177 227
400 438
1114 442
842 129
834 688
872 113
545 226
1059 201
521 395
127 436
231 36
728 73
205 34
1022 93
1078 124
784 494
1048 24
538 495
850 28
663 444
662 6
585 534
790 17
156 257
1066 149
946 100
473 434
814 125
848 636
1047 27
594 525
989 69
1044 493
761 396
648 18
282 685
878 20
895 103
789 78
574 287
1117 76
569 406
412 210
1008 96
813 551
918 106
984 41
658 54
651 629
1048 172
307 425
1069 21
762 116
895 223
787 150
224 25
817 94
625 42
797 110
872 528
767 486
1007 434
720 105
500 719
766 12
880 24
1092 60
1117 436
1120 102
716 283
887 94
1005 158
421 101
191 647
648 73
883 73
726 131
888 131
137 303
515 508
257 34
139 208
756 66
1136 182
1120 117
918 107
584 276
456 493
1046 38
817 82
780 29
977 511
1018 170
691 403
745 125
914 144
1140 209
982 99
21 149
771 135
697 701
991 155
1101 111
1072 384
1113 164
766 58
1094 105
510 247
543 379
591 390
909 115
1120 142
992 129
1136 129
1129 159
803 3
1164 422
779 401
688 75
870 152
773 135
958 29
655 41
1097 59
790 33
625 25
759 25
966 542
709 297
1099 91
924 327
226 22
728 434
922 21
95 358
937 617
800 144
732 118
1195 4
870 71
828 126
325 49
989 119
1217 349
848 84
752 544
941 692
794 679
524 351
710 529
573 178
1128 114
333 237
950 552
875 11
916 73
1106 73
588 537
439 49
487 391
106 308
837 191
1071 559
1151 274
772 629
1006 103
951 270
896 107
833 264
590 139
423 139
767 21
716 274
519 305
992 118
821 618
137 480
715 296
411 227
365 301
710 132
364 56
692 493
347 374
711 364
487 422
703 471
976 502
888 711
977 171
938 97
820 700
1006 168
1022 440
658 30
176 646
152 654
440 8
657 442
783 21
1074 28
877 11
206 43
660 153
809 308
524 266
862 647
614 242
216 71
647 86
879 683
792 495
435 293
1036 542
462 129
216 20
956 118
814 337
575 397
690 712
987 276
1169 310
700 306
347 51
815 25
433 309
457 60
823 539
687 314
905 483
619 38
509 315
686 207
366 434
172 59
438 370
944 678
479 385
558 405
1178 316
622 313
1044 564
824 65
795 632
1008 276
357 43
933 43
484 419
394 179
530 196
702 131
293 475
388 161
74 329
916 65
700 488
962 153
238 91
1061 404
304 219
150 271
490 464
75 437
1035 243
959 110
742 62
327 5
1087 341
381 226
368 295
249 64
800 609
743 2
449 43
750 533
354 426
390 377
193 111
892 291
429 521
817 153
914 386
1165 169
679 372
984 140
456 318
1130 165
929 659
499 515
762 237
682 649
596 385
956 375
490 352
417 343
288 66
195 50
605 294
1026 437
1153 395
689 478
895 692
897 3
543 166
91 445
802 618
430 487
1000 102
553 293
366 348
829 450
1090 195
343 360
654 258
849 570
889 350
1019 574
784 304
767 17
947 81
730 523
944 46
920 444
272 90
1038 310
565 342
733 449
953 97
1212 311
589 371
486 697
185 16
673 33
964 84
869 143
1008 129
461 461
698 328
983 11
922 13
235 50
397 56
1121 58
1056 68
831 695
860 41
648 383
465 469
500 502
650 457
1180 450
453 128
501 427
1031 505
788 272
1186 489
187 99
453 138
801 62
1104 521
431 378
522 346
1130 594
1028 430
671 170
737 568
222 46
651 469
586 415
628 82
873 82
541 286
809 258
906 411
825 638
256 626
857 678
873 671
458 392
1167 385
908 499
339 715
700 492
540 334
1152 601
510 195
1067 172
1084 523
355 570
1062 544
1051 445
987 498
694 283
497 357
146 100
871 82
817 627
851 425
996 232
598 470
928 378
501 95
705 91
149 567
719 291
717 306
662 157
1048 143
1195 252
976 320
725 419
712 493
376 358
961 83
298 350
434 271
427 210
428 40
284 49
896 476
545 185
828 563
361 472
210 28
906 129
655 176
759 417
786 138
509 467
1175 250
296 52
883 381
374 154
867 704
972 117
364 162
449 437
386 164
931 298
1102 149
658 585
706 284
454 398
829 478
514 399
384 694
906 418
1106 223
1171 562
391 340
329 417
605 156
977 530
907 366
492 123
453 352
654 680
539 345
779 468
393 357
655 492
989 568
509 249
1044 169
470 289
199 80
711 572
678 339
988 675
946 550
715 450
734 164
1071 342
456 386
724 387
1079 63
1073 658
557 315
529 327
412 536
321 15
863 687
329 422
694 282
884 354
740 349
506 109
292 24
727 546
246 87
713 107
539 201
467 234
592 150
921 620
260 64
497 471
815 663
418 488
1128 425
412 145
433 312
426 281
1130 166
965 609
600 500
523 357
807 67
297 129
817 285
424 325
982 543
755 153
259 134
551 418
879 602
480 69
1094 582
639 194
627 237
684 467
906 556
156 222
959 400
706 265
820 96
831 96
963 326
711 91
626 445
502 127
468 326
589 353
755 187
882 333
740 450
594 388
997 477
367 28
432 149
859 331
514 352
548 188
336 586
565 165
927 452
737 474
980 549
788 357
205 13
1058 625
852 33
990 110
412 199
350 701
870 688
721 386
588 81
888 597
845 368
389 377
735 265
530 312
1102 493
357 62
377 7
1009 96
1075 699
1235 317
594 346
813 372
686 443
891 443
532 385
853 654
1205 299
934 552
883 680
373 142
536 394
768 323
378 66
945 715
603 271
455 330
371 49
528 555
1162 411
338 296
1005 490
1044 69
907 543
225 5
476 222
1068 533
450 157
835 691
358 410
515 438
817 363
894 67
654 417
845 150
363 39
866 439
761 237
978 359
360 164
773 12
814 588
310 177
230 23
583 380
986 597
475 344
928 321
924 576
669 432
1240 303
395 587
725 319
978 479
402 709
559 446
903 237
1045 22
676 378
655 222
706 387
592 215
871 718
347 302
754 269
805 41
1030 584
1046 203
1105 565
359 36
843 458
743 473
558 549
1000 115
491 275
1152 525
225 660
1093 633
1084 493
520 325
1010 386
872 533
766 567
208 46
902 211
578 398
491 207
1160 474
418 569
505 70
1081 681
551 365
351 328
835 407
1022 393
520 109
745 610
825 641
419 158
1088 615
445 63
469 95
829 632
1107 325
304 60
885 163
673 409
442 378
454 536
791 683
968 311
574 458
802 291
448 498
576 53
1056 341
1019 311
306 460
822 454
473 61
412 191
783 279
602 302
895 380
736 353
848 659
558 256
731 271
1129 305
721 389
208 7
262 33
582 361
733 230
462 469
406 59
555 158
581 140
1054 422
449 427
423 396
693 367
429 354
444 41
590 159
732 569
686 448
996 121
568 268
911 266
1076 425
558 433
502 706
422 33
450 106
733 258
407 349
425 489
510 336
1017 455
339 419
1137 112
194 93
625 515
528 331
510 268
760 193
347 70
440 136
751 230
1121 158
403 230
786 218
721 563
816 310
373 475
571 141
711 307
524 84
374 223
412 362
798 536
363 344
1198 286
484 311
204 34
507 202
897 494
278 9
628 159
688 457
606 300
339 356
461 164
487 455
886 523
710 413
851 230
821 327
985 57
873 532
603 502
827 420
342 375
880 505
1003 425
935 101
482 466
337 475
697 550
155 70
757 448
865 433
948 163
589 246
176 153
287 115
366 603
313 218
695 319
324 27
395 299
631 155
1120 594
861 65
582 173
704 303
1038 365
624 168
1199 467
388 66
327 473
412 389
887 568
419 707
388 154
963 323
827 381
724 574
273 59
826 196
354 312
394 309
631 291
541 330
727 381
799 346
278 33
412 72
1105 454
903 262
968 10
400 131
458 506
595 423
851 390
756 308
374 587
125 141
1146 645
782 118
971 589
600 294
473 280
800 337
934 98
1033 86
818 649
526 221
554 379
908 518
382 363
1097 566
751 68
490 177
680 527
980 468
257 3
238 17
222 65
397 71
451 369
424 230
532 246
709 161
421 358
699 489
990 554
600 498
974 473
387 413
850 636
1057 388
342 151
779 581
1076 366
549 463
851 258
942 160
723 282
876 584
377 50
710 178
516 409
282 85
346 561
396 69
1095 468
801 651
603 522
391 282
415 398
225 15
288 2
556 332
309 301
569 438
691 451
795 611
440 224
597 349
778 244
439 528
344 195
328 255
642 194
857 486
780 352
418 327
1119 707
1146 243
630 365
935 365
488 333
565 568
895 705
412 487
160 81
747 611
952 434
557 386
839 465
385 503
811 706
818 392
688 479
956 545
774 205
748 360
473 470
713 490
593 386
542 393
627 393
934 529
1114 531
446 701
389 37
358 52
960 0
949 220
439 245
311 250
1153 332
628 325
377 289
797 289
559 491
502 493
538 453
535 473
693 418
809 417
341 423
801 608
982 561
672 530
697 543
492 715
513 370
398 342
516 294
315 411
686 404
272 37
264 25
188 70
495 110
173 97
427 198
842 193
1001 226
723 231
920 236
496 184
354 178
398 145
547 141
1113 561
749 515
902 376
426 311
725 263
872 450
917 450
565 474
218 49
680 27
651 254
898 697
687 288
681 315
749 410
1034 408
585 393
868 566
398 88
392 55
387 383
349 330
358 154
839 390
842 318
561 271
363 160
776 293
620 48
424 447
1058 537
862 572
459 261
894 507
817 255
204 60
1054 166
1010 253
272 72
999 508
339 194
707 189
590 323
436 188
536 188
1227 315
475 409
78 413
353 317
1153 297
397 173
564 603
505 489
458 129
228 202
922 4
893 551
263 55
507 378
389 349
926 53
345 399
322 115
949 149
923 136
993 460
699 254
768 113
715 454
566 291
464 508
800 58
712 499
1158 578
696 546
804 570
525 215
398 138
516 477
1105 339
1023 443
363 350
585 193
344 211
709 378
797 83
1149 502
762 230
460 266
207 133
484 271
1092 634
733 327
893 425
382 56
380 290
974 368
651 218
597 438
931 116
579 247
588 106
661 437
876 431
1054 640
335 181
369 162
347 333
1060 478
465 229
445 303
965 539
950 410
798 627
276 47
347 197
1063 504
427 422
718 494
659 397
361 282
1032 719
797 599
445 308
819 436
177 96
841 198
968 367
758 443
706 241
843 402
1096 413
976 620
346 265
347 419
914 364
803 184
856 585
775 67
767 631
1212 389
634 50
492 333
811 134
481 89
614 122
343 55
688 338
585 554
460 350
819 629
828 534
745 21
357 223
570 429
781 680
869 585
182 65
1121 118
791 650
627 495
155 415
963 573
1117 66
648 497
675 507
745 22
480 440
340 398
691 466
753 291
462 354
913 472
978 339
608 238
160 239
597 350
827 83
772 387
937 127
928 79
666 559
170 85
355 158
812 241
517 312
391 383
1068 499
417 164
361 239
564 679
348 403
861 239
1044 66
696 449
543 303
734 291
396 513
593 338
1170 482
1064 405
686 573
564 294
793 649
565 300
481 448
612 85
499 231
602 403
449 67
738 512
364 406
410 177
549 282
592 428
1155 243
882 387
440 350
320 446
974 519
671 176
579 475
721 471
446 394
521 89
422 520
401 152
515 182
866 321
289 82
375 167
543 162
993 160
898 474
606 214
704 551
467 383
463 234
331 188
415 328
439 201
734 599
1078 415
747 520
474 531
834 198
1064 43
1028 410
541 506
574 510
462 208
537 175
1012 467
658 12
659 282
829 352
1126 366
520 149
878 224
601 468
1052 57
332 397
538 242
730 276
358 160
153 657
1009 106
446 56
577 186
971 77
193 12
660 457
540 328
596 75
1126 574
790 620
408 389
169 48
524 264
249 111
666 389
675 514
318 25
588 511
683 281
145 120
182 134
557 318
826 458
828 268
1027 174
558 354
677 322
1000 703
572 225
700 517
1003 25
195 45
37 487
543 269
835 705
837 205
838 81
518 567
1060 171
404 233
1081 333
267 97
818 257
203 75
782 338
778 490
886 474
395 286
948 474
211 212
887 689
952 413
471 253
609 444
274 5
649 441
755 237
832 570
368 402
934 589
337 697
383 146
420 24
415 251
766 447
325 498
371 347
795 333
502 298
322 246
485 463
764 62
609 275
362 486
576 360
1018 146
391 93
655 528
878 498
1161 160
400 342
329 350
581 221
112 287
259 716
733 496
1212 303
220 48
428 31
764 616
139 288
1088 419
450 470
739 266
414 534
957 532
806 434
197 99
1065 168
737 555
219 40
947 118
907 467
330 680
340 16
884 524
934 428
405 44
572 280
26 499
906 441
679 384
547 20
382 369
371 537
739 594
604 438
198 58
333 459
1112 412
923 491
373 160
315 426
975 76
379 292
309 225
452 323
1090 503
1057 585
1000 287
335 341
486 451
1007 511
351 393
761 247
716 460
870 701
561 98
781 500
911 52
1168 515
738 284
215 2
675 383
596 226
823 656
428 213
546 507
446 41
518 211
687 29
324 284
223 97
529 499
897 225
390 147
384 417
964 485
421 447
795 78
758 319
363 453
1160 451
580 130
568 184
1122 511
328 93
408 266
801 425
901 550
1071 600
690 379
510 448
531 141
758 643
609 181
632 318
460 426
544 332
409 398
283 68
787 235
944 395
907 533
363 193
1050 326
712 442
402 232
640 231
223 73
287 92
479 341
778 75
365 23
651 397
445 349
874 380
686 297
1204 193
702 566
354 241
822 277
501 240
641 43
758 257
813 228
1208 302
273 158
352 164
568 74
1028 53
665 309
1039 133
981 153
840 431
492 432
1076 570
773 66
788 440
325 235
755 495
377 193
540 12
1052 72
704 452
727 231
337 495
558 359
728 87
418 464
712 365
670 399
976 124
1050 276
246 330
442 311
649 8
462 473
662 402
981 455
777 243
883 587
1000 415
337 47
225 47
554 304
207 42
473 387
938 600
948 164
445 465
788 133
689 388
789 94
816 301
1038 451
741 436
742 247
838 672
442 55
319 106
483 365
771 565
507 365
574 178
55 569
581 198
566 444
444 97
779 319
512 457
1064 52
305 404
797 395
260 33
69 681
423 29
516 164
885 57
1040 655
694 426
671 324
314 66
609 301
898 105
851 408
848 655
522 473
789 114
876 114
418 383
730 313
757 469
455 14
386 267
495 321
385 256
683 172
551 128
846 4
341 101
483 113
346 374
1054 294
496 369
713 366
1185 304
681 501
1106 43
962 476
915 519
824 50
940 444
929 77
616 340
607 67
406 719
822 61
692 15
921 142
373 549
907 510
536 210
1116 337
603 330
765 107
705 243
388 499
677 235
1058 68
855 414
871 354
784 571
875 140
776 252
532 348
166 55
245 45
526 522
997 447
386 132
757 342
465 321
906 459
314 618
230 79
1097 71
185 25
582 370
912 393
1158 381
58 565
724 291
511 219
829 619
455 114
974 330
1080 108
969 297
654 705
653 60
979 286
194 84
224 657
1126 172
463 489
758 579
266 33
452 337
871 259
818 129
842 457
1054 582
483 194
612 280
1174 251
337 63
329 397
765 128
855 40
761 29
330 641
901 381
666 60
1125 197
934 141
490 345
94 318
538 192
926 33
801 115
985 157
941 28
556 101
859 66
988 161
766 88
925 567
477 328
420 575
765 36
889 452
456 253
1144 201
931 92
540 438
1108 131
941 513
308 702
633 62
899 286
945 29
351 37
401 321
556 103
145 230
636 35
1003 31
782 501
1041 435
890 106
854 501
142 281
485 274
480 403
385 86
823 92
443 223
847 440
816 388
925 142
1005 167
1085 135
785 36
1124 643
845 33
246 15
1093 174
920 49
619 395
179 576
546 530
919 572
1156 195
155 282
216 17
498 190
636 52
324 383
1001 7
1080 104
761 9
1125 633
539 541
216 572
872 99
862 511
140 268
113 343
785 73
362 311
490 127
298 29
678 361
873 287
941 127
808 154
416 401
633 43
1099 213
1091 76
286 47
365 382
742 94
757 81
813 137
895 119
259 45
555 197
928 134
730 518
746 314
930 153
1010 83
885 151
842 145
669 27
869 62
129 203
1086 118
1016 180
1081 599
706 116
786 216
905 175
740 102
86 313
885 93
545 450
1015 100
755 87
158 218
745 79
671 121
914 86
987 265
1150 193
1116 184
726 5
785 131
899 81
103 282
765 32
179 628
1002 28
959 124
483 105
805 43
1027 7
767 24
986 21
632 208
920 36
521 407
748 41
892 29
1121 175
1064 38
1119 62
725 63
709 4
1067 27
936 92
747 124
915 35
263 16
593 426
439 57
1174 201
648 11
1111 90
663 58
800 88
901 113
670 59
566 73
927 17
1166 140
1076 138
665 415
992 131
870 25
1068 178
604 215
769 34
748 123
986 112
1104 112
1014 157
691 22
307 455
608 373
950 158
1067 82
935 183
866 152
681 10
598 116
941 154
130 263
637 540
654 65
780 589
930 105
1093 285
823 509
993 151
1074 92
1094 201
824 116
923 139
904 63
1066 57
710 89
957 32
1140 158
550 604
677 19
891 52
647 84
1004 60
1094 155
944 400
979 93
929 143
743 716
383 319
424 350
567 437
1005 132
587 428
686 296
410 442
866 113
753 627
599 510
444 9
755 110
903 90
775 229
868 64
511 460
627 324
795 46
1109 182
1007 104
677 2
1065 160
780 618
870 8
989 84
888 17
890 204
675 373
115 336
363 452
547 408
290 90
859 137
1117 110
1050 36
909 551
1098 106
973 349
577 434
733 119
828 34
817 130
1008 241
441 4
679 685
991 513
407 353
394 17
678 32
898 554
1111 52
831 520
817 51
939 26
738 715
1077 27
942 106
1043 6
741 456
1177 178
1100 140
1088 67
1164 215
739 49
802 129
548 391
821 62
943 144
432 6
594 2
279 241
924 136
819 84
978 151
752 112
354 193
462 213
645 58
951 5
569 218
939 110
928 47
708 706
1112 55
1000 151
517 114
955 114
364 5
1141 107
826 134
1026 165
905 94
125 309
874 153
1037 46
572 10
880 612
844 14
398 340
377 472
190 217
1151 182
515 353
808 31
265 555
665 90
742 115
726 3
880 548
823 603
1055 164
797 51
665 20
459 410
1169 214
714 374
450 227
815 330
486 301
512 369
875 385
639 55
460 355
344 188
909 369
293 232
540 141
1091 141
304 290
465 354
705 297
958 82
686 108
710 466
278 44
1147 537
779 139
679 86
328 352
499 519
610 238
1057 397
463 59
544 105
1087 396
989 46
749 111
735 480
194 13
101 534
566 309
774 43
799 7
631 24
1103 88
418 236
469 339
561 523
744 234
725 1
128 306
688 365
387 475
575 347
957 132
497 301
520 382
775 537
656 523
959 112
384 162
789 295
765 166
497 176
875 310
298 26
211 8
1009 28
865 431
504 351
431 65
705 123
1072 138
761 321
507 450
581 344
645 41
748 90
652 128
1098 134
924 152
725 208
438 346
389 9
840 462
1034 428
350 262
442 68
925 476
480 715
447 112
307 698
767 618
968 91
216 699
835 679
615 71
559 144
768 73
809 159
193 32
1029 587
762 271
784 679
711 371
571 488
875 569
320 24
467 605
837 16
802 140
434 51
908 537
611 265
1072 360
525 483
1068 119
1027 300
688 373
410 243
419 290
483 293
833 648
350 17
737 213
608 492
738 437
767 268
246 94
1010 117
419 146
1087 43
686 449
483 305
156 206
514 138
470 332
1085 163
780 204
383 73
1156 365
561 416
963 530
967 134
600 328
895 75
511 169
671 9
677 417
342 199
1138 554
965 113
487 719
353 358
766 372
973 156
908 70
185 446
820 688
695 71
308 100
919 160
392 48
233 196
665 64
798 472
121 299
1040 191
440 497
953 15
333 34
776 492
474 332
640 213
936 9
458 342
1138 102
931 446
426 139
689 315
395 536
455 142
660 400
495 449
678 325
1005 481
391 243
639 302
375 328
1010 391
310 405
989 718
440 466
876 581
230 13
996 657
568 445
267 70
158 653
826 676
797 520
876 282
441 141
425 435
1043 70
1143 171
869 63
383 23
947 140
1022 643
322 402
704 402
1049 506
727 165
577 128
511 513
1102 94
595 116
1173 428
345 374
868 437
851 402
824 60
1084 541
985 443
996 209
791 267
971 136
409 79
991 148
698 530
756 90
271 13
738 303
520 5
880 344
331 260
528 254
680 191
121 131
172 230
979 99
1003 99
109 280
476 260
330 399
529 262
459 284
599 187
1117 194
492 267
815 528
893 164
1094 28
1225 241
943 637
431 137
787 120
625 455
910 135
601 228
1018 154
1022 307
343 413
1043 66
1014 48
973 388
983 95
1086 172
950 73
965 14
302 298
957 594
976 279
617 73
1094 181
928 123
930 101
628 57
905 77
800 453
959 154
1057 186
406 140
721 425
1111 127
370 173
618 307
402 437
966 69
34 547
167 64
834 143
616 202
614 223
793 671
738 102
777 672
538 216
845 30
1124 301
562 408
390 494
340 699
238 68
442 278
730 14
826 111
771 593
387 353
653 368
813 88
7 82
520 447
930 45
898 586
518 105
878 125
928 167
1005 91
954 138
873 6
454 514
1001 89
355 68
926 592
420 394
119 264
903 54
664 10
282 17
1043 319
844 430
885 22
495 713
760 564
985 151
477 121
1154 167
263 691
911 142
923 94
736 701
687 315
433 329
296 37
684 569
932 454
1038 106
1084 169
810 719
1028 139
942 112
805 407
546 111
559 420
876 56
618 157
658 360
467 292
922 537
704 61
1033 569
640 64
1033 291
418 712
785 574
864 574
91 294
407 123
990 100
1074 49
385 308
246 225
935 660
412 542
514 249
990 94
879 138
1034 129
1070 490
795 340
588 173
1030 110
754 122
1202 272
717 583
423 441
948 66
143 85
919 133
835 505
981 559
807 63
452 309
881 67
912 10
803 441
792 52
952 144
635 79
592 345
389 355
1149 191
910 338
1043 61
408 364
686 712
715 7
892 154
400 134
1108 134
660 475
766 27
924 702
719 114
730 132
1120 480
535 34
187 243
118 266
626 71
931 715
1122 134
1013 231
566 396
798 669
697 7
719 62
1147 323
888 82
696 115
529 256
612 68
139 289
730 269
686 342
583 32
368 272
845 429
1061 122
738 1
1032 34
778 362
649 40
434 364
1059 132
837 243
677 74
789 133
493 408
658 374
1027 95
362 158
331 507
867 336
474 435
1052 326
439 0
986 175
488 107
600 422
615 41
248 83
718 121
759 419
385 55
898 56
797 299
801 487
754 243
737 457
1007 459
338 395
805 54
133 286
1094 99
756 181
771 82
338 385
822 92
878 573
392 132
359 483
399 238
774 207
618 76
645 76
943 121
500 171
854 437
657 293
682 306
955 9
946 95
344 332
949 114
341 237
311 345
393 244
400 387
826 52
387 285
740 116
587 519
684 385
186 32
921 489
718 165
1084 178
731 114
471 462
1093 65
771 478
1121 584
954 175
629 210
378 168
467 282
873 104
723 502
454 121
915 137
821 619
912 424
100 280
583 342
453 325
881 396
424 389
977 170
836 630
772 606
736 14
396 349
815 326
582 0
1007 37
266 21
883 173
1038 118
908 356
1090 141
1032 402
801 391
874 6
708 424
806 569
636 311
718 295
714 327
205 50
447 172
114 507
378 540
355 490
1006 117
493 170
884 103
1055 41
909 35
478 104
943 565
1017 50
246 54
658 667
363 547
354 547
615 259
177 78
602 58
466 483
673 305
689 79
1021 107
1007 545
1076 676
942 531
1059 336
1148 169
391 419
702 11
404 245
694 540
769 8
825 518
630 363
621 527
638 475
553 312
529 275
763 377
553 325
1151 198
715 256
648 103
894 153
1067 167
752 561
784 19
689 15
755 15
207 50
1139 533
750 90
668 108
992 667
730 321
499 310
739 124
666 68
1209 279
1154 127
330 189
274 17
589 314
457 332
900 47
959 3
1026 278
482 510
277 21
651 32
754 165
446 158
906 689
814 196
771 494
1062 102
583 244
392 225
296 27
1046 393
709 373
522 410
966 490
751 457
649 82
951 392
425 133
387 52
665 3
944 632
337 2
889 249
690 512
684 500
173 665
559 312
619 497
329 274
734 273
629 190
896 325
526 497
485 503
725 79
681 385
1021 514
728 396
608 439
215 76
1097 200
945 447
762 351
198 345
894 588
933 392
383 358
579 512
656 30
309 245
453 478
756 291
478 233
934 117
1055 190
518 439
943 438
182 114
713 280
964 105
692 373
550 205
892 293
411 220
796 254
649 377
842 665
849 655
890 500
641 431
581 78
527 387
110 370
960 574
396 442
607 378
285 258
938 558
271 77
377 328
785 560
511 350
1165 341
348 229
341 252
1107 198
731 275
956 534
569 240
434 281
765 174
526 572
729 525
774 635
1047 677
572 485
976 56
496 446
470 220
1083 144
855 391
1060 117
494 129
675 31
440 387
352 21
1035 1
466 143
601 61
876 544
235 76
890 119
331 191
526 170
770 61
452 457
720 203
987 104
668 533
1001 72
129 220
895 88
909 25
84 250
1105 215
358 353
918 444
942 135
900 149
926 423
641 700
783 268
196 48
949 140
887 16
971 142
1022 165
775 420
948 104
1001 338
1119 108
630 65
1003 53
775 19
332 4
1051 36
368 357
1143 442
961 41
917 12
1003 158
661 95
1113 59
788 615
663 703
807 711
902 156
1110 146
96 464
883 93
1147 171
923 96
974 311
569 0
435 7
1086 97
182 693
1007 469
1032 111
814 103
947 100
920 63
717 99
650 237
395 140
858 148
634 75
785 256
841 13
770 80
1075 105
1046 168
905 80
1044 135
773 62
617 293
432 253
89 364
801 143
447 11
823 146
1149 196
707 372
594 435
1163 194
620 493
848 19
981 129
685 92
382 573
587 436
320 683
1037 541
731 63
842 555
790 656
932 73
1011 73
734 709
951 199
1165 185
1056 525
1108 67
1003 20
861 66
351 246
530 197
400 233
195 595
926 101
813 355
797 100
547 381
345 35
947 122
206 34
1054 58
758 18
735 162
1156 162
473 252
984 151
467 402
888 163
782 425
919 100
929 70
147 427
713 110
384 136
996 80
1034 127
1027 96
712 78
1055 417
113 296
973 134
128 521
1080 164
746 527
1265 86
865 124
883 134
768 131
757 19
1028 151
635 700
201 380
952 127
949 112
920 9
1145 150
458 357
982 385
1039 33
560 549
672 700
506 2
461 148
979 48
508 185
657 30
1089 88
814 65
847 23
941 84
1108 192
677 14
907 14
694 18
1117 144
648 348
924 170
676 17
335 636
933 155
202 23
666 71
302 63
154 321
556 34
156 343
926 76
653 72
660 640
959 150
564 267
437 118
520 359
1079 146
444 101
983 126
929 155
1054 47
608 55
942 133
1036 133
741 524
980 27
749 84
819 91
1166 187
1156 158
765 124
788 12
935 153
881 110
916 129
1122 209
994 93
925 29
625 77
1006 102
927 109
881 161
1006 158
973 137
1059 137
670 421
947 34
915 49
141 276
997 151
720 462
648 70
949 181
826 150
712 326
906 79
1039 79
706 13
350 252
1019 146
707 15
1012 121
398 261
1019 75
1070 49
787 30
542 1
697 51
1082 102
970 504
1080 74
983 58
863 26
1014 41
1267 24
902 120
221 25
598 72
979 43
406 299
825 489
145 328
682 80
1035 78
687 56
135 491
718 99
801 121
373 373
733 5
782 144
953 411
867 42
772 21
877 64
1025 127
981 7
963 34
459 450
434 310
391 142
955 109
444 16
388 429
941 35
1076 178
1018 525
755 322
462 160
466 195
726 24
963 100
867 81
1004 152
665 42
739 7
1073 177
867 657
1041 383
681 27
243 49
789 108
595 337
1103 187
985 621
920 17
1044 64
973 705
336 274
438 225
250 28
799 98
148 268
1148 536
1039 413
569 574
111 280
690 14
374 14
1151 177
1053 87
1140 590
1086 28
479 161
944 130
1039 566
650 53
493 535
420 129
1137 203
275 16
409 132
386 94
1001 95
203 34
651 350
731 332
577 253
1067 346
719 452
490 552
1120 85
690 411
710 254
754 325
869 327
464 258
648 65
1038 406
673 39
250 1
792 316
792 101
679 715
838 157
1073 555
773 27
172 654
980 125
329 48
978 118
793 413
841 111
210 200
955 385
763 122
719 11
1034 103
638 189
1076 181
888 507
1132 104
260 183
1096 196
953 546
378 336
440 5
344 57
735 327
1089 172
676 411
1011 486
673 63
1079 395
196 209
557 210
854 542
1054 158
687 258
729 113
944 60
909 81
815 63
1119 167
789 38
529 193
986 75
185 651
962 140
822 139
732 712
129 237
932 523
97 302
962 64
689 705
753 230
888 85
1 194
991 125
793 80
971 39
237 618
692 24
642 46
923 116
443 7
988 25
1069 348
878 70
771 65
1059 133
95 363
794 363
973 113
1087 154
601 69
1144 457
931 29
700 117
836 4
1140 448
852 255
1091 37
976 22
992 175
113 288
852 148
987 114
925 158
1125 84
1043 164
717 589
813 136
1135 136
396 453
600 269
340 26
437 320
964 171
488 306
815 75
500 451
599 396
829 674
1049 341
728 6
996 548
1098 85
898 45
809 71
1004 127
779 106
664 35
971 7
109 293
912 682
492 375
1034 563
1109 211
757 76
1114 74
369 305
977 157
623 15
441 219
446 385
862 28
978 25
686 435
591 293
703 56
1041 87
674 40
1116 175
615 23
946 713
225 503
1056 132
276 97
1015 460
989 54
1083 176
1045 151
672 35
963 144
583 368
444 192
806 366
148 235
108 377
508 294
677 704
746 128
541 119
1151 226
1114 115
984 90
1105 171
722 186
102 279
1095 159
608 58
910 88
419 176
374 173
469 291
519 358
908 95
834 15
410 235
951 523
646 36
797 89
127 286
913 110
625 415
117 268
1051 436
929 126
761 428
518 433
942 101
1076 76
1049 620
1135 179
266 35
699 320
1069 166
377 413
1134 151
379 376
1111 189
960 60
646 519
525 338
502 383
439 505
676 28
1010 186
985 131
583 367
542 434
945 33
1109 568
653 681
862 214
653 491
886 130
735 249
795 228
859 571
122 225
1032 93
653 25
1098 177
339 62
656 61
749 177
816 107
664 32
738 426
1038 191
725 17
870 160
971 160
934 94
878 322
1109 170
639 84
1013 103
899 27
1016 167
572 154
843 579
684 70
641 51
1136 100
742 64
1002 128
881 627
201 200
787 117
972 7
1277 244
748 78
914 122
298 485
744 7
978 139
1134 135
123 356
918 157
888 159
936 60
1067 16
675 64
648 513
821 107
896 44
637 47
856 128
1163 153
239 56
1099 61
831 689
864 2
1164 319
946 179
566 62
1105 182
987 76
944 73
924 168
704 99
483 109
803 68
735 82
788 77
694 400
640 375
499 220
740 101
770 92
1271 211
882 553
809 97
1062 128
774 103
1100 161
358 121
794 67
417 31
639 173
965 173
705 422
437 271
555 360
834 439
731 248
664 54
827 623
747 76
955 466
774 394
1190 505
583 72
1212 264
990 671
657 719
181 648
808 32
907 102
334 318
163 584
88 293
945 606
820 103
568 451
744 123
792 624
613 284
665 97
970 570
776 3
718 717
931 105
1181 516
923 10
1036 142
127 280
652 9
915 164
589 373
831 212
284 33
164 61
862 534
587 165
501 375
372 364
206 23
937 42
808 60
450 109
836 519
478 111
664 546
1103 155
1057 135
950 683
402 323
892 76
1133 148
518 508
164 400
684 470
633 237
374 47
474 367
323 477
935 109
682 709
1035 110
936 22
824 74
265 87
594 87
936 124
751 301
1105 172
974 516
1057 180
1126 130
869 75
152 89
673 231
1109 476
196 50
880 655
115 346
740 115
693 43
1073 665
376 380
562 150
953 133
1108 129
714 14
746 81
675 99
650 80
1083 464
1095 184
1032 160
1168 212
897 82
1049 152
865 19
742 411
827 62
678 334
479 247
1066 25
570 294
109 353
547 293
856 3
371 2
1041 373
1078 48
798 77
165 206
961 60
656 66
588 430
656 37
724 49
1037 192
998 498
151 200
755 435
66 33
780 147
313 44
577 177
618 46
1029 462
769 273
1014 134
1010 179
347 31
893 80
805 68
780 105
224 2
215 13
391 49
798 6
488 466
921 552
791 55
286 698
330 218
552 496
424 530
801 284
606 192
474 280
437 377
1018 499
338 28
565 373
541 156
974 530
405 550
482 420
1076 177
392 375
725 324
689 318
783 381
955 20
996 527
412 365
1067 101
996 155
1031 595
489 76
443 51
701 685
493 74
1038 40
431 307
350 417
1122 131
977 47
938 70
595 512
473 607
989 367
768 212
771 615
585 465
334 284
537 400
262 39
404 369
655 486
462 120
894 99
1076 547
308 71
841 6
473 440
979 245
1069 469
345 397
850 646
993 96
828 189
677 395
822 120
514 157
723 367
605 355
460 128
728 549
265 47
896 670
1153 173
746 465
622 75
667 141
1084 211
926 10
1193 431
837 368
980 60
1031 186
751 299
753 398
310 416
415 124
703 451
413 508
878 153
965 377
712 293
949 107
1043 230
977 514
858 134
945 423
237 0
632 76
433 436
752 440
765 4
624 457
803 213
732 236
656 93
1015 134
588 160
1135 500
697 500
344 125
161 215
340 372
319 304
1065 642
1013 190
532 367
324 427
941 163
453 293
776 516
506 339
778 307
558 422
997 546
923 33
191 238
821 238
580 486
451 383
679 335
865 46
816 680
742 471
1082 551
888 452
726 374
700 439
811 205
229 614
807 115
367 49
340 225
814 102
911 108
984 165
883 163
484 327
757 118
695 103
531 191
1017 63
564 240
1025 33
1004 525
163 106
982 156
227 127
425 115
186 124
661 14
1037 585
129 333
222 12
320 253
294 33
977 533
783 185
428 188
337 437
594 478
1134 125
845 320
385 205
823 653
575 56
1174 199
934 18
1184 331
291 249
927 273
879 64
557 103
1124 250
708 184
889 55
734 261
809 53
732 345
397 114
445 146
976 128
1074 157
952 70
406 34
382 503
442 343
616 51
815 526
757 344
895 71
902 92
912 261
493 214
449 108
1088 136
1017 124
913 153
613 417
663 6
672 549
806 285
1098 657
724 316
817 128
697 468
916 85
481 383
736 409
414 31
875 501
681 400
340 402
711 354
896 557
946 365
797 325
587 295
458 310
368 12
448 363
729 6
635 247
1054 370
666 8
825 112
329 500
771 72
473 364
885 348
219 48
854 601
353 361
547 96
422 413
410 412
899 439
961 571
338 23
593 387
736 315
792 238
706 517
438 538
604 251
1074 582
729 85
775 140
1037 153
1178 376
563 139
712 267
372 188
488 374
393 412
939 585
447 329
680 7
470 440
926 596
999 157
1032 157
509 231
99 332
226 105
356 154
411 379
392 549
1041 274
352 152
541 393
137 285
428 81
368 20
357 233
1270 447
665 47
429 196
986 517
373 344
839 117
439 232
964 30
615 365
402 49
606 64
420 154
603 225
1015 584
499 87
1091 356
444 353
649 267
667 161
449 449
518 116
819 92
1100 353
260 701
459 213
1067 622
1146 184
907 421
1177 175
673 393
742 121
555 553
700 392
1032 146
548 389
780 391
104 349
480 485
1119 555
416 23
594 415
779 327
399 158
194 662
935 401
864 368
864 121
1009 288
461 287
1001 105
541 559
1091 422
656 11
359 452
721 402
520 124
603 104
464 345
1152 193
702 5
454 184
1000 455
1048 558
54 638
816 464
362 507
620 174
575 496
834 344
431 422
1081 525
586 289
200 606
1036 546
390 369
412 394
1018 51
694 409
352 527
389 492
749 108
998 144
298 52
377 440
113 229
791 563
1016 8
360 350
847 145
713 17
351 172
728 118
434 35
958 144
793 679
1066 691
442 356
753 62
959 39
598 269
938 458
404 332
360 93
644 56
1119 629
432 5
736 129
665 45
219 53
726 109
878 517
269 110
610 487
760 421
858 527
402 324
900 58
1026 26
677 536
1055 150
869 446
1134 112
687 8
363 147
908 141
608 66
539 162
163 100
819 484
862 686
1037 631
379 178
500 443
801 65
390 440
86 488
1161 384
1194 275
773 310
592 315
427 158
132 95
1073 370
236 710
204 17
490 433
669 37
761 222
426 166
594 66
1183 354
982 163
1019 151
340 317
1010 466
421 510
708 490
730 472
738 126
125 291
755 72
427 120
384 282
450 158
994 37
692 34
563 389
787 499
759 405
901 162
1159 324
410 242
742 570
353 216
325 351
967 701
691 376
1078 319
459 97
1126 315
714 115
902 348
448 416
727 605
819 408
799 430
564 183
407 500
430 0
1157 537
957 31
413 491
498 487
784 8
631 452
175 96
552 182
1076 579
1097 603
993 93
1118 129
474 156
358 463
721 355
822 650
169 87
863 121
956 6
818 124
1098 442
1141 110
1006 470
847 667
338 717
1002 178
307 420
443 313
773 659
620 189
814 672
879 319
530 477
205 117
343 375
769 94
576 321
960 569
833 618
378 290
856 64
476 498
457 94
768 178
978 519
356 211
747 280
859 503
954 404
979 138
400 174
478 137
939 326
616 249
824 620
859 323
738 271
191 10
477 517
837 442
605 188
474 177
733 374
277 83
784 146
387 273
345 288
951 386
1128 59
1155 120
353 194
658 5
689 190
719 335
442 41
444 409
931 161
464 102
1070 102
206 91
674 413
668 83
893 353
781 20
1021 173
679 354
1182 304
821 474
783 569
931 132
897 522
766 506
937 158
559 339
447 508
780 669
824 368
431 36
474 338
829 617
1000 126
679 421
310 717
1123 101
269 34
902 621
436 171
775 325
1047 177
416 238
316 439
184 658
1056 115
1019 516
939 185
431 463
691 416
983 62
546 205
701 278
313 17
399 270
739 18
1017 563
307 253
387 11
407 256
353 23
505 485
153 111
770 595
1088 104
1065 476
657 342
859 357
101 313
956 61
635 72
283 85
179 225
694 284
1038 563
350 454
565 381
542 122
312 432
548 371
385 41
1046 190
374 158
740 412
460 97
1091 699
433 378
1022 189
700 26
856 66
1099 337
1207 390
658 44
320 454
690 359
1016 257
440 176
246 8
638 231
787 390
325 420
351 373
1002 169
996 10
1206 398
724 294
672 195
603 53
785 284
419 407
736 286
378 397
1125 196
474 387
725 595
532 527
592 62
625 120
748 272
382 159
298 16
549 219
772 9
219 9
772 9
209 30
889 223
576 375
784 141
755 556
656 4
454 372
529 340
510 618
620 394
802 218
438 404
689 406
713 497
526 449
502 413
655 215
771 413
1026 58
790 573
403 208
338 219
207 7
881 51
1004 146
582 421
829 107
135 272
825 552
1127 100
1006 429
804 393
1000 179
830 601
337 498
392 127
888 313
597 160
541 358
864 156
644 398
371 393
983 298
716 513
261 47
880 359
443 491
1078 134
752 84
378 159
1010 443
1067 169
377 449
579 405
190 28
243 21
531 401
908 522
847 447
490 137
737 232
696 442
488 451
522 399
884 436
990 350
636 353
866 572
817 187
772 214
977 28
678 166
929 285
800 596
695 522
802 569
714 510
431 313
442 442
794 590
1014 67
135 228
298 10
822 114
365 85
379 409
369 128
802 202
939 166
913 162
380 30
1192 354
1076 33
917 172
496 216
333 275
445 41
326 219
790 569
192 16
1052 13
413 147
1014 423
154 98
1025 415
823 377
1036 171
760 70
888 90
1128 263
369 8
644 250
576 487
389 174
691 713
328 170
343 199
521 272
1067 352
516 210
972 334
474 67
1214 480
947 94
219 708
996 62
403 113
531 398
869 637
819 89
488 509
1109 337
1201 408
476 522
987 441
1042 441
274 64
133 290
385 493
721 22
363 150
436 391
755 26
359 32
588 176
942 102
201 68
437 246
721 75
877 393
433 107
310 326
507 109
794 177
789 284
627 51
326 49
455 378
986 139
1122 152
417 530
1134 166
119 306
556 387
685 443
419 387
637 256
397 164
1146 510
74 377
892 577
323 40
641 475
444 347
117 573
226 34
873 233
390 427
1055 445
1019 102
265 25
422 401
638 76
884 114
1041 13
327 54
246 69
326 65
1042 157
345 184
796 208
835 218
762 354
479 325
207 211
1066 148
555 484
311 43
1007 164
404 326
189 40
468 324
432 299
419 436
699 286
319 458
407 283
249 9
1026 83
406 69
562 272
950 3
1113 662
751 246
750 580
953 438
663 8
663 524
373 460
296 564
515 299
412 532
413 47
577 176
341 204
405 145
514 265
743 301
408 293
390 10
517 287
342 323
413 45
402 330
632 165
1100 640
616 69
732 268
556 411
798 366
901 541
900 64
363 68
678 377
129 226
863 709
559 484
658 397
561 299
433 405
235 202
795 6
322 444
861 242
462 265
471 98
587 524
1086 258
953 566
1119 615
899 54
840 115
554 320
1137 125
737 339
621 50
1023 130
952 261
831 11
1038 36
567 354
177 64
95 314
924 393
364 143
960 572
482 119
784 233
626 41
732 285
700 12
666 431
672 109
1055 128
964 37
1095 47
365 248
148 243
353 224
1000 152
1126 58
707 119
902 97
785 117
481 230
715 10
802 149
604 57
790 545
960 121
736 582
350 387
354 2
444 159
294 12
674 406
1059 92
345 46
498 90
978 125
984 148
827 445
121 255
726 289
905 168
430 373
909 521
390 467
1169 163
920 104
431 323
517 277
516 271
743 111
693 359
700 379
1153 269
819 641
701 545
786 136
844 695
1069 76
747 595
846 104
506 98
399 469
970 105
813 413
554 316
821 88
946 86
1175 190
893 280
1213 224
305 495
330 31
879 708
694 715
629 180
876 331
866 273
912 6
341 388
867 149
1203 239
1036 178
708 69
864 84
546 449
890 348
434 461
953 127
674 72
581 85
1117 181
1158 200
979 124
1061 55
687 25
1064 105
792 6
90 271
1050 148
535 267
786 38
1118 119
744 61
729 430
209 600
717 697
161 251
1072 51
827 132
1051 366
851 100
917 165
629 81
85 326
388 321
975 218
183 458
610 69
690 67
184 241
820 136
1001 136
883 103
197 225
1041 149
1084 183
737 125
1055 69
810 22
693 582
796 45
722 65
81 346
787 51
852 675
1060 146
849 213
951 168
639 77
880 62
684 12
986 424
1024 9
626 44
807 70
443 151
379 447
472 232
466 93
732 331
658 38
964 134
386 418
775 120
533 341
806 708
547 388
1052 18
382 326
1101 467
892 240
1001 153
741 313
915 278
895 78
377 352
906 269
1089 133
537 347
782 368
683 25
736 102
498 249
826 382
142 299
949 160
1076 141
970 7
418 31
799 643
337 481
778 2
912 124
707 27
837 28
929 39
897 123
862 115
1086 53
1180 200
954 108
1037 171
1121 82
1062 405
1005 169
1041 601
812 37
518 203
885 72
953 72
622 74
693 59
136 284
906 112
1079 94
892 415
780 97
784 54
494 307
923 138
1054 223
541 373
577 329
799 683
947 343
1034 43
793 7
1144 156
952 1
966 342
928 91
1096 120
755 47
871 86
740 199
973 165
139 394
758 314
1013 104
486 336
322 360
755 139
699 12
100 242
234 628
617 131
880 131
932 8
1090 45
1153 309
669 455
250 25
869 101
919 312
1038 31
1108 46
315 8
586 443
828 665
613 79
1014 172
654 34
413 81
1016 141
759 73
1050 82
784 128
781 61
892 162
984 162
804 670
588 599
1169 200
591 248
1068 43
1039 378
621 317
753 169
683 712
800 91
993 478
694 5
1132 159
329 314
564 253
1068 377
1064 147
711 323
416 359
718 76
781 135
627 337
536 206
768 351
712 23
798 23
910 91
497 218
469 121
297 392
1152 131
581 331
384 140
437 201
225 66
160 336
1093 99
777 57
330 292
654 715
870 431
858 472
521 373
1007 121
926 275
969 57
407 304
280 46
655 154
418 356
1065 129
927 343
433 249
764 181
706 243
630 71
316 26
605 51
542 351
862 393
926 156
737 133
162 78
934 127
1061 72
535 325
437 693
331 294
1075 61
355 318
784 386
620 65
698 3
1064 393
790 262
1073 373
783 609
989 498
1056 129
453 345
1034 117
431 128
356 72
868 544
207 22
877 35
701 110
783 694
966 381
1115 585
730 524
267 6
890 151
799 66
802 66
409 335
386 78
624 437
265 505
1185 303
609 521
460 190
565 436
972 300
383 442
1074 150
855 53
623 355
994 182
933 124
889 152
573 195
283 11
719 282
640 349
696 512
801 485
875 17
959 139
153 314
378 47
912 68
765 215
443 68
792 54
668 14
366 301
642 251
730 515
690 55
914 34
405 443
881 119
688 161
958 110
825 118
807 311
1065 87
1047 33
1205 12
816 662
241 46
1030 459
1032 137
1137 238
774 65
1067 175
656 146
112 300
364 356
788 56
497 181
907 99
918 158
1112 158
1041 11
744 487
769 628
905 3
180 73
189 335
631 296
581 193
434 438
690 229
784 108
554 175
754 568
944 216
1127 141
587 323
776 556
869 389
1105 126
803 103
953 152
811 123
911 517
1006 11
967 107
1032 435
881 146
1115 631
1036 304
297 2
666 189
333 197
742 342
362 166
1102 135
690 1
736 1
989 116
1017 3
724 107
970 98
785 108
722 315
1155 178
638 271
847 36
213 653
791 132
363 7
736 101
760 475
1050 657
477 286
875 58
116 241
624 180
759 82
1003 55
798 152
860 278
1054 125
1069 125
392 211
227 719
939 499
521 186
384 26
1242 303
351 308
505 483
668 390
183 192
1004 413
614 178
561 42
880 32
866 51
922 47
933 116
903 12
931 70
886 356
522 368
761 186
676 18
884 9
651 181
455 360
742 532
589 188
549 591
824 482
727 126
1207 429
804 459
1136 156
806 374
1111 174
715 501
1140 171
601 108
1021 53
930 43
900 122
723 481
1089 615
737 325
918 147
1033 147
294 41
1083 691
232 28
79 341
546 262
774 255
433 507
822 107
554 218
101 257
1006 111
968 109
439 498
1040 25
803 110
113 280
86 478
910 114
352 23
820 82
759 90
355 180
947 119
332 165
609 0
807 56
55 22
652 25
112 296
781 109
438 475
385 195
163 295
1049 84
867 12
836 1
1078 97
236 596
716 15
358 716
968 119
1060 7
873 43
291 0
999 468
768 62
326 16
432 413
702 417
730 538
1093 141
840 118
667 372
174 495
252 5
448 67
714 464
897 51
602 312
656 99
182 66
447 110
615 74
438 133
835 248
684 235
476 349
1027 503
977 249
1119 74
1158 169
912 90
481 427
565 193
133 477
1001 18
880 6
686 10
463 206
616 228
313 34
690 295
1015 37
974 173
980 271
1151 181
755 302
1014 508
787 34
966 110
315 14
627 246
514 279
483 185
596 220
201 238
793 98
401 248
927 430
857 30
26 18
907 476
501 319
964 64
821 353
305 478
1039 151
1190 308
946 549
774 35
160 635
1014 109
901 150
694 111
1006 12
632 74
199 585
236 211
761 100
116 315
216 472
1177 163
635 353
1061 6
575 398
920 528
779 486
363 280
1116 95
1132 133
1101 159
1023 83
285 228
1066 165
518 452
1026 99
806 486
1022 42
1033 102
122 246
305 268
799 482
393 411
777 669
739 205
697 97
686 483
389 513
632 86
932 569
503 317
840 151
884 54
786 39
572 385
1044 136
139 345
1164 160
786 69
529 343
679 19
1057 457
1054 49
874 150
1001 131
408 145
580 561
734 128
441 317
405 136
386 84
804 87
996 37
551 31
393 360
749 112
111 451
857 540
869 261
505 441
698 58
653 712
773 133
797 479
1037 10
923 46
760 36
761 216
671 537
221 58
315 198
1115 89
1109 80
1003 63
235 684
399 321
715 559
481 82
988 40
1105 184
835 231
1123 197
697 34
885 143
268 578
731 133
1053 190
380 1
1125 203
1079 558
1109 89
958 132
1136 173
950 117
613 297
483 570
637 6
1149 214
454 77
809 128
762 63
1053 233
744 358
985 32
130 300
609 372
932 91
499 334
946 14
704 138
811 89
618 82
382 144
125 264
680 702
1011 104
324 184
902 110
480 381
1043 121
856 47
953 56
834 479
720 719
1061 106
1071 137
396 100
305 274
186 217
377 187
77 445
753 81
827 81
46 30
411 246
465 713
867 13
279 97
106 350
953 414
1017 52
1041 9
820 711
644 278
704 252
611 308
952 409
1096 502
741 133
416 80
237 693
1052 295
1085 125
1071 29
448 89
207 17
959 513
948 117
1060 60
864 103
787 11
866 134
491 468
928 121
1059 104
672 86
941 101
685 684
785 62
1076 69
1121 154
107 279
539 372
491 423
1080 111
753 530
221 98
1075 142
813 506
443 329
1020 52
808 267
1158 140
653 85
767 129
806 393
803 493
769 238
914 44
1024 27
954 176
675 41
905 130
1111 151
760 113
974 122
1171 187
874 60
896 37
739 257
601 374
459 309
465 158
969 18
703 364
1073 191
977 5
925 133
123 303
1170 195
862 66
118 321
1127 165
680 44
934 65
239 336
963 448
621 203
841 150
