948 167
138 203
1071 491
938 56
278 408
1116 637
885 48
140 602
741 371
785 57
834 200
246 589
911 154
906 140
856 377
194 458
297 487
1089 593
786 226
1068 57
854 218
153 450
835 450
849 183
78 445
118 476
896 101
240 225
1037 706
1060 419
1088 610
719 76
705 157
787 590
1014 67
1157 392
922 203
863 169
210 150
205 477
204 632
575 357
869 49
795 79
185 677
1060 31
237 560
852 127
634 405
159 434
892 214
524 46
925 433
906 80
981 99
211 179
889 161
900 181
114 503
317 553
132 425
1153 124
138 277
581 37
1091 582
903 185
1012 39
287 538
242 590
125 387
786 378
778 199
819 132
265 539
472 397
545 39
85 512
176 243
765 194
893 46
738 147
877 162
128 254
584 416
859 120
212 559
96 417
124 530
802 67
874 222
870 155
694 175
709 102
1046 184
680 395
995 47
948 154
913 205
832 85
748 179
765 10
119 233
734 147
802 153
708 154
765 139
251 407
184 285
159 393
267 550
955 111
87 430
1047 89
790 12
667 44
779 479
178 482
783 67
887 91
1037 46
848 265
156 448
281 451
1007 121
908 106
776 180
120 542
191 502
144 228
1052 43
170 454
181 561
1052 77
498 7
839 35
904 182
774 154
987 32
191 534
188 652
857 142
277 215
72 449
743 629
256 465
122 436
1093 69
853 189
824 132
239 428
845 41
171 167
781 73
859 169
596 48
817 113
101 468
175 193
1029 17
219 155
1041 64
940 4
956 24
234 473
734 108
966 93
753 179
882 21
1035 55
749 187
951 78
683 137
816 77
843 208
230 557
965 67
241 183
608 44
865 239
841 226
810 88
887 206
745 147
738 191
143 510
900 38
958 431
807 216
117 595
239 380
820 210
502 463
1057 40
873 123
216 404
882 83
831 195
248 511
877 238
1117 135
233 614
891 381
131 245
794 159
854 259
223 501
794 84
177 299
171 423
920 181
235 120
830 29
157 254
919 572
982 665
225 594
1048 65
971 63
874 41
245 105
959 4
604 72
869 96
217 470
985 48
829 143
227 472
735 15
269 194
749 110
131 299
782 127
733 131
652 314
88 452
1138 399
803 143
743 520
252 689
208 453
654 372
621 50
847 166
578 339
344 251
1096 540
928 195
1090 477
771 481
1119 88
145 164
1087 46
212 421
893 287
1040 407
216 667
228 481
825 187
835 210
910 245
480 513
893 455
1075 456
812 63
837 261
895 585
1135 353
612 436
153 182
214 479
131 486
1133 395
902 109
1069 35
711 89
561 404
113 463
702 125
79 441
781 161
756 127
1088 465
143 175
704 403
233 557
161 633
833 142
1120 634
804 32
213 160
185 198
1009 355
973 32
807 10
70 391
1032 702
1016 13
1136 424
204 427
233 563
274 402
134 170
1139 519
979 88
849 210
874 151
870 206
213 437
134 524
133 340
877 144
788 134
888 51
725 141
903 78
225 513
902 35
1034 67
730 365
899 203
812 158
790 15
521 262
636 112
990 634
642 47
862 221
667 117
733 117
258 514
1015 191
153 560
768 158
173 540
846 201
300 384
810 210
835 121
844 134
174 118
120 476
217 554
1046 380
238 470
881 694
160 635
716 163
858 140
840 172
897 358
212 282
190 511
198 508
980 646
856 132
591 77
147 149
889 222
1015 34
202 546
720 30
246 418
897 43
884 207
899 225
798 116
661 402
865 125
1070 435
818 113
600 33
517 328
779 218
167 483
873 9
233 431
866 65
950 164
924 66
130 614
213 495
842 49
798 137
1076 416
1059 686
935 80
590 393
213 460
97 517
980 135
905 33
606 132
845 133
677 440
822 148
656 63
889 599
135 526
931 718
214 429
1055 81
736 449
646 4
972 74
721 121
759 224
767 200
882 109
100 433
672 95
714 89
808 5
194 562
1035 71
99 404
940 41
844 133
215 459
534 24
240 542
162 244
125 262
249 448
171 571
137 603
274 237
875 171
698 44
624 405
938 43
805 231
198 653
859 2
219 515
838 191
337 107
255 411
1166 348
117 433
995 148
265 431
142 471
906 164
971 78
205 416
861 78
258 107
90 425
711 581
891 169
1078 93
551 16
993 87
846 46
869 109
91 399
169 230
748 157
666 494
806 162
253 478
983 653
239 667
727 171
996 100
875 93
583 60
834 255
992 186
847 206
1085 64
126 431
828 340
175 666
133 242
722 49
759 144
1046 121
781 208
839 139
130 525
874 135
200 144
116 403
133 581
245 660
931 609
566 375
717 320
1153 487
800 136
1128 65
808 225
198 578
756 121
1097 456
246 183
905 71
268 235
217 497
123 508
884 217
935 45
741 399
810 188
878 442
477 340
149 461
863 142
249 490
142 418
887 393
1011 11
1057 4
1019 37
965 356
783 64
117 594
838 377
883 171
223 32
277 425
979 639
672 131
1008 4
720 4
664 22
840 54
791 395
556 45
1020 400
1118 475
1063 25
717 488
452 330
223 683
855 74
677 85
510 60
227 423
1117 463
1037 85
879 28
672 119
798 167
117 479
660 411
695 544
856 422
156 453
706 154
934 151
811 562
783 187
764 100
660 137
828 33
107 431
257 701
978 98
1055 668
140 458
81 384
1105 147
280 223
1041 45
758 77
754 57
539 79
90 328
690 113
272 216
707 140
884 166
734 45
505 633
238 550
1071 628
232 589
795 184
840 145
1147 139
202 440
884 271
777 138
875 85
892 123
985 54
132 478
910 599
244 495
903 210
818 159
706 105
282 394
1071 60
242 625
1056 699
848 164
897 56
928 61
907 76
782 199
285 318
192 365
163 546
149 466
144 510
893 708
989 135
212 485
152 227
174 154
76 465
730 407
577 41
506 53
1020 32
915 48
105 280
155 384
1125 375
840 231
203 616
1074 70
170 561
1068 74
115 447
229 176
261 503
91 423
824 230
717 84
927 47
991 33
226 426
990 67
130 486
703 82
777 104
509 21
872 194
141 535
239 332
1005 98
889 262
671 56
820 76
803 97
900 119
865 256
817 173
1122 388
216 681
930 30
733 137
793 175
235 449
616 0
773 133
790 140
705 149
448 18
852 5
227 474
756 48
108 416
132 618
1061 490
882 142
733 48
862 136
182 277
934 79
105 505
122 418
213 101
259 468
248 572
317 246
186 226
162 181
1053 16
718 101
754 55
828 166
226 651
904 79
227 563
863 115
1112 80
246 529
899 12
228 625
898 198
220 446
878 47
425 409
838 204
774 40
474 21
933 73
967 281
860 108
838 110
935 677
815 30
183 456
775 119
1061 22
822 157
582 118
128 549
161 535
842 183
226 495
830 82
942 187
836 158
882 99
830 189
553 708
1065 73
230 419
830 223
810 196
767 165
517 6
128 524
971 223
661 14
854 148
855 68
156 631
220 584
797 105
228 435
788 200
863 182
844 273
160 593
906 190
1101 66
125 551
783 97
960 110
259 536
291 651
211 501
636 114
761 129
244 445
801 469
1021 47
910 22
181 529
988 131
875 28
1201 503
644 57
828 18
1085 79
289 488
115 288
706 110
768 130
777 457
724 142
257 171
749 196
869 231
874 213
732 130
127 632
687 122
127 568
761 153
1049 693
726 173
865 29
905 137
760 61
765 471
270 479
1029 13
217 474
445 19
233 687
226 409
774 445
133 430
902 173
731 100
865 349
222 606
910 582
180 513
524 28
879 56
947 690
131 409
883 265
979 647
1022 41
897 106
877 554
414 633
855 131
180 491
753 137
223 380
865 531
751 134
1050 43
225 581
674 146
148 569
476 28
1204 355
223 684
822 56
598 89
171 138
1020 620
78 451
947 41
633 93
113 311
566 80
918 211
1070 90
829 9
99 401
158 313
153 558
243 466
523 75
848 184
495 8
706 115
240 688
1017 50
779 93
906 73
833 4
228 527
245 451
895 150
864 39
185 406
1044 688
865 30
732 714
826 80
939 136
198 535
857 149
173 254
252 481
1018 28
180 469
740 108
454 654
1120 473
977 386
235 473
543 518
1037 659
879 42
867 229
759 12
894 195
886 149
632 99
851 87
931 185
229 669
856 127
273 609
70 443
1008 668
1015 47
144 482
193 513
797 183
86 489
731 96
803 145
882 110
247 499
563 22
778 120
115 183
209 519
1145 372
648 8
806 218
336 249
226 460
1024 626
860 586
658 52
1049 705
652 105
194 388
499 687
1093 63
175 320
1018 470
979 5
525 13
706 461
1045 527
633 383
865 557
922 522
518 319
910 64
748 451
1032 705
1019 673
128 391
1069 59
994 407
257 512
92 502
1107 595
1026 536
844 535
1001 701
874 273
220 649
1171 565
930 614
825 410
724 428
885 458
713 695
1108 297
859 444
1115 432
704 384
1112 565
883 162
700 131
955 415
1045 431
721 81
164 488
94 516
934 514
901 188
733 86
893 464
787 140
716 165
1057 624
1186 456
815 143
1050 689
1078 682
836 116
486 278
975 33
1008 345
766 446
678 451
1042 692
937 42
722 410
1197 490
949 69
1049 694
1001 689
865 540
799 498
1106 469
786 541
1113 516
957 639
762 382
1128 453
518 314
1021 376
1008 645
832 233
612 334
1128 451
1203 487
1080 650
646 354
861 452
701 13
590 312
1051 705
1043 411
1150 496
796 421
915 467
720 442
845 265
1022 341
1019 694
823 424
1159 494
849 91
765 458
900 592
726 335
873 428
1075 702
1074 404
200 449
1142 415
1159 460
867 61
555 328
798 155
587 381
1084 504
991 684
1092 495
1138 619
911 594
882 590
917 505
1126 510
1037 658
753 342
878 400
864 381
852 522
130 466
1123 399
1036 411
956 540
633 370
1145 641
1124 466
1068 712
927 41
646 479
1033 713
996 674
828 457
878 379
1054 384
608 305
675 392
1027 672
1123 444
498 338
878 196
903 431
636 104
900 572
990 415
842 385
861 586
678 403
1060 671
191 497
1075 449
726 354
714 305
1048 428
128 471
985 10
804 437
893 215
853 343
912 337
808 525
842 446
1056 694
745 322
787 179
1175 353
900 580
969 671
1085 675
732 355
872 199
1014 703
832 479
927 488
957 55
882 632
298 453
698 517
945 517
994 409
683 439
1035 310
1023 443
879 295
614 327
119 192
699 658
116 533
1072 697
152 597
969 67
1161 325
747 410
869 370
740 416
971 638
751 390
649 110
1082 453
171 213
936 446
730 410
557 313
1070 703
574 341
811 551
839 265
1002 368
520 559
1186 333
1092 379
642 397
803 434
1127 522
771 471
477 369
758 530
743 500
947 638
845 464
911 478
912 442
907 485
640 105
761 469
473 268
1040 418
1148 518
847 369
608 379
1191 471
690 416
899 431
770 519
534 413
449 234
780 703
1145 353
938 632
528 515
1003 405
1028 647
1074 664
738 501
759 501
747 128
230 442
889 595
922 616
141 554
1078 715
662 434
839 403
622 318
261 160
798 131
1029 625
999 672
634 424
88 422
952 304
590 401
1079 671
766 455
1169 407
518 530
218 681
993 425
811 322
874 645
1130 610
850 594
785 426
848 521
1032 565
1151 612
566 398
223 493
1065 669
932 375
1120 648
280 522
1103 423
673 449
1137 615
722 420
1088 53
1133 317
886 39
712 362
253 208
742 542
263 474
830 492
677 416
1009 660
237 510
1113 480
835 16
701 167
145 280
529 314
1072 362
960 588
768 135
971 16
908 201
883 229
594 426
627 375
744 444
930 438
780 48
527 510
909 451
1171 528
439 714
78 404
923 33
723 419
215 514
1172 537
729 344
1010 697
189 327
1075 651
220 503
584 399
769 425
876 164
931 32
852 35
807 165
208 613
321 271
1089 527
1018 618
797 29
671 127
1023 467
944 614
165 187
745 184
1032 683
923 318
1061 349
1186 524
930 23
1184 417
1086 511
874 602
1030 663
128 252
623 42
758 440
630 438
944 457
486 109
915 590
1118 78
275 538
696 426
782 441
613 30
1060 662
942 45
996 3
837 212
859 149
869 117
688 454
149 602
1083 680
820 60
994 468
980 55
849 82
870 6
608 655
818 32
1016 436
183 613
841 200
914 470
137 633
96 511
914 160
1028 690
816 197
1132 383
245 473
267 525
157 156
751 359
1140 538
960 29
1079 543
1133 543
997 104
806 382
987 689
907 155
837 171
153 509
1059 17
650 51
776 469
991 150
916 378
638 390
958 16
910 175
647 97
902 306
1148 532
193 456
245 450
165 190
909 139
1077 88
213 526
179 664
850 192
892 134
837 107
734 131
1007 97
740 154
833 176
1036 41
1143 620
249 541
840 392
940 392
655 71
916 177
775 151
138 258
864 454
1067 40
785 139
214 521
120 399
118 495
834 201
640 59
773 78
117 276
863 138
86 426
694 134
587 711
673 445
177 165
131 551
951 35
831 43
144 220
211 665
755 88
99 471
375 408
856 183
205 427
230 469
251 442
923 167
882 56
739 43
949 277
208 666
79 380
249 644
880 149
1022 78
821 122
975 100
97 436
607 533
982 63
284 525
1159 597
893 260
938 95
133 462
1053 29
919 152
1058 693
947 1
233 478
966 126
969 35
145 621
1065 116
464 263
783 102
982 139
677 126
840 233
221 492
713 64
523 347
109 594
975 135
102 416
951 416
1155 437
523 267
786 66
235 377
73 419
1017 57
794 191
289 617
915 343
730 168
683 134
249 159
1046 627
664 448
826 230
623 1
198 512
817 109
813 154
203 429
904 143
1045 423
921 61
970 75
1051 21
205 476
868 186
1074 702
1075 485
802 57
219 542
111 263
206 469
969 162
169 208
833 204
909 50
275 549
974 645
1093 60
214 424
730 131
1020 408
820 371
154 551
709 460
903 9
177 158
575 312
979 468
797 227
913 494
1157 635
1047 131
1094 21
149 533
316 565
535 2
168 650
897 26
232 416
1069 25
169 502
257 438
110 465
212 450
940 259
279 698
772 196
176 152
209 631
579 343
1082 16
1019 315
1026 429
1091 710
965 337
580 51
792 360
658 380
1067 626
845 109
129 515
139 248
282 445
908 211
960 186
803 60
456 202
1166 453
1050 412
623 366
703 77
762 527
1192 446
686 135
586 334
1191 528
859 42
723 162
230 501
876 155
781 391
269 503
1018 699
878 126
1005 640
153 445
233 446
235 516
79 459
979 537
870 547
890 76
125 313
787 203
95 296
711 142
1201 517
773 501
162 423
604 42
807 128
620 349
988 403
987 392
895 90
157 560
545 25
690 401
1026 349
628 412
1117 380
128 513
1123 553
1034 705
1093 547
1087 539
616 30
866 249
803 491
1080 494
1018 637
1048 687
883 190
221 514
616 459
1064 4
254 534
221 394
763 65
1064 467
855 233
703 438
1046 714
826 174
823 489
1022 61
1195 488
245 609
1022 695
746 138
1114 510
833 198
1041 658
1066 684
708 440
115 547
1080 669
700 385
842 60
188 571
809 522
958 81
844 170
523 238
196 421
866 44
905 0
1027 473
770 321
149 537
990 665
684 8
965 168
887 229
1148 395
189 440
833 54
865 532
1028 685
841 35
597 336
930 626
865 445
1169 559
905 565
683 156
852 101
933 599
995 100
930 18
918 224
977 45
1056 1
848 48
285 405
219 697
135 503
603 31
521 331
336 253
1053 718
893 471
813 534
264 411
913 4
198 277
558 322
651 46
853 212
791 104
745 517
751 47
931 156
268 496
241 690
166 625
818 48
853 74
708 156
1084 415
958 34
828 69
954 58
828 221
1008 666
119 500
984 83
114 421
848 132
766 206
923 122
822 468
920 187
959 325
214 471
936 513
825 104
948 70
1036 40
149 501
274 501
857 230
1081 427
232 522
897 23
485 319
999 343
1021 55
165 489
751 183
240 643
843 275
859 0
167 467
885 229
943 186
836 152
1124 470
203 683
892 471
902 184
855 7
200 84
763 173
846 187
851 44
887 257
153 550
222 317
607 346
177 569
237 559
1187 469
925 600
818 494
691 163
1031 105
1037 454
973 613
930 147
979 417
241 453
577 324
1033 643
154 631
188 75
182 643
738 97
955 131
117 482
553 327
969 327
1198 490
890 321
1169 566
798 227
938 485
1000 31
936 590
1038 85
990 2
952 153
217 610
762 197
264 561
179 572
1042 706
557 34
925 61
901 65
1037 647
837 224
234 436
817 225
1013 37
767 481
990 652
945 12
853 105
822 350
426 504
663 263
1131 503
246 478
1007 47
766 461
739 381
151 556
105 513
792 369
1063 408
685 436
1028 698
779 136
1094 502
196 466
244 515
151 468
949 608
89 466
1028 710
849 152
560 299
616 101
262 195
812 476
771 100
180 380
143 505
649 478
986 0
849 89
832 49
823 104
965 411
575 272
781 198
683 483
1026 363
1146 527
1032 401
867 166
1094 600
231 400
691 397
780 112
284 389
865 423
878 26
800 191
901 152
808 615
956 469
264 532
717 144
749 430
203 566
746 368
712 432
811 312
518 17
1012 464
678 432
728 167
1204 395
948 460
843 130
819 101
1091 420
791 352
735 476
263 406
749 357
848 160
1099 488
891 410
209 433
135 592
1129 619
938 17
906 577
687 392
1057 718
925 113
737 177
592 339
851 602
607 340
1037 4
623 355
1001 668
1190 388
420 291
894 437
764 474
643 444
683 444
831 91
907 115
150 528
134 410
233 461
1075 366
811 409
850 262
710 157
321 249
586 10
922 197
991 676
714 379
91 516
779 193
1037 367
701 4
699 430
828 172
875 581
1083 707
856 217
823 169
845 200
1106 113
276 218
725 63
1039 14
149 80
785 80
814 165
882 233
773 157
888 214
199 409
665 25
935 425
167 199
270 669
245 491
941 191
644 372
1128 663
939 40
190 486
247 495
1089 124
933 127
819 438
1044 139
134 311
1031 708
771 465
210 479
213 537
329 375
812 122
236 564
1000 654
659 121
200 632
710 28
785 136
125 511
809 85
875 175
919 201
782 192
882 146
1162 133
1154 431
894 42
685 438
995 93
1009 651
798 6
784 110
1091 26
1125 73
866 88
654 142
1010 0
963 635
231 422
166 322
874 605
184 667
885 11
898 60
745 67
781 172
809 89
916 61
546 244
159 265
255 432
768 161
277 417
262 526
1020 55
970 51
243 423
993 55
1014 100
1095 566
287 435
1119 503
1052 485
918 496
288 498
1030 107
720 93
164 258
306 280
614 434
1056 327
641 447
294 569
571 58
997 673
1003 695
838 592
121 569
213 472
235 382
987 691
1082 476
1022 77
875 187
138 428
1000 97
830 418
906 208
691 455
704 454
535 348
908 216
463 284
755 460
769 3
178 593
844 261
1137 621
1040 663
1017 89
725 336
664 62
731 447
854 38
887 111
929 184
993 543
828 372
894 556
1078 375
748 424
858 162
1078 683
233 536
107 437
844 338
839 100
193 693
173 310
786 405
1181 458
1041 584
844 245
871 15
607 357
1171 442
131 266
735 460
677 713
931 166
922 598
1083 372
846 178
234 620
579 104
865 142
193 61
180 540
962 629
844 220
744 718
1044 445
257 196
810 615
826 259
251 590
877 147
1044 36
1118 453
702 73
801 211
847 115
668 344
955 13
695 507
798 170
1142 390
1042 66
248 166
982 640
827 243
1086 663
244 441
993 7
145 523
198 407
961 102
1066 57
580 341
196 633
207 463
233 583
835 216
835 256
811 10
861 225
195 683
214 392
983 147
863 264
948 141
1048 683
816 155
877 583
882 78
1079 178
1106 622
262 421
225 426
901 108
633 361
1197 492
1093 413
808 375
865 366
1061 671
947 635
717 88
1139 430
701 171
987 683
245 465
1120 110
583 329
963 68
786 98
1134 528
994 91
114 486
599 308
241 559
123 213
901 54
988 19
943 504
882 17
1055 718
828 151
1159 565
78 378
799 490
637 386
172 358
162 547
598 316
1053 459
841 210
852 9
1058 553
854 402
802 427
457 29
740 150
884 564
934 209
954 51
1021 386
727 38
107 409
702 96
885 36
1076 453
747 456
685 139
96 410
237 659
890 200
695 434
1089 451
828 231
786 219
1079 642
912 88
927 137
1010 95
995 686
717 407
854 618
1031 454
827 152
1151 315
708 434
118 505
897 187
841 1
266 208
874 122
920 417
733 64
1017 15
964 444
594 3
555 337
1079 705
89 448
667 133
871 263
765 409
244 467
776 500
182 425
1111 106
963 631
213 524
885 553
1060 411
1194 502
824 6
867 584
820 38
242 499
710 482
883 193
824 217
834 149
895 589
897 217
1065 23
932 112
734 387
957 80
602 389
1100 321
904 213
904 67
693 366
116 548
296 242
897 118
127 492
1055 492
1134 492
116 567
924 179
282 203
284 461
1033 63
842 208
954 501
818 141
702 172
1177 497
831 31
862 147
765 111
925 7
1057 709
141 411
203 358
840 2
754 448
1060 690
751 17
767 145
108 507
816 346
981 118
699 89
691 61
81 493
144 245
129 559
795 509
853 278
1027 546
309 491
112 279
845 116
954 440
926 414
221 565
843 106
1080 23
1020 94
1013 428
953 57
932 614
808 133
671 99
139 503
341 427
886 143
202 474
863 74
181 509
206 449
485 320
1102 668
204 370
1108 63
1023 67
193 494
673 89
108 240
880 171
205 678
841 183
228 291
955 12
282 474
907 196
861 47
118 553
244 427
916 51
790 195
769 178
1044 101
836 160
772 144
261 223
767 31
1072 27
969 337
816 89
91 468
515 240
143 440
870 105
1114 152
882 134
717 150
857 81
276 255
1066 548
737 443
850 173
291 226
176 132
136 465
833 106
806 553
966 650
832 229
457 16
864 238
836 205
765 185
577 54
932 20
203 577
1032 6
837 258
833 171
738 114
1018 658
191 504
958 630
372 307
135 448
1009 74
265 448
822 241
822 77
147 153
145 464
209 416
117 422
894 76
225 477
914 118
171 676
228 459
220 171
130 524
134 479
250 627
704 122
483 33
749 109
873 169
691 77
747 181
1061 17
161 488
819 104
209 197
913 122
901 173
840 192
826 137
674 406
939 3
829 231
850 160
165 631
966 24
895 17
893 201
559 321
989 103
163 475
940 120
210 373
794 18
791 140
722 76
206 597
201 144
791 209
680 121
1076 445
911 46
923 59
1040 96
975 67
953 160
913 23
1142 429
927 204
922 105
122 464
1133 429
1015 666
584 353
259 484
837 417
219 490
1012 649
705 379
168 159
866 195
111 421
624 400
1063 60
1114 99
1104 514
596 68
543 284
258 532
684 364
113 538
880 60
82 353
856 85
194 211
782 446
827 165
811 246
811 200
913 491
159 523
1003 685
827 226
1040 388
808 384
663 374
532 386
913 497
704 458
110 442
875 115
162 409
879 17
1048 684
782 209
298 534
822 147
679 438
931 620
762 198
1106 657
919 66
857 560
1178 554
822 401
1085 654
987 352
865 56
972 658
1138 403
1021 49
118 586
842 439
1188 557
755 636
139 287
211 654
694 416
961 631
665 440
499 295
1032 12
591 348
1051 643
1201 484
834 531
1028 655
574 406
864 24
881 90
1100 505
126 262
1114 443
791 271
848 298
237 524
1159 475
924 603
417 269
213 711
1079 506
936 522
883 440
991 363
1023 658
621 374
852 541
1111 547
596 336
579 355
861 551
192 101
1116 514
984 672
736 364
893 559
1044 432
1108 377
765 167
1070 674
932 44
538 368
171 598
1013 544
854 128
1039 685
656 392
732 142
840 416
850 380
168 266
707 504
1095 78
961 625
1152 471
1106 482
839 429
1049 90
155 623
652 408
1029 119
919 596
1137 598
981 25
544 283
702 438
633 375
808 237
944 577
762 191
257 202
734 110
925 171
880 151
853 163
203 353
763 460
1192 535
566 272
759 13
706 462
910 491
908 81
1018 673
799 529
694 139
951 193
221 441
1001 54
153 248
886 146
775 141
125 232
775 494
129 268
1017 652
1094 55
270 582
1038 60
948 601
312 213
939 616
735 395
248 472
761 567
829 622
766 172
751 332
1052 454
1157 595
80 464
1099 670
914 570
1083 688
732 436
1080 677
1044 572
309 400
961 636
857 199
827 83
1000 615
985 152
631 422
579 324
1070 480
755 380
901 184
896 431
986 592
1015 0
1039 695
504 253
885 597
780 483
927 500
958 170
852 194
875 179
690 695
129 248
223 404
1170 543
820 354
861 424
546 295
1054 633
757 441
904 426
835 187
1102 535
501 536
739 706
739 414
1114 612
876 597
1097 581
953 22
617 45
788 199
690 398
906 625
1203 430
560 2
705 10
1051 698
1143 473
726 168
1174 456
831 71
800 313
747 199
658 422
908 144
883 588
660 374
1036 439
792 479
511 258
1002 110
1015 38
702 157
883 453
1058 57
185 442
702 460
943 611
1036 717
833 97
1108 452
827 563
576 410
898 568
659 407
1039 367
787 373
1068 698
821 30
1167 330
1068 678
219 166
1170 552
998 689
969 351
789 472
1056 639
781 495
1106 457
501 19
947 46
707 435
923 312
862 208
720 448
645 354
241 520
922 491
1018 661
288 521
971 31
751 178
1058 439
881 141
862 81
676 97
247 184
865 77
173 125
806 524
854 206
732 466
1073 43
1003 435
1010 664
851 68
802 702
1050 56
1004 617
1120 640
897 609
921 188
948 637
1049 696
1073 475
884 35
1034 77
1036 478
526 224
218 479
826 106
691 413
953 336
652 375
975 62
231 393
131 477
1011 624
838 84
911 309
804 109
650 383
780 130
851 209
416 634
1070 624
1197 358
907 5
1083 368
832 226
1029 106
615 317
1132 629
894 12
845 84
938 380
1097 573
603 337
107 555
621 339
239 430
708 430
722 455
619 657
1112 600
1029 361
856 592
926 87
787 463
1028 334
220 461
1020 458
861 65
937 360
545 80
571 395
1094 515
758 479
503 425
860 205
1004 55
843 450
974 355
805 573
746 24
256 184
1151 396
624 113
977 675
744 194
789 192
72 397
712 486
181 282
1206 476
258 198
130 532
786 212
806 151
772 545
271 568
890 467
918 165
417 281
855 52
1157 590
1046 472
861 56
888 167
265 412
1065 442
1033 431
842 164
958 598
768 172
1056 577
855 92
1087 494
1004 657
1055 28
959 645
749 152
189 432
889 381
1088 596
832 23
815 544
269 428
649 381
651 350
1035 462
872 227
1151 425
555 34
1079 426
1125 645
770 511
660 5
1058 448
1074 443
191 634
1071 665
1024 350
854 432
725 409
1136 133
1136 410
689 417
681 431
996 431
1101 429
1139 636
262 434
1098 455
123 392
937 80
595 332
1108 390
639 113
911 472
489 699
230 661
852 266
823 545
942 112
780 133
994 379
1178 546
618 451
877 611
155 518
864 63
185 421
1052 441
757 197
268 538
517 16
737 168
811 485
340 629
806 194
780 81
791 185
85 358
681 146
824 134
546 85
871 368
167 481
861 48
881 54
949 11
821 20
843 206
216 516
924 53
625 425
245 622
499 9
212 442
834 540
257 442
974 108
883 6
96 419
1189 507
907 200
908 276
270 192
427 2
1033 57
517 324
891 456
866 186
859 162
770 36
845 268
268 445
990 633
644 112
1063 48
264 481
802 373
966 661
1019 12
1184 509
218 446
165 569
848 539
844 176
1001 82
254 426
880 89
735 114
856 118
1025 592
554 328
899 340
135 580
554 6
1155 432
831 161
1060 68
1181 457
278 169
1186 542
197 429
646 44
902 434
770 140
924 78
200 391
965 537
760 376
609 73
803 405
735 602
796 108
237 178
1043 706
211 406
1099 61
712 55
954 49
887 154
887 342
922 456
165 201
145 547
827 228
855 258
95 341
152 263
941 316
980 617
998 111
974 26
121 240
573 298
241 475
792 63
238 535
727 121
725 450
110 232
134 260
1038 59
138 411
1120 472
516 279
1107 566
1076 476
971 658
1056 698
674 366
830 217
573 10
1068 609
761 464
971 635
226 501
1178 517
235 703
675 86
145 589
136 534
218 469
859 202
994 670
1020 706
919 142
1102 106
761 190
902 223
784 506
935 506
926 456
684 448
1114 134
826 221
1075 491
828 543
1164 468
912 54
1062 378
561 295
1088 554
144 581
729 353
1125 388
1103 42
1043 681
1145 424
1186 525
921 224
735 172
674 61
798 387
734 182
993 578
1055 703
869 177
717 484
891 23
1100 61
879 463
978 639
1026 62
118 464
811 48
910 52
809 550
817 130
1101 506
1021 48
724 397
858 538
959 576
572 275
996 101
764 185
254 422
259 430
754 188
911 486
102 555
1152 613
1123 537
268 523
936 614
850 244
912 222
647 708
818 155
723 144
940 97
137 540
908 572
1160 567
204 500
173 521
160 433
166 228
940 432
204 705
1177 441
864 133
868 268
553 496
1049 102
1141 294
840 548
241 515
830 9
786 217
1088 44
794 165
876 45
206 692
281 613
1024 671
876 566
834 120
993 97
829 536
898 242
157 242
672 117
788 472
879 68
1017 98
820 73
887 76
896 232
848 391
124 472
516 285
1009 91
877 40
795 420
888 159
695 148
267 530
264 684
1065 486
172 206
221 579
894 151
1017 82
300 237
235 448
698 451
683 422
178 429
908 22
753 197
896 46
839 58
256 540
1151 485
911 193
1055 35
793 100
596 19
633 95
106 424
641 415
232 644
574 67
925 21
168 182
661 36
253 441
1002 112
1094 17
621 81
1091 447
169 229
901 20
1010 681
866 169
496 49
171 576
859 212
930 264
274 511
782 161
754 195
1085 43
283 86
998 175
264 541
168 478
221 469
872 51
281 472
948 45
981 74
256 482
228 509
195 467
734 152
882 85
877 60
790 217
688 132
235 577
956 49
833 556
386 7
794 62
105 278
988 12
1078 12
804 224
810 149
857 166
1057 637
212 509
838 242
901 114
953 23
955 210
894 224
854 229
468 73
875 122
1054 27
221 459
107 435
196 462
205 451
764 452
801 218
200 473
836 145
896 445
812 156
908 220
1053 712
204 555
865 96
1103 653
885 173
874 223
1150 546
879 611
794 386
1014 44
808 85
259 199
524 70
947 84
207 521
534 19
828 188
206 566
209 181
639 64
984 128
231 502
982 154
1075 704
239 512
1035 25
887 202
1003 698
904 106
1174 455
1117 557
842 186
870 261
835 173
165 588
882 55
982 628
189 306
884 224
886 202
965 145
811 23
1023 77
898 174
692 151
862 103
1132 612
209 544
243 433
854 111
877 248
183 568
834 142
234 520
108 468
965 660
1032 684
223 437
869 530
238 430
514 292
123 214
684 128
810 118
858 266
233 202
1084 373
785 144
258 621
112 461
206 412
861 143
951 46
870 126
284 528
813 384
1027 88
605 359
839 260
198 238
727 181
197 425
993 452
84 493
836 530
786 473
746 157
940 166
749 709
246 415
163 323
162 202
865 430
127 305
594 85
613 449
246 181
855 188
137 273
102 474
1071 475
957 359
231 572
959 590
873 204
228 525
857 0
601 1
1000 563
542 303
751 12
99 286
845 262
920 185
1008 444
590 111
244 588
1026 670
771 337
273 213
648 70
760 131
925 544
144 627
217 643
228 432
885 604
881 125
697 136
1067 457
885 233
1045 401
674 116
692 48
989 583
573 61
1105 476
1050 481
753 465
1027 24
795 126
922 381
690 414
1030 41
1143 459
508 333
713 104
1163 494
1033 426
866 219
667 87
116 299
726 458
271 481
208 480
873 216
735 104
1125 469
823 26
1126 63
1012 18
930 485
303 248
229 171
1006 24
647 107
1128 589
1000 47
858 335
228 170
933 82
867 19
849 211
776 83
861 544
890 279
164 614
1131 597
851 205
878 420
674 397
151 289
127 497
1038 704
1187 465
929 94
140 486
836 107
550 91
625 86
264 533
715 477
834 250
237 461
1032 30
908 18
1133 123
984 50
714 81
937 492
803 200
806 234
625 355
771 188
205 583
133 557
1072 655
793 126
913 212
228 578
740 173
461 2
209 410
779 208
1003 681
178 502
1033 398
850 208
777 464
946 104
626 11
184 672
917 31
1054 646
578 325
857 603
792 425
818 367
812 116
871 208
112 434
675 132
864 552
215 713
201 509
193 397
826 5
894 33
1019 716
589 678
116 452
844 448
640 367
1001 339
1010 683
599 427
180 429
847 184
1034 698
905 156
174 48
741 127
211 465
619 82
872 84
888 467
994 441
835 50
105 481
748 136
609 383
1037 408
927 610
945 40
794 547
1065 520
1013 606
935 393
916 462
1012 652
785 534
166 163
875 598
795 411
1021 697
535 288
1156 446
905 16
185 476
843 555
689 440
798 404
914 606
748 370
179 668
661 397
782 419
1131 562
730 79
728 390
976 593
566 355
657 436
796 235
740 718
1171 566
1048 71
914 480
1072 685
636 103
537 698
775 121
696 375
1057 653
514 700
845 99
970 222
634 453
890 171
813 207
746 525
1206 396
835 38
935 190
664 460
1101 608
1149 428
633 376
181 519
938 612
1051 560
1016 689
1024 711
722 356
833 37
731 409
743 509
969 627
549 631
597 288
1054 415
509 669
1137 466
114 512
1081 414
984 678
737 471
1071 454
160 528
1031 384
993 6
1017 21
1062 449
681 406
981 662
994 607
1025 610
928 224
1151 618
1001 478
1166 462
247 517
523 275
535 377
1001 33
896 564
926 198
798 510
831 511
1029 617
1104 302
767 480
111 454
690 417
1070 417
839 150
772 457
1094 525
493 338
249 459
752 181
1043 62
1046 700
887 550
943 618
218 492
109 233
1102 58
982 41
1048 685
1075 460
1144 460
822 528
228 634
985 646
228 531
1092 665
768 532
796 402
1187 448
759 486
893 234
1062 511
773 469
637 102
1129 568
270 167
881 612
1128 461
533 320
116 464
796 453
1176 467
1062 460
833 226
1040 5
836 63
74 381
204 514
1055 441
1103 511
120 443
1021 102
933 183
914 68
1028 719
896 598
787 124
1082 55
1006 465
1060 667
827 35
1052 673
1015 1
757 92
775 47
164 468
1008 366
787 584
1000 695
1073 95
727 433
706 444
843 66
197 472
1070 693
1004 87
185 541
736 178
704 445
710 110
906 166
825 347
895 312
784 186
1049 6
831 171
664 364
720 461
1128 309
207 527
597 323
917 596
721 500
488 171
467 697
721 469
1144 600
623 433
999 67
814 440
100 434
776 486
1180 533
193 421
902 563
1034 701
258 437
1150 605
736 462
1047 699
852 239
648 405
1212 446
964 622
1114 508
791 573
149 557
128 231
143 475
812 309
778 479
1188 357
800 466
794 392
950 81
1081 589
1049 475
137 227
1024 353
889 96
213 452
819 222
891 717
813 244
267 477
930 584
125 171
1145 569
1193 479
977 667
672 354
131 509
879 627
1163 534
1026 474
1128 582
1011 668
737 689
198 542
1192 433
909 206
650 432
1149 383
1131 423
882 418
847 512
820 41
844 517
802 187
1029 695
763 470
1061 470
122 340
863 128
787 15
150 61
1031 684
789 29
553 345
730 304
238 505
1039 182
128 274
867 36
897 467
813 210
996 689
701 389
797 403
924 597
671 459
771 362
1030 683
732 486
838 536
926 41
523 553
903 577
1083 44
714 126
558 492
1109 522
555 693
616 54
520 321
897 31
783 219
952 469
1143 487
593 366
789 393
242 423
861 26
697 137
1080 375
131 417
675 385
1069 702
951 44
849 113
1186 540
824 199
1116 463
1063 74
978 645
1074 415
849 258
1118 97
976 87
1010 661
531 338
858 279
657 477
1125 481
132 474
610 394
881 40
1020 624
710 462
1208 465
1027 704
1021 74
205 654
687 395
736 187
797 76
492 308
1060 73
772 184
1095 478
141 461
807 162
864 141
825 210
883 20
813 427
1016 452
906 0
163 528
973 12
211 553
927 119
193 559
713 72
222 451
1090 430
278 455
666 353
1059 692
616 320
987 652
312 235
576 319
912 112
777 443
1041 701
690 349
769 479
915 573
864 148
650 293
609 40
602 403
1127 653
875 17
833 215
473 328
857 63
795 69
872 192
977 29
894 202
118 458
1094 655
166 454
778 147
1063 667
661 365
804 64
1025 631
1014 26
1054 62
124 407
172 612
831 74
1033 660
134 277
199 126
1054 648
154 209
1033 9
911 184
904 131
177 484
1111 294
870 192
1031 398
929 50
838 207
1045 713
592 572
917 35
852 555
900 184
770 219
746 318
1131 642
1132 581
1022 87
1080 664
487 39
800 128
929 205
824 408
1035 425
915 363
1192 385
845 13
859 12
983 660
910 430
489 313
894 39
1061 698
1065 650
980 116
746 156
230 613
636 328
926 386
940 599
831 158
1042 713
1058 490
800 70
792 11
908 341
1024 694
577 325
709 442
1100 341
877 105
718 424
651 296
972 635
960 626
720 323
730 459
712 70
801 537
887 172
980 451
759 385
1073 483
534 327
1028 456
978 629
266 580
1117 505
683 397
761 95
1169 590
1009 664
1000 691
1016 685
1057 464
1065 701
287 551
854 526
666 385
662 644
1150 520
1086 635
1001 329
1068 576
665 134
916 126
477 288
892 100
731 408
692 124
725 71
223 529
919 452
931 119
1062 21
1008 338
858 382
956 330
809 133
115 492
113 489
885 74
959 22
258 400
781 380
836 230
1049 457
1051 85
199 367
836 20
745 82
807 58
970 666
890 120
526 67
674 455
979 81
1040 8
191 543
736 362
1008 676
807 61
901 139
664 456
876 53
1063 52
709 451
1100 51
590 397
1113 493
869 714
867 76
1057 401
1069 67
620 370
1076 463
694 436
1130 499
698 400
696 391
838 407
666 362
1136 467
208 560
677 106
881 191
936 14
1116 306
1118 98
1029 422
928 428
768 462
721 421
689 63
812 54
533 333
750 0
815 597
952 439
940 182
723 378
625 71
186 296
888 210
831 37
923 637
473 96
746 191
575 331
901 84
235 477
630 345
1059 389
989 130
1049 573
262 404
958 187
996 514
454 297
265 458
858 547
850 16
121 237
785 486
1123 513
731 441
910 92
771 570
558 19
822 120
76 413
1202 493
149 625
657 21
789 170
865 207
206 478
898 50
580 393
902 13
811 89
238 398
837 158
878 234
692 403
1049 372
772 429
1026 694
251 476
136 589
577 79
475 31
199 81
1082 643
1092 625
850 106
1040 76
871 134
519 370
908 158
241 476
616 340
1089 683
1083 637
984 22
888 157
213 715
796 443
928 443
618 377
242 681
794 108
727 91
864 232
225 524
765 341
644 164
847 105
236 589
636 39
202 459
144 512
808 130
753 158
623 104
666 315
995 32
816 180
786 56
125 534
116 391
823 3
936 52
861 123
133 520
1011 239
187 449
125 397
603 133
619 388
232 520
982 26
208 538
880 77
738 130
929 171
814 148
664 101
690 104
1114 291
821 106
1006 49
832 37
1055 490
850 142
821 201
847 213
178 529
885 612
850 552
737 444
1048 709
1071 55
671 352
918 156
846 135
734 413
609 304
635 414
1179 359
767 149
839 120
252 431
841 55
758 123
1077 670
816 566
957 43
858 15
192 620
716 420
894 460
883 147
142 267
908 104
273 621
545 82
1040 446
975 438
1012 619
1001 692
926 33
1109 107
642 405
736 30
815 18
1003 679
942 454
900 595
895 474
216 517
732 4
855 231
585 70
1110 413
970 620
1172 529
1039 97
1044 700
791 411
454 684
786 669
631 90
1018 485
1105 559
538 327
722 474
812 142
973 44
512 280
548 288
868 167
783 527
722 409
1078 409
940 598
517 342
1068 562
854 144
1083 698
1111 394
630 363
797 474
848 574
1087 389
739 101
1147 461
886 253
927 594
316 150
1029 399
985 334
1165 358
1133 629
817 416
910 476
745 352
763 434
911 21
1145 575
1025 682
759 438
1005 602
772 136
1108 64
1037 707
631 424
859 440
862 19
1070 638
503 715
1029 429
1133 550
928 30
850 120
873 614
1181 521
1090 625
611 276
1050 469
227 573
1085 689
1134 437
147 624
426 604
998 76
847 113
835 98
150 260
267 652
885 124
837 87
614 324
894 264
956 146
720 439
1105 472
169 648
200 485
848 569
623 49
997 672
980 639
905 185
830 87
721 484
916 582
197 170
297 249
903 212
975 473
681 307
850 265
955 6
821 58
862 163
910 215
994 688
263 421
1010 136
955 119
93 326
894 130
892 285
1071 33
1117 652
909 148
125 411
252 590
1097 576
770 128
745 186
251 551
985 203
936 179
796 144
720 71
819 410
197 282
776 36
555 292
773 37
876 33
255 491
1046 113
705 142
784 147
773 182
748 521
979 53
1049 679
969 664
895 141
911 1
583 112
888 23
744 186
1081 705
249 429
1080 566
674 460
781 213
966 142
117 400
979 156
247 454
828 195
810 96
259 402
987 121
1107 498
153 407
844 175
152 170
817 164
729 103
566 30
1118 381
111 550
837 208
117 429
839 107
857 78
1136 497
916 331
285 433
121 453
1167 553
250 500
1078 561
900 72
95 375
191 505
1070 715
251 713
891 589
1028 689
671 134
659 348
528 280
1031 0
605 322
1095 391
1026 52
1037 403
671 454
1189 527
931 52
679 712
259 460
211 519
261 535
1051 709
1139 556
960 456
864 548
989 60
921 491
1202 472
164 551
643 381
950 384
667 410
1080 64
1021 694
612 368
1129 618
215 406
834 437
840 571
903 218
832 240
1043 649
249 487
74 465
1125 651
805 358
910 114
934 607
877 80
1106 398
182 176
994 419
457 321
830 552
740 179
985 611
892 27
697 115
1035 0
1050 86
847 572
879 82
90 438
998 660
933 145
949 78
949 641
1014 87
1175 568
254 431
1053 36
775 140
847 129
303 238
892 48
1070 50
795 164
864 211
980 149
215 474
138 178
912 30
211 463
584 111
254 478
896 59
1007 2
878 172
1134 366
671 407
273 434
225 603
844 173
651 465
778 171
980 624
819 232
1085 398
1020 714
924 70
462 712
834 526
107 498
1069 52
823 142
854 92
995 88
596 382
987 18
845 212
827 533
640 300
816 407
885 114
814 193
234 536
1092 459
267 404
880 183
818 176
960 131
448 8
99 478
824 138
173 522
114 522
1044 559
1050 71
890 29
872 109
752 180
140 499
733 12
852 212
96 353
197 307
1139 471
396 437
247 422
983 69
1042 99
850 131
838 19
1007 13
156 563
1094 72
995 659
118 601
970 59
190 650
848 436
987 35
186 470
759 368
944 86
828 98
562 377
1205 494
210 604
189 682
958 18
884 214
133 482
800 190
851 184
125 187
1068 703
232 551
241 495
976 444
182 636
941 38
989 671
227 393
497 36
828 182
796 492
662 415
823 56
1031 85
1145 129
1069 400
840 35
1001 706
692 64
832 523
150 457
1092 697
862 71
560 311
1125 431
1139 476
1157 503
136 332
795 234
601 410
483 597
853 139
498 11
1021 570
576 45
826 430
1042 466
926 588
1007 3
578 376
699 154
886 160
1194 518
898 581
1003 678
738 491
933 621
827 52
876 547
229 448
749 501
1002 388
917 326
1199 413
904 473
779 545
1004 441
874 610
902 466
837 167
106 513
698 18
990 680
318 248
230 124
206 425
974 632
792 390
813 200
888 165
803 409
735 446
1052 79
246 617
752 453
793 110
195 177
1028 513
1200 497
216 488
987 375
959 644
659 69
973 43
1048 75
745 176
814 417
1053 39
919 594
234 470
1076 606
217 647
873 171
848 601
810 194
785 92
844 84
816 123
162 530
672 91
925 31
1048 324
823 375
1018 705
975 430
121 391
1018 562
970 657
980 103
1061 700
1079 64
852 171
729 136
983 656
176 481
813 242
235 667
1043 456
179 489
141 241
1071 35
252 189
1049 470
258 200
1037 84
795 17
912 175
217 468
143 508
780 466
897 46
587 353
828 149
711 436
856 111
232 422
824 69
986 227
920 194
825 191
763 198
670 122
972 402
897 133
803 490
1004 666
1062 88
842 88
863 245
893 58
1129 65
998 46
590 78
149 621
874 198
764 190
220 675
709 437
886 438
897 168
904 360
835 128
105 471
501 135
1013 25
634 392
903 594
949 627
726 16
863 428
952 619
152 284
1029 709
600 299
709 349
876 453
845 439
1074 445
758 484
493 516
1102 355
877 538
936 217
759 113
650 378
714 382
542 699
122 431
876 190
553 352
811 358
1178 525
938 436
889 181
1117 510
1123 350
1060 661
700 465
326 238
748 169
466 559
996 654
766 175
1099 495
1098 652
740 116
1035 673
849 558
878 564
1080 710
1062 485
1116 493
762 21
1025 711
910 576
1160 565
906 592
752 446
1174 419
1103 69
977 673
1177 433
780 493
135 524
799 521
605 122
642 396
1006 652
815 514
624 336
848 102
931 203
188 125
985 161
1057 433
729 124
1032 295
685 443
721 105
834 167
684 422
771 176
756 103
909 481
248 479
171 216
740 450
187 499
706 139
254 546
983 649
600 338
956 644
249 199
726 361
878 86
150 412
1040 660
183 435
948 52
1131 393
1072 462
805 591
581 347
970 57
602 335
735 157
851 137
905 602
209 616
763 139
826 185
1191 423
967 638
968 226
897 76
1126 499
1080 674
635 427
807 176
946 594
248 552
112 404
793 525
673 491
713 74
690 190
937 488
768 450
1042 422
124 540
1064 452
642 420
264 408
890 213
1092 508
777 29
584 328
1191 433
551 314
1139 616
566 373
763 142
873 560
982 347
843 509
1022 699
1176 515
542 378
290 227
787 412
529 208
86 411
714 487
921 485
844 214
1144 605
876 62
1109 432
919 593
970 403
981 674
781 59
890 556
781 410
460 326
921 474
960 189
811 520
222 492
1001 8
759 102
937 454
830 92
775 207
968 40
143 407
909 95
265 531
656 485
848 264
815 108
831 184
982 633
805 31
152 269
836 124
1052 73
795 195
738 451
1185 458
231 531
944 621
997 622
957 47
553 284
855 30
1038 698
848 91
144 529
188 165
683 93
1077 518
1000 107
748 321
221 490
1199 388
880 150
687 378
1008 54
853 217
856 222
554 87
155 147
104 559
901 280
958 141
124 468
945 89
819 195
997 452
674 90
596 323
843 83
859 404
911 709
912 194
681 443
638 85
103 527
850 254
901 573
1064 702
853 202
874 173
229 459
1003 99
971 175
168 532
962 9
733 21
746 408
340 253
1033 45
1013 17
1171 563
734 449
169 474
1166 528
631 419
762 440
879 272
569 352
1168 459
227 498
1149 400
792 100
750 450
865 73
586 77
1059 321
156 288
807 235
836 83
646 435
1202 378
874 565
865 181
1134 524
242 587
1043 453
613 644
256 209
189 496
1144 431
202 408
1107 516
239 209
883 572
227 630
1023 674
781 465
634 87
919 46
1001 664
865 183
178 641
885 579
634 362
206 696
572 10
848 409
268 479
691 133
975 601
1158 579
1093 530
1015 697
1000 450
979 84
1130 561
1077 696
1078 678
738 546
841 79
1062 35
863 146
232 453
1013 94
800 216
552 394
961 345
150 530
966 68
135 138
1083 602
535 368
893 258
1040 472
932 427
826 516
263 9
447 14
1043 63
962 50
144 402
657 404
1013 27
880 128
151 515
739 363
232 207
659 353
872 166
956 77
867 11
695 60
725 467
810 30
169 486
1158 338
964 37
894 560
133 225
218 642
674 20
1047 48
684 125
113 410
1001 130
855 214
187 468
230 411
280 686
729 166
624 424
97 457
402 89
249 548
852 17
967 121
948 523
163 451
739 335
118 244
1087 135
972 656
983 659
1067 707
199 472
848 121
839 56
570 331
1128 107
1019 97
830 338
852 160
199 457
990 671
295 407
729 121
906 57
454 31
689 10
647 91
223 456
999 87
589 355
171 629
583 62
255 534
997 442
786 419
1165 405
578 112
958 641
1202 492
989 469
502 666
1011 3
873 556
772 77
966 52
619 120
88 463
262 508
784 69
879 20
1018 70
837 110
993 692
954 72
690 426
223 546
1154 130
900 476
678 58
901 42
137 292
173 411
741 166
174 480
238 435
267 487
538 149
889 4
941 164
842 225
850 361
215 148
232 120
1082 69
1019 449
234 276
759 208
871 78
1102 508
487 517
886 131
1037 64
674 10
903 225
951 117
224 570
1058 63
848 59
478 29
257 426
703 47
237 545
1012 328
1004 90
196 619
715 91
767 438
839 189
171 633
888 255
130 452
706 172
933 604
733 54
840 198
848 615
557 376
250 562
1017 63
940 174
1053 129
932 518
746 135
841 41
241 449
802 12
1143 121
202 628
893 230
891 83
114 286
881 153
946 112
884 218
700 121
889 229
180 316
850 180
950 151
593 573
866 215
811 436
803 488
855 166
818 193
805 72
172 160
927 12
229 472
787 79
794 158
924 189
95 430
883 51
231 621
1050 92
802 204
667 134
110 261
880 224
880 182
979 80
102 443
263 498
877 54
743 99
259 691
240 197
833 15
203 227
900 20
160 521
179 507
1059 35
807 41
1068 596
72 423
1073 38
674 132
857 41
1176 530
285 611
777 163
816 240
787 141
889 237
801 179
461 13
806 136
943 54
746 193
673 121
859 126
854 61
541 79
763 1
739 114
889 92
299 107
1094 83
224 426
114 502
952 55
939 32
227 400
1084 57
755 122
179 518
259 198
241 265
1106 477
879 246
131 577
149 216
756 122
535 719
285 424
177 566
883 39
867 117
240 193
1012 8
820 224
861 171
236 688
958 2
239 489
786 208
1018 37
1053 80
615 95
229 559
717 87
751 186
879 156
834 166
950 250
267 468
298 586
838 44
888 144
269 469
194 171
638 54
874 233
986 21
828 156
832 185
127 581
231 632
244 621
852 75
822 22
910 73
531 69
863 97
877 214
183 670
201 594
847 228
236 671
168 601
242 481
166 528
842 68
687 89
232 709
962 343
808 163
943 162
772 94
102 345
206 504
792 185
792 113
798 25
663 122
895 147
841 175
1021 40
855 211
230 454
813 2
745 109
899 135
97 537
145 399
811 497
898 97
222 413
765 170
865 179
820 223
1143 456
890 99
610 41
877 593
223 559
96 447
778 170
1100 469
762 221
808 92
770 142
964 33
850 237
1054 19
724 172
928 161
165 624
232 531
1152 124
223 706
611 98
753 145
688 135
112 576
314 408
1079 12
1129 86
774 454
256 197
749 170
928 291
899 184
716 93
165 423
783 194
185 474
921 203
192 687
257 419
236 29
600 21
119 249
153 595
959 392
968 83
707 104
792 203
947 58
841 191
93 379
889 139
198 474
239 419
382 393
886 78
1053 117
929 429
180 425
826 218
871 40
989 138
203 54
737 436
257 199
137 459
200 612
859 210
899 36
974 72
895 135
747 71
827 189
970 86
874 179
301 410
699 152
940 458
1034 20
928 55
800 159
960 31
959 173
555 62
1004 25
736 169
155 446
138 518
529 43
925 135
1034 53
891 0
208 696
934 110
123 438
131 514
150 516
829 222
873 190
769 61
614 92
667 77
245 655
108 414
172 332
279 230
751 7
718 156
766 193
905 92
206 494
870 42
209 562
239 396
1049 56
247 453
811 232
231 456
786 112
1002 58
583 46
824 144
927 20
867 267
835 206
153 194
289 459
872 141
253 426
108 348
908 190
242 509
244 403
856 125
880 125
767 163
1030 80
939 194
285 203
838 241
272 568
1037 41
194 510
89 409
917 43
268 423
886 185
210 583
183 686
762 57
79 398
77 420
970 451
486 154
135 413
573 48
1163 595
200 548
857 118
745 159
799 155
901 234
166 477
830 120
937 181
788 222
180 206
1063 616
1027 146
274 433
118 520
250 462
218 432
93 392
907 150
859 129
953 107
882 140
811 176
890 23
447 3
172 144
821 247
1003 195
909 194
891 207
272 238
867 271
638 43
551 352
175 195
950 80
780 34
860 178
116 345
827 78
125 447
130 240
175 428
869 235
767 7
900 172
1006 673
157 529
855 201
194 268
107 594
251 596
839 224
137 533
890 86
110 562
766 194
143 511
988 119
831 166
946 32
245 90
1004 107
696 146
790 243
893 18
631 149
785 206
812 4
803 209
178 558
187 193
546 45
113 395
915 90
950 180
848 219
260 221
752 117
729 122
743 135
888 130
194 561
116 241
219 184
711 102
212 287
233 417
129 581
696 130
704 87
114 304
95 421
1014 656
241 76
146 254
879 145
796 157
112 216
1003 182
777 69
546 358
773 122
232 378
663 39
224 492
788 196
950 688
100 456
848 110
1052 47
234 570
837 166
819 22
728 156
857 182
245 184
905 242
252 513
770 74
94 295
222 460
230 385
211 417
128 164
249 444
146 502
924 85
153 279
831 2
1055 84
986 132
822 227
259 447
866 143
839 182
517 15
808 215
829 156
143 242
129 530
839 206
272 510
904 13
784 83
883 186
207 466
196 372
162 501
981 111
971 112
873 121
207 552
1144 102
810 222
1003 44
129 539
877 63
129 251
223 674
750 162
998 12
863 198
964 98
680 56
862 274
