856 34
703 40
631 82
920 123
144 529
782 48
776 112
244 493
327 504
563 5
600 161
553 235
215 599
1130 626
606 88
319 577
132 411
238 346
927 481
496 337
125 386
990 505
411 359
1179 359
1022 562
716 52
192 310
760 69
870 578
593 603
1061 597
903 638
1078 564
172 384
1032 557
658 119
1028 444
523 158
965 361
975 567
1127 644
1142 608
1203 573
327 285
840 126
719 677
1063 359
1177 437
1090 626
175 583
898 93
1002 574
852 538
1008 544
916 689
1058 545
304 411
1010 496
1092 468
86 409
153 368
337 668
687 119
121 607
1139 438
994 445
710 0
638 146
684 43
1017 561
930 564
1142 607
1189 625
1008 434
494 293
1149 467
861 41
1115 640
593 80
120 447
908 116
997 337
598 40
765 9
1048 583
794 163
978 454
254 535
742 35
1133 459
780 615
352 535
861 98
553 359
1074 610
1115 461
388 572
1101 598
482 246
117 493
1058 466
875 234
666 141
881 19
567 10
281 490
275 633
1098 584
116 412
1060 140
241 576
581 215
759 82
335 540
618 77
1166 538
467 101
248 608
907 116
1113 664
201 478
260 552
858 59
965 474
903 577
487 249
367 278
1246 657
788 156
831 665
221 488
1136 443
375 409
98 279
1052 487
805 290
322 499
875 512
155 512
204 289
1153 552
1005 456
197 444
731 57
354 467
835 556
829 61
124 471
966 388
270 406
186 431
226 590
893 21
239 575
964 24
1041 449
831 65
1051 500
831 261
858 13
720 643
265 492
1098 627
220 449
783 75
196 413
296 346
902 508
256 663
1091 377
155 420
684 58
1042 576
1041 571
651 141
1169 445
750 63
781 190
777 39
927 534
1267 608
752 109
179 355
394 509
1131 609
174 434
978 435
874 447
705 17
966 205
942 446
532 280
1104 667
129 398
199 671
800 30
1078 338
508 283
644 29
629 583
948 496
1123 474
1141 503
1135 383
1105 346
886 35
773 572
1182 418
368 509
91 431
959 374
1258 96
411 478
647 59
1080 381
236 706
975 406
311 498
592 128
1095 588
1013 396
1050 510
1110 711
754 264
864 114
1159 525
1017 353
197 581
971 404
996 522
1147 357
948 492
202 413
551 270
222 288
1063 604
579 77
972 517
208 600
1031 467
745 185
873 22
563 41
912 684
113 426
1136 517
501 61
1065 539
1154 490
987 453
352 594
285 271
831 181
640 159
728 77
682 133
1089 379
714 639
963 73
863 653
382 513
302 462
1112 462
750 153
736 153
682 116
1205 494
684 204
492 283
1053 575
357 311
647 188
527 260
709 17
1065 377
618 261
252 718
704 46
1078 490
157 534
150 360
1140 619
1120 594
1114 703
226 76
687 205
826 17
137 626
1142 353
383 484
109 497
777 189
156 390
325 622
1122 370
602 3
1025 455
631 244
1099 509
937 186
760 444
410 292
693 203
774 141
107 520
1236 637
14 35
780 26
869 187
834 536
889 538
589 256
406 351
1102 539
601 275
181 280
825 206
639 205
1147 409
1147 569
807 149
224 148
174 647
881 241
264 685
503 387
802 28
228 330
244 467
733 57
1107 103
181 439
1148 716
815 79
739 31
113 390
233 491
851 60
975 336
1018 313
526 222
147 579
266 533
855 1
623 215
1128 441
409 61
437 600
1206 477
705 158
238 400
629 126
260 324
1033 437
987 355
981 499
1033 559
140 428
129 560
747 3
1109 606
781 18
934 37
612 146
178 551
683 123
179 360
658 54
674 165
302 702
267 612
272 621
767 46
137 406
414 406
567 179
562 191
706 102
1150 636
634 461
810 518
531 244
468 287
416 560
680 103
895 2
109 417
450 170
1169 354
790 152
780 144
761 71
450 376
329 331
188 413
212 491
96 465
354 479
484 540
931 129
306 406
245 494
358 454
1098 390
1243 67
815 138
543 345
773 13
735 160
254 337
923 473
682 19
988 540
368 403
1079 361
886 579
717 112
1205 343
369 530
891 83
506 283
121 556
299 371
184 271
769 75
792 90
1039 157
282 454
604 209
347 306
745 49
852 215
136 404
417 304
424 386
147 441
415 171
234 514
962 191
190 573
391 186
363 399
107 479
660 30
184 553
1072 611
570 230
92 393
795 603
617 188
269 416
799 20
876 290
708 69
260 442
1133 512
174 471
358 508
176 445
560 209
259 427
323 250
785 5
785 90
679 157
434 369
739 4
1027 433
335 362
287 409
924 452
1055 580
1146 218
211 338
864 93
342 313
195 594
106 441
819 20
778 502
464 466
1094 647
1171 491
1182 395
594 163
506 564
1174 166
682 0
1010 539
1136 503
750 113
1100 412
637 99
1195 442
395 351
1137 469
1110 567
360 600
1111 600
913 493
648 42
1175 511
533 401
556 311
302 317
825 87
78 424
29 75
829 127
828 104
960 177
630 147
746 86
860 27
248 474
1092 531
1074 512
591 281
199 496
1035 518
774 103
709 31
373 407
220 542
847 543
600 403
237 410
231 345
379 474
972 572
281 528
195 415
929 61
959 79
1074 444
996 512
127 503
1143 432
688 170
1183 300
808 86
179 583
888 456
1071 599
978 471
1194 452
971 228
169 611
165 428
1049 440
360 416
253 397
876 5
973 381
801 675
1233 641
875 682
526 221
1147 514
867 462
1125 611
450 474
134 515
427 509
246 527
286 485
978 502
233 301
967 528
996 439
1001 541
985 522
846 81
724 45
878 117
835 95
214 425
134 403
419 394
788 131
785 281
982 339
644 268
1125 490
194 332
405 442
815 67
793 119
736 643
199 700
1050 546
644 355
879 403
216 517
1018 519
196 496
789 31
1194 289
981 535
850 483
275 318
1118 598
942 466
1141 573
994 387
1137 586
543 411
284 377
957 654
951 551
1007 439
856 17
185 449
762 161
741 143
889 597
1081 463
731 35
787 545
935 456
928 69
996 424
1025 507
249 357
208 705
826 61
1194 306
1122 558
1076 419
252 446
1081 414
469 269
1090 633
1152 633
958 64
1104 491
743 598
431 361
974 554
1172 386
579 145
825 548
243 637
850 128
962 361
569 409
1003 498
1188 477
1104 586
1042 468
1056 457
49 8
1164 503
1071 573
1135 528
1085 557
691 560
1143 624
164 403
680 154
1039 367
1105 416
836 570
1103 607
732 63
636 201
1048 514
230 512
232 454
1136 628
1208 353
675 13
1122 540
222 250
245 305
663 200
984 577
910 506
1123 348
1140 312
195 512
413 542
334 665
140 536
1042 436
19 76
129 493
981 367
1068 88
890 414
909 190
1093 604
191 16
368 667
657 90
1128 430
1150 513
487 569
1111 494
948 385
150 453
1185 417
1279 14
1197 433
785 150
982 510
277 328
897 498
934 51
809 143
710 27
1177 484
1032 524
528 25
629 151
1156 386
281 394
881 86
650 204
767 66
1032 605
137 361
601 39
700 173
870 709
874 571
141 539
220 433
908 203
977 486
474 564
265 346
1118 569
483 1
1161 467
1158 254
796 135
211 410
377 451
1046 445
765 222
1128 677
225 570
355 480
1109 518
221 524
280 508
1057 610
1119 633
110 319
896 408
121 449
894 91
709 41
855 42
271 323
138 475
913 475
121 502
534 67
568 269
905 135
1104 495
986 469
1124 688
996 335
1109 607
476 281
911 151
1112 384
1165 469
1177 420
764 150
98 349
892 543
802 552
626 12
881 31
865 178
175 489
1051 587
859 487
1161 496
314 372
665 144
414 398
1094 428
942 233
1072 442
185 416
170 675
564 109
217 516
188 519
187 401
397 657
1191 415
183 383
958 435
613 148
626 34
1068 569
327 456
1051 593
905 544
587 19
913 48
698 711
369 507
720 64
1001 419
1122 631
906 489
822 511
256 712
745 265
241 682
1197 419
1145 510
589 239
1190 340
255 439
1080 617
456 226
316 690
1098 375
324 353
955 522
965 554
1095 46
1072 629
506 219
1127 288
241 611
409 517
801 95
116 346
163 550
1073 505
1125 379
881 512
468 472
1041 592
623 144
1082 419
911 467
787 625
1107 504
281 246
1139 567
1141 466
1165 420
134 370
1132 137
907 532
728 33
1080 388
1095 616
905 565
396 335
629 6
1154 488
216 490
728 225
518 109
735 648
1068 498
1114 498
1056 613
968 403
153 434
898 50
930 85
840 35
583 8
1038 479
1116 519
205 405
827 525
1106 245
971 435
1095 516
1203 351
838 159
277 499
792 128
1191 494
1001 348
957 503
48 583
837 589
1072 495
324 286
875 719
1118 597
1092 409
1017 517
1047 593
1004 390
1044 577
637 67
730 554
1078 584
1127 443
982 365
989 429
742 665
1219 394
904 481
1142 614
1096 289
898 11
985 419
1116 508
583 300
1065 300
296 443
1119 334
362 616
967 492
779 567
868 607
1139 505
633 49
1125 598
1087 590
1122 523
1162 484
1131 441
372 674
673 195
988 418
1023 486
1117 488
893 432
768 50
775 471
118 485
1034 342
990 546
894 140
984 435
882 520
1276 697
495 30
626 100
1125 453
1056 480
1151 324
807 198
1106 343
1101 501
1165 693
1148 577
870 623
1044 285
224 478
599 101
383 399
1139 330
1010 573
1035 576
591 670
996 467
1166 479
986 537
680 37
588 687
865 47
310 677
1095 401
706 137
1098 608
991 399
941 570
866 642
1153 490
176 686
1113 290
3 67
1064 496
964 359
816 151
781 717
635 214
583 225
781 134
990 543
1116 388
768 182
204 690
682 242
603 121
1013 473
478 327
180 506
204 628
122 524
1206 427
1170 484
202 331
728 129
188 318
438 392
550 328
157 650
239 477
417 570
862 570
141 393
867 233
794 66
279 665
94 414
682 111
948 137
858 442
883 89
618 60
190 420
836 78
268 699
119 540
748 99
868 157
121 523
306 290
831 147
840 94
337 446
901 79
1047 354
350 190
165 520
235 534
233 468
606 141
276 213
688 66
862 168
218 402
203 459
130 579
717 141
884 4
691 33
375 297
887 74
624 73
791 43
1090 149
701 102
192 586
105 426
122 403
769 50
213 641
736 57
1038 542
132 407
317 193
437 480
335 578
228 346
135 513
448 458
811 603
179 577
697 210
606 14
943 119
155 452
871 478
840 122
1106 489
920 105
616 329
1123 439
684 62
506 168
592 350
718 31
658 122
952 77
190 538
160 412
321 668
453 554
241 409
827 311
514 15
348 596
92 541
652 178
306 661
134 439
154 598
305 603
731 225
832 295
796 126
800 7
813 17
726 34
927 154
270 226
221 466
252 435
682 123
771 98
314 648
1145 473
292 427
667 64
1115 252
819 176
582 263
954 80
450 236
153 367
182 482
553 26
157 508
522 359
129 524
362 613
674 14
758 50
907 89
229 375
287 405
383 539
252 612
161 625
617 23
868 464
513 347
102 550
794 236
865 535
223 484
498 39
660 156
607 95
846 77
854 467
872 66
848 207
343 335
285 401
755 42
213 476
925 93
291 392
471 365
703 156
766 174
616 96
923 69
401 555
1048 565
149 621
320 709
299 645
653 149
213 369
463 278
813 20
94 424
447 215
406 492
713 227
930 146
281 440
1009 385
864 38
269 603
1018 517
865 166
1152 365
160 660
237 592
731 5
798 143
99 433
95 492
93 505
1007 364
129 621
871 24
680 90
495 384
629 308
831 58
588 154
483 355
471 501
457 422
155 445
203 663
716 133
336 178
255 368
678 60
675 216
297 618
816 135
834 50
690 25
603 252
607 176
269 476
1090 86
205 431
86 641
437 283
1279 630
709 32
639 71
337 583
639 396
261 401
833 162
270 694
345 382
847 44
556 326
207 569
351 660
950 133
886 0
230 396
204 500
333 334
136 532
302 437
761 0
943 48
129 470
206 613
172 391
675 250
889 274
761 42
145 565
631 203
504 278
716 211
873 118
358 406
848 670
167 438
747 192
402 177
628 237
446 470
839 61
1089 143
187 580
248 615
125 448
743 118
403 606
866 59
325 520
208 682
104 493
292 601
352 244
739 97
212 664
144 366
790 59
669 172
337 612
937 52
679 3
819 377
233 353
1163 422
480 6
146 393
562 138
899 685
187 538
231 495
450 369
658 209
549 86
247 498
223 521
260 673
452 418
612 238
885 169
595 85
599 55
381 169
860 105
1027 328
341 383
882 108
910 451
198 247
717 15
385 261
136 452
197 535
111 504
769 23
167 655
276 655
644 141
260 357
650 176
918 68
349 212
798 157
377 432
106 416
1196 399
287 602
890 62
1153 506
1149 384
367 477
713 66
1096 541
443 502
1076 96
775 154
1154 375
257 413
780 136
971 385
281 525
268 356
1035 285
410 142
871 664
951 25
92 482
924 147
613 167
236 312
929 17
166 346
930 211
267 679
773 51
550 32
339 176
963 457
796 55
315 410
1002 378
1033 379
802 165
302 345
1078 412
95 390
216 673
1118 511
269 452
262 335
845 707
222 362
341 508
665 134
743 94
180 553
561 245
231 675
423 424
342 629
1104 603
128 462
178 503
349 685
181 480
916 469
376 391
733 76
599 91
231 463
130 433
199 298
472 374
795 186
660 80
775 18
644 42
170 336
154 647
614 179
715 172
362 603
186 475
1078 142
380 521
791 191
338 660
106 398
890 199
276 475
729 2
947 45
236 366
519 103
158 404
289 451
132 504
493 176
87 394
307 505
473 373
80 435
829 46
500 224
211 428
527 90
949 370
858 23
131 464
902 265
103 437
957 345
778 201
802 38
943 41
676 20
1129 638
202 446
178 451
1174 528
406 121
327 507
210 467
673 97
923 77
116 391
1108 489
125 452
845 54
199 321
536 119
759 247
714 202
470 514
1124 608
676 87
636 45
936 632
1149 531
675 66
183 338
1218 522
934 44
201 597
443 385
280 651
599 63
1118 229
1193 409
212 700
226 462
1164 518
692 23
199 611
364 492
1046 410
853 17
261 300
1077 158
832 8
669 89
149 430
829 185
335 375
113 310
455 237
126 418
837 137
617 140
1028 326
705 99
1159 502
1119 522
715 82
185 651
907 177
122 550
667 160
330 520
20 59
723 101
1100 286
138 540
323 311
525 319
505 12
176 434
1132 533
709 139
96 375
118 417
228 378
535 207
584 88
669 220
240 450
587 137
897 100
668 73
1164 483
1184 506
523 489
93 452
485 410
909 506
302 631
124 600
252 322
677 66
748 108
366 331
694 10
198 402
806 150
163 504
106 403
614 11
197 366
605 313
1068 343
355 434
347 539
521 219
711 309
924 46
124 479
613 41
1137 498
1192 387
124 432
619 269
355 666
286 363
1118 616
257 525
835 32
157 667
685 90
1015 480
682 250
144 542
828 160
714 552
716 37
878 73
106 518
797 9
964 129
946 158
1103 625
1065 389
684 127
597 74
173 391
437 262
556 249
1119 517
394 345
397 517
714 118
604 165
145 436
724 15
588 291
538 71
1055 463
786 155
1107 471
338 472
1068 435
320 503
152 463
314 443
1150 515
1097 588
427 417
664 69
212 366
736 50
829 33
670 221
985 418
1167 304
515 510
776 77
652 87
241 401
210 274
803 94
998 568
430 198
257 310
377 209
922 74
1071 598
738 61
862 164
1062 497
1154 518
235 552
866 620
133 491
806 208
781 137
234 694
280 384
828 69
290 204
835 22
160 541
478 515
831 78
725 122
569 61
334 546
551 330
230 376
998 475
218 465
678 237
361 342
236 414
940 27
787 21
1112 406
204 386
267 704
261 318
332 486
163 469
268 451
776 109
407 314
210 662
417 81
569 232
161 497
357 276
799 57
808 1
187 650
891 108
86 454
282 325
926 84
704 49
902 585
755 63
356 374
685 170
263 608
892 59
440 397
116 440
664 62
708 73
876 164
490 287
927 130
770 141
636 205
794 126
935 83
306 688
316 491
241 438
835 34
929 199
729 230
213 604
689 24
669 28
186 293
666 119
511 367
633 32
109 390
606 240
525 247
624 213
467 50
730 114
896 74
137 444
259 418
406 454
320 504
143 357
495 281
227 657
319 677
294 586
162 425
100 449
134 495
624 38
804 40
884 42
850 16
629 159
765 136
742 244
852 234
399 198
361 629
365 564
542 403
84 389
200 491
827 5
799 10
732 14
778 101
785 53
616 131
755 194
647 45
210 421
212 430
865 119
217 567
772 18
264 695
774 87
251 372
426 78
533 56
1201 376
802 377
938 44
867 112
623 44
460 59
206 498
148 424
889 310
667 126
417 346
689 188
246 438
208 358
170 699
716 137
112 473
812 23
176 533
256 509
505 135
641 127
512 245
789 225
76 348
815 32
176 662
446 443
217 392
901 105
264 433
116 374
651 135
438 379
193 387
97 458
746 90
311 358
278 436
722 141
674 175
712 69
173 662
215 709
1005 351
193 427
99 417
323 417
292 652
742 6
789 6
639 126
825 80
879 75
364 404
248 382
290 513
564 55
661 51
931 255
285 228
230 188
272 425
1145 441
100 467
221 476
181 453
238 635
303 659
837 61
826 47
819 4
857 117
783 230
483 244
942 138
160 432
920 283
826 291
347 620
637 127
572 27
893 214
787 202
1045 162
208 357
267 655
315 528
706 146
765 99
792 102
673 106
594 26
133 579
705 38
892 5
740 158
434 311
333 483
143 411
827 102
870 53
822 43
809 181
375 168
159 573
224 277
743 163
629 162
1014 174
415 428
119 236
1120 620
314 455
733 126
583 313
259 470
225 617
724 75
290 371
388 509
720 97
791 12
756 21
823 40
274 607
298 512
187 640
159 476
500 2
647 73
616 221
194 713
133 396
220 343
644 168
699 57
644 207
200 416
565 20
158 660
223 503
215 615
588 282
879 111
248 659
344 426
244 337
129 504
701 133
223 462
311 679
717 224
703 31
298 611
227 409
371 336
1054 619
247 396
219 474
963 83
835 88
625 214
237 634
570 279
535 357
313 327
206 428
1032 525
313 376
96 422
939 84
460 94
175 382
890 106
728 13
114 441
123 392
780 105
123 482
150 406
630 260
487 334
561 264
103 435
259 685
188 550
677 108
350 513
759 150
614 22
1085 621
618 162
322 423
811 131
223 625
233 544
584 212
171 523
214 615
850 176
230 655
826 56
212 452
143 436
289 251
172 341
968 53
201 232
264 606
621 147
161 445
628 275
299 604
769 119
613 65
632 11
272 339
217 511
372 161
617 282
807 185
440 346
643 263
129 367
187 415
1177 274
699 151
614 58
470 331
107 385
661 31
212 413
491 308
182 691
117 508
160 407
1064 407
739 139
1156 420
797 163
547 307
427 65
178 426
749 153
250 320
731 156
1148 377
694 94
686 275
956 60
839 55
170 335
702 125
729 178
164 579
223 661
160 440
834 81
653 174
876 193
855 635
324 581
365 397
110 412
231 480
694 127
1064 102
713 31
497 585
462 47
311 454
98 484
258 661
225 320
256 613
135 526
250 630
646 159
786 266
189 525
207 494
502 217
453 395
649 71
156 475
215 462
251 449
396 306
354 515
651 73
769 71
661 44
380 403
216 646
749 101
645 26
653 18
382 369
247 432
171 457
765 94
725 72
422 364
659 167
533 91
308 598
202 482
760 671
886 11
709 77
319 603
196 635
293 509
619 1
353 393
759 58
799 139
612 193
413 303
243 459
835 55
702 70
756 70
788 315
777 52
401 401
138 415
936 18
517 492
727 18
572 202
757 205
506 328
223 310
156 424
105 492
173 686
954 51
194 341
617 258
619 116
362 340
739 47
213 414
422 381
663 73
301 381
828 26
223 674
432 297
752 77
451 178
976 543
206 601
313 631
273 392
191 425
905 94
197 701
294 304
934 149
856 22
163 599
149 499
177 397
197 553
118 525
333 450
363 333
570 256
694 198
167 361
230 498
717 154
158 374
583 312
800 183
191 399
438 478
251 648
182 382
391 147
130 384
851 62
252 366
866 39
735 156
592 171
336 325
746 87
124 488
1041 529
382 297
613 60
295 614
872 56
114 440
215 274
201 455
1149 461
839 170
286 411
186 401
725 145
728 8
655 216
770 65
198 329
165 516
715 188
310 652
822 199
900 183
98 301
410 373
1198 333
1030 2
229 451
910 63
352 401
1123 473
215 586
349 457
146 405
1137 104
142 441
1071 13
168 357
322 439
743 417
889 63
1198 378
312 409
174 586
559 222
178 527
261 383
495 236
888 42
789 12
849 113
893 56
529 352
489 196
667 278
217 687
830 361
650 324
742 40
98 380
81 378
890 89
651 126
385 531
165 418
907 596
365 623
715 107
402 469
178 427
704 177
852 52
228 499
690 112
212 370
689 116
253 433
324 683
562 344
571 6
1160 317
790 189
255 675
631 19
528 123
522 277
877 454
795 689
1183 488
1118 508
794 1
929 29
351 629
893 607
572 219
434 471
702 102
859 216
1116 639
853 460
1118 641
297 317
612 290
351 348
340 415
187 613
310 435
566 371
1112 617
770 169
1145 417
1113 612
281 395
665 100
724 700
937 48
1093 416
991 522
694 18
216 456
941 529
186 708
417 223
587 111
810 581
327 494
490 332
1111 437
519 128
969 439
1070 598
128 424
807 468
789 523
942 134
976 381
131 345
400 527
535 237
1143 602
625 193
442 465
1105 601
414 707
831 645
572 243
170 357
725 538
172 617
554 91
1140 496
111 467
235 493
1174 465
427 449
1077 644
833 114
392 388
1089 393
883 463
761 145
229 685
1142 356
898 64
1198 409
234 409
737 109
834 684
1033 281
1189 420
718 41
914 545
291 328
997 345
1105 541
231 457
93 496
543 150
398 421
299 384
1009 576
404 413
706 73
343 665
656 49
207 464
974 11
657 39
957 515
881 64
774 28
372 367
114 435
319 318
1002 429
1119 632
161 426
464 64
755 108
806 33
1010 336
550 225
859 647
588 49
912 106
446 613
1002 544
180 279
876 582
1074 598
599 153
719 557
985 459
1032 59
350 640
281 634
1052 596
637 69
131 437
121 482
385 680
707 170
272 357
794 188
1072 27
321 470
535 439
312 404
656 267
736 53
611 228
1101 138
904 629
98 358
915 5
374 423
404 195
262 547
658 33
308 617
173 535
228 389
945 122
186 559
723 136
427 433
843 56
1183 390
420 671
753 115
863 229
881 608
38 60
916 201
288 330
625 104
1088 478
212 416
112 438
864 49
126 419
1162 419
142 622
248 374
1170 510
693 103
941 123
411 575
820 74
839 113
666 27
643 564
463 480
939 476
806 173
1150 423
815 96
680 50
645 64
1098 478
198 682
318 689
1003 382
225 571
659 24
1073 606
368 269
162 460
812 58
769 183
965 547
251 625
1124 478
169 345
722 36
133 631
327 540
999 540
1063 376
38 28
273 430
1004 572
825 570
1189 445
998 348
437 398
627 180
119 553
595 236
572 51
1160 619
924 405
1110 321
320 609
1040 576
110 507
1233 584
1081 407
986 412
890 547
623 247
232 577
611 93
964 131
1044 585
733 21
271 605
125 440
894 7
466 121
353 531
532 47
1114 54
1108 337
570 115
1110 449
728 23
1273 696
794 648
736 520
1006 475
797 189
1119 433
1095 246
758 77
381 429
512 346
747 211
161 645
769 5
1169 326
109 518
285 719
1003 400
480 81
357 598
886 589
1040 505
1026 561
1079 302
1185 334
1031 562
443 154
502 508
488 405
1061 601
944 35
394 198
780 74
775 46
143 393
818 66
824 563
893 72
784 178
887 530
687 258
251 398
661 204
244 498
720 156
837 143
950 539
402 326
570 177
909 694
99 436
606 32
705 2
265 251
830 38
958 578
396 371
710 29
212 501
1091 596
880 479
259 644
221 467
176 462
875 163
376 445
173 503
634 189
184 327
705 67
695 200
668 244
442 500
523 381
93 483
388 427
1056 574
588 61
448 217
318 359
352 474
146 545
187 417
776 81
156 447
736 695
188 396
1086 575
1128 480
859 206
121 475
531 123
194 646
393 409
115 487
209 307
99 448
436 465
137 335
420 128
200 298
867 205
207 440
782 102
987 708
203 403
509 374
761 16
928 0
144 397
725 39
805 8
251 481
213 643
664 32
189 409
209 525
161 379
488 184
816 125
734 102
232 372
531 230
595 129
453 407
484 3
704 66
175 362
395 521
648 21
241 423
823 120
913 72
864 64
424 235
704 366
743 176
152 596
1055 591
224 306
1155 433
712 19
913 278
1158 478
940 88
578 139
327 384
623 30
95 484
492 113
181 301
234 472
188 525
213 455
157 627
534 139
960 132
290 438
774 49
508 364
1208 355
1059 152
1027 347
871 236
290 434
362 315
918 185
207 433
556 147
354 339
593 171
1084 630
194 628
889 98
393 327
366 455
898 13
165 649
470 564
740 11
944 99
119 502
151 480
1192 333
227 321
956 28
269 479
148 477
403 146
154 457
237 499
28 102
154 494
909 120
691 56
727 638
1069 455
139 597
212 601
158 358
1087 471
884 21
143 524
196 696
458 538
261 706
491 368
152 442
819 82
454 592
697 166
167 535
883 122
457 78
952 190
230 349
178 363
991 102
340 496
199 460
1087 341
642 240
677 155
368 521
870 62
232 318
1094 554
993 497
1118 229
755 57
1005 504
544 325
527 140
251 352
762 158
859 61
869 197
542 288
738 150
943 115
463 163
849 88
523 27
208 413
1068 125
1002 168
271 390
301 603
955 453
531 232
389 399
329 488
158 423
183 366
914 597
1148 381
670 82
792 27
643 189
244 651
796 97
825 97
147 516
815 707
672 109
969 147
1207 311
827 109
694 157
216 613
754 69
820 104
222 316
174 403
844 259
202 550
439 283
216 337
712 316
983 599
1118 654
353 380
210 473
162 614
729 60
697 13
154 526
127 342
521 239
731 34
1092 414
350 239
827 195
244 650
107 435
590 148
589 39
291 686
277 618
284 480
180 402
729 125
728 180
881 94
530 84
767 127
865 1
246 628
768 97
710 113
218 394
194 686
586 205
234 385
366 344
113 510
279 336
272 225
890 124
909 92
268 333
758 142
206 353
907 22
701 78
790 111
730 61
189 398
872 592
907 16
773 66
258 339
622 9
512 405
329 526
957 489
562 606
424 91
167 401
342 450
366 283
249 571
115 397
898 499
295 512
718 208
709 699
840 40
123 583
110 430
735 195
926 161
511 192
624 50
1017 413
727 184
238 371
523 231
826 86
969 417
227 435
124 606
395 268
523 328
400 376
1054 99
497 122
247 352
957 352
870 46
507 142
884 183
672 52
603 188
200 519
615 68
373 481
843 28
266 688
892 229
635 128
190 465
155 324
1192 449
198 668
755 43
247 373
661 54
929 438
245 288
273 646
1111 232
316 707
720 52
794 86
394 435
187 541
158 355
211 447
1186 350
383 437
471 333
314 449
169 596
147 366
596 194
649 32
234 522
1031 99
111 406
83 471
238 462
717 1
1069 477
517 40
665 51
191 442
692 188
319 353
1028 160
182 537
698 207
516 417
764 193
539 251
743 43
711 178
196 702
765 53
204 476
649 50
783 3
889 180
469 224
581 48
252 514
784 59
199 223
1054 64
132 488
561 198
388 653
744 44
335 210
138 493
915 126
1006 558
341 685
823 37
104 508
644 35
146 560
1005 556
222 439
725 47
773 27
537 90
355 527
1179 572
759 10
279 701
175 393
664 190
562 268
900 125
1004 130
795 127
89 403
951 521
794 3
752 225
440 142
911 142
545 323
85 389
482 376
817 245
196 352
214 487
1153 451
537 179
1091 286
1073 394
448 389
555 215
773 2
328 622
686 65
916 562
610 293
1146 512
309 659
317 461
529 138
300 406
1030 386
753 2
894 418
717 241
1105 125
967 345
672 26
1197 589
481 183
181 339
761 113
631 87
633 353
332 413
151 461
1001 551
1139 584
172 377
104 483
851 107
947 520
510 74
860 180
1278 663
664 17
243 485
1076 133
977 402
1119 624
343 655
482 9
423 326
208 394
187 467
655 10
818 178
509 40
195 317
415 555
738 151
1120 354
368 584
382 519
374 532
1150 709
982 385
637 45
163 468
169 478
873 193
377 465
816 564
168 433
253 357
216 377
970 494
762 155
209 576
165 349
854 207
984 529
367 279
194 387
684 84
981 500
591 229
1170 505
803 30
908 155
776 173
153 453
119 451
803 39
1132 465
332 507
862 146
259 441
156 245
405 503
741 3
266 551
169 439
82 443
212 401
185 509
371 392
1101 572
731 19
1091 56
184 339
146 612
138 483
596 57
645 203
212 444
1150 628
971 469
156 409
850 168
1073 306
142 442
106 497
922 558
1021 436
117 478
1099 535
190 558
241 493
230 336
423 369
187 360
270 416
157 619
887 42
854 109
657 103
367 640
1022 717
196 572
238 606
517 270
281 590
800 81
834 44
663 40
269 638
681 68
263 376
160 411
205 530
225 477
971 444
155 412
720 114
877 210
208 708
676 239
83 464
720 82
1053 482
1031 550
159 352
608 129
1184 359
332 494
1153 570
151 427
193 616
968 442
749 583
533 292
1264 688
161 424
652 75
289 300
307 424
796 72
731 144
193 583
295 410
136 633
354 473
196 411
101 470
273 242
867 97
934 152
263 498
118 464
99 460
217 365
158 438
213 362
110 455
306 544
975 50
1195 448
1104 541
724 215
816 197
159 667
272 453
93 396
118 454
221 429
1026 479
470 51
690 36
844 150
699 206
285 347
809 73
657 34
360 393
580 214
330 234
624 284
319 417
896 64
770 280
575 145
765 235
310 411
531 464
1055 165
627 65
371 621
273 483
1139 483
498 513
741 101
838 77
188 653
1138 404
282 476
757 161
1055 511
291 327
410 379
171 481
248 447
144 591
664 194
979 406
253 428
184 530
606 300
260 380
474 198
207 467
813 68
882 124
651 119
686 154
496 95
279 371
833 63
148 404
964 480
97 399
701 219
735 55
219 648
967 124
627 257
233 624
643 19
1013 522
1046 394
317 275
413 289
907 0
288 544
261 584
258 647
707 12
198 540
853 47
187 463
702 34
822 145
94 392
1128 488
581 53
653 201
559 299
226 682
366 383
775 135
349 437
749 577
340 589
795 167
822 138
348 495
225 670
1060 439
724 223
1016 463
343 91
319 226
133 563
307 667
221 397
564 242
233 330
875 71
731 172
212 686
983 493
1038 438
414 489
1053 453
417 546
1124 624
617 91
659 203
1153 465
257 385
170 381
193 352
636 39
210 697
629 89
166 484
630 266
473 379
674 3
159 406
942 18
615 198
243 535
754 175
127 434
559 87
814 104
770 73
212 687
141 378
685 218
215 481
872 397
134 486
739 125
811 37
669 163
806 67
861 67
909 140
384 435
826 108
805 75
227 716
814 265
174 501
581 246
693 39
1077 83
255 521
1064 144
734 94
180 551
445 559
128 494
652 150
260 473
785 168
93 387
62 1
909 1
694 79
298 323
263 410
757 106
504 21
890 164
85 383
543 421
919 484
166 449
197 558
679 28
685 28
666 51
479 70
931 67
800 84
925 97
741 193
225 431
94 394
241 490
190 499
418 326
210 349
204 382
529 280
236 614
313 630
302 628
266 549
326 556
199 641
738 63
797 4
781 9
549 29
877 65
404 87
689 119
771 159
729 154
646 128
401 143
708 188
785 184
465 165
809 254
368 219
255 388
190 412
113 456
489 339
424 370
345 368
284 265
1112 615
311 590
243 551
173 568
935 44
745 40
902 40
726 12
887 25
1091 96
606 95
1055 132
850 139
1035 144
797 179
769 231
645 227
421 255
812 209
291 391
119 387
229 411
254 425
574 431
596 316
185 526
376 597
829 98
851 71
848 77
535 24
691 42
694 36
261 438
1062 129
151 312
553 357
180 377
876 122
748 93
162 601
769 154
147 649
913 127
887 136
252 303
211 454
716 314
917 134
810 143
251 687
901 118
117 408
866 115
972 114
349 662
642 50
355 183
278 443
116 453
262 395
899 484
162 389
1010 553
638 19
446 639
778 158
644 16
364 529
208 423
189 412
500 385
573 40
771 64
199 448
1099 152
558 229
165 433
669 225
721 56
412 483
92 377
798 77
125 436
912 199
762 203
240 283
641 283
369 662
826 122
693 25
825 42
537 458
619 12
300 449
1031 421
637 61
619 3
348 595
743 102
336 230
292 533
480 475
220 480
351 302
157 634
460 374
415 289
209 310
692 46
1065 397
160 417
422 358
348 500
203 601
108 433
267 35
743 83
885 88
632 131
941 111
1093 346
421 405
1197 479
226 501
282 509
729 197
298 468
574 165
857 27
1113 528
682 86
817 97
919 172
256 363
267 395
789 47
544 218
828 65
673 33
1164 527
523 310
935 634
343 393
777 180
339 258
645 148
899 37
276 612
558 96
311 469
886 156
323 487
166 628
693 139
740 155
283 610
225 700
1105 482
588 315
617 122
353 669
571 324
310 412
873 45
727 28
838 174
1169 355
158 614
736 137
843 71
588 27
765 126
199 348
552 306
225 403
276 467
861 282
528 393
193 407
723 82
204 511
869 138
288 347
482 311
575 416
594 204
220 609
293 311
1042 163
808 191
218 367
530 0
494 261
770 174
342 495
552 310
538 339
1034 345
402 327
364 502
531 3
654 121
679 50
278 271
504 188
910 155
166 362
242 663
697 83
282 619
773 14
755 102
254 408
152 405
184 397
594 206
441 78
1078 595
144 470
805 223
752 124
192 567
825 135
205 357
158 447
222 637
663 223
612 73
721 246
208 382
654 39
256 420
610 352
987 471
851 87
708 7
747 85
851 203
467 137
217 476
334 404
221 335
557 218
879 192
576 175
781 180
864 9
924 58
966 81
1088 69
290 652
249 715
245 489
265 493
113 453
137 382
220 337
591 255
620 144
792 61
758 27
222 529
299 623
211 664
127 474
200 454
276 339
768 364
887 66
806 76
1018 90
1118 229
759 134
684 185
161 573
230 623
929 32
791 41
665 50
806 56
923 185
109 459
492 455
267 303
548 303
731 39
557 160
1000 462
296 386
652 267
226 656
676 60
546 66
381 542
417 448
288 257
214 289
728 35
1063 18
817 139
152 414
156 432
407 369
566 76
794 92
722 49
249 678
254 673
809 101
689 73
144 391
240 344
402 358
397 661
506 110
942 223
190 526
500 259
722 78
617 30
409 577
500 491
793 62
410 208
340 394
259 370
171 277
190 648
610 76
313 389
717 64
726 54
544 273
130 582
263 335
364 508
754 180
600 180
360 426
133 492
891 183
458 335
607 10
673 223
318 469
882 111
763 139
836 178
379 674
228 309
666 106
594 201
382 660
362 325
687 286
134 304
360 506
280 473
230 474
233 391
375 391
371 415
207 407
805 19
495 10
660 63
915 105
857 76
396 253
763 215
435 197
889 165
913 172
809 136
236 695
409 525
241 535
752 553
253 554
384 573
148 334
261 326
801 257
663 313
204 291
150 485
280 494
917 19
671 37
967 73
493 78
786 89
824 119
528 160
757 147
534 204
860 227
604 248
128 610
380 519
290 663
239 693
467 301
551 293
765 349
163 351
211 341
399 369
124 371
198 392
255 415
273 490
264 494
750 64
639 83
675 121
604 50
967 49
769 21
244 604
497 581
1028 435
141 431
121 377
263 220
938 158
392 472
806 101
499 382
609 212
327 601
448 277
431 599
471 205
655 1
105 328
529 92
195 597
402 221
328 337
177 699
924 95
160 536
1057 352
817 206
881 33
567 91
882 217
572 68
124 474
462 86
291 673
538 349
299 397
198 443
722 167
146 431
928 99
447 1
180 384
287 404
150 594
816 147
514 361
173 632
747 58
769 58
895 119
199 467
190 548
306 612
324 717
656 11
915 125
686 114
448 452
768 0
658 42
722 100
665 32
176 225
680 108
853 41
299 599
252 424
112 589
446 86
709 104
640 3
683 151
115 380
149 446
130 423
173 407
482 399
221 593
701 63
378 283
295 354
878 18
649 59
539 194
840 128
637 510
105 480
156 389
114 439
204 650
990 570
918 5
369 244
661 200
768 155
736 191
801 116
882 78
669 30
852 9
644 152
591 151
692 167
393 166
108 452
79 411
767 104
599 2
690 14
153 432
600 143
147 492
308 688
592 202
430 573
811 114
175 540
334 672
927 245
244 393
191 431
620 242
782 119
772 68
159 572
923 40
720 171
245 396
659 76
933 70
84 480
192 674
605 206
784 676
685 55
238 425
499 185
560 383
645 106
683 166
160 324
137 411
270 524
343 607
980 365
336 449
164 489
164 444
367 631
750 43
852 233
769 105
646 38
806 129
290 672
197 492
476 85
317 501
311 472
195 521
1104 475
240 629
649 55
1118 563
267 443
123 553
215 627
346 387
179 442
127 600
682 101
853 157
516 512
356 491
165 597
854 104
302 505
130 439
704 80
712 33
875 135
234 479
950 100
266 496
299 606
649 237
619 128
845 225
438 308
557 24
134 387
712 70
280 617
168 521
189 477
809 147
759 54
886 90
178 396
380 52
232 447
876 26
224 518
273 582
241 424
693 138
643 376
111 449
565 10
589 259
590 32
774 56
667 323
270 349
645 362
283 427
1168 451
444 137
579 124
646 208
121 566
292 494
560 79
471 214
992 126
248 460
908 119
644 259
885 10
179 473
858 606
200 590
215 572
194 659
1178 422
908 123
358 659
824 150
198 273
277 324
533 277
630 18
865 37
909 34
108 426
855 238
437 307
450 195
491 229
283 705
1112 583
621 16
130 345
478 622
277 531
162 539
304 408
610 256
605 213
770 36
378 58
260 512
204 523
134 404
268 445
302 467
118 480
764 76
727 114
693 47
622 162
299 197
797 79
338 435
415 196
497 351
424 515
597 252
532 132
438 328
1012 502
419 586
226 384
217 379
178 412
194 592
293 477
663 159
414 445
1110 445
680 261
411 508
327 162
1035 593
587 159
763 168
1037 588
448 471
88 426
153 274
785 56
721 182
816 0
1051 191
809 155
251 533
250 674
454 265
988 29
424 670
268 523
199 455
761 35
455 368
732 24
874 183
309 264
147 440
1087 102
98 463
769 41
248 392
86 417
579 424
363 590
307 633
161 414
655 64
951 465
604 201
768 76
830 214
911 107
683 17
620 59
255 390
742 145
203 694
92 398
902 73
1123 96
174 483
579 29
369 638
796 26
222 309
372 696
197 253
738 124
237 418
1082 154
230 308
767 116
207 668
627 2
571 92
799 86
571 5
967 452
145 489
1120 86
482 37
184 493
564 221
415 385
443 473
854 31
585 258
351 284
262 311
729 176
948 17
799 88
114 533
788 51
214 597
878 121
713 142
147 459
254 268
286 343
515 485
629 152
936 170
717 81
623 57
522 207
780 166
715 87
283 225
741 37
504 12
460 505
311 313
268 484
377 262
797 154
477 57
804 148
212 684
1016 439
331 237
250 548
713 83
809 30
376 501
278 294
361 405
598 262
1168 341
959 19
887 89
695 44
880 78
188 501
363 365
839 137
565 305
714 15
419 421
208 309
264 495
1076 602
720 141
741 66
618 161
560 121
700 77
510 33
995 388
1038 45
783 232
571 13
340 571
846 66
483 83
707 20
261 409
232 329
826 67
299 674
717 28
1105 67
817 14
192 379
777 215
211 657
920 109
1070 539
354 234
1123 374
220 432
777 157
438 300
221 650
587 265
1014 173
779 179
428 391
470 365
827 82
849 151
1153 430
99 481
609 22
278 354
653 49
163 362
467 384
541 307
223 434
393 466
640 165
569 14
588 297
187 540
136 518
246 419
810 314
273 494
738 103
836 172
807 11
850 158
581 34
854 146
243 564
145 583
181 591
828 108
510 431
853 196
209 390
755 620
96 407
885 113
540 250
934 41
717 277
163 443
235 409
546 131
205 508
727 61
584 162
678 97
111 345
861 29
747 72
1046 78
404 381
316 600
648 132
1049 134
490 1
371 189
300 645
644 18
415 299
232 423
226 364
160 646
325 382
819 214
963 378
794 0
528 560
512 352
1114 517
790 184
332 641
778 72
165 557
1136 509
732 143
673 69
919 99
868 32
178 680
199 677
325 418
879 73
922 73
876 21
358 483
113 489
146 502
858 300
265 262
280 365
265 377
668 68
645 19
324 670
533 431
912 147
974 192
141 325
251 459
146 449
1069 121
502 39
439 350
312 318
575 88
741 25
753 41
460 42
864 48
214 595
690 74
697 124
817 91
349 687
655 31
125 508
1006 186
116 348
132 596
341 506
627 90
900 62
641 205
870 7
655 219
909 133
925 71
644 459
199 708
807 42
609 78
151 335
402 437
507 415
534 400
157 492
123 523
258 435
147 477
339 619
739 19
896 82
315 330
498 330
177 495
985 582
367 671
587 95
283 253
665 185
339 369
258 409
266 391
207 503
515 511
348 597
222 603
302 549
226 678
544 33
911 35
499 4
772 108
821 214
521 130
244 304
1182 304
451 303
190 260
404 334
204 351
333 349
400 383
425 457
188 449
113 424
396 417
307 679
149 554
815 28
914 51
857 52
426 105
676 98
460 87
1066 86
559 324
282 364
237 281
912 294
112 442
426 418
187 422
363 430
274 401
295 389
447 476
310 471
940 468
101 532
113 550
235 594
621 63
664 57
700 46
819 18
692 3
850 13
541 99
939 120
874 78
939 68
607 88
582 214
378 209
634 206
565 163
773 173
300 335
400 342
449 368
311 282
629 286
206 467
110 462
165 501
297 500
169 392
414 392
236 384
110 414
223 435
258 434
316 444
288 603
232 612
250 538
232 544
200 547
421 657
314 663
686 77
818 64
758 89
870 92
635 86
814 118
531 121
694 101
772 96
625 110
780 48
672 53
973 57
579 32
972 35
809 39
732 36
611 43
731 18
530 30
666 7
688 4
665 0
936 146
906 155
666 128
784 132
904 138
722 165
951 171
746 180
922 176
836 177
481 187
529 204
847 206
656 207
854 196
890 197
306 220
926 220
622 223
657 223
225 239
670 236
257 231
871 224
727 248
243 250
841 245
427 240
217 362
231 358
299 352
175 381
193 379
551 370
226 343
539 349
440 345
440 327
496 297
249 306
426 311
248 279
428 277
386 263
168 491
164 488
213 495
208 484
299 507
266 502
329 499
402 461
335 458
231 452
87 466
204 466
338 476
295 397
157 394
478 386
406 387
167 388
160 406
141 414
194 428
235 426
290 426
92 437
466 443
201 441
211 555
163 557
156 547
286 574
383 564
136 535
253 540
201 520
192 514
160 512
393 588
270 585
280 603
349 596
274 614
362 612
212 613
189 609
186 623
198 620
234 621
137 616
247 618
214 632
262 635
460 672
248 675
329 674
255 677
192 690
222 697
258 700
186 656
308 719
696 95
680 94
869 93
861 90
914 69
464 67
621 79
714 78
634 76
666 112
697 113
730 121
519 127
795 104
582 106
770 109
868 97
679 96
459 103
703 33
906 33
569 39
672 39
626 38
896 36
1106 44
682 43
617 50
916 55
675 57
502 62
742 23
820 22
716 20
837 30
707 31
846 31
1064 4
747 15
679 12
613 9
779 163
615 161
918 160
407 166
737 172
818 177
897 179
463 182
538 180
940 150
763 146
752 144
684 156
472 153
682 152
864 134
1131 132
507 138
450 142
701 141
853 241
917 242
598 246
283 235
745 210
574 213
591 212
1046 218
755 217
680 216
578 196
940 195
920 202
307 303
544 292
214 315
935 274
520 273
470 287
656 263
792 263
557 261
925 257
469 270
224 366
465 361
205 362
696 357
224 359
533 379
505 369
276 368
974 372
293 337
285 348
578 351
537 324
449 327
246 322
358 322
203 320
464 334
200 419
324 418
131 422
114 431
178 425
329 433
177 437
91 438
114 442
482 442
414 404
199 407
328 402
187 413
94 397
174 399
425 392
329 449
334 459
159 475
138 474
201 477
325 479
196 470
408 468
356 469
427 497
264 501
403 508
191 487
240 495
179 491
308 489
192 694
205 698
302 700
360 685
420 678
215 718
146 638
301 612
352 586
327 582
903 593
319 535
199 523
1051 574
479 571
262 570
138 568
131 545
661 71
710 69
880 76
876 89
577 90
539 95
809 124
544 114
921 119
1065 105
596 111
648 108
773 103
919 57
790 55
769 52
635 36
534 44
546 25
599 22
816 10
870 173
584 168
676 135
865 138
865 156
640 241
887 243
601 194
595 216
463 359
319 354
149 366
278 367
491 292
522 461
103 457
199 475
386 505
153 491
102 536
157 613
199 399
344 488
798 111
346 334
1053 111
307 422
1100 400
535 14
265 497
392 187
391 335
831 233
122 461
882 214
941 186
963 447
591 197
933 88
362 486
250 423
197 613
247 355
645 208
548 259
832 82
1145 411
285 628
993 135
560 45
461 332
247 288
825 28
185 393
496 257
575 211
1019 563
948 508
936 104
728 102
856 105
169 431
105 432
177 431
703 16
273 414
362 565
1171 526
447 145
226 489
257 516
153 392
722 269
1061 161
125 531
1119 580
335 166
668 9
801 28
962 504
395 683
550 281
380 304
280 341
249 551
456 433
140 484
245 459
1056 158
612 167
1093 615
1178 342
148 518
1270 88
920 127
577 203
602 313
798 141
232 450
617 101
342 500
200 414
1020 403
255 598
653 28
145 326
275 621
552 66
183 362
332 314
212 387
565 283
698 211
820 204
436 167
666 281
336 393
1161 277
781 143
259 572
285 420
199 435
420 190
440 157
150 459
153 437
154 349
1158 371
418 341
178 567
312 411
161 616
1107 465
918 142
1036 104
333 436
271 318
417 392
837 50
900 89
868 134
742 26
145 486
107 368
838 603
679 111
645 180
190 367
1090 432
989 331
248 351
957 496
1181 452
1137 648
1104 342
912 142
198 608
1155 496
1027 581
1074 601
194 468
114 390
617 61
274 559
730 221
266 441
415 412
880 120
182 476
888 99
214 705
178 585
564 43
849 77
853 477
403 349
1089 402
846 486
449 595
98 339
904 127
215 449
1066 370
163 380
748 198
689 318
1093 229
759 42
710 1
765 41
599 210
330 451
539 66
1083 330
1208 352
916 116
157 646
191 426
1038 372
1011 534
168 537
1118 306
624 260
363 374
365 354
908 54
1015 368
701 52
1123 490
104 519
592 139
832 158
531 162
880 14
232 407
868 166
740 73
972 397
243 673
784 92
338 579
366 587
1071 423
316 682
295 258
410 298
692 118
473 313
329 191
88 399
798 216
618 247
754 157
194 422
232 665
588 224
280 518
677 246
223 508
226 342
957 196
336 486
960 512
448 19
1108 370
192 307
705 121
120 422
870 164
250 360
523 348
635 175
109 441
189 577
147 466
184 445
250 659
477 67
792 91
428 443
321 435
923 111
478 428
842 153
790 107
658 55
883 175
222 654
143 356
192 704
182 297
887 100
123 505
257 498
796 181
884 160
1115 257
155 550
1051 554
219 623
101 341
201 319
869 98
224 447
947 63
866 25
799 292
135 495
174 652
320 233
232 427
888 122
733 199
980 44
362 430
668 31
759 210
866 128
1126 87
990 239
944 188
423 399
781 166
896 52
626 217
114 417
403 449
865 155
465 194
394 350
290 295
150 460
271 639
631 302
852 15
307 708
586 139
307 253
781 119
136 459
243 621
263 447
101 510
1188 449
629 215
188 465
829 200
1081 643
476 258
143 648
798 74
165 536
795 78
139 619
214 619
132 537
1057 586
713 54
184 489
191 545
584 270
591 20
1035 488
724 184
236 528
1145 466
517 29
203 510
580 232
878 151
838 28
269 402
209 445
104 498
621 55
954 78
427 493
483 65
332 542
930 117
215 300
758 245
259 610
209 612
513 551
963 598
615 225
519 285
199 319
300 646
132 441
153 373
609 83
164 563
128 439
1112 430
995 417
1200 421
225 702
117 440
185 505
911 198
113 393
245 540
771 20
582 118
719 131
325 365
391 313
127 492
172 497
444 345
243 438
232 322
981 126
711 64
915 202
840 64
865 64
364 642
370 231
562 231
667 33
230 694
257 510
264 675
348 513
483 198
185 425
689 226
100 362
143 400
240 488
243 402
236 555
913 87
226 491
228 275
568 61
566 290
153 642
1024 329
517 324
943 75
536 375
702 53
788 191
900 193
155 618
825 36
81 386
161 411
554 70
974 14
134 563
781 73
167 532
586 112
755 25
135 394
710 55
874 23
347 237
633 193
484 154
1071 398
114 391
99 547
706 179
1128 431
200 293
1115 684
127 539
846 27
941 23
646 61
1048 499
592 333
178 563
505 10
322 448
520 290
645 24
262 465
921 454
456 102
1166 262
1080 543
292 650
249 584
598 236
305 517
833 521
800 285
237 615
919 37
666 182
706 175
1124 603
633 310
194 498
415 417
309 523
758 643
723 58
197 560
108 451
1035 552
832 2
809 61
835 112
1095 536
631 50
1192 334
227 358
167 343
88 424
869 67
689 68
391 507
498 23
700 40
1127 377
754 632
301 692
715 81
893 148
798 44
745 36
214 540
704 155
945 172
177 423
349 391
1006 363
256 225
330 694
1110 637
596 56
964 65
257 487
531 556
108 134
113 333
184 423
972 205
765 157
664 33
208 697
192 417
300 431
205 463
1175 463
186 582
977 403
125 545
122 420
1103 83
295 508
792 104
419 153
673 45
1098 567
292 671
169 662
218 291
420 470
1045 470
623 228
234 564
710 70
1132 433
429 612
381 671
638 149
761 230
594 156
205 503
233 608
290 381
460 54
428 559
847 61
856 180
987 73
667 42
985 377
750 34
558 74
218 612
448 284
750 185
703 195
106 492
899 168
305 466
176 454
691 69
118 283
309 561
339 601
309 274
947 22
302 394
208 342
726 173
525 538
318 389
158 497
741 100
982 102
667 46
251 666
187 515
1087 445
166 414
543 356
203 525
141 403
694 6
532 140
631 7
922 188
543 329
832 120
135 450
371 600
500 209
146 491
433 349
425 546
253 296
883 2
814 60
623 101
802 97
807 32
687 133
370 442
747 36
812 4
205 666
465 469
125 502
426 433
767 71
97 539
1129 325
140 451
1079 511
796 56
860 198
549 158
180 575
296 536
534 334
134 423
891 143
554 400
1190 292
753 128
694 16
467 54
767 14
739 85
688 17
282 310
675 34
92 367
587 0
790 43
486 179
653 283
298 187
1095 618
953 202
584 396
212 415
149 551
168 401
772 59
177 528
571 315
541 233
829 219
728 100
1033 536
810 110
348 453
633 71
996 542
580 185
530 169
590 23
282 716
174 455
444 323
234 383
805 26
284 577
817 87
612 66
220 505
248 422
171 382
1119 558
1156 558
744 117
126 489
571 248
1167 432
748 217
130 463
120 532
275 375
120 498
538 42
439 428
194 406
266 567
985 389
959 33
220 527
198 613
229 429
756 160
710 33
250 522
197 664
381 306
188 459
175 371
170 200
161 401
839 123
881 170
397 491
222 641
238 345
263 326
629 274
161 587
154 439
458 16
101 383
237 671
946 22
620 97
341 302
429 352
189 534
920 139
668 241
237 532
725 25
749 23
219 359
217 271
388 396
89 442
1047 603
504 589
285 635
166 356
241 330
283 384
108 416
170 416
209 463
141 465
649 21
630 45
720 67
613 102
652 102
860 155
707 181
752 218
300 219
369 235
126 535
115 601
339 589
180 632
509 364
503 340
475 413
425 441
253 466
769 68
682 64
664 91
670 20
613 40
304 251
778 136
231 636
186 633
712 627
181 653
305 652
146 648
330 377
97 373
355 372
107 357
152 365
422 336
365 308
486 263
681 259
113 408
400 385
834 219
593 188
844 23
635 18
891 17
515 24
570 52
595 115
725 99
369 641
428 705
134 608
793 551
166 523
278 446
323 502
287 457
520 56
759 121
523 228
609 248
925 192
772 206
1102 138
529 158
168 658
362 640
247 673
162 633
271 633
207 592
244 582
225 489
235 463
91 468
222 465
284 414
111 387
643 289
510 271
561 266
544 256
427 331
153 378
534 370
682 2
776 13
440 9
827 61
570 41
789 41
776 86
950 81
655 80
693 82
919 125
538 102
925 212
444 249
760 232
945 160
544 166
935 135
483 134
853 148
717 147
142 527
147 539
129 564
311 611
438 628
1029 696
301 477
268 462
634 389
269 447
298 316
344 311
898 264
453 283
399 362
626 94
701 69
922 69
788 118
573 115
559 36
558 32
795 42
917 55
626 4
677 21
1098 29
844 169
937 173
699 153
1066 138
525 194
540 226
229 570
280 565
292 555
318 665
187 359
227 378
336 374
506 331
502 333
772 323
451 321
92 507
795 108
826 102
889 102
912 114
536 117
824 124
593 85
876 64
671 66
934 38
788 50
833 3
700 7
764 28
869 183
758 182
424 174
800 162
383 131
642 236
513 208
156 524
132 514
217 539
207 566
250 363
326 355
300 357
316 382
737 289
452 307
460 436
101 427
173 424
121 428
69 394
261 392
278 453
697 99
770 110
790 110
692 116
896 86
811 82
912 78
882 62
888 51
720 148
394 243
778 246
675 254
803 196
1090 641
221 555
211 557
243 544
177 627
239 451
260 469
178 380
105 333
487 98
837 103
834 100
582 4
432 29
586 43
923 38
657 52
823 182
802 151
400 233
143 567
317 342
419 369
359 356
395 290
300 307
274 414
340 388
742 64
628 16
182 520
818 119
767 161
695 8
248 689
619 200
796 84
171 656
720 50
273 523
442 452
246 518
791 219
206 454
174 623
737 58
440 191
224 317
690 94
124 536
796 30
625 133
812 139
108 409
165 624
891 0
152 541
726 221
710 116
933 402
102 426
616 226
755 89
798 138
1032 163
120 558
613 271
88 433
810 185
285 253
142 357
402 403
765 91
240 560
815 100
945 34
983 26
523 116
405 331
361 497
369 460
136 461
362 701
275 701
946 47
126 487
287 276
1173 459
262 487
644 7
340 258
498 256
325 355
164 337
273 634
639 51
616 3
241 485
214 446
853 48
977 93
683 91
660 21
803 24
801 155
727 186
151 395
122 259
212 270
311 307
959 198
453 392
397 458
736 142
725 95
925 26
111 412
835 102
632 308
707 84
944 190
839 85
672 46
319 377
214 210
168 384
302 474
938 202
274 400
365 176
679 105
754 32
413 409
552 251
1083 113
340 517
637 168
666 101
460 97
577 207
476 242
716 198
656 18
191 380
257 433
280 390
467 22
423 602
387 411
767 0
198 164
446 362
132 502
669 136
353 296
583 24
1017 538
681 19
96 501
1091 106
657 65
970 515
608 169
675 169
659 181
899 15
563 258
621 47
252 358
637 81
1135 569
336 566
297 442
191 456
589 19
138 338
619 282
943 138
416 498
1095 619
316 350
904 81
1007 404
632 263
1186 439
953 398
1184 302
1133 615
230 385
1163 441
889 495
893 469
230 229
235 641
1031 406
1120 555
694 181
1147 431
629 181
1225 62
297 294
212 709
573 20
269 460
492 399
194 487
601 43
654 83
1009 430
253 683
261 629
246 587
577 329
1068 632
843 87
725 64
744 183
529 172
950 127
823 35
308 509
246 403
278 338
952 522
479 296
164 342
300 619
491 71
268 428
575 151
760 46
679 139
641 250
287 583
1082 136
625 221
833 40
1038 134
114 474
434 387
824 64
1163 256
721 94
915 21
567 130
809 32
249 600
308 395
554 152
555 167
570 161
751 65
722 206
650 0
135 432
906 50
188 641
267 288
795 97
172 466
312 582
168 358
987 152
1087 261
152 438
273 435
1144 144
115 292
985 402
510 68
329 343
272 343
315 343
150 469
233 420
355 432
326 170
760 22
217 633
340 398
824 51
518 274
509 312
214 475
552 236
588 139
298 256
662 186
639 11
1007 360
136 500
164 512
515 98
1091 441
947 28
434 224
694 31
160 486
221 450
285 691
303 488
304 452
481 284
535 93
523 71
158 661
705 260
1092 69
878 257
205 487
321 467
797 44
749 228
1109 654
327 571
1074 137
963 29
357 519
1085 458
681 76
245 451
113 484
283 448
1153 273
476 197
164 441
705 5
865 113
812 2
607 133
435 325
81 420
809 209
203 650
237 640
1101 358
474 368
1012 436
805 217
160 637
661 17
688 37
800 300
1152 431
647 177
533 12
520 103
696 47
1022 174
286 303
604 220
727 115
841 184
222 689
864 291
904 158
602 28
578 250
462 357
953 108
1064 401
519 75
661 161
417 191
478 394
647 57
143 396
909 39
773 256
586 565
780 175
156 465
202 429
153 476
672 120
197 516
571 17
213 389
1140 626
442 411
227 684
201 383
592 347
211 453
616 621
477 454
711 179
360 500
1092 399
301 681
388 479
411 462
251 590
704 166
872 31
453 571
1088 436
534 278
1134 253
257 615
283 402
224 640
322 341
748 323
914 53
946 93
1191 377
769 7
1065 435
206 474
568 122
128 445
509 265
1116 93
1064 79
172 369
684 31
208 624
866 56
646 44
77 618
650 5
830 109
768 197
379 363
468 373
118 511
1158 432
636 16
290 400
127 566
878 126
344 450
805 256
128 488
894 80
922 49
754 234
708 95
690 50
876 44
388 397
833 97
377 240
113 569
1054 364
635 84
1143 520
935 119
563 263
1180 401
146 391
842 58
705 201
918 79
315 636
681 86
822 125
873 24
295 474
602 202
199 391
403 492
91 436
216 698
584 299
885 75
638 193
571 263
233 631
217 423
333 592
118 615
620 71
449 392
1123 102
998 555
676 230
509 442
174 497
413 370
96 381
839 69
740 201
967 372
406 377
900 45
538 37
580 194
716 184
760 125
209 470
694 77
697 179
738 141
171 506
781 234
527 456
574 40
518 328
355 658
119 395
600 192
160 410
190 326
918 211
1072 477
542 2
544 317
866 77
432 365
688 54
664 216
490 423
1042 520
1116 515
582 195
714 191
129 516
1027 125
731 111
1001 395
628 244
1038 362
696 103
411 533
877 58
632 60
399 360
93 506
128 410
323 416
807 69
1067 167
251 465
301 597
318 182
556 415
1102 548
481 338
264 616
596 133
409 321
227 331
513 285
918 7
737 224
688 190
826 151
1122 435
902 279
518 3
211 713
500 305
97 381
144 413
403 373
1176 291
269 435
893 19
451 369
415 120
906 182
622 99
923 405
205 479
1145 618
1073 473
211 444
103 362
632 180
1155 552
202 492
270 521
464 375
309 491
800 61
692 217
665 411
1183 243
441 397
759 90
745 3
1120 632
926 702
1012 497
1121 338
443 162
386 524
763 85
914 59
369 514
886 73
115 456
199 694
551 54
251 341
158 455
494 310
1054 133
266 639
141 512
491 97
694 105
220 663
267 530
120 543
357 667
814 71
292 442
659 43
559 99
154 530
1025 435
104 501
525 48
975 42
440 458
321 278
144 386
1215 468
642 74
1062 535
240 369
293 707
668 263
487 562
218 338
190 467
111 382
932 137
951 417
297 610
185 487
107 405
162 490
780 39
153 616
804 168
136 427
185 611
262 649
161 561
812 198
715 39
388 108
939 169
873 206
823 41
535 699
864 79
1091 594
298 255
189 444
151 383
486 352
784 607
774 279
1122 508
852 144
312 215
543 709
699 234
1073 370
181 632
732 145
601 76
285 435
241 452
589 288
257 610
542 353
967 16
659 37
261 700
838 10
162 573
191 547
1136 415
875 44
476 399
300 440
1062 401
546 374
260 399
786 141
618 95
896 62
706 26
629 116
1134 430
372 396
538 280
228 430
228 406
604 242
853 646
244 623
240 627
768 608
349 481
932 577
1145 566
329 234
164 424
707 145
1141 542
593 138
142 399
542 471
932 445
866 601
852 63
795 660
796 131
1025 374
379 538
936 184
1053 423
1154 437
805 70
143 549
284 457
654 32
1116 432
603 562
1152 387
264 475
118 412
469 368
1117 603
986 564
444 68
1091 637
1202 438
1073 490
242 369
1145 487
846 592
896 595
888 509
724 117
588 60
1079 280
1139 337
1134 578
775 41
731 582
1108 451
858 49
759 23
915 567
1195 386
213 509
414 446
857 109
1101 244
686 61
510 375
151 419
937 457
132 531
157 513
538 53
832 590
175 697
218 537
216 696
982 526
1049 171
176 636
912 24
143 608
811 191
417 373
570 104
104 450
1093 106
867 147
828 248
824 535
305 411
670 81
829 92
447 456
749 92
283 703
459 613
852 151
217 421
484 10
498 176
598 63
247 377
366 169
175 411
699 43
642 238
1109 392
624 210
402 404
1046 359
216 257
560 16
1033 392
769 54
892 506
838 479
641 339
688 209
345 652
954 201
26 81
1023 325
568 272
697 34
909 64
960 450
1099 366
620 283
90 400
1015 416
974 60
793 135
709 639
373 373
752 39
1115 350
119 554
964 38
468 116
788 3
1033 357
219 450
530 85
934 507
293 284
1044 587
205 650
334 394
569 188
267 417
140 570
359 414
734 130
174 389
811 73
211 411
198 709
647 243
865 86
790 79
249 459
582 1
177 610
385 335
221 418
179 502
498 66
959 111
212 517
919 128
172 535
270 518
506 299
219 286
230 438
154 630
1200 292
867 139
218 505
178 429
654 196
264 493
917 266
693 46
805 64
698 25
772 30
1022 153
329 467
897 431
605 307
576 56
463 43
250 616
1110 616
261 293
213 678
895 8
389 509
244 543
203 690
440 392
216 444
1009 466
642 36
1052 48
314 141
91 400
925 66
135 534
312 701
546 222
1103 623
1046 624
677 379
112 347
327 642
227 271
287 97
395 639
169 487
683 267
679 256
200 337
332 648
168 344
389 241
1117 627
229 328
324 614
232 345
175 369
954 193
149 298
184 400
846 289
725 31
490 267
276 494
373 428
682 57
244 447
182 594
905 119
137 285
198 531
831 234
942 272
351 421
435 468
142 640
456 221
286 548
273 364
696 164
915 135
1168 501
1153 521
293 478
154 373
968 459
594 39
105 355
432 441
840 538
1062 189
335 274
272 440
631 265
473 515
781 147
320 698
766 79
668 226
850 164
400 410
779 240
1000 407
1004 564
1135 640
771 560
862 59
423 341
104 481
806 126
589 12
960 448
706 116
291 475
1014 575
1062 547
211 315
526 111
629 82
431 121
674 49
881 574
147 430
801 21
993 487
1057 130
880 253
734 205
537 104
983 169
979 574
192 396
798 163
205 464
767 107
819 97
689 209
530 262
136 413
472 404
641 82
112 378
820 11
1058 350
301 504
455 180
267 306
505 352
613 216
219 539
342 609
150 603
1086 564
456 404
440 382
356 435
339 373
478 390
1188 381
1039 351
300 487
988 487
368 615
329 210
627 141
814 34
553 305
977 445
289 376
218 428
442 242
241 521
649 10
254 598
670 17
1163 383
316 503
895 111
853 77
83 409
678 108
941 70
1088 588
753 13
118 328
114 517
1013 544
297 248
1077 597
613 222
1092 520
1020 455
149 333
688 0
146 610
513 331
1113 633
1100 484
210 395
370 716
205 615
1103 473
644 2
448 283
818 265
912 433
126 533
580 233
135 518
718 55
268 639
1087 489
384 605
953 432
293 436
457 112
1066 151
217 545
670 678
743 251
202 615
256 277
217 447
454 274
557 609
1104 623
1103 443
236 329
1083 352
694 191
154 634
619 192
99 403
1117 673
1109 386
1032 573
483 386
1166 345
339 604
339 401
377 235
869 102
729 113
611 221
883 491
575 4
231 390
613 274
955 451
845 52
153 546
261 350
919 82
469 261
232 430
965 537
838 161
616 2
719 19
272 671
170 674
695 116
89 377
138 507
278 433
620 19
898 51
95 452
914 268
90 447
581 41
725 76
257 494
225 393
326 641
795 231
321 646
439 418
153 498
705 117
721 219
528 14
419 476
329 263
338 581
518 318
670 172
495 257
872 210
229 381
701 207
747 14
404 693
208 355
349 351
913 40
426 240
889 245
699 244
679 142
608 131
718 135
236 570
351 623
215 399
975 420
689 30
724 18
895 7
799 66
335 209
627 183
807 175
944 161
153 533
330 699
178 422
167 437
212 456
1151 477
383 374
529 306
132 292
933 155
775 214
852 110
812 105
953 92
907 6
1098 37
748 38
839 48
705 591
185 601
143 620
275 628
259 345
264 347
295 473
94 450
447 388
658 96
638 88
611 6
182 514
937 530
415 672
468 294
271 357
1083 380
222 403
870 244
637 215
803 89
813 109
675 256
582 133
603 234
756 69
444 78
262 473
560 447
333 445
359 390
640 212
671 106
541 14
696 23
229 483
298 328
287 293
1088 362
355 478
415 115
782 26
264 508
199 517
113 474
880 225
228 350
742 5
161 492
854 69
824 139
461 191
960 59
532 365
751 138
307 342
817 22
955 47
1055 568
161 563
937 55
244 607
477 414
115 415
157 476
165 514
149 659
899 75
331 440
383 415
133 404
825 229
962 526
968 157
793 121
310 487
132 401
399 318
1156 149
1195 320
521 255
243 447
859 140
1084 130
617 223
996 125
1086 596
195 590
431 476
827 230
495 476
941 58
150 400
203 500
917 91
266 284
266 414
441 342
120 449
137 421
648 56
693 682
529 9
929 644
779 95
355 656
117 349
729 215
1028 599
106 471
420 195
764 107
757 57
845 97
151 563
253 482
393 381
497 115
615 26
781 586
304 334
496 409
263 622
163 618
862 167
907 430
1062 103
1186 436
200 492
156 310
939 102
249 537
382 582
259 667
84 431
109 334
202 343
674 2
457 625
693 9
828 36
717 52
163 278
98 421
653 298
794 137
691 70
194 378
388 123
790 166
763 123
254 699
160 501
163 501
586 209
124 511
823 181
486 342
678 300
514 460
1108 133
281 377
744 50
216 397
769 55
711 1
970 208
330 352
430 358
498 107
884 65
151 482
419 533
388 540
203 595
937 118
801 102
180 438
314 430
180 645
525 448
285 454
168 512
249 370
626 255
180 618
107 440
802 110
206 508
331 514
648 212
563 97
186 639
535 322
733 25
375 470
812 5
88 468
934 212
354 571
590 129
644 144
99 256
598 282
719 125
657 144
101 459
174 462
188 339
110 578
323 517
327 179
773 11
669 175
916 0
408 425
824 267
655 230
437 566
226 361
425 480
241 349
264 431
810 132
795 135
185 610
219 575
287 387
554 163
744 25
193 403
439 199
791 205
1109 497
279 463
861 11
289 533
564 151
911 137
897 75
781 212
301 450
190 519
769 46
914 146
808 51
181 470
220 568
745 255
778 40
636 28
702 111
162 366
1107 594
688 224
905 51
279 617
647 237
505 178
908 89
398 460
837 68
855 145
943 73
173 444
456 78
898 185
250 634
542 31
526 71
103 382
149 585
818 90
217 401
609 110
394 535
610 107
178 572
478 111
163 588
489 477
949 176
732 25
947 181
678 92
196 398
762 232
774 119
214 324
117 465
155 455
911 103
140 271
384 431
1005 192
244 645
216 353
141 485
815 250
336 632
522 279
792 198
225 361
514 55
461 484
829 91
616 109
814 532
618 108
1022 570
495 451
309 357
150 494
285 506
774 118
211 303
122 391
591 236
424 160
538 27
277 415
214 466
851 5
582 201
205 440
367 225
109 443
623 21
346 266
271 428
363 688
944 4
277 663
498 288
220 409
338 286
415 346
832 126
564 338
186 457
114 482
493 279
297 434
666 648
1077 81
118 384
107 420
612 154
460 331
401 662
609 66
563 33
237 421
863 160
141 622
453 204
881 5
251 387
214 654
260 533
701 438
848 87
334 596
282 682
556 208
275 648
1100 53
562 277
578 151
236 545
523 72
389 130
486 368
518 168
710 204
429 561
580 304
795 159
787 17
926 34
170 648
178 444
224 331
791 123
333 353
351 364
150 484
715 114
723 91
557 35
533 243
774 214
562 187
199 476
803 73
344 617
317 554
801 161
915 104
1073 112
359 520
394 487
171 565
328 503
210 295
905 338
215 298
574 79
181 628
334 300
170 652
274 664
349 655
139 465
760 115
464 61
491 355
1149 348
432 191
523 125
1069 167
207 275
126 621
301 460
454 273
265 527
362 361
228 490
635 116
636 161
978 557
194 450
562 13
314 399
288 303
917 101
365 438
211 393
882 51
108 361
159 526
167 612
212 332
755 173
365 276
930 258
239 656
612 3
256 461
886 187
933 200
583 34
851 70
126 537
811 183
486 392
342 490
196 562
121 330
483 133
561 202
819 119
321 579
525 104
751 70
849 48
709 160
356 479
830 181
247 547
202 589
376 354
383 407
596 191
451 471
184 439
518 164
522 337
319 515
217 676
267 525
266 553
547 105
485 5
437 214
267 390
631 172
252 411
289 431
793 179
809 4
114 534
941 154
87 424
669 120
305 389
312 285
827 171
363 382
1031 157
146 614
176 392
594 98
316 428
655 53
340 519
153 451
171 360
549 95
325 407
920 33
345 373
1106 82
189 373
633 98
216 440
822 187
370 504
829 199
241 264
259 473
1085 8
238 323
715 104
311 475
644 6
792 706
1175 271
150 609
303 449
122 531
859 171
132 429
828 127
103 388
437 532
660 19
595 114
330 679
138 360
216 471
540 57
891 32
838 238
193 346
158 529
315 644
563 191
693 247
701 18
674 68
164 461
257 688
768 20
672 192
377 527
632 36
92 406
818 105
193 459
276 189
803 63
570 24
641 130
609 216
400 370
819 290
413 378
897 254
411 429
934 24
287 515
516 153
771 508
279 477
831 55
347 394
180 483
725 111
776 12
143 516
638 34
548 57
926 89
660 126
416 340
191 575
506 153
750 167
155 636
678 292
563 50
808 146
920 148
872 120
165 477
306 384
222 547
218 411
634 255
297 414
406 335
899 152
379 366
473 261
614 93
1080 13
859 286
264 673
325 511
305 397
531 70
188 524
1068 617
770 20
904 428
953 63
861 326
303 361
1118 404
715 48
659 53
536 492
291 356
165 350
960 43
133 615
365 513
772 93
762 27
788 24
260 379
283 541
1057 100
131 501
819 231
591 19
417 577
242 317
698 92
131 326
782 200
173 512
127 497
153 607
214 503
193 606
286 661
777 11
290 442
353 199
1133 473
617 47
155 508
482 445
157 590
177 617
291 376
643 104
797 78
1145 430
268 412
936 82
214 438
171 407
446 601
1143 553
785 117
480 458
161 330
881 193
107 300
216 455
775 75
298 222
281 407
385 597
333 322
1054 444
805 10
117 382
474 469
927 453
831 122
218 450
226 475
929 120
750 10
286 681
762 20
623 51
653 51
371 456
852 62
853 62
1047 145
242 25
713 79
203 455
391 170
1117 105
113 531
621 100
184 666
176 647
743 37
872 67
871 111
1026 138
531 168
346 681
256 660
852 228
403 682
216 466
246 417
295 689
827 76
534 244
113 450
154 378
270 409
686 9
406 155
612 164
662 227
559 252
1161 291
282 431
561 286
101 357
830 90
563 148
936 119
280 380
962 125
163 525
277 470
1102 579
587 227
137 518
958 449
189 489
617 105
508 324
468 286
684 0
26 84
714 114
795 262
217 435
265 409
235 690
135 525
128 453
212 636
1069 18
752 1
381 255
811 11
615 65
769 140
636 44
222 657
676 133
720 11
1123 566
299 554
193 455
476 4
335 261
185 686
472 418
699 147
679 125
807 177
172 518
387 681
641 47
661 300
722 61
775 39
453 409
972 108
584 124
1139 589
242 414
371 540
695 146
609 50
201 465
503 508
79 418
143 545
199 635
301 464
697 28
172 414
1002 534
1062 493
1053 113
738 184
981 504
226 633
458 472
873 125
381 266
170 677
136 354
941 424
1046 567
249 666
845 134
277 487
472 379
921 96
164 452
181 468
672 122
814 204
205 497
153 629
1142 343
269 444
288 531
288 447
696 157
445 56
243 618
714 4
1121 441
709 95
929 416
202 442
301 587
1077 381
1031 555
946 585
201 323
856 594
290 557
180 430
807 14
645 643
1030 414
572 67
748 19
1146 647
270 391
780 158
1049 560
1004 459
288 497
814 168
255 682
307 389
669 4
933 31
738 22
1071 604
374 662
577 278
294 415
429 585
1055 629
263 504
1065 460
1098 367
202 377
881 221
1181 514
1142 635
173 319
838 44
1134 403
1096 285
1142 645
962 432
862 641
1066 432
1171 484
1144 524
275 601
987 576
715 67
1197 386
949 622
1102 618
893 523
1073 418
189 711
1173 374
836 476
987 546
1150 407
764 551
144 357
110 302
884 99
1081 636
846 469
931 581
971 542
787 88
582 40
1178 458
508 203
1082 291
1100 423
904 147
527 221
1160 521
816 529
1142 461
1087 542
975 399
1156 551
667 227
1068 640
788 55
210 371
1097 370
1210 604
922 60
1062 578
1098 541
